-12.336550914 7.767943921 -26.663759845 0.729266341 0.535302583 0.202836109 -0.374805631 4.790433496 4.489862578 6.008758850 7.739839942 0.689091623 -0.231554024 -2.571395200 8.790743199 3.533910339 5.945619574 3.009585711 -1.720214345 4.491483901 3.416017300 1.116855667 -0.083591195 4.229908201 -0.318239597 3.929463807 12.176099867
-16.554404227 5.199704757 -25.242336928 0.833356413 0.348905584 0.148749566 -0.402064110 6.740532560 -1.024474468 3.748557035 7.694822747 3.310834785 6.718837351 5.818754569 10.651930467 8.220430073 8.665628414 2.933213301 5.659678422 1.289660640 -2.566720331 1.760697543 2.599372088 8.804807692 6.620697039 5.329971450 -0.105311127
-14.015111773 0.752484340 -31.770360338 0.818213868 0.463380398 0.245378054 -0.235784399 5.433953404 3.583835494 8.870718553 5.154011516 1.004104013 2.959649156 4.330548304 4.226083437 2.291163528 4.589448026 3.974019755 7.999019548 3.812683339 4.400546804 2.719277896 1.760909528 1.160239897 -0.074569331 2.507919341 5.670437762
-9.646274869 -0.538667573 -22.264353846 0.874420338 0.260984114 0.291152693 -0.287239401 6.297996709 5.865473892 0.266010230 7.583680415 4.736727102 6.495121899 5.172913812 4.434528561 3.669419026 6.134491739 3.995845602 2.303930266 2.304163923 0.970168495 2.286275801 0.829808612 7.108444543 -0.719016114 1.936907059 0.352079121
-20.389005121 13.338913897 -24.443708309 0.874618253 0.281125241 0.192282801 -0.345020050 5.579572414 2.226593350 3.886308589 9.513378930 -0.997061191 4.665408171 -0.904836146 3.445976800 0.212110231 4.646919817 9.587330043 0.268429045 7.606174616 5.086479468 3.708451877 7.634388258 1.535261021 8.045167148 2.157306689 1.898989965
-19.440949988 2.849951816 -30.371345480 0.813004408 0.352156355 0.460723963 0.052375224 3.368090967 5.099458520 1.977398319 4.995195695 -0.852594779 -3.356046284 4.303672744 1.454504055 10.973400641 5.306460387 3.661214526 6.235081753 7.049533065 6.265462735 4.230416890 3.636396829 3.961887609 7.121930460 7.344740979 2.289273497
-6.635855755 3.027912992 -29.476033863 0.926346417 -0.013067099 0.370532809 0.066460544 1.130547999 2.013033727 2.576632216 1.137645471 4.412770206 6.265589517 5.783417737 2.741507983 5.214403966 3.473547417 7.992064230 2.566599849 1.604803848 4.757818458 7.484514536 6.534866909 9.579025925 9.711576953 4.667036939 -0.373658598
-10.595486729 12.666810038 -25.003732688 0.914657652 0.093878600 0.187625067 0.345521378 6.062119497 2.920373648 5.023394964 6.896211674 0.016533627 5.630181424 4.637019720 2.642503805 3.800104999 -0.552483277 4.940205420 4.919130455 1.116401130 8.803520344 2.856178136 5.447468982 0.298193375 1.128667413 3.717893853 1.576402492
-11.610076280 1.973324157 -27.285000295 0.878260240 0.014560465 0.334485032 0.341418668 5.637929483 3.553366875 -5.933122067 4.187407787 3.650702974 1.065428085 2.447429148 7.415004073 1.418414813 9.362312036 4.299552115 2.982066368 1.603884650 4.474560878 -3.187841900 4.138404729 -0.210746596 4.880056879 5.637287479 5.545241830
-7.534769031 9.356669727 -29.821321255 0.770430423 0.306202723 0.344951564 0.440096891 6.263715125 2.363347605 6.187738242 3.639336886 5.101053249 -3.006416460 -0.255424543 12.996030440 3.971950815 3.796340101 5.310602656 2.463614144 -0.818417851 4.189225879 8.671216818 0.989073508 1.006852352 4.834485108 0.923335689 2.041756552
-15.852706877 8.777236656 -24.123823160 0.860520271 0.134832917 0.314427675 0.377438982 4.121508676 1.883052116 1.413298268 4.930513787 3.852493206 1.329777263 4.401568935 -0.128087868 5.164523443 2.130137858 -1.038351639 5.552187696 4.535737894 4.519573293 1.632371816 5.798212734 1.053440962 1.351457293 0.760757977 4.074722392
-7.673106351 11.380254694 -27.578265846 0.855912217 0.436273720 -0.067829971 -0.269218522 2.373419210 5.398173524 5.142778285 1.096223010 2.993845401 3.838089551 0.349832542 7.647448248 2.021171757 6.538911375 7.453956930 5.137198882 3.169924997 5.212599727 2.536187575 3.719744712 5.672944632 7.191257356 5.509623271 5.348460872
-8.498703355 -0.199678294 -24.751501279 0.840274869 0.381139868 0.276204619 -0.269038201 0.638319221 6.000865697 0.074128004 13.590869086 5.721336290 1.919040464 2.590496520 1.502079907 -0.207753629 5.054864163 6.224193382 6.765450370 4.123471466 6.993045374 2.733685214 4.100602663 7.311620379 2.899063188 2.565137143 2.527458088
-19.421724478 7.125793654 -22.988688951 0.719400982 0.289463105 0.589891277 0.225170201 2.820201985 4.853895133 2.621329955 4.219732812 -1.101361054 5.185855364 3.853957558 4.418202217 7.820284530 3.212484030 2.217836245 2.176888455 7.947264670 7.282131545 7.454202424 1.122600410 4.596129855 3.961345354 5.353049201 -0.783050950
-17.975274665 5.267251179 -27.704654348 0.881651392 -0.102784598 0.384669833 0.253288904 4.657667649 5.129911022 6.595884303 -1.668265352 -2.336938460 -2.760604472 -1.641443824 -2.429208419 0.594393432 3.623936747 -2.273772005 3.544983498 1.337126042 4.098395288 4.859728548 3.817543437 3.818599196 8.666775559 3.736583703 0.842211017
-9.927695271 4.584799394 -22.980578169 0.901016865 0.135847496 0.257838993 0.321299115 6.870915921 1.780548275 8.444450594 3.721874619 5.793365066 3.659233822 2.740245824 -1.108355179 5.080093777 -1.505796005 1.837812308 3.776717674 1.494577686 3.925221294 4.177630611 4.839284448 2.678400577 7.845229960 3.603696771 2.974010699
-19.136397577 0.627022927 -26.874087726 0.723480854 0.123283860 0.640329743 0.226615012 4.107568418 6.084282691 7.182054931 6.055925541 -0.626159803 3.264063709 5.032049934 9.845765565 -0.385057273 4.371391396 3.330179270 3.258306365 9.840050649 8.262655551 1.891814161 5.889714547 0.442093581 4.195413668 1.393090449 3.808255784
-21.757933703 2.991203946 -27.562372927 0.918734034 0.217906266 0.326437153 -0.043398385 5.114985008 -3.038639654 6.373243040 5.942145955 3.944529465 8.921211583 4.822237166 7.483536221 2.105436126 1.332624533 4.038757962 2.535605779 5.407436981 2.707934230 5.941461603 0.005852810 6.788728103 6.610742796 9.706657213 5.484592856
-14.984609340 4.797296561 -26.518490849 0.877085599 0.287538701 0.377212153 0.075850765 7.102287227 -1.449210940 6.302600803 0.123442317 -4.001551763 4.412930468 5.864739733 3.981185250 5.498145687 3.999563885 1.663854183 5.809417064 3.453160906 5.689572948 -1.106218014 -0.604647032 3.396038911 1.970182371 3.768964863 -0.138840385
-15.523077191 10.072745207 -30.131000621 0.964694104 0.063665968 0.184700300 0.176628789 7.886839908 1.997146304 0.170051914 5.057603187 2.298032344 5.145159656 5.124540650 5.874249532 7.576114934 4.401393907 -0.619013703 7.058300691 6.056537665 3.578574670 11.202078461 6.657513036 5.306425154 4.273730066 5.158676264 -0.247765742
-6.166528917 11.333315733 -28.784553384 0.758491961 0.604553948 0.236799754 -0.055949497 1.741310001 2.896888309 -0.157973633 2.647872727 8.438685228 2.157273339 -1.954248931 1.099005860 2.586693463 -2.399145290 0.137770676 3.339800496 5.464180121 5.854954555 4.289099529 2.289867428 4.299640437 4.403533406 5.848421290 6.426171611
-9.507769897 9.954746780 -24.854622966 0.804086312 0.325867477 0.441536846 0.228693689 2.154289223 11.306373705 8.118908230 7.196596614 5.919333046 4.104345146 1.773473976 8.175648677 -2.285646145 4.258639468 8.049433852 3.881134548 5.693867205 6.263627998 12.041777434 5.169401634 4.885226227 2.772041103 2.456697826 9.238740053
-22.323668851 4.713530214 -25.561688341 0.791498585 -0.133372342 0.335700295 0.492998094 4.907190773 1.632243473 -0.046617897 3.934851263 0.763399651 3.180199747 1.815678479 3.951899684 0.749135026 3.675340786 3.685245373 2.436592947 0.465503954 1.022737050 1.157147064 2.500459927 4.897384476 0.339508609 5.541051823 7.348400465
-9.890164676 3.726919987 -28.912369394 0.996513614 0.028372678 -0.071475390 -0.032355485 0.166311691 1.912642534 5.085476690 11.112389566 6.301276209 3.262669366 5.248237537 5.521432366 5.799090624 2.726060009 5.113553623 6.223726824 5.303742332 1.958535091 3.761537061 4.310643769 2.060409395 -0.239362355 1.694270736 6.595940525
-16.113340971 -1.935846000 -23.398113701 0.823646202 0.080580407 0.527382698 0.192305024 1.518232861 3.935720271 9.876000656 8.513774558 6.595024998 1.439221378 6.097685377 7.709490830 5.381313504 -0.399847505 6.046478075 1.876797759 -0.161031671 4.007128057 3.565370376 5.626779135 -0.544332458 0.801645206 4.763237102 10.309068538
-15.261699473 2.906909693 -18.934822624 0.769694616 0.288218911 0.474889866 0.314610351 0.933251050 5.832146645 3.290771058 0.797119278 4.173308188 2.156172921 11.450051914 0.495833828 5.005004367 7.177924113 0.817818437 8.091670846 0.736087891 7.466862991 0.546853669 7.466656249 -2.938359028 2.491305767 5.176783368 6.465788444
-17.862171473 9.360367039 -28.834449571 0.930405264 0.298445219 -0.093426197 -0.191175419 4.804238583 5.266183319 4.622450942 3.209544793 3.062389216 9.563719692 5.291953993 3.877038253 3.717839525 -0.573895103 5.544566081 0.627248034 10.196375149 4.590280776 3.659944401 3.976484812 5.814939211 6.721361530 8.163955438 6.594409929
-15.418190181 -0.110472105 -18.791585355 0.826074495 -0.050636652 0.391389549 0.402307195 1.249183052 0.779106817 4.705068332 3.462131658 1.562119747 3.423117948 5.220101709 3.645287257 5.382226222 2.383171278 3.842811547 1.293909324 3.179960118 1.317970597 7.717864771 4.568635250 2.235723768 7.708820086 3.777377195 3.827350702
-8.034422846 -0.376829694 -28.877434982 0.774025025 0.155217683 0.542358186 0.287472309 2.947496026 6.210079531 4.402337025 5.479358817 9.546341096 1.500514423 5.009509556 1.167622873 1.322488529 9.644203526 4.128034975 0.377610995 2.096768792 -2.205859918 0.710215713 7.263936541 2.818917510 3.327600831 1.810210826 3.351781641
-15.099618395 11.563969034 -31.819617338 0.927098865 0.209805280 0.304556315 0.060949899 0.870025585 4.194459321 4.279601723 -0.603646815 1.665536179 6.816851917 7.955978578 4.279602964 8.817540504 3.439044562 3.706863263 5.374374313 3.130966088 2.388354324 10.163160715 3.138120728 1.062086719 4.166131950 4.664839743 3.867693286
-19.496527392 8.526708274 -20.536059534 0.894246906 0.137394095 0.413123671 0.103798677 3.064152897 3.221997260 1.445648591 3.119351958 7.174210068 5.161950270 5.429855412 5.972834598 5.656073874 6.088596603 1.306834413 3.269801458 2.331819254 0.694013077 7.622125614 2.268505879 9.060152436 5.465888961 5.538150424 -0.797070072
-12.095358817 10.854852633 -18.604350799 0.775396810 0.370027353 0.323910408 0.396133302 7.611622412 5.928896682 5.392671349 -2.254884880 2.583735732 3.586254004 3.520986708 5.417646426 5.555269175 8.454369939 5.164291091 8.574253452 1.516257017 6.910466663 8.293361828 4.794641211 6.031149931 5.990602420 7.887013118 3.817909195
-12.299692115 8.327670694 -33.523262953 0.940013061 0.291550608 0.157421239 -0.081192619 4.411027929 0.710128345 6.932132355 1.321081849 2.678389497 0.860472614 3.591201958 5.746463857 4.842489338 9.308839176 -0.341703336 3.750336813 1.242995794 3.924953283 4.713584452 -2.574338499 6.353225684 5.498301888 12.295160827 1.676481061
-7.609694983 3.546571075 -31.996121423 0.931010181 0.364875367 0.000162216 0.009272721 2.847510222 2.343011313 3.935471297 7.410389478 5.193238004 4.077842729 4.147393152 5.208915143 4.613929313 0.586292216 6.402246681 4.095638923 -3.055154984 8.452064881 2.411056114 5.448106744 6.877152495 9.165302448 1.503834462 6.617660113
-15.119270279 9.447930064 -26.405378055 0.908307005 0.184449525 0.297281552 0.229304244 6.225490216 5.378297270 3.883652368 3.585474680 8.277249372 6.184952427 4.634637904 3.872641846 6.935203053 7.171814810 2.798308822 3.869953375 6.899048763 2.707236082 1.285484586 4.376680064 6.033084593 5.569233889 2.118116506 -2.041250735
-12.292810388 12.389836660 -23.261715269 0.862026880 0.450639351 0.168991568 -0.158983282 4.123989799 3.106520726 -0.938654587 2.827971851 3.006090158 4.312501284 10.031657737 4.974844527 2.276502876 0.048468508 2.481725743 5.130069398 0.729859387 4.416812229 1.840835868 7.028190894 5.934387461 7.691884885 6.644823450 9.374443312
-6.042233650 3.868461565 -20.907838965 0.770085373 0.435859654 0.036187552 -0.464419360 4.237239998 3.381081351 5.635942632 5.791620481 -2.667437421 10.538443969 6.044132458 8.821657144 5.976545920 4.522955565 2.590263987 0.695737655 5.695546172 3.177271195 6.516582455 5.016067343 2.996041602 5.422873251 4.460007291 3.104645752
-16.671834833 14.836044596 -27.625947564 0.808828433 0.456154248 0.333261278 -0.163269068 6.157323483 2.724677515 4.211792585 3.584856803 1.019129721 9.244577195 5.296141683 7.450466348 8.184697630 1.921405079 2.343241033 -2.907901821 1.178893300 3.601393648 7.144395548 7.028924008 0.107285135 7.211194244 2.241870406 3.277856931
-18.541250771 -2.323674963 -24.473325200 0.921347922 0.110141008 0.372779510 -0.004733076 6.720703380 3.453873793 -2.141663852 2.947715550 5.646398271 11.444479922 2.012287680 -0.620096190 -1.359640283 7.587422122 4.774589108 6.422198384 1.416491849 4.349665565 4.288055229 4.695087848 3.969322581 1.559200884 8.951685111 0.981657009
-17.405109359 9.533104155 -28.288468052 0.736374384 0.488539569 0.413556546 -0.219209578 1.921345624 8.102936309 5.763261195 6.803700062 1.027525197 1.407213751 3.801165184 7.024183422 1.724116652 4.386657281 -2.242435771 1.389402400 7.087116025 7.246918652 2.625561577 1.065222857 9.081220394 3.639984816 -0.714451673 5.989606866
-11.583064943 10.788216829 -18.876654836 0.938944934 0.271735967 0.167731000 0.128094832 6.267955955 5.028669029 6.334451431 8.158639904 1.862038090 5.059120069 4.033559498 4.089594036 4.370716329 1.055381795 5.872399692 5.096284586 8.427877310 4.075809446 6.937673783 6.836199160 1.608795446 9.093685585 7.194513681 -2.926621406
-8.262002258 10.805254159 -24.092244944 0.955378586 -0.272190750 0.101719993 0.053075391 1.398982742 8.369877543 3.149633403 4.330296438 2.635292429 4.582571577 2.621070160 0.215789845 9.674539784 4.039241148 7.433956966 2.704831832 4.659818584 9.107424092 1.272145716 6.531190918 8.880868963 2.962296087 9.697009082 5.220643190
-8.415136021 0.500871409 -21.994681529 0.830677887 0.028470312 -0.543654159 0.116635523 6.205137519 2.862746698 0.183886492 1.945247110 3.140504960 2.600807427 6.861959332 1.904750659 -0.799959408 8.937838363 0.816770031 9.451342803 5.795887544 3.837806476 0.304844969 7.422795538 3.543009169 4.270293707 -0.466384698 8.973263792
-10.659890647 12.725389292 -28.300159396 0.787426090 0.391871634 0.402088427 0.254404544 1.544818863 6.669376168 5.922306509 2.097569788 1.500285866 1.115797572 6.210660436 6.035847708 -0.620583496 5.942213908 -0.203237232 1.085152107 3.057239616 2.963143811 1.082257499 0.067797016 4.483999566 6.240817947 6.131338253 4.294375591
-18.499367389 6.913498666 -17.595741843 0.768657641 0.298943691 0.519857702 0.222589467 9.363346281 2.499330684 2.005023480 6.625877339 0.229605273 6.540228690 3.400409886 5.660315586 8.236852265 0.043260073 7.207414248 2.376453848 -0.166697846 6.144137498 -1.440981284 0.178793743 5.038246559 8.495216055 4.246917623 1.566107916
-22.698163585 4.335218236 -27.344492749 0.927550060 -0.310367561 0.121275063 0.169160346 0.036803436 0.945741159 1.219608254 3.080679548 5.750388671 6.545484242 1.718065505 8.360969305 -2.318507123 10.927600442 2.830193455 5.759863342 7.223643178 0.068826054 2.916921105 8.555503484 3.804783976 3.899692584 5.644732776 -2.025675855
-13.905156807 8.111204703 -16.308657576 0.769243690 0.369582411 0.511044352 0.102501983 6.481364532 4.771615279 2.003134152 6.478728732 0.784728180 1.984446528 2.606088151 5.794150806 6.647812368 9.900442489 5.334387231 4.686268046 4.434524833 6.240571874 -2.829025006 4.029138245 5.128838571 8.675347974 2.086689905 5.152727652
-9.558690005 11.090803342 -33.219489754 0.943322214 -0.324320429 0.061619719 -0.034095022 3.317072096 10.803615204 -0.072315389 6.784315286 1.477638437 0.574710973 4.459617087 6.484351507 9.090121718 7.686926024 7.636519035 7.546493275 0.999626047 -0.938832485 0.993641325 5.002850304 4.634943832 0.793449894 0.657006497 5.229701606
-6.819833026 4.305733987 -26.747623776 0.895013369 0.137833796 0.400427582 0.140038084 3.173255952 4.335571371 5.888271924 7.567933920 7.896281254 -0.499456301 1.816141714 6.021655207 3.343974854 -0.631447748 5.302654443 4.374321230 4.369216559 -3.843358297 4.135622457 1.589575496 8.492921922 8.342535872 1.695076149 -5.142869447
-11.390501619 4.381188370 -30.935012841 0.935589004 0.246987732 0.247229597 0.050475765 4.433594672 -2.093771766 0.106156391 3.208905606 5.679234684 2.646216591 4.038925336 5.331551953 4.473602020 4.347359543 6.988100130 10.745770506 6.278521061 -0.024017849 -1.237936496 0.194466106 3.868657902 -4.224858881 3.400428415 -4.766010644
-19.708717727 7.120708253 -18.520984199 0.896503688 0.196074159 0.393948375 -0.051388120 5.622892619 5.811199759 4.870005644 2.345935103 2.727820876 2.386881660 -0.672977724 1.685515325 0.572587027 8.798753245 5.448160825 5.538949108 3.558997515 4.539638452 6.194031658 -1.407131977 0.506761676 0.968636454 4.084725954 2.052828323
-13.795776648 12.580404486 -30.002281812 0.965370414 0.202885826 0.021588417 -0.162576893 7.137329143 4.414509020 -0.335251627 3.458047640 5.155706336 2.263925184 -0.644695303 4.201450683 7.599445329 2.867067332 0.694258809 -1.164625575 3.681033513 10.045585218 2.510682079 2.509272816 1.220331439 3.967440881 2.983872181 -0.173061760
-16.971388002 6.806957696 -33.153863079 0.724152562 0.145598086 0.609779137 0.287356343 2.059462034 -1.559317419 6.024683552 1.754627915 5.434902016 4.620443394 5.949603437 0.076814834 1.721864327 2.400708846 5.283791122 1.824992492 5.574468043 0.250148596 2.967428540 5.626574040 -0.021924593 1.621472752 7.187690230 3.183725951
-13.008724373 1.127580073 -19.161915938 0.869762337 0.316269817 0.372003574 -0.071415832 4.414463195 3.691274766 3.121544918 3.088935130 5.671677490 5.383989277 4.766274975 3.939677574 3.791706018 3.596509580 6.584848189 1.102860734 -1.145588967 1.306163220 8.305000351 9.692344899 3.281960192 4.295894919 1.217500333 5.371945420
-18.355793785 -1.524518258 -30.064353683 0.904983493 0.117572052 0.401321862 0.078246103 2.643560875 3.000748348 3.409896028 6.243904039 7.521457520 1.035353504 1.057602216 6.422479587 2.706047654 1.600455518 4.973283814 7.917737215 5.054628541 4.721288017 6.335394314 6.024103465 5.069010735 5.752562671 6.012655274 6.862747111
-4.160173489 5.750850460 -25.080671319 0.846951456 0.440837188 0.183585619 0.233735161 4.291365971 1.635853393 2.612051912 2.992947744 4.816869791 1.877808824 5.251380285 2.071219316 0.675939970 -0.229269480 1.464722763 2.852281393 4.283112712 3.293930404 4.229271222 1.763544953 7.451507289 4.524956237 2.663027200 1.184265987
-15.576874972 14.418305912 -23.914165670 0.838136277 0.371002230 0.099881131 -0.387180431 4.373684958 -0.456149903 1.689943650 1.585894446 4.810691688 4.068976518 4.822217500 7.141468274 4.526099730 3.020734444 2.795988794 4.503918341 6.792518402 5.992706492 4.108002981 0.384848675 2.784056076 9.523236715 1.890887470 8.771183646
-9.338413058 1.583198006 -23.174401851 0.909377758 -0.144660721 0.229720026 0.315173092 7.746084787 7.962740332 0.507591342 1.540427734 2.855512230 3.257256025 4.763846444 4.519475622 4.830938224 3.583369017 7.784910482 8.642571668 5.946118197 11.465448361 6.638561811 9.261182491 3.684981081 -2.433888145 1.975633099 7.309556905
-13.272068915 4.767801698 -30.346988361 0.718234695 0.560034203 0.297710866 -0.286127338 3.424598804 3.875428961 8.827405156 1.138909200 6.202057163 5.854198475 5.252946153 6.753208653 11.168116288 2.735365550 0.817267302 6.103450461 6.434517382 5.063077165 1.689819301 3.538903439 6.537172379 4.484831243 3.142648821 0.160416509
-7.450110908 7.139633571 -29.445289115 0.911955589 0.288943937 -0.064539043 -0.284047737 -3.720181732 3.678677247 0.499052865 8.046074187 6.961387584 7.654653452 4.568091313 2.862233565 1.808161701 2.198995715 5.193264314 4.023986873 1.967234190 2.916553546 5.008124777 7.815994292 4.443722850 8.760508197 3.053397125 9.701358105
-7.132878410 6.941140559 -31.136082046 0.968741852 -0.060490298 -0.232465308 -0.061967963 5.952357877 -0.271644822 -4.368972885 1.892447338 6.226529139 3.968161564 2.787058416 8.522054371 2.732805308 4.956029301 3.835827039 2.178976199 1.288682459 2.450074492 4.628524585 1.471593710 3.951450030 6.596623520 10.729145050 5.731351596
-14.987425321 13.009673151 -29.140764237 0.891021884 -0.050930797 0.330557533 0.306949139 3.017016697 5.464247040 7.582470444 3.589382938 3.146544418 0.292376615 3.597312710 0.061043129 2.676802317 4.809309668 10.339472034 2.039973720 6.835995409 1.072868636 9.963375285 1.505996579 6.377433084 -1.556554396 5.492622320 2.106510080
-18.185835959 13.499608511 -28.736502126 0.917463103 -0.038930909 0.213853645 0.333185320 1.872094769 10.158004397 3.359382071 4.059026308 4.790723091 1.078701872 8.848819434 3.269499321 0.196051834 3.858862936 1.887639086 8.473791126 4.225859164 3.329701682 6.636405181 0.260287671 6.704149841 4.475079109 1.153772748 9.050849914
-13.374516721 12.656748207 -22.614721423 0.847202140 0.324703076 0.170165122 -0.384526042 0.686015030 2.755467378 -1.885899563 10.999485421 5.403184279 7.877428736 5.359554549 3.804982797 9.262967726 -0.948518518 1.970885411 7.123062154 4.677191010 4.476587421 9.815632063 6.951741080 5.678184210 3.692942008 2.183543759 0.994382968
-13.967450530 7.472550867 -28.485792197 0.866947484 -0.147372238 0.369195121 0.300630082 5.565973443 -0.209718942 3.937175674 2.768404571 3.930707852 3.087643916 6.210183080 1.897394876 -1.491869325 5.542909307 6.642713548 2.658439988 6.214295418 -0.063816926 9.866962283 4.193222247 5.718617806 2.228851893 1.281108386 1.891253507
-9.835254498 2.709404294 -30.481477357 0.872760151 -0.316879947 0.249136138 0.275332532 3.498018383 7.357686189 4.103906570 4.163956289 5.305308786 10.201016209 3.586190320 -0.167854893 8.969177118 6.455783807 4.554687214 3.951979404 4.441281004 4.297342859 3.914838434 7.609984439 1.240624018 4.759002360 7.381819273 2.654246242
-13.871522841 8.305857261 -20.734942024 0.892103151 0.098089027 0.397434884 0.191248592 6.649062735 4.716713117 3.017034348 1.797852842 4.914039236 3.557778536 5.361196708 5.020673136 4.027214465 1.913181962 1.929988846 11.192202612 -0.132465459 2.186923988 4.323715745 -1.854526694 2.241459572 4.825968097 6.813951831 -1.609514222
-23.387818778 6.967495529 -27.027284644 0.823138098 0.292833727 0.486217157 -0.016880605 5.588385039 -0.548327388 0.623275237 5.183929194 2.810549874 5.437629369 -0.892709897 1.363200978 4.720021633 -0.242943103 5.432665660 2.850103529 2.998722447 5.799308245 -3.847505519 -0.119698383 0.275765177 2.531491846 2.047325771 4.127485787
-11.044763112 8.292787934 -23.036105133 0.857190042 0.394263003 0.324456447 0.067156010 5.746693646 6.013986534 2.316955630 5.747032560 6.750353264 -0.645571712 5.053387476 0.694968477 4.632478639 2.396190770 4.191502951 5.176467764 4.728846376 6.156433107 5.153746384 6.624914089 4.447843993 2.965766741 1.170568522 7.248820749
-14.442274782 15.191714284 -22.249956408 0.905029496 0.069013436 0.206215489 0.365559747 6.943640398 4.715415735 6.921112252 4.312278475 3.499757241 3.433772268 1.707755510 -0.929552975 7.889399596 1.829828909 5.255478100 12.329259523 7.950989748 3.892928950 6.767305392 -0.559902283 0.556867078 6.399755816 7.244753971 3.797662605
-11.020865883 5.348348923 -18.011198546 0.818640013 0.399099119 0.401727847 -0.095724392 2.670352220 3.819106357 0.194771206 2.133955776 6.905551051 2.509301147 4.368383847 6.906599827 6.633749942 7.223450035 5.111304642 6.340181467 4.388863293 3.614808933 1.123430318 4.621935767 2.881968515 7.586940351 3.857780283 9.359823386
-15.373975206 3.951588513 -18.436211902 0.778717143 0.376133143 0.355218565 0.354884829 2.275436415 7.384153632 2.045509678 5.981770330 3.869606148 3.696087602 4.852860377 2.058040196 4.131024225 4.993558274 6.752866116 4.631953924 11.662979116 5.224910360 4.438881986 0.877937903 7.256535027 7.023585517 -4.109453074 7.056591348
-5.311763103 7.135953607 -22.293847178 0.841568891 0.403378869 0.257145820 0.250845205 3.081738360 6.906330504 1.198993611 8.407078713 1.418728902 6.482655581 -0.198981895 0.569040829 3.018326643 0.716189502 3.555453046 -0.023996418 5.542768903 4.542837355 6.901977699 -2.671342474 1.985490128 2.383522453 2.165005353 2.616476408
-19.011782406 2.883722656 -19.633239036 0.763012501 0.339330726 0.320432156 -0.447202208 7.189896502 10.832447640 3.028510674 8.696137876 2.050561337 2.835689850 5.329844961 2.298570344 3.935298555 3.051238693 5.633679140 4.641969949 7.001241496 5.894494067 9.118838002 0.923478322 7.351431746 -0.139957459 6.857061326 3.492354282
-20.323944721 3.481173253 -27.595530780 0.764873070 0.448947626 0.330828355 -0.322440406 9.475141435 5.225979828 5.332299083 6.457041954 1.365496098 3.910611300 -0.250222362 0.772751914 4.638175068 3.752415373 3.785590237 -0.945226699 2.929843946 4.354159998 2.818429187 0.438012870 1.614210312 -0.460610933 0.372407423 4.667581288
-14.161296668 1.912189604 -18.583992095 0.914738316 0.212883058 0.203277000 -0.276790676 4.813812596 -0.048591179 4.339779800 5.482474361 2.813188765 5.419691606 1.192864984 5.617365041 5.326625310 4.647258477 1.063407058 4.189382016 6.916093311 -0.107484976 5.228506865 6.459144920 4.623233059 5.702889400 3.828571837 5.894261872
-15.482211277 -0.062571895 -23.143864870 0.992936445 0.044571355 0.085253776 -0.069443526 1.993461564 4.523709879 0.926921359 4.006276317 4.549538797 5.740554355 6.359764659 5.380001329 5.865123606 -0.160442569 5.121488166 3.192866378 3.454914869 3.550787523 2.970563283 7.034380135 3.260342566 6.607658328 7.458663027 0.174002970
-5.851086420 8.125399243 -21.784799485 0.844686266 0.442776920 -0.027646324 -0.299481871 7.457868135 1.436355966 1.095404119 1.702568651 6.067274498 1.107583498 -3.339415659 4.033778018 -0.128682421 1.072686053 3.018654257 5.083924575 2.572919980 6.294800509 3.403492684 1.784182426 6.606341105 0.340611540 -0.060546259 4.019147267
-10.475798552 6.646896576 -22.998755140 0.731261352 0.356870605 0.455149627 0.361578516 4.259983460 5.908202700 1.215406173 6.255322454 0.660706976 3.382797148 1.244482877 4.092239860 7.094226437 4.955029502 4.266562027 2.974236311 5.937220347 1.544892367 1.936125720 -1.588494011 0.055932959 0.306225888 3.305654171 -0.397786885
-9.784270754 8.369182515 -30.094191887 0.783823731 0.566890917 0.039073075 -0.250456267 6.172566593 7.063332311 6.947364800 -0.665677509 1.106234701 4.396062514 5.281925031 -1.435992269 2.618650316 6.518645922 4.677051101 4.218429263 1.047616201 9.792480166 4.017629065 1.593438781 6.043381689 6.211959876 8.056372910 3.035535833
-14.818925362 4.847316015 -31.558011462 0.847845329 -0.010036655 0.529962885 0.014032268 1.865531535 5.891061661 5.035351257 1.970105362 5.169561587 12.567729587 7.614860560 -2.400911644 3.993748564 6.899198677 0.906945588 6.696690769 7.110815975 2.559263847 7.945280296 3.948143429 6.890928190 5.793675597 0.784252240 3.368933172
-18.435216408 5.366049534 -22.478604610 0.866408494 0.044434629 0.251389227 0.429144896 3.465581593 6.402540152 2.268950413 6.161017590 1.194621965 2.978986622 2.432714580 0.761670265 3.582166833 5.760316728 4.393607849 -1.396052743 2.392321849 4.468817657 0.721638661 3.760370884 7.866555528 1.934315407 6.556851842 4.040244158
-12.932761028 7.939376144 -19.456970749 0.853701750 0.387121598 0.298545224 0.179446201 6.306888291 5.295568596 5.362140774 4.307219920 3.852954778 2.089351120 3.689790742 -1.702587229 6.203396610 4.478675102 10.580840199 9.494797645 0.589025302 6.002581955 3.983288414 -0.485047572 -1.828347283 2.591263265 3.282005876 0.364718984
-9.053069358 3.636854779 -26.176618833 0.804820874 0.439411600 0.397083129 0.038804583 -0.909374243 3.162051869 4.401250987 3.342248569 7.112261005 0.884610899 9.595027407 3.137463824 1.988437338 0.483055263 0.943076482 4.317417313 5.541615762 0.924605850 8.788447609 3.589804157 3.953674736 6.638955050 4.967086203 10.079543865
-15.520644125 9.856816903 -29.269480988 0.769042173 0.346270144 0.478646534 0.244066831 9.277346638 5.681181308 2.926730487 6.481176887 2.402847890 4.563752285 1.414210941 9.053354387 6.212899587 4.161571397 0.173139161 2.878051314 4.698334315 6.310070524 6.290401314 -1.730822057 4.417116810 4.749992131 2.431971666 2.043401958
-13.377675050 -1.433337638 -20.318666897 0.839417439 0.050711174 0.441835096 0.312391561 1.033490614 0.978684593 6.661219421 2.702670091 1.095933736 2.019950893 9.284455666 1.201296271 9.056981124 3.172990976 5.674304951 3.947179895 3.511128745 4.824612034 5.518763861 -0.830077305 5.071319670 -1.665289277 -2.193167296 2.856216756
-13.250319266 -0.670512080 -21.024776413 0.727089139 0.136881196 0.630502967 0.234671964 4.371486327 1.136054952 10.352630786 -0.308227051 -4.269512685 6.492138769 3.224321442 5.648035269 9.868513901 -0.536146446 4.326107632 1.419669813 -0.652682537 0.572879411 5.170196504 -0.257131593 3.979010882 2.955245227 8.471970715 4.720591268
-18.001947180 8.287506683 -26.870317078 0.870966619 0.182658618 0.363802293 0.275137909 9.400106567 10.459447211 3.639236297 4.932830611 5.046483196 -0.698182363 9.243963863 8.343567160 6.602453665 1.864745075 2.709958065 3.486351716 -0.286587647 4.238776751 6.588169976 8.522665827 1.143313123 1.265573972 4.836334520 2.826558874
-11.081728938 12.153460524 -30.350075670 0.847842187 0.446888762 0.279818699 0.056174339 3.582385191 5.434028370 4.384906907 8.693304130 -0.461200725 0.601941773 5.969090052 3.226232278 1.937327578 5.508083951 8.352874201 0.226345772 1.589041761 -0.596960388 6.415245545 5.350223078 0.711870731 6.939518633 3.203370797 3.382744361
-4.858482522 5.022149963 -26.145336856 0.939605375 0.229130278 0.253864246 0.013928370 -1.815888760 3.762285588 7.042840109 3.652076908 1.316244948 4.608682814 10.658546237 7.986564267 2.354252989 -0.767378872 9.287486546 5.341382021 11.499474631 3.018292159 0.513480618 7.946580783 7.889171933 7.139908004 5.314847060 2.632267101
-9.321646049 4.226206142 -24.255091078 0.797393854 0.433272846 0.383170564 0.172098812 4.871691797 0.380895598 1.130215977 1.273082629 1.907756447 -1.601566915 -2.419149387 -1.215646557 9.742969213 5.148877634 4.016465830 0.362464324 2.201496385 -0.754225509 4.171039510 2.970116922 5.706270210 -0.487413726 1.058956427 4.174905645
-14.361295340 -2.027815748 -26.165903751 0.820282337 0.038267789 0.556631737 0.125831530 4.192832916 1.947579165 9.933571815 0.226804703 1.670309772 6.135794596 10.196238350 5.100332327 3.271799506 6.358436212 3.557869952 3.272483178 6.930838334 5.228238328 6.598811072 4.743793123 4.764466869 3.638579541 3.581383976 1.188775529
-7.031299021 0.675561658 -29.679962262 0.903342554 0.373576803 0.153047079 -0.144876480 0.127328841 5.862237217 1.789611685 4.261494467 5.665207427 3.552858674 3.736697765 -1.759658294 3.187989836 5.593963693 4.159040717 -5.355617674 2.780555762 0.267172780 3.096684664 4.294817951 7.891579928 8.642425166 8.371624261 3.979282473
-10.189094366 14.760564017 -27.000478955 0.707818145 0.325495327 0.408912069 0.475223301 2.605010093 3.566667885 4.378256425 7.044573738 9.318318030 5.340765584 1.039348236 2.812561037 6.742447015 8.941129700 1.978880349 3.397043024 3.885872041 1.788859354 -1.783954406 4.605894701 2.498072892 5.819695171 -1.034916385 6.107670552
-19.089960109 3.652392404 -31.302612895 0.865923879 -0.004151406 0.499808538 0.018709003 1.660219280 7.614253010 1.572093936 3.093600933 5.576479350 0.181173195 10.104884181 9.158002272 0.306562305 5.721679739 9.323706526 0.050746881 4.717490618 0.890512020 3.880666167 6.559698149 2.958439434 7.574937626 7.695794471 1.462022974
-7.185566391 7.144446837 -25.240464824 0.719604597 0.618494898 0.229968127 -0.216212733 3.247986339 2.113328037 0.779037899 8.122093441 4.194820112 7.871759138 1.490679628 -2.467016322 2.147092228 6.382514484 4.458775793 8.147773116 0.291006682 7.869530240 2.558307841 1.483337207 8.152143167 3.325464758 6.385034545 5.234302802
-18.475679493 1.202513429 -21.929881527 0.959232757 0.143132736 0.157303465 -0.186121352 2.491237712 3.180815761 9.108278514 10.405104991 7.274799193 2.013860487 6.490056644 3.482595964 4.970677484 0.817865973 5.128697806 0.816809809 7.550794313 3.839844810 5.252482511 5.397467492 6.515600271 -1.377870971 0.733982964 6.601739362
-14.901021341 1.364760198 -20.963591822 0.721263084 -0.168831925 0.665332824 -0.092777035 4.608532440 4.208687922 4.298623362 6.246898799 -1.818152547 7.469219576 1.932014311 7.768148832 7.734980319 8.268976515 5.625008778 3.636756289 0.156657852 4.121912009 4.320406527 3.111734441 2.993007551 4.698224546 5.416223579 4.129377834
-13.455905105 -1.857485152 -22.778211716 0.728598435 -0.334097761 0.493376969 0.337790133 4.400187604 6.133144932 4.389182487 5.150009253 5.935626242 9.909339269 2.726223182 5.364471914 1.351499534 2.351068935 7.358786500 3.317647728 2.074024146 3.921104800 9.717485043 4.510308851 8.906882346 5.074775140 2.977139710 4.093210078
-15.407412193 15.775715656 -24.767655166 0.724728084 0.389347339 0.423607765 0.379123088 2.914663121 2.778416190 -2.050749991 3.024289863 8.801961275 8.358405102 0.140417548 8.590074066 5.818248648 -0.555412656 5.349157249 4.517143194 5.088964120 3.002722919 5.842959243 5.816793006 1.133684285 4.183310929 2.381491957 5.720742799
-7.275047207 9.903500299 -27.402581071 0.869134082 0.419059665 -0.076751804 -0.251205303 5.910985322 2.805625976 4.449762968 -1.498759324 4.100184035 5.400430582 5.143032457 2.499497211 6.202639653 0.672612198 0.675960684 -0.168606408 2.707772065 -1.506240797 -0.313295990 4.671763202 8.259413951 4.727520333 5.683272902 -1.803765063
-11.751231499 7.386331484 -25.607674701 0.978077010 0.072448160 0.185596379 0.060585558 4.973573423 5.215271703 5.520508173 6.746295587 0.690463586 7.035196364 3.139540356 3.066899255 7.140908995 1.711815536 5.104253406 9.290757624 5.464997323 8.590147814 4.456826841 7.924654538 4.418535688 6.397745664 3.622881071 2.575201421
-14.749870261 12.672399857 -25.363429341 0.804747172 0.479327202 0.252534390 -0.242598030 -0.850122942 6.726858474 11.458378068 5.087360485 2.721498951 3.443882395 4.430893136 2.381275845 2.608086079 7.815544383 7.001045170 7.938881861 5.723071820 0.864118885 5.834967906 -0.505857383 -0.705355892 7.878102822 3.262188100 11.114789508
-19.165271368 7.338979638 -18.624215254 0.735334407 0.354998590 0.285342647 -0.501835516 7.599993145 2.749884843 5.740371183 2.749966174 4.026330566 5.812197348 4.506238753 4.247020830 2.239082844 -4.240900994 5.787342136 7.603672787 6.556903012 6.687336767 -0.040415485 -0.590839169 1.867860155 1.345619526 -1.392983446 10.020854344
-6.659008483 4.040993656 -20.538946281 0.802631108 0.336921140 0.366869878 0.328137079 10.568322862 0.436658811 3.981255581 3.501152100 4.676760138 -1.566154608 1.024242994 1.171605425 2.956417144 6.073507713 -0.596933526 3.950776930 6.456560362 5.295349239 -0.426021988 7.990678018 4.865431140 4.823641443 0.604675689 4.075089139
-10.064468677 5.493050740 -34.691121632 0.916619502 0.281494515 -0.086122854 -0.270466968 6.404973031 1.848984166 4.674156038 6.534413346 1.505986951 7.899898345 6.721340359 10.709855213 5.871271902 3.181256589 5.706866188 5.552792033 7.677971972 5.174111307 1.941593941 7.367780937 -5.216203392 3.595231847 5.532046673 1.806758036
-15.977600300 1.913853997 -26.926256688 0.806236736 0.204166390 0.503753276 0.233518838 3.834527134 5.258982179 2.545538594 0.386918929 2.757854062 4.859764121 -0.474238740 -2.885252738 2.180948141 3.495821331 8.547419303 5.910344545 -2.451383172 0.571696846 7.186875540 3.276651538 3.794115950 2.739302340 -0.791612099 3.591328197
-10.618509596 13.523759540 -23.676549949 0.723134252 0.330848909 0.375535052 0.476013947 5.352042404 9.543116076 10.253901889 5.767526170 5.100142028 5.639586216 5.933306152 6.209178624 2.724294481 10.147798548 3.803451996 9.602878151 8.226914522 6.582444404 4.121716805 6.793533305 6.692200435 7.974633904 -0.927201258 4.477047444
-14.925607558 9.868394807 -25.586268521 0.887595703 0.322465100 0.066126469 -0.322207102 0.365376920 1.128521711 4.641120830 6.455793719 9.058706370 4.024058269 1.547208344 5.810379373 8.528130951 7.394350524 4.895038813 2.677754390 -2.212695624 9.465316849 4.374691213 5.650476256 5.871692901 5.157364331 8.555993034 4.526771017
-7.946116652 9.092083980 -22.864288648 0.932245038 0.239880311 0.265470600 0.053870084 -1.018344779 5.864723196 3.745062769 3.929588378 -0.607938226 2.057022444 3.466793696 7.841369921 2.997121766 5.797265202 7.997049779 2.030382698 2.325796084 -2.071774197 -0.791794236 6.464105154 3.726681047 2.889650498 5.233943624 2.127619186
-14.346718696 7.126724365 -23.099463020 0.759262626 0.365872288 0.473093851 0.256592949 3.179095747 -1.025965126 3.913123098 1.433182291 5.003729127 -0.885741183 10.779597295 2.785917093 4.689464156 3.502187350 3.774988335 5.034507918 -1.749014801 4.515203263 2.068087853 3.658334937 6.742690003 -2.040550243 6.020029224 0.777014386
-9.411006292 8.844082910 -28.009002752 0.967037900 0.231280192 0.105457303 -0.015030993 2.430119637 5.520917501 1.808220117 1.684246373 4.875822054 4.307823075 11.233369850 4.002692071 2.052578147 6.558008849 8.037738856 4.735475744 3.586684974 3.967215204 7.139425262 4.040931901 5.796255766 -0.307976627 -1.132114165 1.413321287
-8.935531405 7.608120026 -27.581278406 0.937707371 0.270178669 0.031135875 -0.216191883 3.201571925 1.586204809 5.398672456 4.171332481 3.421714846 1.810677356 5.408788914 0.835250147 5.591593960 1.928406233 2.373114486 1.050087226 7.317529792 5.220168568 3.314204191 7.399700914 1.309653054 6.930762457 4.513474631 3.768282036
-15.718657258 0.792128939 -27.810198320 0.776177667 -0.543207045 0.255895479 0.192332627 2.544567798 7.239143401 2.584997932 9.440905917 6.054414646 1.519732634 1.658405320 10.612858793 0.326944633 0.584945464 2.709159755 -0.507168634 1.829545512 0.346337213 1.298714904 3.522377112 9.567859299 5.513002540 3.085032853 -0.777281279
-11.886919176 8.243380349 -30.496170062 0.985398225 -0.034391872 0.114797534 0.120950669 2.334236465 8.392565315 6.825071066 3.092976980 -0.033723440 4.644632380 -0.006845365 6.592649747 1.633323581 5.298220332 3.461224960 0.865816034 3.177077649 8.421039297 5.580112760 0.694273884 8.163555144 1.465280659 7.093751728 4.756456088
-7.796989404 2.991033834 -27.844533890 0.714821095 0.593744164 0.341727861 -0.140430546 8.010257389 0.843531303 5.238671183 7.596208133 -1.263174765 2.939909831 0.544986320 -0.578283480 -5.288985121 8.089589092 1.934597939 -0.613711297 2.398021315 -0.124499565 -0.295420421 1.369703972 6.350732212 0.387811924 1.050167067 1.165636178
-17.362142469 -3.101139440 -26.830839618 0.816739460 0.320010933 0.341970145 -0.337025338 0.940855085 7.180847072 2.185895506 3.121758188 0.244956375 4.686422934 1.534341255 1.318454754 3.035831867 4.960642938 6.097262946 5.854329703 7.826950937 3.306135539 0.158645730 1.363459223 3.993248804 5.032312453 7.431674527 8.184297823
-16.274364813 11.674613764 -28.228739950 0.717214030 0.533342214 0.322417244 -0.311764718 2.061625047 2.126615595 5.666963205 1.086884483 0.507599939 -3.595613405 5.732942471 1.702116018 2.503147456 5.026260847 4.596495730 -0.378882681 4.769692198 0.030964373 1.777813626 3.688913678 6.576870686 8.249536753 1.267948668 4.179021455
-17.696443056 8.338332857 -24.471415424 0.722909179 0.434310328 0.383713397 -0.376219200 -3.978915571 1.003527971 7.581747133 -1.382764242 6.088979415 6.531610111 2.221535161 0.751977444 3.893545824 6.391497724 1.914000663 1.316752658 5.311407447 -5.583365287 6.939908107 1.963469219 5.769472457 4.376259725 -2.133639031 2.759104217
-12.746307374 9.334033766 -21.396262562 0.812521585 0.504304774 0.285898028 0.061218350 2.279953388 2.012166569 2.019086719 4.243002152 3.649736311 2.256451443 3.178059007 4.782432240 -1.988863906 4.675976363 -0.058835452 -0.092150079 -0.418982408 0.899430595 2.150317061 2.448075063 2.316757163 4.912464527 6.035367354 5.546845709
-14.983455325 10.308926496 -25.284113077 0.878083883 0.231893315 0.329738271 0.257811670 8.101968790 5.285107113 3.261706473 3.240598352 2.789166550 5.398406654 3.545988464 8.636246851 3.791644461 8.906994160 4.546683227 4.935226872 3.003938357 6.210536800 6.203815300 0.437258738 0.587211895 6.066884077 0.933410202 0.450905814
-9.392815300 12.063032678 -19.438040782 0.945929232 0.133983506 0.128689102 0.265904914 7.907658772 6.063645521 1.370195354 3.988284697 6.279711084 4.830640612 2.203567188 5.763911751 9.047065970 6.925466080 3.324416763 5.349180385 0.414759734 3.899951328 3.824591010 0.367574958 1.247343956 4.935138399 3.825616826 2.199677113
-8.987952905 6.830634211 -21.320955266 0.748236149 0.415827098 0.347410665 0.382800627 2.011242653 6.706695684 3.260993892 1.529363928 7.609258117 5.358778544 4.716552527 4.528802242 0.034525627 3.354306917 -1.039807244 4.618535893 3.148344573 5.788476859 5.232622797 4.613913896 0.357304379 -0.035497252 1.032571608 6.208131194
-20.470957109 7.686353666 -28.527998431 0.869413187 0.278361870 0.400266466 0.080138228 -0.346925524 8.065271730 4.332026904 6.996510961 6.982561357 3.240292731 -0.542483814 6.747073118 6.052226954 -1.442972719 5.105764214 4.312861345 -1.709150463 2.656763611 5.299201377 6.623837284 0.703365587 3.104783996 4.262945035 3.532395541
-9.715061322 10.633818892 -30.049283819 0.975296142 0.171602004 0.138854597 0.008341919 6.298463457 5.881249422 -0.337696299 1.293770877 1.632818711 7.562342765 2.266069129 -2.557513399 2.221089748 1.676831343 5.955193646 4.231273464 6.370447353 2.109924047 4.132045135 2.159053769 2.163688878 4.545656172 1.300519379 2.643538368
-18.651773424 2.169750791 -30.630690037 0.969279701 -0.184605221 0.139233825 0.083855322 5.502016181 3.654122439 4.465634770 5.364633265 9.197094914 4.738794703 2.597566088 2.497812952 0.263262353 6.259008374 2.918602517 2.505657680 1.219302933 2.351223176 3.482118029 0.509793219 7.402910045 2.936416078 2.919646815 7.241743934
-17.366212317 14.629998360 -26.564650715 0.796187041 0.427882035 0.077797663 -0.420655064 1.812127640 5.504556287 3.858279434 4.760949597 5.171400504 4.294943428 -1.385590098 2.190931906 6.536188279 1.131012166 3.283934219 1.110194814 2.985671816 6.399555872 0.467396870 1.379269286 5.888912920 3.560017413 0.256229364 -1.921716932
-7.895369687 6.954984017 -32.401696917 0.969338161 0.185874386 -0.037371662 -0.156325304 2.564440780 3.970879379 6.426389342 5.358311751 0.752450244 6.640321348 1.252610085 5.481073286 5.171102568 6.023466681 -1.178550898 2.394153534 4.418411096 3.580911028 3.200243024 4.861940904 2.091736850 0.972552225 4.388456705 3.706505582
-11.795472309 13.857797287 -27.310424759 0.884276457 0.319862042 0.021713143 -0.339517248 2.589284106 4.376414020 14.352988820 4.680717116 2.609329114 1.437657741 3.708058822 5.404501756 -0.756938220 6.680980764 -0.898412981 -1.734190523 4.578798134 1.033888139 -1.475565335 8.745180995 6.493872069 2.655693114 6.635565249 1.400025232
-14.657347327 2.535628648 -24.258352373 0.836720764 0.325417122 0.438554712 0.040887955 3.962638272 1.033682766 6.117160593 11.938680197 0.914185050 -5.122111907 8.420127883 0.786502422 -1.134025818 5.260373717 5.144824786 2.063865622 6.603789393 1.901096768 5.792150490 1.504756614 5.054328490 8.140876726 -1.052388676 2.710366576
-18.465555332 -0.816006775 -26.352805071 0.767329364 -0.467982828 0.399222335 0.181160831 6.413407889 1.125721393 3.416247144 7.970237371 7.868151637 3.368694465 3.767754789 7.756535855 5.418563259 9.788609126 2.486113836 3.419061162 4.966545511 3.644627063 10.662510301 5.869387713 6.756556404 -0.092668347 2.549573217 1.861470542
-19.327238412 1.372352121 -29.072926336 0.885539262 0.129744177 0.437831361 0.085383619 0.330375451 3.159759399 7.785654474 6.931245914 2.667721812 0.048368043 0.351513984 6.659099984 -1.561346007 6.143929476 3.011311983 4.408366612 10.428593354 6.460600724 0.451149349 -0.827588806 8.038935401 6.182830540 4.368584352 2.732383350
-7.680205313 8.077707108 -26.395364722 0.913821998 0.220594852 0.266562890 0.212629942 7.646141408 4.665904316 3.688535367 4.103542060 3.684869897 4.989996081 3.432261503 3.421068669 -0.551004986 7.985032811 0.796908694 7.728797001 8.461562067 1.824834807 2.252687231 8.888373090 2.085893721 7.762990775 4.365314926 2.329494220
-16.209297074 1.393143049 -27.675531977 0.724861624 0.009393364 0.687591218 0.041300205 1.778794244 6.296704080 5.117877699 6.789738033 4.217504452 4.208514002 -0.924991549 0.432357891 5.568633472 2.613749473 3.445050747 11.217966789 7.862622571 5.835085266 4.282468816 -1.295966426 1.875250147 1.094243487 1.091362114 7.159202461
-16.500753724 4.085105191 -28.917927347 0.984208584 0.134710347 0.050099345 -0.103327833 9.168623545 4.836099734 2.478472257 9.492112077 3.049137978 7.535584934 2.100378349 3.548420601 3.244529684 4.833919656 5.664226689 7.611663165 0.148596567 7.474552035 2.005116713 5.102717122 1.979252990 4.184799337 3.033387409 0.829054799
-19.591018618 10.533929611 -29.351600126 0.945142784 0.199405594 0.255619668 0.040013905 3.381066668 4.575677990 6.816254093 0.092877123 8.254842640 6.203274086 2.742997098 1.823379794 1.322217394 11.490471276 0.238743625 -0.498960459 1.852369163 3.405319525 1.461517512 6.367468849 2.128475718 4.427106381 8.436427341 4.286792835
-15.640335777 4.159072607 -18.728227836 0.745011381 -0.062732237 0.662986229 0.038366243 4.942440840 6.447796115 3.526394454 3.415702179 3.248014065 4.851717425 3.869190810 1.474441064 -1.630174578 11.208404287 3.589333143 4.674930385 -0.805961040 0.124230130 4.727498411 7.123520291 6.264558889 3.254955383 5.124771585 0.187947440
-18.110212568 7.636173694 -30.621123251 0.883455011 0.028388916 0.323925613 0.337303292 5.819908926 7.399689520 3.196943228 4.485450425 0.680155374 5.085960931 3.111897899 1.883906160 10.598865717 0.394696462 5.422216784 1.953836511 1.192598600 5.190791856 2.604797427 -1.568188825 6.023623861 2.039136108 5.875715227 6.186646553
-12.569250621 0.775533786 -24.042113756 0.733110291 0.257013919 0.549699297 0.307121848 1.843171608 5.098350809 2.930965267 3.103169736 9.541212065 7.286586158 3.909625412 8.524372604 8.286338038 2.763832344 2.147610998 4.730124644 2.127023897 -0.379797462 8.833732403 3.470416431 4.516171272 6.251031736 0.543671356 3.025997679
-18.376158029 13.603376968 -26.815164625 0.885774061 0.297090501 0.356278002 0.014405994 4.262824163 2.709791314 2.239641511 7.189939596 5.081094849 4.856963222 6.052382728 6.416358710 -1.358773380 7.666722105 2.126481290 0.728173767 1.101532945 2.709119072 3.868221942 3.898722846 5.693884320 5.934537056 1.651152226 1.886031383
-10.527188704 10.213754493 -34.069742712 0.820158505 0.443500801 -0.028729048 -0.360307796 0.717300486 3.654129815 3.707610402 3.812174067 7.554304045 1.915643341 -1.074282190 0.922709245 5.147855880 2.790964583 5.360002504 10.873105812 9.634036122 8.829712990 -1.781268055 3.807096626 4.758200168 3.882110557 2.791598308 3.724651203
-14.907927746 0.693004382 -18.837086783 0.912753927 0.208801762 0.326966936 -0.127963728 5.834886174 3.020051094 2.964586424 9.992612873 6.834449833 1.106015934 -4.188294773 1.846904668 3.731218008 3.252512488 2.383720418 1.154219896 6.531319420 0.432884925 0.798911207 7.183869605 0.854153727 3.299136190 1.270788462 4.759991270
-14.081643733 0.611112191 -33.659159836 0.941552794 -0.041183783 0.277302249 0.186777125 3.230141313 3.116611044 -1.780593025 1.051445669 1.812103799 1.248541148 4.728842172 3.816222867 8.154428793 1.414449498 2.989680466 7.519247923 3.529012491 1.575768618 8.791152492 0.485413864 -0.027102903 -0.966276445 8.972056495 3.424772683
-13.751084286 2.868354606 -20.693300216 0.719184510 0.453174335 0.440098593 0.289343898 5.321055562 0.479132358 7.842460129 2.494096409 -4.392284680 10.560874013 3.904089074 6.608794191 3.647365838 9.736071706 3.447974147 4.389549919 1.872657694 1.959742299 4.490292391 3.338638130 5.858772396 4.883700684 2.632715752 4.115739722
-4.703739109 3.547111613 -25.625595212 0.845448716 0.395110704 0.357619739 0.034815559 9.746225373 6.578916929 2.766239553 3.826169177 3.924248567 4.588008264 1.815512213 3.274294800 0.163298156 3.324988789 0.344126099 7.729046774 3.182358465 5.287253844 5.300883271 5.554409409 6.937023678 3.442510838 6.264080526 4.591477098
-19.495612655 -0.565959896 -22.920705280 0.752147304 0.342615041 0.476490016 -0.299744277 6.260029328 5.751167929 0.927369670 3.750880428 3.451030666 0.848569790 0.482825275 4.532544320 3.856364868 7.379236348 2.039549253 5.339793055 5.854361608 4.009794000 7.587126922 1.965315391 6.006570470 4.683982363 -0.373596204 5.041034923
-17.482779914 -2.317952009 -22.716165108 0.794153180 -0.496581183 0.206370218 0.283088658 4.556325581 4.580431371 6.399672183 4.644248678 7.554164500 9.268161587 0.283629598 3.663727827 2.295504369 -0.044755516 7.936423584 2.022847678 3.982459768 10.516298689 2.225145666 5.790647951 3.325629710 3.587642867 4.858861939 0.193137908
-17.349319146 4.753265304 -31.940284965 0.793508139 0.395306144 0.452462607 0.096723706 5.073731540 6.284250754 -0.688326830 7.802560779 0.965774281 7.352427360 1.880324403 0.354233261 3.675442020 2.469220057 8.159234554 5.765679124 4.124371433 1.936078633 4.101366954 3.613200004 8.476507353 1.771453553 1.575109950 6.632548061
-11.222045891 11.798880274 -24.371661045 0.832528749 0.302483584 -0.417247742 -0.203233573 1.916099495 4.837704461 4.128791347 5.220115755 1.806116303 8.413484747 3.877105988 6.726127351 8.161446094 4.530165580 6.642197758 -1.410430487 4.638819209 6.830010883 1.636806577 3.995869199 1.215250645 15.210104979 11.550245107 6.132887561
-20.968891690 5.867417304 -32.524610904 0.973149339 0.171023519 0.085109670 -0.128404298 4.904762950 5.531147219 11.091311351 7.075905252 1.667595064 0.853999989 2.171847666 2.422393406 5.448053914 8.637084183 2.474710804 0.755658144 7.589996343 2.130284591 -0.506780580 6.123446631 5.423636934 4.120072228 1.101796925 5.048971468
-17.830852426 11.156816535 -22.606477938 0.830876395 0.296345665 0.470957931 -0.004721290 2.105850641 5.426036628 1.537391339 4.998743430 3.154004558 4.786759210 0.987922005 0.084834096 -0.814152613 1.531787340 -0.065033103 4.385819951 -1.306846363 1.480377622 2.447832674 -0.689653993 4.091824436 5.048577646 2.865260122 4.051866310
-12.027487604 10.190747428 -32.875736731 0.724082036 0.245473449 0.510292038 0.393763924 4.303721126 4.658782406 7.655375138 5.647958189 7.589751437 2.591239771 2.082505302 3.463982172 0.774667293 2.915587947 0.047325788 4.814848340 1.304206782 1.918037168 3.158588234 5.315462531 4.051899837 3.369465577 4.002661510 0.742073195
-7.964320247 9.861855836 -22.688763639 0.900331573 0.093617049 0.383477771 0.183258578 -1.083464941 7.912333779 3.154005366 5.064263545 3.399276537 4.954782826 5.847213497 1.553474590 4.174829382 8.116290449 4.102319145 7.871150634 1.491196862 6.679990803 2.864678247 9.699701258 5.091788179 5.503955831 4.697677995 0.633005770
-12.747688643 1.436569898 -31.280318830 0.836294071 0.201848315 0.475620217 0.183452701 1.413412613 1.403949078 9.919926698 7.026992528 3.969023713 6.109156359 1.609885662 -5.617736720 0.141843044 5.200866535 0.149251880 2.455455194 0.970668728 10.217446170 9.401039066 8.404889982 2.002039481 5.996850202 4.806208971 4.597338525
-17.049912128 13.056838665 -25.122151239 0.715580379 0.425892278 0.549506434 0.067846641 -0.488184414 4.289726860 7.565519618 8.932422064 2.580262595 1.962942244 7.296299394 5.292527396 2.670704759 5.628465319 0.906152279 7.470437144 2.502666604 10.511791305 5.024917182 5.190600915 1.113155717 2.527032452 6.417516500 9.318489963
-19.681385591 11.776449415 -22.651463636 0.815938028 0.422148602 0.349802258 -0.183504969 4.783372856 3.207209194 3.312008912 4.806884883 0.467983125 3.242706228 4.782993045 6.144884223 2.098084823 5.077711015 4.934338314 -2.230926337 6.056672471 -0.019970602 1.586370876 4.717877090 1.211661618 4.748463996 1.502952062 6.025407184
-16.427036726 -0.335097552 -31.169818057 0.900985142 -0.245297975 0.232788998 0.271779247 5.642546435 4.368889893 2.690811394 6.121844773 8.950783927 2.321448691 7.636382795 2.272354787 8.521770943 4.834936897 1.777522314 5.148500989 1.852660217 2.806416180 4.220565299 1.425991120 6.131097271 5.346460079 8.115433050 4.415305965
-12.213668250 -1.713993327 -26.917167023 0.966927771 0.178709627 0.036286179 -0.178316764 -0.884803585 4.512707950 2.218346146 5.482327817 8.230333580 0.142813585 5.530805958 6.403917985 6.028992130 0.708574944 6.289058703 6.939907303 4.028891925 1.706038818 5.693804826 -0.739367145 9.598804885 1.410285817 5.817573241 9.066361435
-6.680429622 10.497874596 -26.843882721 0.805165281 0.546215285 0.214448408 0.085846454 -2.414338848 1.634371744 2.007946538 5.716094841 4.103153519 4.079988506 7.281650285 -1.882441978 4.793148382 -2.007627036 3.045467393 2.840115195 3.756464149 1.676780543 8.848142441 -0.132959130 3.672824397 1.312345706 -0.621279124 5.700790114
-14.827434986 9.874010391 -17.333250463 0.834816412 0.292921767 0.271755996 -0.378717672 4.693575696 0.231641546 0.342991439 8.695601270 2.777317361 4.279855224 0.022890288 2.308466095 3.896391162 7.112233722 8.783039238 2.044595497 10.225094986 5.210830670 2.453430201 0.807071066 4.999895579 4.383015576 0.862682517 11.271754903
-19.354248532 12.228318419 -28.853485743 0.732447768 0.366355059 0.442074275 0.365888744 7.371907816 3.581253490 3.345674054 4.118421231 3.097081422 -0.947680185 1.785041694 -3.584378491 1.660978151 0.748895432 3.898505734 7.202035920 5.873053311 3.025356843 6.227660233 4.045071500 2.595803660 6.609748727 7.254360870 2.155975235
-9.826953653 3.592801071 -18.642144944 0.980389124 -0.052042202 -0.186569205 -0.036341515 7.083800137 3.908729637 1.794076600 6.801024629 6.210596682 3.471672459 4.987667343 1.721813702 6.351353521 3.725732442 7.557773497 9.479660006 2.550385725 2.807191695 4.017776236 0.898299524 2.404550061 5.382638211 1.912426199 2.575648305
-9.099653949 0.019151250 -21.174143984 0.836224585 0.357432507 0.107430607 -0.401782417 1.525235225 4.562205246 5.884443565 4.284526594 6.494839030 5.873213222 1.364543315 4.530149090 -0.602128636 7.355139300 0.165561232 3.879113235 4.302583065 -0.173187102 2.118557852 6.708963502 5.744986749 5.914476426 3.533643485 2.841838032
-16.815699809 2.788377906 -19.893257766 0.927000697 0.146207423 0.212400575 -0.272358390 3.544811535 5.782094596 1.597884213 6.043057359 7.577525962 3.312434915 5.352283146 5.118664509 1.470168682 0.837232380 2.972050373 3.892351385 4.555663457 0.949091164 0.117764449 0.981794499 3.409661332 3.301537182 1.052016509 6.503165514
-8.500236461 2.627765168 -20.902205819 0.826516049 0.037464556 0.547860720 0.123758874 7.246362915 5.116693490 1.718749272 5.733267789 -3.504825403 3.939215088 5.914128316 3.372872849 7.820069788 0.926744790 7.104916868 8.552394574 2.941889910 7.981068577 1.021727669 -4.616375564 -0.478313192 0.109043825 -3.215775216 7.511788397
-11.293515547 0.813448870 -19.353290286 0.779692255 0.421417529 0.263019096 -0.381193139 2.483888302 3.640007109 3.854766261 1.921771600 8.324007016 5.910941774 5.361134441 1.373542673 0.769772203 1.409415147 5.497492568 6.750214671 0.886262575 10.342234957 4.906930147 3.297627704 1.966258886 0.779686369 -0.388411970 3.303326712
-11.943514605 10.499766724 -30.566077307 0.803478926 0.406727970 0.346432139 0.262638054 -1.251953080 1.771117620 7.870908944 4.778636374 7.206350932 0.044033262 2.465721082 5.318876033 5.847873936 5.144732798 3.230075252 4.668812446 8.980948282 2.061464736 8.849409306 6.030606916 3.227611555 9.001077463 6.518983766 1.797973728
-12.125648704 7.783068041 -19.998672251 0.821404166 0.463092429 0.325842518 0.068317290 0.405012518 6.644184300 1.271559336 3.294320707 4.311646536 7.687428773 1.757768637 4.992281560 5.948101997 5.958018835 6.803539465 3.648259663 4.958639593 4.857829218 1.458509020 1.779932768 7.925689154 4.091923097 1.877655248 -2.831400091
-11.816435949 1.696331562 -27.432419795 0.786608259 0.355166914 0.441756518 0.244857282 2.075664457 4.106256628 4.496834484 0.452364656 -0.586408403 -2.429345813 6.497553861 0.087136690 5.858080544 2.762314524 2.402837053 -0.411796842 8.432131602 2.959382459 2.409611150 3.615282019 3.693975505 -2.047098060 12.152840896 5.958997956
-19.419105114 9.758265193 -29.752600752 0.935377663 0.086388615 0.247918249 0.236943402 2.260074092 2.159534660 3.768916382 5.134630408 3.719893372 1.911250983 5.795953081 6.098590708 2.460366436 8.786403849 6.794814626 2.060189160 0.958583672 5.551090654 -0.005132902 2.313235970 2.150659295 3.651314141 4.661115582 7.208177195
-9.404482192 12.281779203 -24.586805323 0.872333409 0.333504127 0.030746418 -0.356179839 2.363383597 5.155694936 0.294198781 8.304418006 -1.020997296 7.746820326 2.965657825 0.944136279 6.380250926 -1.251778739 2.338631750 6.292854425 4.585863266 4.376042271 6.617389777 5.145927897 2.073217225 2.332793619 0.280290639 5.862775763
-13.477970131 5.973672812 -33.997761039 0.936403207 0.264859470 -0.217012083 -0.076839125 -1.367717957 5.438646291 -0.000906808 6.381330718 5.654861961 0.153680636 4.084333658 5.455797721 5.732651634 4.516194833 4.742734350 1.413416196 6.232261713 3.891259372 7.720504871 0.674037139 0.667414944 9.453401697 3.384546830 -0.109472304
-6.477883384 7.982844646 -32.355103011 0.961405634 0.010669642 0.191857968 0.196915934 0.561871843 2.171899438 6.495500816 3.201722316 4.560450206 2.997601174 5.575156061 6.800575556 0.926352195 1.353138855 8.986809441 5.774713744 2.621628219 1.405918060 8.511272383 -0.272602465 8.384273784 5.569475930 5.510755611 1.945903227
-6.229932661 4.662692729 -22.503092474 0.926247588 0.318328415 0.144709551 0.140682524 2.694828580 6.784151715 4.505400689 2.152324576 6.861425726 3.103431206 6.538313799 4.075441512 0.984145595 -0.922971065 3.604779918 5.519424713 1.559633896 4.603577988 3.652959526 2.063093488 5.693224273 2.732040405 9.087880253 0.282112148
-13.682754362 4.368062821 -18.956810841 0.878263039 0.287196557 0.377333100 -0.061578438 8.967937308 2.847924235 4.254263424 -0.851161916 9.802304063 2.727963336 4.814555126 6.243912029 2.827922966 6.207868368 2.523957306 4.214838975 9.562050294 5.741267042 2.981420284 0.158116440 3.763243761 4.011919234 5.969702481 -3.131103732
-17.402296786 10.559079217 -31.938604345 0.872044496 0.302693619 0.377011263 0.076009718 3.828554416 -0.265197866 5.378196616 4.555601240 6.075579568 9.868040956 -1.039375877 3.192244318 9.834592249 -2.549772751 4.166584369 2.660656832 4.535506535 4.738811111 2.060138126 4.270655545 7.366031800 7.997181316 5.764171434 4.801705591
-6.208609200 10.731928186 -23.168486813 0.865149767 0.381618402 0.258165241 0.198075702 3.108774021 2.450642790 4.254271714 3.398035429 3.899716033 -1.297694408 2.494162169 6.137168161 1.624819580 2.827959242 1.460921209 8.300436854 7.180882195 5.712781140 1.801591041 1.816236304 3.205436252 1.187183734 6.392590061 -0.320103797
-17.677860357 3.898342416 -33.028148258 0.932863481 0.260743470 -0.242189225 -0.055883335 6.645232557 3.651801191 3.495019821 5.952542233 7.319259156 2.287400969 3.016790820 3.588273418 3.235195370 0.133741685 5.092860955 2.583691557 4.115185419 7.362008215 3.231357430 2.665829090 5.744968868 0.173509858 9.568791860 2.611767311
-8.791365952 10.351147428 -26.773522058 0.776104507 0.222722743 0.532504370 0.253959584 7.256894812 3.019909826 4.349093867 9.976195507 1.709100313 2.759539437 4.818194249 0.685476972 9.981082497 3.979721191 5.215141049 11.505399088 4.886398151 2.761662035 1.542964989 5.592484877 13.489233134 4.652723361 6.734525085 1.184176093
-16.899624613 3.066024934 -35.027858308 0.709126300 0.027900695 0.687268021 0.154997124 7.441236445 -0.340320600 4.573017209 5.401513303 5.591137058 3.437062753 6.035407957 5.813887011 2.523187505 2.336360765 6.212976171 4.885773418 7.895803448 2.935401434 3.740705009 8.577254752 2.744267807 1.421816292 3.454922036 6.808588496
-18.672599530 8.837033763 -27.781508841 0.947486595 0.076544291 0.224345665 0.214660540 2.926794243 0.468692218 2.331276335 3.937714521 1.823093777 1.263429527 7.429609937 -0.291737672 6.591046284 5.337134487 2.530978257 6.385342462 6.343520981 -1.608581494 4.014227165 3.455321086 5.763015288 4.765917638 1.706264814 3.441407057
-13.780845893 3.853803955 -31.555744904 0.933828759 -0.304068512 0.170793780 0.079596944 3.339163251 3.840002865 4.854608265 8.544175853 2.353676746 1.234141071 3.460927482 1.711543071 2.388016707 1.903255684 1.291087977 5.640386391 4.389341256 5.063587421 0.673567101 0.976859173 7.194460673 2.470841013 5.184528361 11.404157261
-18.084815370 -1.821303564 -30.307195717 0.899425165 0.246363339 0.161419492 -0.322929134 3.578840310 10.332285019 8.139320240 0.870735906 -1.712497718 2.735136494 5.129006695 1.102530233 2.644525083 0.378736551 3.822926217 4.051915983 0.483214845 6.810230783 0.422689794 6.461561414 7.258182573 6.107061141 7.736486981 3.425521874
-16.090968899 -2.706119359 -25.764576490 0.943306211 -0.181713323 -0.252619668 0.115485774 2.152126239 2.672799589 3.512304923 -0.104438437 8.251728339 2.334622155 2.279670552 3.168875074 0.514770249 6.548197046 1.789073447 9.241526794 0.894544041 8.622941241 2.498180739 7.178807160 4.252603146 -2.908665722 4.229605777 3.592317293
-15.030441218 11.856961802 -29.198325894 0.832888508 0.405491750 0.109733613 -0.360321673 4.658782198 0.271040951 4.240182455 9.044789666 7.219425983 2.620512412 6.994074394 -1.504687607 5.985591962 4.037061340 -0.103082156 -4.720626525 7.683705943 3.450323750 0.719900607 4.724960700 8.259794344 5.260259403 4.945767353 1.510985055
-10.725294262 0.458452217 -30.339999511 0.972997198 0.167596455 0.099337556 -0.123773708 4.568082099 4.121508968 8.719885138 5.181949104 8.783321593 -0.299717389 5.027627335 7.423765397 -4.716490331 4.487566068 3.545427144 0.662330746 3.130103038 2.353301481 0.650437654 1.678875795 5.771560597 2.497237811 3.609131822 7.469718646
-9.074340824 9.106835155 -30.966690103 0.783526339 0.359445563 0.442418444 0.247287856 7.080762888 1.128003207 -3.403738429 -0.724623227 8.295878107 0.176888629 1.431282506 2.069448863 5.244445444 2.185558496 -2.456997192 2.864184370 4.801522102 0.942960695 7.259866582 8.700212761 3.653344402 7.658803784 2.733937149 5.442287422
-15.162046137 11.900565507 -29.702135465 0.723138170 0.572958911 0.157983027 -0.351895775 4.398036853 5.785611882 4.024451198 1.381111514 7.603032312 -4.163692281 4.759094398 0.610899916 6.359063007 1.984999392 -0.549117832 6.807591966 5.674358031 4.813837608 6.240755701 3.606343633 4.040140111 5.589245209 2.942916044 4.622121095
-12.156542896 4.195496352 -18.690429724 0.717294985 0.451119104 0.445214146 0.289419803 1.811739355 5.199874178 0.901497331 1.887214072 5.693028381 -2.687991508 0.766673601 4.227535838 7.622871808 -3.930937679 1.897362968 -1.281387645 3.542532783 2.834573784 4.959095881 0.372189733 3.925098665 6.722153058 5.659217922 3.350851787
-5.958479310 9.598825728 -21.448695789 0.760275179 0.514695284 -0.378467977 0.117611258 4.620634702 5.696534513 0.742553379 10.835033037 10.655587603 3.584641669 7.037166658 1.552901634 3.903124605 3.435465778 1.112549669 0.692748128 4.449199063 3.124391666 5.725625516 2.732037708 7.714212451 2.700487676 -2.654268443 7.223922586
-10.079466513 6.972572296 -24.865501993 0.932114996 -0.352406036 0.047673522 -0.068548197 2.469976754 9.593798773 4.411495142 6.389283311 4.399672352 4.286336665 4.840548532 4.698800629 9.399185122 5.614888831 4.937816126 4.058299163 0.409680444 3.444278114 5.564337758 10.348907576 7.748046772 8.923416208 3.472522380 3.649393542
-16.104190575 7.352638685 -32.734154389 0.716241919 0.223097419 0.608879508 0.257858099 -1.417376940 1.525384182 12.118410582 -0.570525327 5.415699246 6.203374980 2.636437374 3.666721261 7.140831792 7.063680766 5.804406252 3.399538244 7.520042423 5.706966856 6.392362672 8.392006977 6.756672177 0.093643397 5.051290066 0.223485787
-15.344861505 1.820402521 -30.163739357 0.980820075 -0.097439400 -0.158168361 0.058994185 5.064836942 9.206930509 4.120897445 9.773388814 7.672315336 7.397314978 10.894273193 7.424182153 2.145601707 3.688678411 2.474918886 3.868672544 1.387460814 6.063550333 0.229011766 -0.677552291 -0.607335338 4.641534558 2.455578669 6.926035208
-11.459724377 10.775307571 -33.985530646 0.717201060 0.482842252 0.475101448 0.163598939 1.268999384 9.651928728 2.056983894 4.617254126 9.938618685 8.377467758 2.357635704 -2.676645923 3.337215976 9.920755111 11.405967116 4.984610787 3.387455145 0.845135710 9.418998498 7.021518533 -0.958766807 4.092054429 4.386280051 6.984300542
-12.514386931 2.108995678 -34.433859900 0.827565313 0.214496540 0.489199699 0.172657294 3.067637814 8.419845304 10.729026375 1.803303638 4.312591032 2.106699335 7.863637180 8.446568737 5.549103844 11.977491312 4.537584928 4.437399007 3.125443427 1.337318624 3.503136858 5.475840529 0.745301464 3.840462534 0.995625342 3.351335449
-14.360442045 0.507302503 -21.164801702 0.969496650 0.096832449 0.170613922 -0.146937444 1.488966008 0.771267950 2.940757211 1.301892296 -0.205989133 6.107468527 4.057942276 3.413802827 2.009361174 2.833621831 6.110622813 1.719678154 7.041620815 1.624649178 3.024938008 2.870858502 8.851232684 5.955704457 6.688071111 0.862878974
-21.988917041 9.004744185 -25.753598301 0.804998128 0.004282107 0.418409791 0.420586406 4.671121382 3.261136457 6.359473212 1.325778386 1.268298926 0.970836360 6.863661861 4.117722664 3.958284429 3.844274720 1.322976948 4.965336739 5.478795247 7.145389978 5.423908093 3.269879954 2.197808109 6.834174493 6.004916680 1.794396394
-15.346294087 -0.964664820 -29.514355479 0.916317333 0.068872258 0.320170552 0.230456017 3.035367654 -0.575549407 6.074323763 4.242856230 6.927837338 0.867535150 4.680546968 1.926524662 2.707942063 9.979065872 1.518416452 3.853064581 0.507993461 -2.090908617 5.405899092 3.661515548 3.184297111 -2.101297241 8.422918046 7.715302705
-13.864144044 9.114808505 -21.566561557 0.868708135 0.347259641 0.351005011 0.039400523 4.291077903 7.136142503 1.243564257 2.011389458 4.397929850 1.792128081 0.227732817 4.086415626 1.675121758 2.797383926 11.191322999 3.479893695 5.192134960 1.926467138 3.528735227 4.160329799 3.985242008 5.865971083 3.821907272 3.779316879
-15.902286606 8.847079400 -22.481941295 0.847047284 0.298558988 0.439459694 0.015767273 1.205591744 6.147613712 4.319182720 3.590299470 4.999387593 1.299381206 6.893757034 2.572639538 8.476560421 5.754033002 4.552663176 1.045509418 -0.283465402 7.132926566 0.710612969 7.353582981 2.245983543 7.331564827 6.331853735 4.586109525
