-11.332404424 6.845670558 -29.503676794 0.976159072 0.055060326 -0.207029823 -0.034935347 0.450922870 6.323869673 2.875625008 6.558052829 4.566383412 -3.491728563 0.782320812 5.605024594 5.996314252 0.639370524 -1.819785447 7.321563955 6.546426923 3.970195955 4.851485756 6.524152968 -1.975832584 2.358831630 2.972726626 8.283332833
-14.667072138 15.727865352 -29.614431133 0.900395639 0.338187885 0.048429875 -0.269390413 4.762167469 4.129264242 7.217113020 4.793683814 3.589691763 -3.101435084 5.818735582 4.880833594 1.356516378 4.113920453 2.305390899 5.816062863 -1.850098032 6.700170272 3.354872069 2.532854574 6.349790529 0.276645400 2.801898787 9.469485915
-19.274172195 16.335351337 -20.928104013 0.899103957 0.314268787 0.199408817 -0.230398193 2.766806111 8.621121226 2.457838219 0.035311097 2.646797474 1.681827462 4.130368509 5.916225478 0.947584020 8.408516253 11.016013371 1.170776029 4.756754458 0.554093515 11.138303695 7.475859212 3.352848092 1.446785928 2.606767904 2.610934003
-16.328385995 11.717064798 -27.788269808 0.774795386 0.492296662 0.393440583 0.050404497 1.213953949 6.865193627 8.353820547 8.598444376 6.655369162 5.814857919 6.604593955 5.925571002 1.475130497 7.234457504 2.799689708 3.225642770 8.259060242 6.167487998 2.769833015 1.652314114 3.649223437 6.242431278 1.465617873 3.440984495
-21.167601247 18.061161500 -24.176526238 0.860092161 0.320362084 0.139408411 -0.371718852 5.722783203 1.157338875 1.215566392 5.659165037 6.338249110 8.696360764 1.891963361 3.081732721 4.906197183 10.596055720 6.894955390 3.541503950 8.849718709 0.614520743 4.572961804 3.643284123 4.018774653 8.611794557 5.687555816 4.839716313
-8.627726367 9.815890923 -28.275957872 0.920684997 0.094698185 0.244692762 0.288958203 8.038397965 2.177510027 0.785072212 2.506812553 0.889687181 4.560738161 5.105922666 7.703789774 4.572851621 1.196531618 0.158799458 8.448238560 4.187898361 3.181064242 5.767484695 1.992459612 4.918045279 6.332732611 4.133273964 4.871563386
-12.916460940 11.748514564 -20.882176170 0.904763038 0.219949795 -0.293062948 -0.217117574 6.732837228 5.996440102 6.235079659 8.553352453 -2.217709086 -0.892676033 5.322944468 -2.781484511 2.234866015 3.260227070 3.810338824 6.342632162 0.601504570 7.548977314 2.805772248 2.889822968 2.963329778 0.706226658 2.014018957 3.616619867
-11.330111519 8.994266300 -23.719517239 0.735075309 0.471799612 0.269200432 -0.405709925 3.784821345 2.019493037 0.863027861 2.976827006 3.245005953 6.824325581 10.453354603 7.427631826 4.487637190 5.089698937 6.010682321 1.012421060 3.387764163 8.377191104 4.273082206 9.459779485 2.857766307 7.661975769 5.842830589 -1.317803389
-7.324833953 13.781588196 -21.998911123 0.770754363 0.469004688 0.039543039 -0.429428298 3.927053247 6.702915253 3.799924636 3.918644722 3.532588569 6.489167319 2.294991055 5.513896560 7.114309289 5.693073735 2.251234838 6.547382563 6.329315734 4.295590618 7.141961654 2.108779550 2.103995765 1.891674348 2.359823174 6.724458598
-23.147270810 14.093333076 -20.115286383 0.845786519 0.229721295 0.408187635 0.255452824 4.321530675 1.384061763 1.903928884 2.021182669 3.733024756 -0.975040195 3.816561413 3.107169565 4.373650231 3.541663766 -1.469165231 4.041201324 8.461820954 0.807120703 6.452453792 7.952381606 2.959894273 0.875599268 4.845365513 5.288268640
-13.552889650 18.221491902 -20.421659656 0.840206010 0.456225652 0.270112370 -0.113803879 7.217768167 6.603383294 5.299410258 4.471177650 3.141274377 3.936613122 -1.283867730 7.889910030 11.036786620 5.624460503 6.724189472 4.200293026 5.383712297 -0.391008551 9.187802873 9.819391767 5.522601504 5.727700367 0.648570370 2.646578939
-14.370742373 16.203832674 -24.082152002 0.923014888 0.088912525 0.178730721 0.328927664 6.373076286 7.443501984 -0.677958318 -0.550292732 -0.165989101 7.472300040 4.534726403 1.438633773 5.940458681 8.129059779 3.572527025 2.387578474 3.310958721 6.023554198 1.982040767 1.941384054 7.430744664 4.655210386 1.659842914 0.188457216
-14.898772390 11.780294908 -26.072343591 0.885014858 0.234545980 0.316062440 0.248679349 3.695335900 6.169665265 5.011509755 -0.033937761 2.662155997 -0.358631279 3.982423401 1.013596165 6.560921154 1.622424071 2.116700004 0.165535974 7.686730732 -0.206807814 5.395045691 -0.765659821 1.491533402 0.762387163 4.302277956 4.527841525
-9.834256706 5.025697344 -18.496410103 0.943883763 0.266712605 -0.178946998 -0.076979216 1.150666529 7.809678539 6.904698758 6.019457387 4.525210578 2.226211556 4.711832684 4.321353031 3.041209759 2.154735360 2.000720185 0.094632046 1.833134988 -1.005131512 7.525867708 3.819984691 5.874871854 3.453428185 -3.019253464 5.917971216
-19.200597646 5.442628595 -16.899355264 0.996226611 0.065547400 -0.013747155 -0.055200492 3.028660041 3.873590582 5.541274118 4.307822696 8.801627918 2.799008287 5.784129782 9.228889480 5.283771316 4.296023713 4.659776288 5.306731607 8.632505653 6.085147126 0.620333805 4.430729319 0.905342061 1.401326922 3.879566431 3.955656213
-20.366903866 9.144198030 -19.610571645 0.752004973 0.206365776 0.599445729 0.180461923 0.944789101 1.209314785 4.491087350 6.129062557 6.458461450 3.801734682 1.124825642 3.310685450 5.182675546 4.706337143 1.893663689 -0.875809810 1.406240673 1.581762646 2.608000909 1.173025056 2.702671598 6.355234011 4.879805896 6.118874852
-19.444820285 17.540596961 -24.820924669 0.915299702 0.283131596 -0.048201967 -0.282381877 5.992316843 3.412989212 -0.495181486 -2.737927044 7.611375525 7.764131923 -0.283011264 2.789113243 5.411064052 0.554521755 1.386994425 6.251482082 1.455817768 5.580646523 3.337570025 1.385687621 5.393939095 7.037639900 5.090631914 8.965657356
-14.442476676 11.203078132 -13.475160991 0.820999779 0.568470160 0.043873888 -0.029599352 -0.275526037 4.824059211 0.401130670 8.306976684 2.603447569 3.376978884 0.873368911 -1.359226423 4.326645111 -5.321418824 4.415363977 5.090950995 2.885848833 0.479050422 4.536762735 8.047148742 8.159209139 6.019255827 2.717684156 2.307443714
-19.099568734 10.770740802 -17.460365501 0.821314766 0.116775264 0.269621477 0.488988600 0.039741012 2.926193337 8.986214578 3.417837721 1.436565537 3.597834933 -1.904935398 8.810095894 -2.072878035 0.618526077 1.860933900 3.674926965 3.876591301 4.265216789 2.701584262 -1.167199808 5.092791714 -0.477795109 5.695479990 2.499144307
-12.926148661 17.648133965 -22.693703729 0.729517951 0.683420687 -0.008183072 0.025937623 4.113909073 5.333323356 2.044192012 8.271362661 9.327319801 5.468096442 2.738592904 7.315557991 4.416796512 4.895254643 5.320632952 -0.061949255 2.279535793 4.224374183 2.617359240 8.705902199 10.904996956 3.716540987 5.177625309 4.283217243
-9.023200127 18.394336627 -20.571777539 0.713503953 0.656976822 0.217921442 0.108645342 7.387145286 9.681666655 -1.375898974 9.387182764 4.196813896 3.676206894 1.807592631 2.103593239 7.808213651 3.024493308 0.670037020 1.031671671 6.324003907 2.415616482 0.870542888 8.680611321 0.148991753 1.655778625 5.331790224 3.446447440
-9.222635155 2.878481575 -22.584306977 0.754060737 0.308353837 0.470287123 0.339323353 8.644287120 1.410631227 10.913634643 5.209838973 1.776066408 4.883540216 5.730765078 5.810888656 5.757597634 0.156852950 2.343664410 6.782306144 4.444653154 8.450188915 -0.127683208 4.716259266 4.194247905 3.389054901 1.431938976 5.414912360
-19.632032927 13.242851958 -30.750523806 0.874467843 0.395157159 -0.191164666 -0.206428877 0.637259764 3.404744496 6.043738236 5.895664689 8.399610139 6.158375051 5.740691621 6.931864503 2.684610637 0.984311415 -1.275922410 5.013286538 5.019189582 1.434447608 -2.932091910 6.792390768 4.432022648 -1.467593453 0.942142995 4.861311611
-10.334009227 7.093967195 -23.573194284 0.784159131 0.428315871 0.101487256 -0.437424632 7.643280276 4.902895317 5.412394472 0.774652390 -3.432491893 7.563132268 1.433277612 5.673352288 7.666705953 5.776988817 8.170830209 1.238210773 6.612076092 1.498929831 6.140632486 3.739669136 7.842176745 7.629274754 6.023189125 5.978406254
-13.694940725 5.864547336 -20.136611192 0.916619072 0.104098006 0.373311083 0.098040383 4.331780567 3.802348058 1.963247597 0.498601754 1.479710166 1.910323636 0.444882329 6.936734893 9.011597130 1.862777687 3.343696160 5.075939493 7.564399512 3.483124419 4.636679258 3.359385418 9.723790005 -2.545260302 5.845070625 6.357888922
-10.708312551 17.092925084 -27.397022370 0.789400562 0.602931229 0.019675863 0.113725749 2.952349401 -3.361828045 -0.118888410 0.223353182 2.140989731 5.072913678 2.400399556 2.015939437 9.048754356 1.481713634 0.561979133 2.313282371 1.638009663 -2.652882562 2.456060693 6.416395471 5.983414748 7.705912795 4.709414543 1.267090001
-18.896503405 16.383001640 -18.482206807 0.940121425 0.256224578 0.113112599 -0.194232365 0.285223163 5.028316854 6.564743931 -2.836672172 -0.292825817 4.370228432 2.246774437 6.139327858 3.580784170 -2.729849553 8.144062663 4.137118632 8.294756176 2.666214940 7.814814149 0.638950001 5.990540310 10.515535341 5.882603351 -1.667355537
-18.843230220 13.116946249 -19.090547596 0.745683777 0.513452302 0.421562997 0.051059552 5.392510857 1.786212784 2.426380908 5.638932366 5.457825835 5.201780581 9.572006454 5.496085743 0.620511040 0.931767639 5.973451812 5.083574593 3.602425214 4.684682082 5.688120860 1.296341851 -1.200412572 5.605443851 4.926929869 4.254087748
-20.617224414 11.017880201 -18.649493484 0.868953493 0.289389635 0.395982593 0.066115447 6.843657215 3.874723347 2.803552514 4.007414064 2.894213463 3.044970386 8.981047524 0.209357418 1.468772534 7.670446160 0.959849039 4.693836553 1.329946566 7.066535497 3.527156510 7.452342754 7.793110360 1.025649631 10.227542512 0.554886295
-6.948662299 14.652677926 -21.775559466 0.837728571 0.421855211 0.251324940 0.238924250 3.785391341 4.647476307 -0.045585648 5.868633272 2.451250086 1.160893140 8.179520632 4.604674763 3.259607402 -0.951300348 7.385402834 9.572388426 2.793746699 6.141243067 8.878051359 3.072496779 6.414026522 3.212388383 4.398422938 3.678358947
-6.234347745 12.339274775 -27.390783993 0.880066121 0.423256976 0.177271055 -0.122115226 1.616858946 5.389474804 1.035129729 8.117950647 3.738517414 1.716139080 7.077776528 1.451217557 0.255212778 3.976411107 0.636860968 3.760461951 6.752013023 3.768036001 5.073059472 4.544311118 8.330903811 9.834124073 2.483364028 -1.543319622
-17.785948133 17.499519353 -24.018454074 0.774408724 0.545836509 0.109118133 -0.300743855 5.199378532 0.799287065 7.184124109 5.027959019 2.556335518 6.692133095 8.672931149 4.428173365 2.946912064 8.480972833 5.078939427 7.924172347 1.394587914 3.025334375 -0.932526472 3.259782192 7.196514126 6.057183983 6.215616495 7.025716825
-6.036794266 10.393149091 -21.882011774 0.829727747 0.538370876 0.147338591 -0.000070128 4.141028965 1.008440318 1.283062446 8.145008309 1.944078229 3.446781345 0.756012462 3.694826653 4.441003605 -2.847141802 0.339530651 4.804608384 5.001923896 8.584151183 -0.168514233 5.714559135 1.395536642 0.322102635 -0.467850533 3.407445353
-17.936180781 8.784268527 -17.776812856 0.798687419 0.463617723 0.364469916 -0.119660748 3.454697432 4.549402654 6.013678216 1.329415960 4.462540075 6.460666404 8.583283244 9.971513249 6.316970535 3.992516252 14.062265814 0.689642226 4.089680208 4.757082827 3.076556938 -3.053705379 6.170442247 -1.284983270 7.990788968 1.921177025
-8.339208560 8.229906158 -17.852224993 0.792901669 0.331131835 0.365400886 0.357967658 1.003862446 6.794235232 12.107980712 2.732144156 1.526750438 6.748416817 4.305057938 -2.783104289 1.129150996 2.127932605 10.740710798 1.812439928 3.746429697 -1.613679127 11.696903863 3.036450774 0.165387605 9.147259551 0.496345425 2.209977921
-21.525013124 14.150958513 -18.013589837 0.909720260 0.224383544 0.262381836 0.230687766 4.822844911 4.188473652 9.044920662 2.970770383 5.262911562 7.852594324 5.863862979 6.368899740 0.911916808 6.832168471 4.620597131 1.899543053 6.879983343 0.911979575 0.730186970 -1.181014320 4.180309492 5.247460873 3.195541450 0.965959531
-13.009559268 12.817125599 -20.850214774 0.737937448 0.462579914 0.116708335 -0.477333542 9.064412104 2.902195846 3.625392596 3.541001201 4.646635770 3.472257278 6.249630113 2.086381750 1.095518681 -3.397335150 4.473166941 0.532447032 6.711665704 0.690646326 5.668513005 4.101572762 0.280370548 3.859982591 4.907619200 3.464848380
-13.647101569 9.232203809 -26.042722048 0.718146210 0.340600339 0.490753075 0.356957769 4.403247300 5.320269952 5.929301210 2.190046326 3.819155531 11.204775801 8.806936342 7.130209611 5.801714581 3.265211700 3.281751787 -2.878635134 6.757426200 7.851019258 8.850861679 9.077817774 5.045235235 1.615200808 1.035942780 2.237492225
-12.161354396 9.888889697 -30.155286946 0.930481450 0.258062336 -0.062027302 -0.252508843 5.177060236 4.925164777 4.944385500 -1.730796982 0.263466538 0.561225216 -0.404751774 1.206973183 1.312729819 5.682408406 -2.482313128 7.077282377 5.757140076 0.142215078 2.751723707 4.689182193 7.135233025 2.757506212 5.648378763 4.565049518
-8.238980183 7.072124377 -21.698124184 0.911782960 0.253383696 0.249729327 0.205143366 4.162636005 11.214215759 -2.542542081 2.550177513 6.280151392 0.808700827 0.911928129 5.223765049 5.462558745 8.930502519 3.144767384 5.232161465 3.325495594 3.418404627 5.060665745 -0.395265624 3.940731852 7.548460064 1.700767357 6.615484752
-14.377161688 6.646265747 -20.590124913 0.808276501 0.209390610 0.337151505 0.434940838 3.930092854 1.607030127 6.338629198 0.107386757 1.403703377 0.785947180 4.376170276 6.789309868 3.199208039 0.747681457 4.812955158 1.001103408 11.561155321 3.939299745 6.797163155 -2.471785902 1.494580605 3.102058296 7.382425459 4.834028675
-6.688789951 7.527556558 -26.329519097 0.966647734 0.247006580 0.058895028 -0.033335905 2.350225754 -1.068067086 3.723890287 3.845727323 1.696313560 5.033780833 2.270746592 4.951470230 6.118350885 6.183158740 6.717674664 4.681481626 5.591353333 1.818647768 2.459332248 -0.554621131 2.355692921 5.861273895 6.302030707 1.675519449
-17.438045629 10.607631962 -29.056377713 0.748493668 0.444035570 0.491792432 0.027015679 -0.089227779 0.930248044 5.078058715 3.444928749 5.859166214 4.335835021 4.749794586 8.952637813 -2.937720756 0.713372742 6.052892887 7.748622797 0.839625038 7.498416443 3.247119109 7.670305182 3.613895976 3.635443827 4.254860891 5.410043163
-16.659916838 5.542585592 -15.684373478 0.868355387 0.448446554 0.042204872 -0.207541221 0.461606354 -1.413629687 4.015879382 -0.614546347 8.974163170 8.241336162 4.048687688 3.935403823 3.178960583 7.586507357 4.522848880 5.583888857 2.658176342 6.712440732 6.412614379 3.921477165 7.778660865 3.002948424 4.565083468 4.061021525
-17.230012650 12.022356467 -29.565391791 0.805227211 0.133637328 0.554188471 0.163172734 6.000222267 0.616154181 7.717045041 -2.044023001 9.263413680 10.187515535 7.539510131 8.629104269 9.061805651 6.484518031 6.379325134 6.756936548 7.415002177 0.448107298 1.683929373 6.838118225 7.551879941 7.082889426 5.827836997 9.315953597
-20.375181392 4.987848121 -22.735373163 0.857278263 0.178824423 0.385989535 0.290013594 2.163749541 4.964003972 5.922062492 6.826866975 1.512627627 5.232621018 7.156499361 8.288648078 2.083122753 6.521651465 7.565046636 0.112508042 4.976964137 5.094052119 3.256151656 8.676458435 5.875691400 3.279378937 1.639261967 1.639329206
-17.236034245 11.764076301 -27.167501648 0.709004745 0.546755149 0.215514866 -0.389774834 4.201730135 4.113803548 1.244791634 7.471011930 0.845579325 3.138258334 6.191315291 3.865819583 -2.034727817 3.079554326 8.105862204 6.637799319 -0.228135628 5.182242620 10.808473448 6.725039093 5.303506539 5.524585262 2.351314522 -1.430538790
-16.015733875 13.639694123 -23.004856679 0.873533287 0.358158857 0.328290304 0.029787680 4.998422784 5.673727297 7.067290825 1.922383390 5.682524952 4.469547186 3.897483976 1.525787842 8.446092027 8.346798673 1.906103277 1.445581543 6.131496998 2.383603092 5.194258900 1.436218415 3.951955764 10.685189613 5.245742258 7.169642705
-12.273706121 1.664087434 -19.843399797 0.829155036 0.141523093 0.347903318 0.414048816 2.244074695 3.333981357 7.722205372 5.097908732 0.388000701 1.947195813 5.640374485 2.483567331 8.004201224 2.604732180 4.872257666 4.395868021 6.595849323 0.763664255 4.727995799 5.899203571 7.520845498 -3.828865385 9.519220997 5.177673681
-5.887005153 14.246548609 -20.963776546 0.780393472 0.543882173 0.144791917 0.272421570 2.807453026 6.077837800 6.438565044 1.526299125 6.393131109 2.424360074 1.798315456 4.710173410 6.760658055 7.395942425 1.628101657 4.945301167 -4.332196443 2.439340904 6.681338368 -0.944431433 3.891597439 4.679589111 0.802648447 4.644058422
-15.098531556 10.425605101 -18.062337070 0.733096028 0.369022322 0.323856486 -0.470648188 2.492662761 3.553289703 5.014867133 2.961771229 3.790873773 2.201179892 5.963218259 6.969469874 7.190911420 5.957723245 8.607895213 0.991734055 2.915489020 2.694628532 3.061271568 0.626147461 -2.438426319 3.284329897 3.438922577 0.975608105
-6.811313931 7.107903507 -19.954617363 0.850150104 0.395122601 0.290683157 0.191379812 4.563264425 4.793970747 3.270599967 1.443784305 2.207851267 3.696896205 2.197275454 8.155875682 5.100262866 3.632185977 3.106306129 8.474992973 10.287130717 7.526092262 4.732349992 5.237817834 1.458419402 9.639850786 3.130744363 3.207947914
-10.839386812 16.945758738 -15.859082010 0.740703236 0.423490965 0.181760805 -0.488852869 0.188726324 4.993410867 3.542800425 7.212169181 5.138563045 0.856313092 2.247743177 5.258414349 2.425180889 7.336677838 3.404239170 0.487874942 7.725391238 1.056474999 2.110989745 8.934364930 2.562177733 0.474842525 2.983486040 5.097458543
-21.927388818 7.931560764 -21.342616156 0.980657419 0.129252777 0.143921074 -0.029857493 2.316924101 5.546271096 3.897212134 0.457658053 5.152301588 0.220174918 2.752842149 2.109159903 6.585946468 8.616500835 3.482298241 9.689178576 8.468803530 2.096609756 4.472147654 2.428283001 -1.742182470 6.859733971 6.867823678 2.143111773
-11.020214045 6.150430336 -24.277584583 0.722936843 0.294760982 0.440982005 0.442733730 3.576195479 5.412292646 -1.906876389 4.473357224 -1.645363071 2.618035858 2.492359696 2.745680957 8.811976419 9.438629924 3.899239228 5.553836004 5.904978737 6.793334962 2.663582812 -0.078939727 5.280026886 8.029056200 5.593470524 4.035007298
-12.874823344 5.582220573 -24.041289670 0.929443454 0.250761775 0.203828801 -0.178065209 4.689802289 2.487815184 4.147928422 2.893224100 3.564181793 2.049704649 4.487927103 5.285889266 2.267609019 11.736553539 -0.034365164 3.634580089 1.092575150 7.652965448 -0.587269392 3.923170444 1.900596382 0.917485141 1.342963029 8.322449985
-18.190023172 8.667757007 -25.281694497 0.897911120 0.280887156 0.156260971 -0.300733329 7.106256190 7.326794110 3.699786290 7.659295753 2.068791714 8.511300249 7.092331433 6.265940156 -0.904815720 7.665825434 0.772764851 3.658782582 4.496169521 5.569718302 4.962438357 7.570979378 6.070334993 5.236390417 2.838442340 -2.213919062
-11.246221710 10.733584656 -23.730237727 0.853889993 0.327574753 0.140042632 -0.379413656 1.239188405 3.400979699 0.580400155 8.802785873 -3.608479878 5.793025659 2.680871733 2.852400626 1.403084875 5.899029254 6.938689662 2.014163772 7.546307054 4.188051667 4.291248914 4.619067751 8.949256757 0.262036401 2.753971302 2.198832135
-20.551555073 11.837233977 -17.269498914 0.840574622 0.285626333 0.340288250 0.309928717 3.706669620 4.295385230 5.410871679 0.658299117 3.751710623 2.884287306 4.767631327 2.987607616 3.524240538 1.994760505 4.022445758 4.378743760 1.619064090 5.787301501 4.000332612 7.287455034 -0.304632600 4.440045841 1.391916775 3.089703599
-15.284406564 13.744294521 -13.643592716 0.714690680 0.377566199 0.280369402 -0.517739312 5.341278560 5.042232674 0.320671992 5.388758994 0.680596658 2.743626029 -0.247370030 0.841528363 5.890412910 4.799638621 4.774470183 3.689735231 2.175662632 4.396448094 1.522813054 7.896850941 2.368919470 1.141024664 1.920612958 8.865395360
-14.464736304 15.699670455 -17.016041451 0.851175330 0.361998477 0.008720571 -0.379975805 5.146894283 2.303308248 0.671373984 5.622585843 2.557024352 1.825450896 7.065839201 2.872249046 3.458951785 4.782494393 5.531912259 6.198817300 7.421887435 0.199798721 0.208161031 4.762745723 7.007099309 -1.724970738 1.464085008 5.289673194
-19.480137766 12.572339648 -22.997047316 0.845214156 0.361324900 0.385875834 0.078467753 -0.941989082 4.165934683 8.253290747 5.846000292 3.076846038 2.961669467 2.459422547 7.431854303 2.254719283 4.708215674 0.949660602 0.232609210 2.273943490 1.697699994 5.247266834 3.248375752 9.322343858 4.429495700 6.351779312 5.631007475
-22.128568559 5.028570561 -20.031958362 0.822029305 0.278530636 0.263389549 -0.421087227 5.309534448 2.865190004 -0.299744243 4.008329563 4.089571227 -0.948348656 2.608585553 12.672943470 4.279118264 2.883976234 4.105699798 7.836713748 -2.329112518 3.397852545 10.895205150 4.129306778 4.951678005 2.134601277 5.917093333 2.625404211
-12.158026912 8.705835088 -14.448118349 0.825743363 0.364233728 0.207468905 0.377410047 2.218135788 2.537384213 5.988155302 2.854699357 1.482375583 5.655483808 1.472948974 3.801788147 1.020825540 2.090867392 2.212938720 9.108599692 7.055615021 5.274626191 2.085091567 9.040151532 7.328008358 1.051104528 7.919590308 2.185478077
-23.110788890 8.402520894 -24.307783462 0.804693394 0.214993610 0.496531289 0.244341910 5.130406495 2.075952613 3.700824893 6.871485021 5.570475515 -0.112433790 2.373583925 2.683129609 7.805243612 3.036495723 4.380339298 2.170533620 -3.352538082 3.786457135 5.255786660 -1.683545224 3.391458069 4.763893477 2.267329211 2.418671233
-19.375036275 9.197422458 -20.444106705 0.948790226 0.058023031 0.298987436 0.083886517 2.001468861 7.493001427 6.501432856 5.239736053 0.856341711 7.370039620 3.981723921 1.052544027 0.692826642 2.617895473 0.111571557 3.445846291 4.122426614 3.310474455 3.211303053 6.676742221 8.917834779 3.274950230 5.219502283 5.344512414
-16.611560515 11.970941097 -23.296968367 0.776403679 0.444687987 0.392859485 -0.212394319 7.622901559 2.703631403 -3.781796452 5.118484484 5.701414229 4.995143609 6.012289919 0.748748757 7.090710648 -0.575121691 2.175227337 1.540412323 1.217096797 1.162882259 4.516765705 6.278773703 2.701391636 2.556022207 6.154094339 2.829932687
-17.543985462 9.329923840 -25.346383689 0.994798422 0.067527416 -0.045829628 -0.060957297 4.857468410 4.867700213 7.420798190 4.256778103 0.815590831 9.652955482 3.562910011 0.754195482 4.504308876 -1.604690050 5.116838397 2.082166842 6.994635336 2.708363553 3.057708269 3.655978019 4.225505999 9.169967427 3.824197188 3.591505476
-16.397020095 9.199643678 -25.218771036 0.888600212 0.295010760 0.103535283 -0.335616983 8.544387063 -2.706294078 3.487019185 4.916635045 4.375438369 2.783477235 4.644725070 3.011873982 6.097402285 0.639383266 4.431599933 5.239495481 6.808284292 1.913581045 3.037498752 7.146387312 0.426068920 5.310125770 0.976382392 2.029757641
-19.448098024 3.400227007 -26.274073819 0.824034579 0.199152727 0.479242657 0.227226053 3.232198786 5.990137035 8.038629946 7.753148879 8.902420593 3.097021328 9.087386622 4.962600430 -0.719425617 1.537275111 2.132276905 -1.484810906 2.517159924 8.404427424 2.867301940 8.635350420 -2.372457059 2.778702402 1.837400339 4.880594843
-9.312680402 12.985737642 -22.795623289 0.995564421 0.015743176 0.075309480 0.054149037 1.604046782 6.579791841 5.376592015 3.753387221 7.740029773 -0.652322474 -0.553773099 8.602084859 3.309615215 2.148885643 5.139612630 7.864690762 0.342954942 1.222691320 4.317837340 5.261072832 4.227481518 1.679891130 5.190514625 5.073070256
-10.337014025 15.868905011 -18.913423865 0.845793732 0.392847551 0.316028589 0.174441092 1.350343447 6.391189832 6.005959013 3.240024617 5.841935336 5.049810145 1.859349894 7.638945616 2.733958917 6.628640681 0.600241661 2.766336464 4.697000750 10.196417501 4.882779112 4.868642167 0.746602043 6.943397334 1.650279135 1.158486644
-9.680287450 10.581888193 -20.575156239 0.917952925 0.316709989 0.223669929 -0.083838969 0.888406974 4.511626970 2.098110037 0.573702055 7.548506762 5.694143627 0.911227206 8.285253207 4.258319542 9.442021158 6.324276129 4.112265412 1.322676328 3.256749994 3.853817786 8.412001067 2.044480093 9.900211845 -0.422975653 3.186526111
-13.873441857 19.335818318 -23.605253067 0.998188035 0.037985941 -0.029868687 -0.035854931 7.786012655 0.658707238 6.430690306 6.284328894 0.066693549 3.473825850 1.850108984 3.785951261 13.382909233 2.178012392 5.862813306 7.787248653 6.917096873 1.148032538 6.047276891 7.106597520 4.309090393 0.403596992 6.068704624 1.935070575
-16.399157412 16.645335280 -23.628516486 0.900253575 -0.010791885 0.229219693 0.369980227 6.137203363 8.606553696 -1.423973015 0.981618340 4.878337198 4.496501153 5.777299969 2.174996868 6.957238174 10.840040643 6.969109232 4.393880222 6.675091888 5.326955694 5.989128037 8.233620405 7.760816196 4.353176005 4.744358803 -1.318363625
-11.756118372 8.452454378 -23.372738052 0.776760780 0.538766931 0.236364092 -0.224732956 7.907087154 -0.635361658 8.829500700 5.781711770 3.047613573 6.157420791 1.755639095 -0.271085227 5.454412363 3.450777701 4.732117819 7.216500837 11.065201100 2.584290612 10.807106797 -0.723449461 -0.926371004 5.077963265 1.865772776 -0.307635264
-21.914656334 10.888533066 -25.214437727 0.866568032 0.321578982 0.374606503 -0.072916192 1.815482770 1.159441594 4.695957034 7.294447950 4.075669111 4.755901943 4.960399357 5.454731094 -0.309377890 3.785476319 0.124504647 9.833616508 4.409352078 8.999463813 5.219954627 6.262849568 7.928520188 0.637546524 1.001440809 4.265123146
-14.490299353 3.619109223 -22.179970618 0.831002832 0.432802218 0.314062312 -0.153236410 5.134482159 3.739103757 7.076914814 4.995760468 5.819681196 6.756530637 9.114955623 2.592406527 0.156532856 0.059902301 4.010600296 0.777208375 4.435330876 3.441285186 3.352346904 5.585399861 2.108221402 3.024542297 9.614803139 4.520276310
-16.025997616 17.536673568 -17.184054940 0.848859825 0.409566717 0.333567908 0.020604684 6.159581429 3.866929534 8.038448058 5.051798984 3.718077397 7.471704854 4.325346020 8.490113301 7.248290288 3.512304001 2.818561402 -2.504136730 2.833362853 5.904080680 4.781666785 7.434332543 6.285127424 5.194090797 0.296220525 3.389298696
-16.259843118 13.312169125 -15.461838173 0.861851211 0.293148975 0.294984297 -0.290276475 4.518922146 5.848074371 -0.744391742 6.586765906 9.000895715 -1.419785702 3.391843668 -1.419889795 5.696110810 2.937016683 9.234699981 1.722368273 3.543780260 5.624703801 5.065976687 -1.156302242 2.427961486 4.590418791 3.326929875 3.970017131
-16.361544293 4.132022332 -24.442168593 0.917231795 0.242998531 0.311847719 0.048872780 5.972967253 7.138723704 6.177697767 6.816198294 3.768188610 3.266467368 1.054608547 1.467631238 2.309853676 7.356849100 5.844325104 4.970256481 2.040046460 -1.151468994 2.627267154 0.071399856 4.183763683 6.531037559 3.485982691 7.967675695
-17.594406962 4.737828439 -19.507638091 0.874773217 -0.385413427 0.218271123 0.196433260 4.093378609 3.336689022 5.472068423 6.403980383 -1.804846023 3.607396996 0.581457826 5.878514558 2.415102381 3.908438170 1.264544699 -0.123072564 8.070144083 3.881324964 1.717459418 10.452193885 4.593352388 1.770051895 1.552311343 4.772062498
-21.559665889 12.582630767 -27.327146586 0.932359960 -0.028208352 0.251660595 0.258023524 5.162097376 -1.215354458 -0.018909134 2.888157529 7.952435852 7.240529289 -5.485673445 4.525060975 3.277823224 0.180460818 3.840212320 2.525212684 3.220851336 -1.318378047 9.315741654 1.606427165 1.316703351 3.742670759 0.465051147 -1.172784312
-15.328994282 11.282537736 -25.661223057 0.794284566 0.299085922 0.415411195 0.327250942 3.856474025 10.212479101 2.947098058 9.869168026 0.750153939 8.553086248 12.292610216 3.479790130 4.955318031 8.634960424 5.041195508 5.513719613 5.288730455 10.655729954 1.117721790 5.639682440 1.437013602 1.312155384 7.813300262 6.771300047
-21.661884235 14.308205820 -19.070573777 0.900320048 0.259276751 0.347968304 0.033428068 2.978320794 5.250336213 5.590219435 6.139162311 0.222166803 1.217431589 6.071364120 3.109643295 2.490065677 2.053676777 6.370089936 0.649872046 6.255881692 3.920268438 3.363866521 6.103902162 3.395405104 3.507059205 4.412959277 4.733920409
-14.962510223 3.062128443 -18.738274161 0.832658961 0.312422760 0.238505336 -0.390110598 4.674959261 1.242356844 3.807653548 2.996044289 7.228812478 5.327570127 7.401871451 4.840778953 10.385425782 0.567275553 -2.716538201 5.006931961 6.801052787 4.133985431 9.876197472 3.528793408 8.945478280 2.401270335 2.591937482 3.928856795
-9.476803555 16.798450621 -26.503905116 0.878357435 0.336748132 -0.083584978 -0.328789390 3.347085958 6.465492440 12.518317787 7.303501143 4.451392127 2.350750404 5.746213257 1.835781877 1.754517170 -0.420445492 4.530877338 2.788098189 5.519355998 6.076583888 2.841338148 -0.095262483 6.139337420 2.577094339 4.932879316 2.139647780
-14.053335312 11.417474288 -19.170087146 0.865853331 0.226284691 0.258241089 0.363874687 5.482644036 6.188897310 0.791219289 7.311905677 6.576030271 3.281710209 9.104915334 6.798225160 2.426319996 4.070101788 5.789484510 5.013741054 4.173478019 3.172921951 6.443678406 5.991743266 -3.126889653 3.176391843 2.854754799 4.240736809
-13.921255234 3.181453588 -26.396936628 0.874280519 0.142683552 0.372766175 0.276261391 3.157537497 -1.616987629 4.774582769 6.848480701 3.627900653 6.542977249 5.500164617 2.931982999 6.649405418 5.696920780 -2.056012133 5.691415704 4.545507719 2.407834577 5.235922030 -0.436581230 3.389376196 3.009994622 8.785444560 8.697806507
-15.373527549 13.619153628 -31.267349899 0.996595679 0.055405143 0.060557725 0.007751424 2.020888086 3.018802642 5.506576778 2.973833278 3.357739228 1.802636675 7.589570392 6.002989932 2.906152290 2.755988038 0.819849751 3.285782292 6.949100656 3.240365037 1.084388893 1.171558886 5.590479818 3.757992505 -0.021129055 2.286686066
-22.456691566 13.549522967 -19.680061948 0.799760931 0.403135879 0.435910641 0.088576680 -0.917652818 9.495931531 3.530852465 4.884886665 2.897246619 3.084279397 -0.356111419 -0.405760020 4.908112933 2.591688266 9.727273641 8.226072629 5.090745190 6.773991076 1.769830199 11.845865853 8.571106470 5.843649917 4.770965086 8.542163572
-15.240548966 2.615083058 -23.607599019 0.711647213 0.281698939 0.554597517 0.326535675 5.128113453 6.589616692 2.996515685 7.663107359 2.901423718 2.188238126 -0.286962844 4.571378003 6.959165167 2.278378861 4.605594490 3.845507576 3.880841308 2.629395397 6.279700471 5.657352510 5.173500919 6.653122141 2.160270808 2.309153120
-22.599617005 5.353878825 -20.242475204 0.905517286 0.156218067 0.248815279 -0.306145908 4.002272508 6.030385544 3.252026525 3.577904445 6.118915230 6.475977304 7.335222144 2.279385345 5.963666038 1.679196135 4.001113952 1.851463023 3.400787907 2.810681040 4.515918082 8.234079566 3.705904371 3.151609195 5.641276310 2.271099854
-14.254053814 1.746943048 -19.271551824 0.743847432 -0.137034846 0.644570212 -0.111542323 3.773134332 6.527462581 1.418844019 4.351443717 3.327934699 2.263584243 3.692889469 2.690963994 2.845268446 5.384432216 3.970173142 5.989429955 0.803198895 7.969948708 8.042855061 6.012060835 8.892383853 7.681629148 -2.076756192 3.422246008
-17.179720669 12.215213549 -13.349448053 0.856051456 0.106874923 0.243975394 0.442978174 -0.151010009 6.356662383 9.274208231 2.539515590 6.414360691 -0.882682646 4.553712384 6.311168885 3.725958863 1.500702118 1.375490852 3.729504037 3.945926716 6.680496132 0.848338452 4.151647052 9.818918539 10.745771879 3.608961303 3.632004499
-17.702728393 5.233273868 -23.519882475 0.771513675 0.357112459 0.526517532 0.004077893 10.434988598 10.919547198 -0.652683570 4.638809187 6.415493283 1.989777275 5.694165442 2.581722433 6.874211524 5.835266743 6.223397802 1.369494000 7.590692555 1.574165074 0.381672486 1.299809226 2.950528373 3.485982625 0.168526226 5.460604238
-14.650534927 4.238975605 -29.949630901 0.780931836 0.277773557 0.518239907 0.210747993 8.013315457 3.454931444 5.570759169 4.092595657 2.680564283 -0.159174604 7.090831555 6.089835480 4.953720536 4.796200170 8.451171564 -1.984257356 3.167801594 4.363237265 5.838289357 3.185698744 4.825117560 8.124974097 5.092838405 -2.653280374
-12.748071939 9.968804726 -20.307747302 0.940810514 0.200395023 0.207023681 0.178489798 7.353977739 4.263177479 4.530443269 -2.503944536 3.557714304 7.450021263 4.546515722 2.045547474 4.107513277 5.571656178 2.628513110 3.119129254 5.691097168 4.863042045 3.310248024 4.109103731 -0.272878228 3.319525218 1.611422891 2.907021485
-19.181104502 9.111271796 -17.887505900 0.978277432 0.109781542 0.161924699 -0.068568733 2.803542922 6.200232047 4.882120267 6.676213835 4.730960733 1.662353278 0.379232159 0.854041608 8.317285969 7.531983997 2.687380546 0.428842446 6.970367591 -0.593177206 6.596154995 4.407781950 6.369304700 -2.334631037 7.835632788 1.656934756
-13.933130112 12.900697864 -26.328427510 0.892002001 0.349674257 0.082335999 -0.274374065 3.911124707 1.553471954 4.199709692 -1.118868333 5.291787139 2.549956265 1.403506839 3.439032562 4.034385089 9.974367062 7.198137708 2.481853406 -0.244862259 2.609597821 5.534191802 -0.104292341 4.463107613 1.780969300 1.540973143 1.432645746
-11.141906294 2.321984372 -19.997365632 0.789776627 0.311105934 0.296476908 0.437684156 8.070523694 7.779360573 6.739366435 3.482656100 -0.339499919 6.719197032 10.460902461 4.550861971 1.350069515 4.709730570 1.192789733 7.423715968 9.707424583 1.280231776 4.093047528 2.167540860 -0.131130768 5.913519977 2.119020846 2.849537202
-12.187105092 4.630080825 -25.306438267 0.754871597 0.235355564 0.482801920 0.376402626 5.460811214 9.463823151 4.293797295 5.145529703 -1.066739463 6.218163235 0.855793110 2.494860327 0.693453056 4.705338322 1.699664734 4.407152559 7.614398426 -1.554811140 5.210894837 -2.771765423 2.330806899 3.133640401 4.958143593 6.463769077
-14.959790058 3.858792483 -24.569195965 0.902511625 0.007298701 0.429738419 0.027283451 2.260704321 4.801985145 1.900057191 7.812338144 -2.550981087 2.202378452 6.771598043 7.891676191 0.205145552 2.544267574 4.003447499 7.727551656 0.873489468 4.608994471 2.509618767 5.100328626 3.604467428 0.427393574 4.197256518 -3.325055439
-19.090909252 9.689331838 -25.809266312 0.888446312 -0.034309477 0.245270776 0.386430145 4.767999799 4.963578233 7.091634491 1.969976213 1.857080502 2.107785523 5.094624889 -0.404332980 4.890177009 3.425251731 5.537137003 1.875578356 2.265498294 6.213843571 6.994444805 10.230634408 7.175559786 7.686457159 4.302538161 2.703176280
-12.927287193 12.559842942 -20.917612750 0.869073578 0.445433642 0.205065125 -0.065178844 3.121930132 3.494058386 4.052543994 -0.036144714 6.939114380 1.577445509 0.766632857 0.650237859 3.983271306 2.983935135 9.125245462 9.128522701 7.889889074 -0.824581297 7.306439739 7.540943467 3.020180811 2.420300479 2.998974449 0.484109950
-10.167375107 6.997364821 -18.119297594 0.861920856 0.234127105 0.355277691 0.275780164 2.336566872 8.302842234 5.149134227 4.046776883 3.981510914 3.383159878 3.515535378 3.557094244 6.852385900 0.164507494 4.234167063 7.324531543 5.932316431 3.575091565 2.505847818 5.470391270 5.224673369 5.455193774 4.512239576 7.951485239
-8.060728295 11.850235431 -17.348035999 0.884302344 0.362256284 0.218619653 0.197446694 5.213579882 5.472799678 4.773328090 4.013338202 -1.467152935 1.945308350 0.582652511 3.145766700 2.861288357 3.860723418 1.289194310 -0.697416977 6.186129813 3.432587040 6.322500339 -1.225015701 4.320612037 6.490217715 7.041590693 -1.064348778
-12.563578058 12.016650648 -21.423853324 0.717827442 0.559812586 0.409184118 0.062465907 5.110948392 2.010268218 7.694644082 2.289620590 2.046231511 4.667942730 2.994319190 6.467326862 0.774643697 2.764444157 4.129427322 6.269069787 5.501068477 4.966328142 6.197533224 7.927979790 7.006466337 4.941801707 3.577053594 3.588962018
-11.229895730 10.767736148 -29.745681804 0.954271222 -0.020989505 0.246409135 0.167953607 3.025451217 7.143856197 8.055027966 2.166171378 6.957739495 8.049441141 -2.430644202 3.396262009 -1.026943213 2.943730165 -1.848431522 2.657725333 8.061092884 2.190059826 1.620648381 7.684748039 -0.901186909 8.756148464 1.474537295 -0.610301329
-16.090304019 16.974980305 -27.778469161 0.818373349 0.369208698 0.370505880 0.238065940 2.830269167 4.031455618 4.770277834 8.714947371 1.206219099 6.249747512 9.218900304 3.837747536 7.472292950 -0.473875382 2.686535719 4.505043831 4.723275096 3.254597579 4.345880490 -0.769650795 4.787465162 -0.277590672 8.901249241 -0.347749327
-18.192452304 19.484003696 -26.184337100 0.940326266 -0.108153745 0.188002887 0.262191144 6.808893124 0.661005554 2.254335490 4.071332288 9.773624252 3.258142347 1.081291658 3.223603320 4.115447174 2.231358993 5.934844506 6.305092433 9.355970716 6.594979685 -2.466241112 3.744240359 8.477103525 4.746204648 4.741972194 0.947822375
-19.428837211 13.978161572 -19.657658545 0.856330189 0.373226362 0.255943457 -0.248784319 0.088696431 3.365975079 2.357870582 4.179571923 8.120674694 7.833027464 2.272633002 1.007525806 4.232950859 7.586498021 3.074403506 3.906662315 8.174612688 1.258821773 -0.197644949 4.797418035 -0.998493397 8.859362768 6.555980120 8.133491387
-12.888009798 17.088749621 -18.325449627 0.767773350 0.401094803 0.262226364 0.425305038 3.293687819 5.028843888 0.328985100 -3.818483794 -1.470257303 2.041026760 2.878790332 3.479567763 6.559895684 6.147567452 1.866407441 3.756191471 8.491980834 6.349793277 4.241090263 -0.073892784 3.745514523 3.686629441 3.568523728 2.667545956
-6.259658340 12.448126494 -25.593581099 0.977190253 0.144807970 0.126783192 0.089754568 -0.768289846 7.416136520 1.343377037 -2.805298685 6.262711137 0.495731860 2.725860482 5.048099318 1.929892680 1.407491588 4.352011079 -1.324115015 6.035707626 1.322115235 4.172699505 8.373397114 4.120741597 7.047078489 2.577029521 7.635911045
-21.487364667 18.132588908 -23.844550759 0.796352782 0.246627304 0.403972116 0.376568386 1.591365413 3.587166270 5.695565791 2.234094055 0.257688126 3.520836550 4.951211724 2.846514827 3.987976258 9.387747017 7.290062599 7.440773769 4.158864407 6.954083629 2.291748893 7.579342666 1.693683894 6.846484567 5.051455903 1.871301263
-16.991879775 16.157047780 -17.478647546 0.708476870 0.406735833 0.503701339 0.280911814 4.645942270 3.332660381 7.268571764 4.305732576 6.275355067 3.639018691 0.514833185 6.539530706 4.845410414 -0.006064074 3.533151717 2.185338701 3.466286521 7.854761929 6.673081324 4.232296636 6.580132393 2.719353758 6.089763418 5.740928341
-13.107290822 5.530714702 -15.239783339 0.980498734 -0.173471610 -0.076821983 -0.051266120 7.084410985 5.403865058 5.919074952 4.713397677 3.201221246 2.942381210 10.594138310 -1.324936077 5.790025460 4.748811875 2.726301534 6.516915682 2.031408256 5.871972570 7.871009986 5.698826023 0.955805287 4.052711837 8.157350076 -0.945572017
-21.659850558 5.608675069 -26.634301023 0.917696075 0.004813725 0.280093091 0.281706589 -1.732621050 6.981221860 4.208151061 9.183515281 2.886545600 5.239207283 4.781371865 9.294377217 1.107478501 -0.253963405 3.347099664 8.765094228 5.990031733 10.727031990 4.944329510 4.187595314 11.112948806 -0.116269098 6.014622527 4.276267706
-12.589916602 8.409089633 -20.741155252 0.840274424 0.009695199 0.380955086 0.385639882 1.040810869 5.073159406 1.986797371 6.692929298 3.737614052 6.698126427 4.501149586 3.897478518 0.699240464 5.985273116 10.708882321 6.834441021 1.889312778 -2.239800723 3.605076369 4.973975771 8.461814914 2.063598662 3.487626919 3.160593230
-12.491796327 18.802054394 -26.998595163 0.743990704 0.453366251 0.124472018 -0.474809005 0.859188934 5.488370763 4.253780747 -1.299461825 6.127599515 1.353170427 5.510823178 3.656956271 1.548468677 7.219538730 0.339465263 8.318501716 1.157800265 7.247617350 3.330597123 4.995395176 2.449725095 2.135312877 1.877408118 5.431712809
-13.057592021 5.395073025 -17.458332120 0.916824652 0.210407123 0.254326702 0.224676051 4.406626941 -1.401545161 0.825247986 4.816901780 5.345820905 0.049201466 6.360466931 -1.989528350 7.075047763 5.540532626 0.196164221 0.734852877 4.672622630 1.661282991 7.072148043 4.074154947 4.074837144 3.379685194 7.501722491 4.771454086
-15.349956608 1.095130924 -23.879744058 0.938862198 0.167776498 0.299201277 -0.029451927 4.390015254 6.884360231 9.807705702 6.250864788 1.024949120 10.314360055 6.882900575 9.433324801 4.402515670 6.070740859 1.980091752 3.085706030 6.403244848 6.858308238 11.088655511 1.550597534 3.586399516 5.785265022 0.167709191 1.002149704
-11.486363666 14.596633420 -28.800884310 0.953471618 0.222993375 -0.183182624 -0.087235058 1.512496882 1.462219974 4.360775645 5.698238366 2.393891001 5.851582684 1.569584375 7.063126959 0.584863069 2.173407167 2.729427361 4.413785089 6.179351878 5.428921859 1.543946488 4.200511278 5.332676900 -1.451805965 3.129878737 3.351391055
-8.116689588 10.585675679 -18.562054718 0.785219780 0.587570047 0.190397438 0.044047165 9.164630512 8.202539700 8.461648754 6.972427054 -0.174015730 7.796046733 8.244035295 7.539128658 -0.176136240 0.925228478 2.410096658 1.522318556 0.087428838 5.759928616 -1.369851896 7.834476009 7.338107329 3.238286256 4.375474060 7.684449378
-10.175189001 14.773779395 -19.280702423 0.742860965 0.435013403 0.324191308 0.392200104 4.760028425 4.377743727 2.016943474 2.997038362 6.489150957 2.376972997 4.162597586 2.351595963 5.559858175 -0.230740377 -0.805776774 5.433485968 4.592368924 2.114196968 2.799449850 7.518246199 5.108106944 8.845703761 2.997634057 3.914754533
-20.375961557 4.692770787 -21.145319622 0.821275133 0.240436132 0.431104391 -0.286088493 4.925793322 -1.564336282 3.987341153 0.952159937 1.423417256 3.258603105 3.311034145 3.168849355 4.939973593 1.365772504 0.424664258 5.808812063 4.646814338 6.358322671 5.871980053 7.606401180 0.627005915 4.682351308 9.036296267 8.399261571
-17.926373298 3.356593862 -18.406851250 0.771585133 0.102835956 0.419171947 0.467307208 5.737108902 5.226459916 4.698662981 2.083995657 2.975776788 10.421566955 4.539927617 -0.306729227 -0.301399229 6.196363604 8.194894674 4.677801289 7.027658213 2.642971389 6.849238122 2.158904383 2.639543953 4.996653704 7.385031898 0.147643469
-17.903056923 7.077812194 -25.520424517 0.948592077 0.253541059 -0.050025929 -0.182722220 4.195672974 -0.081620181 -0.719467693 4.425825285 7.970332692 3.340453515 0.336948655 3.953224184 4.458005310 6.134862704 5.061021889 3.145135697 2.450671831 8.713258040 6.563506197 5.586490782 5.056051066 2.066788720 3.612657693 -1.066752965
-10.890386093 4.283359524 -17.515686368 0.826248196 0.177638898 0.428649657 0.319402274 7.193407651 4.892036642 3.070572009 0.350616385 3.412272326 7.648121683 6.705046625 3.039827906 2.355812245 6.281705108 3.744906362 11.380985229 9.044575835 5.945300873 9.077929502 6.256623523 4.452312746 -0.231940532 5.404116607 2.043574309
-18.932680387 11.013256440 -23.591161372 0.918802830 0.285623451 0.172992729 -0.210461682 3.822511245 2.941414472 5.403161642 8.729220286 3.611449307 5.629505238 -3.488090939 7.268678569 6.293387247 0.586106393 2.944564862 4.372983758 0.693128816 4.214937439 7.838683572 -1.291896222 3.588754189 2.712962593 2.307016329 1.083911923
-11.693740059 14.592561942 -17.667188583 0.859557632 0.408634055 0.287143849 -0.108292645 2.235364940 6.613465393 4.510442015 4.190607627 7.545838805 5.266845093 8.429644287 3.666713168 2.509005690 1.497525628 6.108331687 2.981641077 3.595759531 2.647747230 6.793777991 1.344842204 4.533803547 -0.358563398 9.878156449 9.422199257
-11.089121750 14.456364154 -26.972389745 0.904923365 0.332969845 0.259490552 0.053939213 -0.761505796 -0.411341864 2.561331101 6.409793567 5.116459148 0.638928068 2.351214489 6.361030597 -2.268224777 5.341089441 3.987575340 4.556245123 -1.583014927 8.381503321 1.456413808 6.606914448 0.380990524 3.635475988 0.296168571 0.239946660
-20.405876664 10.053973714 -22.495748722 0.865620023 0.304735678 0.392462608 0.061735273 0.496540446 4.561439527 9.185583297 0.430076654 1.317041538 4.137540732 2.493522728 5.505604256 8.217324849 -3.205573309 5.678089640 4.170818250 5.134570652 4.868260281 3.986752865 0.153233776 5.754248573 6.314570273 3.726944029 2.073844480
-19.290727488 10.122596447 -26.819974736 0.811809446 0.456371138 0.262158951 -0.252910048 6.394470145 2.881096465 4.476685515 5.409572147 7.730301800 2.232938731 0.912173011 4.792752234 5.038707285 1.466230272 1.973259823 0.232392282 3.629264426 -0.548697968 -2.154578502 3.420855171 -0.171770478 7.593219963 2.430575658 7.831451099
-11.579168984 7.090377120 -21.186747478 0.913829757 0.068007808 0.392053560 0.081142589 3.795581638 3.140291507 1.228318648 0.652135400 1.216768232 1.247605435 1.891159331 3.699932427 2.735100552 8.269283049 2.672419827 3.194806205 -3.415218156 -0.107251694 2.620372836 2.833751179 4.403647677 0.028852644 5.440578439 4.079023423
-23.687665364 11.821971572 -20.528757667 0.796548375 0.395284950 0.448337795 0.090849965 2.992014938 4.414480409 4.741182018 6.704858766 5.629633371 4.781472571 0.525896929 2.506170328 5.051702427 4.225343367 9.177069321 -0.049458455 5.158867336 5.194355536 8.707110534 2.238796576 3.280202773 7.285515085 -0.674700956 7.232977802
-8.839761230 10.978048639 -17.305170650 0.714327344 0.643500244 -0.185037343 0.203482343 7.439230208 6.411806347 2.323354068 3.311876226 -1.711571612 8.795903924 5.187358858 3.576937761 3.283324167 4.142000312 3.486561737 3.987574743 -0.370188675 8.218833714 2.481558365 3.748201857 4.765295306 1.918075367 3.791276519 7.475904702
-14.851940830 6.345875376 -15.279512012 0.768669888 0.338427283 0.345850013 -0.418331621 2.121363857 1.181255878 4.114993191 5.634228634 5.859417077 -1.813666763 5.005284485 2.393686250 8.266448136 -2.720699675 2.711719757 1.969307911 10.179253307 0.101833854 1.827781181 7.616138793 6.202877961 5.208237845 2.320991632 4.517756128
-19.897161393 10.201410167 -24.563363421 0.858147141 0.339656432 0.373876045 0.091835154 3.285911990 1.718563595 1.300156490 5.323310310 7.182286713 -1.069680635 1.105000823 3.414962339 5.277275698 4.593903402 3.079767023 6.809458199 4.102268181 4.796503628 9.278585048 4.454244253 6.375605949 0.959321882 6.684349300 3.118419991
-17.963575284 3.002194894 -21.914857140 0.773887684 0.383167608 0.359755351 -0.353350427 7.841176679 4.196366426 2.389398257 3.633665698 6.216206309 11.107485803 1.433678572 7.449563554 5.139600071 6.867064212 6.381446762 1.646863668 5.673650943 7.004644901 2.835386209 2.047976101 9.942156854 0.016238144 6.943678283 3.946080401
-22.981848451 9.836194149 -20.740348800 0.821227925 0.303637755 0.343849731 -0.339346683 4.349731354 0.937485744 8.060966082 2.723196499 0.233533971 5.727056432 3.826643165 3.163710730 3.872716781 1.588147827 0.499084068 11.701877728 0.650772857 4.882544375 4.287795155 4.027333977 1.690668425 7.224007391 4.620503075 4.143658887
-8.282011388 5.175185797 -26.965603291 0.784734873 0.294120241 0.446827364 0.313097063 0.573126520 8.096542542 6.848611297 3.789542713 0.033144685 -0.879939779 1.142001043 3.348366384 4.657153860 0.359071202 3.399825131 2.273326962 11.046431442 1.798001225 1.943876904 1.941956272 1.656445026 0.143920841 1.968056333 8.391761807
-17.078500151 5.860016677 -15.887528997 0.773544701 0.232366859 0.359111680 0.467624892 1.480678584 6.675376515 -0.546079981 2.283999923 11.635451683 3.261704352 7.530245187 4.046180577 2.339947909 1.333592566 8.846509693 7.284286876 10.058608319 4.467659572 3.188903712 1.991628742 1.891901643 7.678138174 3.223218905 6.914764079
-12.645809875 5.739963781 -27.537050350 0.840224784 0.415004356 0.172566336 -0.303339014 6.028946612 3.271912621 3.569278594 4.138766454 0.452920836 6.140012661 -0.600011448 1.358821637 7.732833738 2.802457908 2.674652494 4.301566913 2.812094699 3.741473108 7.725133847 2.700816204 2.987047339 10.690900785 6.212399154 2.074825881
-13.770413493 5.132611621 -25.941654745 0.777535210 0.428152861 0.459717391 0.028000807 11.391446222 4.867987951 9.865548845 3.965136847 4.859313518 -0.889461080 0.624556601 -1.675363857 6.674323562 6.789031444 8.218665426 1.992270988 6.910554786 6.395645420 5.369410853 4.517615042 3.722120001 3.886068161 5.222119570 2.151709417
-7.804507040 12.513348309 -28.541853429 0.874500877 0.248023748 0.376617892 0.178581636 4.894904049 -2.195905642 0.645282396 0.986570836 2.431613733 3.970223248 6.012763710 1.895974289 4.211506864 6.449426482 2.775109787 3.050749858 3.753196765 -1.094609746 5.130163966 6.432156028 0.061968924 3.109514002 0.100079929 2.837576206
-10.856637592 7.704140786 -28.518639411 0.929380707 -0.284530064 0.218781227 0.086191175 4.914662822 6.382293850 4.880966281 13.489217491 5.468277730 6.212069333 -0.192577246 0.631549991 1.451855351 8.292156729 5.327473791 0.765516756 4.952389949 6.408613009 7.768705336 1.671190334 5.069858986 1.296785954 -0.013656245 8.400590935
-17.086203948 7.315277092 -26.034463008 0.771745494 0.484191933 0.296297456 -0.286661615 6.262966445 -0.502622045 6.279453548 3.858197148 3.351962300 -1.345104529 3.973722063 6.713638558 -0.114611187 4.100119468 -2.059986370 8.897871323 6.245979835 -2.612875434 7.197420454 4.556163819 4.031266765 1.399487527 3.776531899 3.063251987
-19.945822861 10.499084374 -27.180088322 0.746059996 0.460636064 0.344259306 -0.335699909 2.705481715 1.911521400 0.374618808 0.851493092 7.120570782 4.327830646 3.460509105 -2.445985053 5.990003835 1.957985685 11.754697006 2.095422832 2.078364988 7.251991478 3.511238595 6.704373488 1.920926673 7.920507568 3.150179819 3.985151507
-10.570676175 9.695840353 -16.988091342 0.819583765 0.307238164 0.262677418 0.406063710 5.322391306 -1.020291372 0.110462772 4.160141270 0.326529594 1.680593985 2.297190201 1.205331553 6.435084966 6.265457543 2.140788510 4.676917392 5.412917709 4.033936771 4.338383515 3.754194903 2.554558192 3.598245443 4.927179923 4.614831899
-15.066607578 7.885604095 -22.723088531 0.900217888 0.330249567 0.283013130 0.021131623 5.322096366 6.372932262 2.944142250 0.964858057 10.132380061 0.780799926 4.312238648 3.721228650 1.091896971 4.174457528 -1.033157707 5.955337293 6.355575546 -0.140664247 7.336292894 2.216430900 3.235530363 6.834834394 2.736505023 7.007408268
-11.307606808 13.267406537 -22.980885719 0.740992287 0.488560214 0.139799751 -0.438970817 5.715062957 2.224224268 8.026108065 0.146637899 7.726334147 6.349064939 5.083884937 7.009479885 3.723749659 0.453624961 5.121527078 8.583450081 -1.262245681 1.471826210 4.436499034 3.921362640 -0.406704123 5.742070558 1.613382921 1.811786817
-9.181389311 4.820887269 -22.479816212 0.988259817 -0.022543841 0.150376800 0.014870365 -1.595631158 4.620858220 4.754219158 0.756652466 3.925003108 -0.153919625 -0.218262969 5.040107601 8.871076009 4.563714307 9.497913477 5.921175563 6.323178756 4.639772490 2.365493597 -0.843629763 3.614374512 7.409597501 5.305020127 3.760873271
-19.667461200 8.182602338 -19.207206404 0.849070617 0.460377468 0.082415156 -0.245640829 -1.115039218 5.841277821 -0.592465101 4.761554528 3.021503461 -2.444192232 5.657254388 7.317014964 1.760209762 5.520724694 6.196667022 7.200796653 4.618612158 5.583587237 7.135606368 3.764132527 0.675225970 4.864647603 2.413031039 5.782664634
-8.167172198 4.087725408 -22.023054800 0.780699921 0.377964240 0.193979319 -0.458282325 -4.526196352 7.454388346 3.185469610 5.168640848 6.528540692 3.289970935 8.621933979 2.736835449 3.167796321 1.755534671 6.399001091 7.139827049 4.674533126 8.041790270 2.571104658 -3.092702858 8.484843196 6.630327630 4.481815611 -1.008694675
-19.591324940 12.855091260 -31.053307958 0.902864177 -0.173805629 0.315552134 0.234637446 2.728540302 12.552626483 2.986760535 2.891371226 0.935856609 -3.461580491 8.857790652 3.210291663 6.848301519 3.997476526 2.908842307 -3.016171253 7.162567044 2.033953813 -1.534991320 4.171975276 2.858445454 -0.512179544 9.824668017 6.021093494
-8.049485401 15.014091474 -17.480036854 0.709322347 0.553137972 0.218399297 0.378420320 3.531197201 9.734927544 6.403619885 5.619190030 -0.331127285 9.576838592 4.969165886 5.216716356 2.197297272 3.329643774 4.194152546 2.367062015 8.082805587 2.957389915 4.988527857 6.457913124 3.143227657 2.954756794 1.268638144 3.222658509
-20.093883112 4.928984381 -18.684276710 0.912642390 0.197350813 0.235783417 -0.269337529 0.306033596 2.060843023 2.371910616 3.202163627 2.916129060 -1.431231048 4.398871217 5.444888588 3.199466709 1.541393011 2.558952837 6.141807196 1.014828637 3.934203472 2.809067420 -0.577027098 5.974817306 3.466625745 5.546098088 6.507169722
-18.243764678 8.583176524 -25.470958584 0.973938353 0.155316752 -0.092151282 -0.137218556 8.175285644 6.837426546 1.301963069 2.797466720 6.949444470 5.078536299 3.065478950 4.781160807 3.756280368 2.384230827 4.834388279 7.379229614 3.049225227 6.930842230 5.859197953 4.480592963 3.297798984 5.354667894 -0.164771690 4.653303056
-19.608666138 15.545388723 -19.441472438 0.910306684 0.135994461 0.313115605 0.234106524 8.020041478 0.284447529 4.825062155 3.207668253 5.477168390 -0.070069624 7.848254305 1.787247497 5.468521972 6.437338625 3.683671647 2.924264619 -0.303324244 5.285147145 3.931378076 4.682510703 2.545871270 1.647986018 3.204802975 -2.474276500
-11.241470430 5.450268448 -21.718186259 0.773563560 0.216961311 0.541123557 0.248420016 3.409184890 3.368105853 2.638392781 3.870447016 6.397400431 0.461687264 5.820266613 1.764177233 6.130606169 7.470774977 5.314956924 2.388691136 2.692232242 8.478304519 3.137759414 4.653973641 5.111412404 4.154391122 3.689949675 3.799755714
-12.896786618 9.531624060 -24.192613414 0.913802513 0.044417846 0.202497518 0.349266054 2.376154174 2.662637116 4.788069933 1.198724068 0.284421254 0.579707197 4.817551466 1.606107677 3.104637533 2.034060380 0.289735993 5.819402787 -0.880623821 4.274388725 2.850001866 1.077771248 1.645051425 2.019552277 8.313127013 0.226530576
-11.714518154 13.033561116 -25.184097812 0.876671488 0.373440266 0.067804815 -0.295621341 -0.473386816 0.489934990 0.817894950 3.757634587 6.413582458 2.302525788 8.784279474 2.647730823 6.093410867 4.392284341 4.494378226 4.525633429 8.137453702 4.543964920 4.595773287 4.971159644 8.863679486 0.035604632 5.403299086 -0.335100558
-10.307507644 16.258884162 -15.630607128 0.835577355 0.349045321 0.207289081 0.370147383 1.984445319 8.147965138 4.271375875 4.897694421 4.439703402 4.601559041 6.981055316 6.581304916 3.284846539 4.031690123 -1.413213950 4.276295436 8.449200018 2.579929948 1.046005540 3.215008101 0.811852256 0.857420067 8.714850785 7.097950617
-21.653918572 9.081564903 -16.312033222 0.857724736 0.257009939 0.345639168 0.280691529 5.911026004 1.342863946 3.511614980 3.152447653 -2.623473441 5.158649831 3.952408956 3.613395438 -1.547125436 0.907002066 -5.536583352 7.577378422 6.977744016 -2.806508370 7.692543006 1.575453032 4.886974356 2.688532991 6.788924770 1.234016042
-21.337135333 11.007862969 -23.180405058 0.857795142 0.020552751 0.264317689 0.440342182 1.249736798 9.680918341 2.885873227 4.505534261 1.444523238 4.875473536 6.011544724 8.517596615 6.860520534 2.881733253 4.868704621 2.622244175 7.211168183 5.722300774 5.285332697 1.089306179 8.108940250 9.224350957 4.991087796 5.932713227
-15.672222112 10.807329594 -14.230565699 0.730225701 0.352130416 0.294729797 -0.505874433 1.885594003 4.685758600 -1.583145130 3.547877825 4.328655372 5.780881488 8.081518737 3.654682526 -1.606979038 1.912434436 2.110860963 4.864605307 4.598137525 9.390906606 -0.986170769 4.407391954 2.444482773 6.352090866 1.822896405 8.416475755
-19.809327398 8.678096272 -24.167452246 0.787038143 0.420849134 0.322795310 -0.315055797 2.015861851 1.290382054 3.208085410 6.269400974 6.577373489 5.507092893 8.527960121 -1.655706872 4.136489538 3.778033442 4.254199879 3.012163485 6.458488398 2.786272987 1.648323086 4.451341848 7.753175264 10.289881902 5.843210819 1.616187452
-23.047065617 8.769432188 -25.597305717 0.857908568 0.304566987 0.412117700 0.037293983 -0.155305893 6.337871830 2.345067317 5.811677081 4.095650542 4.178800701 4.333614381 1.253750527 4.312202671 5.603625073 0.971857009 2.171008016 1.383643636 2.497706927 5.539556788 6.135592832 4.147563439 4.459834208 1.701376079 8.739296456
-23.644367028 9.455950285 -23.042004723 0.917040886 0.129254733 0.275238095 0.258017866 6.170502287 0.025720267 4.466108746 4.640169610 6.966875868 1.168380201 3.050699923 5.235790929 7.268097416 3.333278219 3.259779744 6.912219214 6.506142428 8.532245127 1.198598324 4.024307371 2.403964218 2.788250493 8.663813066 5.795950627
-16.661705576 10.417915844 -13.413498111 0.799247636 0.468927014 0.375299847 0.021463822 3.274886520 2.647159317 3.552500591 -1.464857247 -0.776336581 4.240143024 2.095046445 5.831397976 6.690401263 1.227707534 2.507619458 -1.588140465 8.637938894 4.949695834 3.872748912 5.315530309 8.232221050 4.208453454 1.709189019 3.656139866
-6.027491045 15.217559976 -23.012938582 0.739241190 0.467466387 -0.011197331 -0.484636214 -2.163524214 2.565787945 -0.309859663 4.029158778 1.501161797 5.715689497 6.790164400 3.656923075 -3.366214536 0.677189669 7.556180334 6.146305029 -0.457361689 0.394957906 10.073931527 5.418630968 -2.378035834 5.057330325 10.653656683 6.968364317
-16.012675441 8.881892741 -13.955011602 0.786254539 0.433430506 0.427770129 -0.104663811 1.582568329 7.248442323 -0.106751149 7.356310188 3.798873336 7.416548647 4.210969518 9.534182563 -0.948339765 4.199462280 7.644180012 5.200806192 2.614596057 3.221982560 7.000301173 4.549981198 -3.719832223 6.720392421 -0.276463168 1.314854550
-15.061560129 1.529918592 -23.166218138 0.934802258 -0.047895450 0.347301721 -0.056853133 3.280516221 4.929876466 5.378584364 3.270441003 1.454786622 2.284671391 7.180705630 3.789965752 8.367066109 9.332996788 0.392374605 4.793583928 5.003821202 3.418370184 2.686612050 7.823375925 8.301981827 4.030137727 4.765544285 3.779813988
-16.490043415 5.089674376 -25.042592819 0.945942893 0.147655586 0.214190347 0.193681092 5.564104470 1.829966880 4.073836150 1.387721238 7.951351751 6.108266839 -1.239673026 6.839737167 6.250994409 0.480296530 3.412284542 9.920458673 1.122245790 11.326702696 7.648947418 3.420080857 5.998359965 0.556976849 2.281493448 5.533295234
-9.658458605 12.610292637 -19.785874824 0.748283510 0.463067376 0.173508185 -0.442193739 2.758303261 2.642022868 2.838618019 0.848591737 -2.057273640 2.738579485 4.963907516 3.817934658 -2.850769768 0.956716328 1.383539068 0.223903098 1.884517327 7.843830677 3.562372663 9.183578764 1.888290778 5.470851501 8.161215386 6.379965622
-9.217915844 15.597041685 -21.267948395 0.743762124 0.321479630 0.360821088 0.461819113 3.630320488 6.279708052 -0.572262304 8.979458009 5.275899224 2.780642761 5.373098553 1.656433376 -1.440060028 5.286119365 11.832551953 7.163024979 -2.748127048 6.939130232 10.657788269 5.971440983 0.486750760 10.076292568 4.114714714 -4.284532367
-21.479531821 11.765066911 -19.772196671 0.930897327 0.131773876 0.331464174 0.078723020 6.291880125 1.878981605 3.106934028 1.377691069 1.508686371 4.763806978 5.706983417 4.731690291 5.874309860 5.321139823 5.244040886 -3.610078758 5.402881190 4.891668744 3.421306958 1.388848787 -2.086449767 9.403673667 8.980306499 4.846715223
-22.039428018 8.886731633 -16.593385330 0.949241896 -0.030696511 0.218103964 0.224562256 5.960526005 1.433429372 0.452861973 4.816052709 8.320986052 1.183597980 4.981622641 2.402192182 2.188725010 3.523870089 3.427108674 2.558414203 4.323876008 -3.525874221 8.427499701 1.931094165 7.359402469 3.569005734 5.020168368 3.024937372
-14.000799299 7.438956365 -24.272871350 0.864575258 0.373259738 0.329519535 0.067850335 2.066252450 4.552955268 3.482947677 4.573745709 5.432605419 4.043410425 3.536609051 1.853134668 4.477555088 10.203331782 3.647397472 5.107483874 0.667364991 2.631237104 2.070467487 4.820224238 4.286491614 4.105955804 3.144912447 4.509136841
-14.176548340 7.527255536 -19.184111241 0.720650313 0.348343762 0.598582446 -0.031918737 6.642787133 4.281944811 6.771394719 7.298881115 1.880161017 5.935510885 4.907571768 -0.988644161 -0.621009773 7.360600285 2.695128588 3.759305292 4.719027366 1.164953535 2.417141189 4.789145339 7.566755760 8.666321437 10.223716279 2.249158522
-14.511646362 14.181634031 -25.949312836 0.893603024 0.342979569 0.288835852 0.020310148 3.175939444 8.162736259 5.579161680 5.541928326 8.016760404 -2.602322561 4.330473832 3.310217654 7.086047401 4.957637605 8.951415094 1.151516592 1.735633377 1.045875820 0.867526279 3.764520344 0.101870546 5.734995691 3.664555179 5.445100163
-20.958435156 12.805114469 -17.060765754 0.847956570 0.292798981 0.241039871 -0.370321742 4.572290274 1.035486025 4.416411383 2.847653257 4.448548180 5.634186036 6.342160974 3.498951473 6.012668879 0.024061650 4.913701410 5.513832749 3.608119551 6.710988998 3.328331236 1.826556138 4.642402836 6.894935180 5.039638711 5.106775658
-24.045316763 13.759263540 -20.946537306 0.746856602 0.333597431 0.521918317 0.241907504 -0.043505936 2.043392377 1.979563213 7.749287688 3.939070131 3.517742146 5.410244393 6.729287773 0.378984020 3.376205820 -1.980193880 1.581827843 4.118468883 2.296627256 5.641583422 6.164901144 -1.665504334 2.477315741 -0.162360840 8.050408184
-10.784880906 17.073119537 -18.700478275 0.760121618 0.507794881 0.193356868 -0.356332159 9.623785409 3.141945929 3.845437558 3.020965140 8.454666292 -0.773132539 0.053204785 2.165851192 3.796909818 4.845228532 4.840469800 4.487446216 5.325109635 2.780881290 8.043568377 3.293874641 -4.197682616 0.967863906 1.000187039 7.791381483
-13.917904702 2.875286998 -26.856889957 0.920166022 0.099255138 -0.378735211 -0.001596725 7.363353532 5.104590457 -1.418142088 4.918050253 3.829433012 -0.688643157 9.570733530 8.987418806 4.571267745 2.375912220 4.485406649 4.027250518 2.963084022 2.614721668 12.148787641 5.206345248 6.592493141 9.966665894 4.836677595 7.594099264
-15.796272163 1.948256814 -22.383827422 0.982009243 0.029769673 0.185527156 -0.018742671 0.941115588 7.231993062 4.247752863 5.368521308 7.671724740 0.009421088 1.697062950 1.805552611 -1.778956541 3.950124496 5.273344662 4.933364989 3.106797014 4.384855134 3.346391016 12.262064945 5.381113782 0.696037176 3.449879086 5.670087037
-20.158882527 2.710169298 -24.048594535 0.943990121 -0.163686146 0.260839830 0.118541471 6.596791120 6.035223351 8.310418372 4.912720002 11.438263190 5.480719001 3.536029715 -0.105157428 2.891553657 2.016122312 5.313173597 3.542295734 5.407337106 1.048533730 1.962782244 0.491819954 7.663420517 4.684091822 7.053155044 7.969782441
-16.865889873 13.408759053 -26.809143976 0.928362180 0.089410707 0.171531707 0.317374009 1.509726686 4.657856631 9.091081753 4.803580408 7.560766548 2.410728719 4.922098722 3.101330645 2.609506976 7.931216236 0.880401765 8.469930232 4.416661161 8.333392054 6.156297822 2.477674532 -1.634487659 3.556328646 3.561402263 6.650481598
-8.759463091 12.068453968 -25.006870860 0.822205665 0.483870409 0.277391647 -0.113583210 3.555185871 -0.221872361 3.274055321 3.321357651 -0.283871716 7.134065200 1.898398574 -0.287074213 -0.398553125 5.391864288 2.199621299 -4.864396103 7.523870472 2.491526132 4.293731092 1.871427840 5.047186569 11.433768944 3.444453565 -2.290684044
-20.265959321 12.540844115 -24.413865654 0.806485142 0.188660050 0.463359735 0.315098171 6.969798765 7.755193249 5.356312590 2.793456833 2.332932961 7.523260228 2.313792427 2.719207790 2.971529791 2.749259600 1.973115964 6.636805360 7.583842105 5.984119074 -2.023866825 4.223805318 1.728349265 2.565591063 5.134882509 3.537493868
-22.338897536 13.042277522 -28.164498034 0.835819593 0.365692644 0.114905323 -0.393028327 4.884386516 6.233917665 1.075647001 1.076411291 6.105695875 4.072958953 4.023251518 -0.751297040 -0.870720487 2.333982891 4.834726933 8.935475190 4.875846420 0.397646614 10.423384842 3.206557631 -1.162569489 5.876921131 -0.368322005 -1.208186538
-14.089435719 12.457684233 -22.355316126 0.836493630 0.380372256 0.146963686 -0.366056045 2.054613094 7.082881934 -2.441916714 8.807051076 1.411862524 1.326328784 3.563247802 2.688493617 3.225598144 4.266175706 1.121185592 -0.160410075 3.824820777 3.502622611 1.681488137 4.724293550 4.432090825 7.410864803 3.976433150 6.683733026
-20.811037258 17.231388051 -22.503310843 0.728154996 0.288261900 0.529465126 0.326131965 5.102118099 2.488659783 2.478645239 4.559619882 1.094185968 2.013369138 4.513996576 9.286068380 2.583265365 2.587421110 5.484523129 2.342679535 1.861586850 1.450651862 0.252846796 4.207570123 10.373977275 5.797903716 3.268803163 5.861967545
-20.248438405 4.866567120 -19.320589737 0.826010558 0.061236549 0.556859475 -0.062162433 3.221972950 5.580414270 6.942591210 3.106851682 5.061711889 4.411524205 8.967699376 2.746021263 4.074663348 7.271853339 0.466453026 6.462127591 4.453812889 10.016144484 2.000132993 8.870104740 6.352365234 5.619466213 2.479984668 8.046153123
-12.276392796 10.906392228 -29.893603405 0.907200535 0.282150541 0.305807108 0.062131105 0.645800075 6.102869565 6.405594972 8.234120475 3.246543973 2.574828592 1.108609085 4.755947944 0.640939170 7.349110236 0.536704388 4.782567088 1.525838904 0.534116804 4.445359472 4.834008823 5.036641829 1.666099923 1.629234147 3.962089676
-16.237022952 15.949789898 -14.549144943 0.829031489 0.338704485 0.260218889 0.360932393 8.522891530 7.887264532 9.543227327 6.202336871 0.395116198 -3.570177864 10.000519719 4.703606267 4.555351927 1.701680066 3.692809593 2.354630260 2.761207419 5.453317626 -0.706163973 0.647211754 9.020712978 6.126047545 6.590395431 1.084880438
-14.088709853 10.101905608 -17.864334479 0.798130399 0.415189552 0.243394250 -0.362442742 0.102349698 0.377537969 2.850187531 3.205162175 3.852919560 7.266131150 9.141136780 4.318561984 0.758904473 8.095215132 0.860468701 7.014452492 0.894302533 6.539831386 4.856091565 -1.456917467 0.420302540 9.088780045 2.726166085 2.166493486
-8.130220783 9.255116400 -26.195371785 0.739285859 0.499943728 0.387854289 0.230394745 -1.207727438 6.868499664 3.443970114 4.646056459 -0.066531964 3.585726040 1.682464834 4.707117543 7.117859577 3.693831450 7.440769944 2.589652884 4.218526932 0.204805366 4.988115543 9.486328977 0.423803147 10.236105078 10.337564209 2.078100305
-8.479197144 7.694450962 -29.364344946 0.933727264 0.276706870 0.226673750 0.014342811 7.817144039 4.950211432 -3.138012990 2.456090075 6.312486038 8.996676948 3.230904718 3.747759487 6.348083395 6.358338963 9.212403238 5.032784145 3.924878517 -2.891301473 5.787379369 1.094683907 3.607430821 2.925967754 1.899311280 -1.446287396
