-4.480956899 1.113181777 -20.975957839 0.872819483 0.130713962 0.446994406 0.145931528 4.326680173 3.233529511 0.118958225 2.522792503 5.354808534 4.114435889 5.760889922 8.988634606 -1.327134416 8.258611490 3.634793154 1.788691586 3.520663171 7.818259364 6.842446339 6.637809474 7.609109454 2.918568951 0.675802386 3.721385428
-5.857487302 6.413370198 -31.716367979 0.838630903 0.381063786 -0.161934234 -0.353929234 3.907653679 5.467118158 6.335365053 8.051160764 2.915389936 4.347260079 -3.757706241 3.962967878 5.010746176 6.154046307 4.738226935 6.404388392 8.892822980 2.459151891 5.609473674 5.590321134 1.715013404 4.999455769 5.200107131 5.878128046
2.419760688 9.485167445 -20.819449147 0.943346147 0.316129825 0.059472609 0.081381748 2.970181311 6.896108565 2.123049514 7.974024602 0.673005694 3.833106403 1.568203581 7.309683405 2.993097266 5.573674705 5.823433905 2.276817866 1.642004388 4.121650315 6.275933887 6.600664213 3.232257374 5.728871840 0.417543265 6.400282758
-10.559228052 9.528117787 -28.932567370 0.933688695 0.295811239 0.185140794 -0.080274643 6.283211230 7.601778476 1.953001995 -2.399320532 8.129570364 3.845644101 6.973549529 6.480087739 1.454119884 3.426528872 6.965519545 -0.060329119 4.332434124 1.347955275 7.138660128 1.594144794 4.779730330 3.326330232 5.753581385 3.322530419
-1.425163143 4.354894379 -29.168385350 0.910197545 0.305088123 0.204991995 0.190892504 2.438164903 1.731658982 1.499402857 3.405232584 0.654922587 3.501851157 2.346582697 2.974976592 4.084500483 -0.775573423 1.861255073 3.866251229 3.485214374 0.142397809 8.359087171 5.537869623 8.160642369 9.019328255 0.206035112 5.419447431
-7.529181273 1.493401487 -29.390995193 0.813841337 0.386600873 0.433220819 0.022842200 6.041241018 2.890206715 2.981826670 5.134682007 1.392017218 3.133659280 2.579305286 3.234300536 -1.402952098 2.125882827 4.485091762 5.588985281 1.793716793 3.466294381 7.078971306 2.705030856 1.474021426 8.031229068 3.100785465 3.576750137
-6.480086617 12.180464208 -34.132164340 0.899980410 0.309834945 0.243353420 0.186592288 0.689448723 5.854990096 4.990550147 6.277652980 -1.155758898 7.335769825 -0.463924635 1.777913669 -0.973606055 2.995657936 5.369619730 3.792014807 -0.269176936 0.390126102 3.038566412 1.098409917 -0.928567589 7.034248946 2.874065518 0.573549214
-10.713046640 0.872361092 -25.949559034 0.812736335 -0.191304975 0.321893390 0.446370589 4.966029202 16.176866327 3.189940548 -3.586895419 3.123529671 13.723913167 1.781745667 -0.297531148 4.606066357 0.570635041 5.363321997 7.037818276 4.599665791 4.741219192 2.780807027 5.482760543 1.095843603 4.553595849 7.737843543 4.281999711
-9.686670447 6.400755606 -22.383086387 0.816302986 0.404294745 0.149208993 -0.384619123 -0.515460746 6.338342670 4.148657289 7.741043569 3.486212462 11.219496537 0.165140260 8.726733972 6.753524069 0.312135121 6.805963791 2.061327822 5.175833731 6.126712583 2.187449499 12.629744250 2.866940514 6.776412791 1.594728426 4.586281405
0.037973762 11.299680043 -20.876947045 0.786142552 0.603619996 -0.025636935 0.130251815 3.361005862 2.188300816 9.780123450 3.047652854 5.290980782 8.817239189 2.425651747 1.313991208 4.074641518 2.773722166 1.215022412 5.464892906 -0.613438013 8.071031759 7.365135048 4.062348120 -1.506274144 0.849342138 3.920985978 2.807624912
-4.779117253 3.994161330 -18.676122541 0.864368515 0.322539447 0.378846309 -0.072875580 0.492736390 7.699981950 3.097523004 5.405799934 4.980074642 7.307543242 -0.615920847 3.609307602 3.426463487 0.366674008 -0.913801962 1.149204107 1.969135932 1.631687109 4.504139303 1.687575220 4.256915838 6.903096701 5.913671828 4.015521430
-10.066295929 12.470486004 -23.586167947 0.839879887 0.433071225 0.235764770 -0.226861329 -0.554063899 -1.227332799 2.117091071 5.281693418 8.461270308 11.344738200 -2.541859502 6.373405108 8.487851639 1.239424782 3.988751809 0.387308355 0.561695261 1.779085851 4.239993560 0.389834086 4.810467761 0.240256083 7.711212336 4.910751726
-7.765318371 12.991851616 -21.774771272 0.896809897 0.085871303 0.210487465 0.379543351 2.757559499 1.325911062 1.056045079 1.770915379 -1.735885549 8.341988611 2.544975318 11.148139136 3.571794911 2.939723658 3.506699182 6.597492491 5.961768013 4.074313959 7.369375254 3.059869757 -0.761931537 1.499505127 10.841990547 9.372218361
-1.367596025 14.412448904 -27.861738794 0.906666487 0.400708068 0.037607210 -0.126390759 2.885392303 7.219328521 0.585433597 7.073841679 5.163561902 1.495412264 5.036575787 9.114047920 8.328539773 5.450916318 6.133905808 6.369387689 6.795295462 11.618180034 0.291980427 5.307838627 3.128288584 7.203289526 5.182971791 7.249838149
1.447871981 3.539803431 -24.384168416 0.808918431 0.227526289 0.410538509 0.354035158 5.830750053 4.192916132 12.606647365 2.782068928 2.581535525 5.553358094 3.837531720 6.324338660 4.665747180 0.362486263 -3.579116306 2.314428336 3.523053112 2.944704914 5.428498900 0.635136967 5.146705530 3.277079276 6.197763679 1.094391163
1.142441044 0.729326143 -30.962718266 0.979854138 0.171523169 0.090367098 -0.047952664 6.660894788 4.672203396 3.859731288 3.363293304 6.516502042 5.093116875 2.467026926 8.921746913 -2.038960768 -4.784042943 5.987493953 4.248902560 5.772718465 1.540075482 2.291493875 8.016060064 -2.073233865 3.733561410 0.095615469 5.322285973
-4.993947173 9.037480987 -34.511457228 0.976805848 0.200920382 -0.030502536 -0.067460584 6.506541410 2.398812880 5.253398928 3.306196546 5.736185317 9.402714129 5.814027479 -4.071718251 4.723674056 0.864256888 10.483073896 2.309587817 8.016046435 5.820226071 5.906708877 6.882351874 2.235960474 -2.496012435 -3.044265134 2.115800620
-0.083794739 12.380023519 -33.313030323 0.862738640 0.345912842 -0.202706921 -0.308117264 3.604433494 3.605418760 10.728528920 5.886068988 2.560933071 10.318396536 8.614425284 4.459703961 1.673839923 4.069116066 2.784074528 6.363193041 3.915104966 7.433578690 8.081593226 0.378335127 8.422419264 2.844754137 5.342640883 -1.559173092
-2.122045165 1.522788163 -29.014164287 0.711940347 0.671211352 -0.082476640 -0.189245518 1.119806680 1.338437308 5.051235781 6.419315588 7.415152887 12.489754722 -0.429110848 4.007564018 4.942988665 3.539482350 -0.859749622 3.527399732 5.184994205 1.597185491 -1.565510978 4.643589362 2.319787996 1.758848513 3.474175291 5.696849606
-6.421883133 5.216222133 -20.056433514 0.890701139 -0.075878960 0.334063887 0.298822999 2.517641807 7.095592783 1.527025378 1.894037470 5.877281910 6.854176100 1.474157701 4.602327393 3.598524592 4.947245858 3.179546711 -1.039881728 5.388520151 1.840410731 5.678937754 7.301636040 2.083151684 1.765450874 -0.262561921 3.953700869
-0.560657921 13.679912118 -26.449539270 0.909664438 0.394362402 0.126980473 0.029408611 5.387197730 1.676583548 3.264920848 5.752882083 4.123002520 6.838938930 2.562911033 4.509802955 8.451436505 5.146342142 3.706871510 -0.070593126 0.096809542 3.564377315 0.763609461 0.716976838 4.835495559 6.305949946 10.654793598 0.929381473
-0.656128527 13.969258480 -25.476169072 0.843923112 0.372392956 -0.008988183 -0.386052431 10.942240745 1.680050798 3.410086436 3.116840286 3.781155863 4.232881384 2.434092000 3.189225960 2.352992402 6.594348053 10.152463135 5.636774894 5.463315726 1.068815808 1.105297258 5.600125594 3.369639198 0.122839207 3.120182891 5.635672434
4.952809524 8.777195659 -30.391979470 0.755978757 0.507348020 0.114244491 0.397545346 2.780527100 7.236681803 5.438696149 3.406130364 3.655819749 5.492208890 1.837336782 8.537424040 1.636884305 3.005508242 0.613938515 1.960614738 6.357892302 3.131946231 3.614245193 2.556800911 3.600580266 3.005708194 11.698674180 6.935360321
2.673762771 6.046296590 -27.524148013 0.851934212 0.433809589 0.288596387 0.052244278 1.486370679 0.943423057 9.917818503 6.897186380 1.229801175 5.571067286 3.217860013 8.273272260 3.852141942 8.477182116 0.908625908 -2.953971727 6.575473970 2.694884628 8.690809871 1.849113927 6.130358021 1.896042489 -2.329753624 5.964363818
-4.611776896 -2.194075589 -27.965390911 0.836668556 -0.147120903 0.405699378 0.337267226 6.939163213 2.916176948 4.498999441 7.173985095 2.913901534 4.849699749 5.809004852 -0.561011968 -0.281514440 -0.293725728 3.553712104 4.003532887 -0.606039904 3.848945413 5.371963477 5.469146541 5.277734394 4.353957711 2.592943733 -0.440044583
-7.047896269 7.133688336 -36.611498731 0.891864859 -0.130610417 0.335071536 0.274308326 1.382965120 0.794708183 1.393976189 5.136625234 3.708678548 0.760563541 3.508742727 4.728645578 2.781039713 5.948762708 3.383264931 3.470666420 8.167149099 6.850800932 0.846388769 5.215426022 3.951578547 0.588950131 7.639937017 7.075333190
-9.011591858 0.227591807 -30.110612152 0.790937074 0.366416839 0.420852486 -0.251078532 7.878082128 5.063494207 1.726117190 2.705439600 0.058594499 5.944672530 0.703238150 1.054795770 1.818522702 -0.261834498 7.648775773 7.303493859 1.432751321 3.812828561 9.508750371 6.494222350 2.788064470 5.932050381 5.144038810 0.649216601
-0.420205648 -1.758688756 -25.155835877 0.948796537 0.299083315 0.040313386 -0.093322730 6.002096978 2.405699764 0.661000463 -1.881746802 7.408180621 1.938363473 5.732301672 2.787006697 3.834992846 5.761292510 1.354879598 6.262808847 7.832107833 2.928608333 6.903293564 3.514896526 3.474581226 8.527294160 7.562451307 0.041204436
2.259066341 7.703717991 -28.943923686 0.724685284 0.537517559 -0.384859326 -0.194394991 4.855082495 5.066648450 3.083552796 -2.766561147 1.687047648 1.794924806 4.992000017 3.988631685 3.165547236 3.103630150 4.694221728 9.157036716 2.974573162 7.185348820 3.043593479 9.792771809 1.164242142 5.559914594 0.026684226 3.054810998
-4.999531143 8.736619884 -27.700018625 0.798179206 0.282425273 0.339578369 0.409673591 3.852634147 3.344952394 -0.866376244 2.807311573 0.568172431 -0.078313124 4.200433637 4.885774946 1.243055354 4.337453522 0.611466482 4.515789098 3.285133135 5.335498423 1.970683957 1.885137895 -3.800523028 6.167809944 3.361419955 10.083346606
3.197360601 9.391385426 -27.002112305 0.913086376 0.217001720 0.172181044 0.299227692 3.961457057 5.042458865 6.946235610 4.047628690 4.650373559 8.064331783 -0.470377199 8.107036496 8.900026135 1.278650667 5.623112151 4.385253386 6.117924560 -0.282740100 3.606792801 11.584298372 4.215377114 4.150040923 2.900436429 2.771907179
1.872039773 11.791928083 -21.584402278 0.981616279 0.179276421 -0.005657902 0.065249010 3.618297318 10.753983433 2.008939785 6.154191671 4.049497415 4.596641742 5.677635168 7.605043097 0.646988891 8.345950160 7.903050699 3.365136880 5.818381303 0.000018786 -0.600729401 5.971474072 3.590412329 6.250972489 -1.548124651 6.712989326
-4.935033625 11.284838269 -36.330958405 0.975589650 -0.061360579 0.162684245 0.134140042 1.388822372 7.146680294 5.321310124 7.437144237 -3.064195107 5.158704485 -1.805441344 4.481392258 10.119165320 1.617365343 5.223006963 5.193148534 1.602595974 6.777843956 3.251836107 2.111994997 7.039311433 3.403470269 0.145794512 2.598573967
-10.264029408 1.739629140 -27.512319634 0.762100368 0.359326973 0.538430832 0.013393855 8.025785942 3.536449490 4.588891570 5.071942207 9.382986512 4.759944722 7.209202852 7.061409249 6.602616412 7.906834045 2.452435004 5.307212840 2.955655666 1.417721935 2.636997726 3.195503322 9.379067725 2.725540676 7.216270281 0.567478774
0.474202083 -1.680106079 -26.405947482 0.997562266 -0.006340680 0.068682361 -0.010585541 4.146848708 2.214568542 1.237761255 3.116132203 4.087708985 -2.945732666 6.782341565 5.037933405 1.753316153 8.186715676 4.126186256 9.797252703 3.116705877 0.234919817 6.650530131 8.026582259 7.248523457 10.404612159 4.309841375 8.153407173
-9.847711167 6.899628199 -30.704200118 0.957912073 -0.023238299 0.153653880 0.241360576 7.437439127 3.355446741 3.423971464 3.248496446 1.246712982 1.866066842 5.025258698 6.183871980 5.838394091 5.302935038 9.848155463 -1.072345389 4.543206454 9.046235639 -3.098535087 2.310645843 1.712305161 0.992120346 6.507435012 8.952660825
-4.396676623 3.129040280 -25.307022242 0.758716886 0.602729518 0.017769332 -0.246475284 -0.390288146 7.984740000 2.798916319 2.174036691 4.209506259 1.103799317 9.163486625 8.084187974 4.674470149 3.593634878 4.370741957 2.839445713 3.025176385 -0.745907307 3.963504539 4.583044354 5.225806076 5.892391494 2.705784868 7.929011629
-9.205183624 7.576991469 -36.283905874 0.839341603 0.400613383 0.365784880 0.034871371 5.898181837 7.633297007 8.052437084 6.782939548 5.707519602 3.000550090 9.990061820 2.458248438 1.465034963 2.703422958 6.952859312 5.293243412 6.430150044 1.990643375 1.299722716 3.211854277 7.924156599 8.958994198 3.244112680 3.146155277
-7.304430197 9.127189661 -34.648173278 0.898480514 -0.036964389 0.317759301 0.300658323 1.799536796 3.668665265 4.026944744 2.352403255 3.042713272 3.252467768 5.098021139 3.698121086 2.058696859 4.252771490 8.815639466 8.048889447 8.294803907 6.408952161 5.402749088 6.184070672 4.657681577 6.352313414 4.877424876 2.500315980
-3.501327329 6.706247761 -24.698347784 0.733385992 0.187978772 0.562846068 0.331682486 3.035838121 2.220032336 -1.619187591 3.886843030 5.790618584 7.142645759 1.203325587 3.575452855 0.362485142 0.338754566 5.081926999 0.437760766 7.593681838 7.031831943 3.689624551 8.824142269 0.326700477 5.155804956 1.794343510 4.507334945
-11.384310862 1.601757137 -26.164300588 0.894894867 0.353515503 0.027891473 -0.270946549 2.472811311 1.760440654 3.198259763 5.775018275 2.394916173 4.348867435 3.823859042 4.530334306 1.020050826 6.612557390 8.257882222 5.157795056 5.146601462 -1.772792205 -0.587152340 4.911426237 6.374031059 7.881994925 -3.870758908 6.147598991
-9.372609902 2.085800169 -21.937461622 0.759325043 0.462334414 0.456512978 0.035612791 4.149471774 3.182905477 6.819494397 7.446653818 3.624996260 -0.910338370 2.436973921 1.910129538 2.060713897 3.036632467 4.857054921 6.088311280 1.577240777 5.125723498 2.143748174 -0.175948189 4.358805126 1.889592026 2.605273127 5.119809523
0.969936193 7.148281373 -33.560815469 0.708748234 0.699243305 0.074194115 -0.056832858 6.362390168 8.081420982 8.043400184 5.429045565 4.915078472 5.668401145 4.589378068 2.895250222 3.190700705 0.701508483 4.312576907 8.054508013 9.043594120 4.311584116 0.577082932 2.133622775 6.998444503 2.709058126 5.868439242 5.275241448
-7.597324962 9.047831468 -36.029641046 0.973226526 0.199330353 0.111902560 0.023986593 2.896036294 5.449054846 5.445635618 3.320741649 -2.893902287 5.983404684 4.179306162 5.399785460 2.583349539 2.936179372 3.200036655 -2.798879424 3.553593849 2.220400005 2.857572505 3.557577183 -0.718570769 5.821796104 3.073529575 4.994630620
-8.911884256 7.206225389 -33.622720431 0.966253784 -0.067315545 0.208342701 0.135703947 8.029166412 3.972978121 5.449301781 1.376073967 3.500630262 6.284935937 1.180752539 5.546989233 5.461436534 6.488954475 6.572143220 6.315075911 0.246328843 4.689371576 4.396216795 6.333999209 8.190404235 2.919461659 -1.323029108 2.877620444
-9.725455198 12.153276674 -29.469068716 0.779132261 0.248033690 0.429940878 0.382861658 3.886133464 1.470134414 2.886942995 6.321387921 1.342494338 4.260038453 2.854145129 4.865691508 1.400084420 1.006464760 4.381531735 7.947789179 3.986036580 9.718038028 4.215307634 6.477817075 4.046447717 6.652347895 2.918298208 4.959015829
-4.811392597 5.043769215 -36.090658268 0.968348491 0.077651370 -0.218837834 -0.091550354 3.775645908 5.084789369 0.781447799 5.431865908 0.103631054 1.976279094 9.012388961 8.393610857 0.623781747 1.954616133 3.629033481 6.104223391 9.155709192 5.504303056 3.845624183 3.922971014 1.457830149 1.237741134 4.920262704 4.580768262
-2.001138330 10.598704423 -35.247624443 0.818284783 0.291908456 0.379404992 0.318200123 2.499941820 8.433756650 6.208674626 5.116244861 5.621049446 7.750463738 0.902046755 10.775363913 0.720091969 4.565015854 8.874304835 7.117132356 7.026081162 -4.782257816 8.321143180 1.843734408 1.046735889 7.398348368 -0.492110025 5.805680860
1.790798464 5.685510906 -27.947501181 0.968793204 -0.010776984 0.177562259 0.172612944 2.889892552 0.978497463 3.607088751 5.947629764 3.452421926 4.926565657 1.072124283 5.598508658 7.140714269 -0.621379184 6.452869931 3.735017452 -1.058727281 -0.346260350 12.092382063 4.652899305 5.838332095 7.280347143 -0.694285158 1.584244854
-6.844613699 1.609929587 -35.804462961 0.972548671 0.211928549 0.073047771 -0.062445135 2.580192589 4.432230476 3.376793235 4.535761865 -0.123816317 3.690312367 1.782447272 5.274896471 0.638126227 4.161275524 3.002438280 11.340490756 11.051823375 1.243291661 1.761529301 3.183606254 7.089447613 4.513329876 2.914041562 4.697076126
2.573838492 4.932685916 -21.452368761 0.716261702 0.644444258 -0.266467706 -0.025607311 7.385208052 4.544512234 5.286732569 3.044807748 6.249704677 2.696675689 2.832439491 2.588822246 8.876412633 7.471943356 7.285714897 5.697432757 4.602103398 7.489713651 1.356488830 4.584720633 4.126096623 2.791579166 10.977206658 1.058712030
5.537482938 4.962555543 -28.712259506 0.829698574 0.290680116 -0.381093289 -0.286135024 8.709428697 11.997331087 5.881537566 2.010391902 3.704102707 4.796740564 8.291566694 0.540219824 5.824931926 3.155414457 -0.145210744 1.997016393 4.492997740 9.023962129 3.092467939 3.747652633 7.267186993 11.126725508 2.302010204 5.050209281
1.364346102 11.538569451 -24.383389079 0.823196371 0.371336499 -0.266199471 -0.337038249 5.670980793 3.699843908 6.291209914 4.017678779 5.141267284 4.226346272 4.711070105 0.226172455 6.528095693 5.848470781 2.995801364 2.249268735 5.037580592 6.354249436 7.785344325 -1.430197679 2.032441332 -0.138779834 8.783781555 0.675449385
-8.094826549 13.658837310 -31.860757032 0.789208453 0.498064777 0.157658838 -0.322839258 4.971774985 7.550458881 4.035750951 4.722819388 2.354728843 1.810456741 7.157018119 1.429728837 3.728128174 1.964758442 8.593111074 8.625736394 0.999609291 -0.796195979 0.970287163 7.225433764 6.776698069 2.855656687 -2.270702506 4.995701250
-5.558799583 1.245534797 -24.869254169 0.878898353 0.304421463 0.309840358 0.197140075 1.124440057 1.061276458 -1.282951323 0.879481583 2.485390367 3.531985908 2.770328860 6.006289098 5.883096692 6.990355866 3.151508987 8.551207845 5.292404094 -0.912232684 4.395561454 8.149801854 -1.775348953 2.402537670 0.632954942 4.818242362
-9.876920323 5.086305685 -33.885382151 0.819035853 0.213366049 0.466434177 0.257088233 1.207697907 -0.162270098 0.080915964 4.983425419 3.306057793 -0.573347146 4.017005761 5.838966000 1.529486468 -0.077356373 -0.018283152 6.011629631 1.209627865 4.699638435 8.429592315 9.270908131 -4.936558645 -0.006274607 2.153659334 2.223783457
1.404156484 7.184901194 -29.839902330 0.877279468 0.234575889 -0.346002623 -0.235875120 4.281658569 1.532679109 6.047698222 1.982436321 1.051437582 2.945197145 3.000703708 1.368646241 0.366692766 6.951423258 8.874429519 1.647716189 0.560213909 3.152438964 9.828289469 -0.598107541 5.486899808 4.504607227 -3.067803271 6.078809889
-3.564889588 6.302036686 -24.273008564 0.818617822 0.498758991 0.206744615 -0.195859628 2.164904300 3.078431702 5.378044849 0.543254927 5.823213004 4.334527649 6.246488387 2.076925966 0.866926403 3.088413368 -1.505129033 0.841108764 3.443865133 2.914712348 -0.438042154 -0.592354091 1.871351979 6.555271917 5.351458850 -1.434122409
-4.085325019 -2.107329232 -30.433268304 0.736991684 0.661797733 0.104839460 -0.088745173 5.536059926 4.307177032 7.957836938 3.365481701 1.051560066 4.310056164 7.047558277 0.291533673 2.120109114 2.367191553 2.512567622 5.954088517 7.049052896 -0.231423501 6.116025324 4.614386274 1.621553680 6.358387947 3.126218640 0.655087215
1.150169210 1.993444763 -24.098554155 0.990988571 0.072519290 -0.073638370 -0.085205604 5.376488852 2.257370980 4.522485755 4.196059769 7.416834735 6.071005882 1.386264055 3.975635739 3.953939478 0.162698463 0.792693087 4.473375791 2.879264707 0.815876896 5.772299999 5.894025416 5.506947534 5.119316605 7.770582833 7.600680519
-9.917490702 6.312924485 -21.852855604 0.912570764 0.173284266 0.361718288 0.079668341 3.404796908 0.070760664 2.804949074 3.396292997 2.745828933 0.722452570 3.277175085 8.446683371 5.035448784 3.533267222 0.243251635 0.660080496 -1.342144839 6.148627684 -0.198548708 3.403074060 1.096511676 3.585944887 -0.113082187 8.233395292
-1.107861876 -0.346290123 -25.739691210 0.711864242 0.573703536 -0.210251443 -0.346277179 1.403358559 4.504989524 5.986208248 10.901490123 3.007519697 6.486814633 0.531565476 4.521730091 -1.238408629 3.263258078 1.243984331 4.280368213 0.064589313 4.466148668 1.008644331 -1.901713977 7.729853330 2.250438950 3.488275521 6.612291225
2.258723444 13.040153679 -30.101493999 0.965859576 -0.045696325 0.141486857 0.212152292 10.643721248 5.099446450 3.861840868 5.263316650 2.320300878 2.634976072 5.553226207 1.118677175 0.751487138 5.560083784 8.731092285 3.486380846 1.324293535 7.611923610 6.189112722 9.304383048 0.493170684 4.071905564 3.954105986 5.295503771
-4.530929281 0.969050638 -28.184245900 0.930724447 -0.014803709 0.261765148 0.254974236 3.798148810 4.035286772 3.183912657 -1.020276200 -2.377529025 8.024867511 -1.172761687 9.439303381 5.326204862 6.393392624 5.034681598 1.873346809 4.362423789 6.133641163 6.134846906 8.246348449 1.362141335 6.688186904 -2.645705300 3.905171092
-10.599231499 8.088504106 -23.805340021 0.745568018 0.405756005 0.454056980 0.270781560 5.915101361 1.093035778 6.244386207 9.649179385 3.200188106 10.178414349 2.578205927 6.262677557 2.529935725 12.158874292 12.425089047 3.993572848 4.773347203 -2.701564841 -2.302840962 5.506543341 2.018067739 2.982862123 3.529134044 7.195393772
-5.721434449 1.233429924 -32.792947954 0.983175732 0.065551171 0.136156431 0.102615549 3.835452893 0.656006923 2.236623148 6.766473455 7.791211412 2.951775337 2.935196252 4.866271877 3.787618331 5.144196226 2.825214175 3.505475251 5.543600242 5.485986230 5.511204363 -0.543039589 9.853169740 2.636414306 3.160771616 4.852210626
-6.752218917 1.164604334 -32.349437346 0.917158223 -0.030028873 0.396428740 0.027628151 6.704494091 8.788430275 10.363536442 7.519048760 4.958001326 5.237950095 4.030686643 1.810542295 4.845454089 3.568765093 5.522622992 5.771326662 7.519980580 4.842679962 5.461006640 3.779232242 10.094139627 5.046270601 4.175554682 0.770554433
-2.157002742 9.492824689 -34.434507481 0.936002805 0.192951172 0.261405726 0.135409162 -3.206405551 4.013535339 2.781255532 -0.011788486 6.639559798 3.287293374 5.103784783 9.928235390 2.828715407 4.615127051 3.071482725 5.080033067 8.228090048 2.735113060 0.153989114 3.221878768 7.117751968 4.380801970 -0.661123304 0.926029361
-4.885008411 9.611099676 -23.057430542 0.962006623 0.171519087 0.163812073 0.135240768 3.912674605 3.947577930 3.307409874 7.137583605 6.312891968 0.434725161 0.907532677 10.185340394 -0.936695337 2.778171435 -0.291379632 -3.943240557 6.070243041 6.337078835 1.438522829 6.135369564 7.238701496 5.751354350 2.990527517 1.180553646
-6.069505645 7.217488580 -32.271812810 0.998133932 -0.000739758 0.042938784 0.043409301 4.214675081 3.393870236 0.093686498 4.103232919 1.572455542 4.639634302 2.889155457 3.600376993 5.307759144 1.419191080 3.478401425 5.587370896 6.716886536 3.975254054 1.357143749 7.177157311 3.037286709 2.715082534 -1.252319833 7.945804742
-8.725154861 12.663885408 -24.159857218 0.719893469 0.571797949 0.387543803 0.067899188 1.244124393 7.077429643 6.568186915 7.084475988 3.650541750 2.138111470 4.749895059 5.945186188 -0.593918849 4.107003187 4.803930943 4.878580283 5.464069630 4.196199604 10.070655888 1.114836394 -1.474791269 0.021055879 5.723503035 5.073266750
-2.317287592 4.730605325 -21.435695660 0.928269613 0.246621547 0.056718622 -0.272536852 5.477489187 -2.850307722 7.685424413 3.642921821 2.260459547 4.514443065 1.607111275 4.981996555 4.529804738 4.302556212 5.644468033 -1.193272383 1.043247575 5.429901250 9.518050990 3.729356525 4.052378425 8.347636600 3.436593320 6.612838231
-5.914286949 12.394156912 -29.190863955 0.747685577 0.553683832 0.336685929 -0.145062324 7.206786609 2.770240172 5.501531518 2.106333558 0.137698245 3.625917570 3.301730695 6.264658308 6.074330997 -0.289437660 1.626954050 1.416747034 6.499070538 4.412224813 4.531487204 3.521538718 3.018636704 5.444003443 5.998863604 -0.564022419
-6.168487848 1.648094026 -35.794314506 0.995285385 0.092773100 0.025934639 -0.011293784 2.662006640 4.379792376 1.956982240 -0.050651527 1.070844623 5.042519016 -4.902516345 6.947059803 4.873770606 2.519466135 6.504113055 0.001428933 4.154880119 3.120347142 1.315019496 6.136038706 2.169367745 3.959122528 1.078227757 6.906309887
-1.448508387 9.444505121 -36.912763791 0.875147587 0.391881609 -0.103638317 -0.264205611 7.666876755 1.499410112 2.787211897 0.626705209 7.881261225 7.428559646 6.953280805 6.494581939 1.267403358 0.608579223 4.764623960 -0.603430766 2.663318232 6.470719419 1.039784167 1.199940769 3.436387453 5.737870449 5.919452120 2.884882054
-5.375913634 10.789254059 -24.536545272 0.776025298 0.475268708 0.010201119 -0.414488032 7.458783979 7.174200921 7.290852605 3.245334206 5.338487703 2.050442626 5.748355541 4.144577186 12.341429441 5.848250795 4.949543851 0.771592781 6.424596520 4.981870434 3.483851876 3.464585218 7.288355787 5.665089196 3.190170300 6.196740503
-1.612486669 2.809915988 -36.208477331 0.943663744 -0.061994369 0.243793579 0.214988669 3.829896416 1.096458093 3.532948683 0.538499229 2.730584520 -1.421920222 -2.266055939 5.692796940 2.636806682 6.336755465 2.273052092 3.905087695 -0.845459022 7.074362527 -0.685511171 5.028706750 2.037387364 1.649857787 -1.023446068 5.847004580
-0.962754224 10.003822029 -32.196698668 0.750468666 0.514884618 0.274071749 0.310765647 5.055910153 5.538823150 0.728328198 -0.701658935 3.545439243 2.151892861 3.300198877 6.682749749 3.549570431 1.393610361 6.665604157 6.764597975 7.772311562 0.169016363 -2.231805260 5.380808788 1.695496898 1.348249966 7.863853324 1.716339415
-7.610645723 4.004705333 -34.248147621 0.845150585 0.049540527 0.526877877 0.075272356 5.532580960 6.715173151 2.980191668 8.635907937 1.808391428 2.689809816 5.466536742 -3.512978311 4.778627573 2.712214191 2.733934438 3.325174384 3.251979163 0.091266733 4.232716706 3.865779383 2.664853088 5.866117547 -0.777845514 6.288840189
-5.797075910 11.006228724 -24.900536782 0.779402063 0.471549613 0.011724281 -0.412354130 0.383333579 -0.208694883 0.875958755 1.436114905 4.543536273 6.721026620 0.238837942 11.236080864 1.333456216 2.245246189 10.012241155 5.835202325 1.883478624 2.518760587 1.936225793 4.923205349 7.278238910 9.350673733 7.632304620 8.693000590
-7.520522592 0.254688652 -27.373884172 0.869981800 0.034802392 0.486352744 0.073358498 4.781162364 10.079866170 9.466807628 6.076366882 2.468846637 4.760031001 1.667730856 8.042806229 2.216889622 -0.582674931 8.078468638 0.465940172 -1.472205162 1.392824024 7.836885240 0.552248460 -0.191636430 1.968602064 1.747189620 0.927074019
-1.412086661 6.048631076 -19.810772945 0.728525399 0.365122864 0.287742804 0.503130317 -0.680945744 9.682600920 -4.930534734 4.580860810 3.544455584 4.864639543 8.196234604 3.047433958 5.171673409 5.635980560 3.858789770 1.195880650 0.045829612 9.120373364 4.894962657 5.230554255 8.448395263 1.072989219 3.685712117 -1.955538007
-2.420427212 14.917524191 -31.683837868 0.746680991 0.643089839 0.127661891 -0.112273766 4.782703716 5.298432576 5.937770859 5.179721059 0.996378343 8.267127277 0.833578959 3.357071342 8.204490596 4.953153382 4.694592355 4.490359604 7.158584642 8.042596622 -2.360309145 4.025166539 1.186702657 4.079711897 2.867968058 -0.106524790
-4.572157861 1.972109824 -35.900813049 0.858288872 0.093209748 0.493306386 0.106305996 4.262243688 8.684844894 1.211595919 0.932911984 1.523003045 0.788787791 2.276129892 4.125084097 -0.261862005 3.632268120 7.791333058 -1.299009723 7.940997946 8.107301140 -0.599216316 1.366349144 5.930696941 2.723271311 -4.628840694 6.579190780
3.380137017 10.456875828 -26.543824123 0.995317104 -0.094339623 0.020068795 -0.006414166 6.660558941 -1.107530964 1.243744758 -4.679903659 0.395275418 3.653910005 1.971628354 5.938207922 0.829759206 5.816529070 8.416528862 1.629521392 4.465476119 0.760802288 3.781238938 7.763050473 0.025679496 4.850650574 0.636694055 1.420388437
-0.141966867 1.570886684 -29.760028846 0.737779270 0.369535228 0.564865436 0.007245955 6.166762482 8.732676651 2.539539998 8.065186468 3.933441955 1.320090998 0.758369773 2.367474034 12.838998355 3.685789248 3.585786527 -0.458674167 3.711343785 3.711549302 5.006288257 4.919045015 1.991299132 4.242596952 6.612869745 0.841000068
-12.887458394 8.010682260 -31.938931473 0.829758223 0.404331653 0.119485884 -0.365705249 3.011063035 6.558140379 4.579333800 2.927560119 7.875760885 1.214848491 5.647479917 8.358382605 4.181391027 1.717163375 0.922925960 7.124454193 4.940156623 8.194703025 -1.478113669 4.199360281 6.611573861 4.480554805 3.133016830 7.967819011
-6.574821626 2.540685116 -22.166928645 0.814231430 0.164395470 0.476879085 0.287380663 2.664325020 5.679992023 7.111406195 0.572700445 4.120817088 7.432593026 -0.916941649 6.110064718 11.061193834 1.195076140 2.996042133 5.009268614 3.334949062 3.580865818 7.646345479 9.433336688 8.375066236 0.378509806 0.516453745 1.222703985
-6.438022641 6.353731343 -20.489565387 0.725627282 0.357741087 0.529100060 0.256006815 3.860812515 5.566111061 1.309662467 4.324893537 5.397656133 3.781111071 5.909712256 -0.015982442 -1.644654149 -1.860733488 4.181002484 10.728637789 -0.667425439 4.541439271 2.287480974 3.372093567 -0.187992725 5.436860265 4.226215304 6.288963842
-8.377934188 13.161094055 -22.194706339 0.895943475 0.283809174 0.106360644 -0.324692246 0.990228591 2.943417421 6.597512547 3.759176668 5.434024509 5.748237792 7.646903075 3.137555868 2.744092108 5.614055699 3.789305903 5.184507138 5.966462427 2.970145611 8.415678812 11.570394006 1.612075691 5.702029014 -0.594283276 6.382605891
-12.098787631 10.757678525 -25.666445446 0.890372674 0.098716100 0.359386544 0.261405711 3.661340458 4.060096075 6.067537015 5.868747910 5.157713312 1.080246157 3.083706282 -0.898627233 2.382866717 0.914689539 4.427041105 0.868459774 2.144035085 5.437516897 6.935657682 3.899199579 5.108516973 7.247935622 1.753227226 1.765052941
0.417602657 4.542646940 -32.470895938 0.913578638 0.265994333 0.193795189 0.238881795 0.030878555 2.153088622 6.216133771 8.774333198 8.041896293 -1.508500515 3.740194685 3.518137037 1.331280328 1.589109813 1.589425572 4.277556933 7.702112347 5.926012117 4.686613615 4.431544156 0.752766196 3.390721918 5.803153718 8.387861474
1.913032960 0.674977040 -32.963208999 0.811308058 0.574834454 0.082019223 -0.067951696 1.742825610 4.236618555 3.381240964 5.662486234 6.956876901 5.624278282 0.692782447 1.055732118 5.273651424 8.423970951 2.213217838 5.835001966 2.422101986 5.110832229 5.781038488 3.618330525 6.885263260 0.387398248 1.835649453 6.362579603
-0.033197602 1.161694392 -26.536757090 0.731385903 0.600767833 0.093540192 -0.308873605 0.956302339 2.415083766 3.677947399 3.009594961 4.741656875 3.951653034 5.037469519 2.164642390 3.798063575 2.953061999 5.829687187 0.111933823 5.533668003 0.889083984 0.370931424 6.256162541 4.398704159 5.678781946 5.604806848 2.706766575
-6.656386500 5.292895650 -30.804758182 0.714668506 0.122837068 0.636081616 0.263742601 -0.343639502 5.628115784 4.229923635 6.461632263 3.809525834 5.175775726 0.130547463 4.402170798 6.521528261 4.465745241 0.652025887 7.230189458 0.878199860 2.739848033 3.482382242 2.491287502 0.238408321 6.866767724 7.178973216 2.757189491
-4.916465307 14.681053292 -28.220914420 0.783603015 0.276450931 0.465985094 0.303972187 5.281781050 7.427430982 2.575082375 5.771480405 4.969646789 5.710087896 6.191984851 7.012243556 5.754545698 6.090919479 4.776818623 7.885359991 1.221487734 2.910577483 9.123051267 5.595412496 5.622666639 6.151773508 5.750725044 1.330413956
1.644016136 3.135725444 -34.979255633 0.823658752 0.543413669 0.161806530 -0.010319465 1.799460199 1.144564398 6.066041895 1.981681200 -0.357487974 4.097288561 1.374119295 3.288126418 6.854481448 1.927249409 1.416280271 4.629828973 3.036462620 1.646529454 6.331963252 0.105916007 4.410441298 0.622426143 10.072093819 0.915086748
-7.535071146 11.675123083 -22.441979273 0.902685452 0.387593869 0.185554150 -0.022352293 2.542927514 3.743018314 4.749942535 0.243819433 3.975615787 2.106491747 2.629923522 -0.455070608 2.993137236 6.409015153 8.098622646 6.115396948 1.059340418 3.129907278 0.710188485 5.182079175 3.242618878 5.239540609 4.929773718 1.101985693
-5.807073159 2.459100258 -24.435089383 0.910207526 0.226296005 0.306965594 0.161506974 6.613062349 3.144854306 1.436304091 1.955425119 5.043744225 -2.684279145 3.556606704 2.012043165 -0.162691035 3.653922051 3.733423248 0.917597770 -1.612319822 7.024793365 6.521305207 1.899283860 7.030697999 6.314938962 4.380207569 7.486888716
-9.551517202 1.804148473 -27.011076324 0.837736952 0.136471880 0.487682236 0.204299441 6.944543144 2.738322503 6.857806716 0.638473016 6.723382006 3.188101687 5.178923925 5.406349643 5.978171375 7.918319593 5.175152646 5.125687981 2.521571114 4.774545892 2.797695184 2.602186167 4.217407943 6.142447697 4.657155654 2.267232890
-4.137293643 1.493722155 -26.148228145 0.756486569 0.575052800 0.091925660 -0.297644118 2.993894913 2.740121203 2.863002178 7.351917388 4.384937413 10.998293215 6.020421994 3.932661519 0.779131787 8.497052938 6.473463242 -2.772839233 2.005194661 3.018089458 7.603442146 6.331076036 3.148175824 0.590715758 4.359705838 1.603247535
-1.418209283 3.197816069 -27.494416667 0.873753308 0.340851406 -0.173831936 -0.300263108 -5.296816418 4.243383720 6.643102549 4.060024335 4.534002302 5.406699241 2.778371108 1.061880046 0.876549160 5.095571830 1.136015095 3.173467388 1.568882894 6.504273073 -2.364087246 5.439884505 4.013160570 -0.199569556 2.842645900 4.244897236
-5.041430726 8.520575485 -23.212710699 0.952476457 0.057195731 0.145486777 0.261439943 9.864142606 7.662544242 4.636292747 6.069683044 9.698327203 -0.902900880 5.111497253 1.208211911 8.625231453 4.287754540 4.703627025 3.411714810 4.894449222 1.887630833 2.038431851 3.873612421 5.499593001 3.221359312 3.668807179 4.696352954
-5.427146041 6.854504708 -30.340698215 0.943145385 0.152998526 0.233129526 0.180883549 2.897678295 4.831356772 4.618559063 1.579727574 6.470292374 4.901183878 -1.178636849 1.358979830 2.177101634 -0.115596401 8.571343999 5.528706359 6.396252834 2.568817706 2.607949907 0.885828857 0.356792100 2.042496633 3.770069494 2.988002907
4.977760730 10.329589541 -30.607877303 0.891764374 0.293419180 0.151675025 0.309283323 2.154078533 1.230443396 6.128689964 7.695718738 3.451616856 4.939060844 5.962221512 5.973281476 5.990593018 7.575681993 7.810844792 5.839052732 11.016300014 1.980450318 6.091840969 4.698241543 6.938219908 -6.689808166 7.137878135 4.292207476
-5.246104881 4.815926677 -23.014571054 0.791410238 0.428157954 0.234147170 0.368138160 5.313808593 3.329302439 -3.126711891 0.107996564 4.045124873 2.442067016 0.254491820 2.441740448 2.881066664 2.609566138 3.864390163 7.967999763 3.327759681 5.513890080 2.253782499 5.453737537 7.969960068 6.738970353 -0.289995322 9.503558607
-2.384005938 10.514971066 -19.372657273 0.903805729 0.213761037 0.291516902 0.229039994 4.759013305 6.588241041 8.377431342 1.613900381 5.307601953 5.490138612 7.090681133 1.356814197 0.253008306 6.869126219 1.204506091 1.041410672 2.133210387 5.221196598 10.213777035 8.864236412 3.481602397 1.153312231 6.613159932 3.336036787
-5.858248221 9.053365382 -33.153075854 0.780361601 0.299229950 0.439961696 0.328528409 4.264540331 3.712408434 4.375984955 4.471247767 4.578090658 4.991687369 9.101910803 1.740758266 10.684897709 5.256096131 1.369637343 5.227857222 6.595777139 -2.300274651 1.704862412 7.423127836 0.922839864 6.091594013 3.276424260 6.058553815
-12.112965998 7.263290031 -22.372495609 0.897360981 0.316877956 0.232175438 0.201062671 5.092499890 -1.507777525 2.582829594 0.934456809 4.975960364 -0.094282793 8.147544406 1.014566992 12.780261556 5.014040623 3.934623488 -3.125843362 -0.931744787 5.380517983 -0.741848044 6.180938167 6.392904759 2.469872009 3.078027543 6.402390361
-6.711598588 6.808818452 -33.678617375 0.875634970 0.225405291 0.352007663 0.241963757 8.612696059 -1.115829774 7.592327866 0.258388830 6.205317707 5.004544017 4.668996711 4.096410144 -1.845027175 5.702197138 3.505879400 2.489618657 -1.681430188 -6.527298380 5.154957715 8.722738507 4.065145662 5.986925944 5.405835090 6.626194091
-9.631274478 0.903562685 -30.184124857 0.933153549 0.242875482 0.034791809 -0.262727015 5.029331620 6.314793456 3.319612714 -0.597809520 4.217351740 4.945431478 6.571788569 7.414943666 6.518744286 5.730367240 6.202986553 8.780040577 4.351740968 3.512090386 3.132324874 0.904101598 3.573639967 4.132936791 3.383813997 3.449843175
-6.368154653 3.193001997 -22.244839417 0.899226194 0.126554090 0.265077565 0.324207031 8.339956363 6.326623911 2.279929468 -3.948283948 -2.817571571 1.245335492 4.504724817 7.426112344 7.633325273 9.986419095 0.323556954 5.826019285 6.973350126 1.376930168 5.371398322 3.044803804 3.254834298 3.769172875 5.600671420 7.823251292
-11.804630833 3.125436035 -29.378420607 0.731849706 0.098736096 0.641221944 0.208522441 9.529353088 -1.441673302 2.649099125 3.158823601 3.827148866 3.711883037 4.335815352 8.929818762 8.637738796 1.521099412 6.511664679 0.974580803 -0.264529297 5.060212820 6.045503808 2.530492700 2.147240305 0.521812953 7.054949018 0.599275727
-12.101453091 9.320134721 -22.679203160 0.861035204 0.332171126 0.097060875 -0.372639110 -0.118575369 3.325348044 -0.826322142 6.521488446 1.985042614 7.579425986 2.316446739 -1.026410732 -1.486928456 6.448284521 5.230379440 11.087416097 -2.415140195 7.641292832 0.911883108 4.476087156 5.966919857 3.866458924 10.656878303 5.166826251
2.111601933 5.838044949 -24.322997668 0.807452741 0.454010880 0.253789844 0.278361110 -0.515049297 5.430764218 -1.034530364 3.206980402 -1.048165758 4.619181214 2.849082024 5.114335727 1.930061542 2.557078657 5.597949973 -3.464025565 3.696591155 0.588934955 2.346497634 4.507774848 1.635647774 4.562444963 -1.074261439 4.787448542
-8.983586221 9.243056891 -25.271564893 0.781223551 0.217495582 0.467710467 0.351613927 4.291253532 2.730253541 7.031774843 4.775707222 9.460835866 4.622570049 6.086863085 5.094388234 1.265728672 3.706170646 2.580867775 5.237856307 6.394272208 1.873254160 10.873454621 5.009206091 -2.571879596 5.568286645 5.023058469 1.546602883
-8.522197869 7.778755453 -22.969642851 0.761600974 0.413199189 0.167626395 -0.470246508 2.032751395 2.791689409 -0.238357451 3.646364310 2.239987561 0.863472015 5.356251568 7.345256369 3.948914419 0.887792539 5.405323685 7.688238680 6.557703537 1.169951428 5.014358824 -0.115936763 5.602793521 5.429622352 0.883811635 1.979583665
-10.884832595 9.181982318 -28.370991196 0.969674155 0.027420816 0.173068902 0.170373964 6.401353982 5.947188058 8.195079800 8.731033001 8.198474494 1.195207978 8.308820187 5.510330757 8.167375719 -0.738499705 2.075427616 4.573969234 2.714635838 7.409806341 3.081909983 4.311084804 5.034497399 9.243876999 5.948110715 4.573950963
-3.201199192 8.925029484 -18.707252764 0.914687416 0.385442222 0.071363844 0.098429804 1.448247921 1.325999715 6.016665235 6.060836966 6.783784925 7.457506045 4.924621033 3.261485754 1.331490222 4.058508864 4.943075160 3.299282422 4.081365780 5.795599664 1.592739051 1.307804095 3.160277568 3.050535997 7.445429105 3.332899998
-0.211055206 8.903604834 -28.706414859 0.886359774 0.267289558 0.246404157 0.286718737 0.937158063 4.785731114 4.237916198 3.390162017 7.853838044 10.544923597 3.111264880 3.518298850 8.035935321 3.088889278 -0.880409302 1.044004475 1.445507700 3.897972866 6.173705090 3.243737898 4.547648649 1.240005188 3.140024953 6.049482107
1.504577354 8.461045040 -24.825904772 0.978747650 -0.032468515 0.111655126 0.168914081 8.374513517 1.194808927 2.507213978 3.691633268 4.336850498 4.283106214 3.925728405 4.792953166 6.690928355 9.489601732 1.727663642 6.806134583 0.242206442 7.984457502 -2.220071875 8.480218540 8.035740705 -1.366002765 -1.616726461 5.194463371
-1.092742672 4.884657447 -26.809250173 0.737510726 0.298014113 0.414477794 0.442124049 2.990900344 5.041541580 4.315418010 2.359404714 7.235025082 5.208809513 6.176112379 2.517202143 8.315970108 0.917708954 6.443365608 0.451491612 3.980039866 3.410054131 7.411886059 4.249112748 4.587728983 8.874371112 5.121846921 3.503117438
-6.869082812 10.638733292 -27.680556501 0.820005303 0.250261145 0.472356193 0.204548988 1.339590049 4.419052385 6.039902407 4.670080050 -0.504950630 2.090037928 7.530465847 3.050213339 5.910722695 1.332729376 3.410618777 4.476638875 1.643844325 4.838567202 13.154432072 -1.754649146 4.415890866 5.080468083 -1.374817064 3.278074262
-1.745944095 15.040218604 -29.728144164 0.752862053 0.597972439 0.263607249 -0.078351192 -1.265404020 2.333093598 5.543113617 6.668151384 1.134224553 5.340745340 -0.012142109 3.330335352 1.751460378 2.696242698 4.764758814 5.987258562 9.806357966 3.881554458 1.120295864 6.674095350 3.327419092 1.713180951 0.345632129 5.778725182
-5.745496097 9.573669281 -27.683985348 0.728526436 0.296342364 0.522456509 0.329347281 1.428337392 3.058608279 5.452234827 9.105149859 8.239294505 3.315211126 6.379793047 3.704942431 3.527763859 9.996315168 1.879300814 0.513754163 4.122207221 8.792782935 2.269068246 3.594943547 7.252792870 6.099627623 9.230200866 4.124585357
1.180381445 3.430728843 -23.431114783 0.978098993 0.206758055 -0.020778496 0.011904644 -0.223388666 3.842127925 1.694815728 -1.141359320 2.444186006 2.617491778 4.562013211 6.665667545 3.504285809 7.124070149 4.792985720 8.495316326 1.766108900 -1.466708625 8.539468182 2.572038671 7.411488727 3.444755886 4.153160651 1.382369375
-4.604709468 8.223413434 -23.262827698 0.957761077 0.199554156 0.160099818 0.131300825 1.942291280 3.630049616 5.259929031 4.541768374 9.411645136 3.211376433 4.072909252 3.693266594 4.375711560 8.061568051 2.553371889 1.724334312 1.791418560 9.529335114 -1.716497561 9.530664844 3.878057976 2.924641247 0.410122776 2.087676230
-9.761035444 12.677395514 -23.293740242 0.940011967 0.245944691 0.178570010 0.154924056 0.291559035 6.804941116 7.428212019 5.888725070 2.628953754 6.638347094 6.932794913 2.632231381 -0.615421495 9.027453274 3.007894515 0.225836634 -0.743554058 3.003439033 6.794782750 -0.462031967 4.256781556 1.872406600 1.091934073 2.246107913
-6.709422806 4.361681567 -27.375459226 0.890023681 0.087472682 0.295269857 0.336187579 5.213036554 5.197082129 3.173522394 2.519025806 2.379911700 5.814628139 1.295445712 3.016925977 6.061089882 0.301900845 5.884323275 2.835037308 -4.328988893 2.394447345 4.538672612 2.491614638 4.344861508 3.309543869 9.160545914 -0.391314980
1.660793606 9.466745373 -34.055868455 0.810755146 0.251278970 0.371110750 0.376579054 4.908705063 6.505506253 0.223272744 1.837008140 0.726182458 5.411034666 12.155665674 1.058923825 6.347106332 2.114829513 -0.324228193 1.267184953 5.014674372 6.999674032 9.168942101 7.013465681 -2.559208901 2.954239145 2.029639369 5.192624601
-5.685038678 1.967552485 -33.327193032 0.950767411 -0.253173094 0.160390130 0.078865203 1.059294621 5.486086477 4.639298785 6.417342344 0.439423149 1.630115939 4.407286969 -1.186730356 0.882023269 5.723447639 6.090833789 7.816026555 1.914940508 6.343261776 -1.410600030 5.925145412 9.731058701 -0.968788945 0.564940908 0.599860484
-12.547484093 4.756087523 -32.385375745 0.965157981 0.181611819 -0.090944108 -0.164973899 5.111436112 1.956541741 9.520286256 6.984306441 8.292535958 6.117504817 2.628704157 -0.310426303 9.000665669 4.213371004 0.001498416 3.901436273 0.554054802 2.053050142 1.535453132 -1.175454056 10.306440484 -1.417655772 0.224237741 5.046118242
-4.255868683 14.240608787 -27.638309403 0.849831444 0.371125917 -0.080645747 -0.365442656 6.186337016 5.419687855 7.444434912 6.716293598 -1.359926867 1.939210931 -3.143034447 -0.416675778 2.491381908 6.082577688 8.737236128 7.005969611 0.946330426 2.659017482 5.166340885 4.989518503 7.432129632 0.561320180 1.322320793 5.864906057
-1.933758700 11.487202635 -25.241316224 0.758107608 0.616907543 0.209048154 -0.031572263 7.512462467 3.771531905 -0.291477957 0.466719291 3.550172548 6.473103777 6.800839902 1.283710686 0.431913212 6.112991964 2.232302026 2.248622666 6.392931297 1.425396890 10.253067745 4.530734680 2.969265491 4.728660311 4.717022016 4.981047877
-8.078988903 12.609859151 -27.297874412 0.952821198 0.230489025 0.147442629 0.131404890 2.054787754 8.046751830 3.077459061 6.265843327 0.994280467 1.274281644 6.234395006 0.487975768 4.025943017 -3.185907463 2.537441554 5.537029343 5.936068078 2.327924356 1.813811003 4.818105730 0.839109113 4.781179397 5.586564125 3.004737213
-11.986716185 11.359899769 -31.201828288 0.796342617 0.527043162 0.287908304 0.071921832 2.070153183 6.136412368 0.057406477 1.993266563 2.514753373 1.775169448 3.311112162 5.950496049 4.369698477 7.375598242 4.125293663 5.419064751 -1.527184808 -0.133265999 3.059211416 -0.011776798 9.824095806 -0.207618022 8.954564962 1.592202526
1.515141776 1.436153015 -31.933214646 0.996027129 -0.030355189 0.056614099 0.061671428 2.576863038 4.349616017 1.223044530 2.410144760 8.076639266 3.101823705 5.984252902 9.593544159 4.030127617 0.524477526 4.066046049 0.801076891 8.312078177 4.989096504 7.436989428 6.080447322 3.156026688 3.985298559 3.353283225 3.313499791
-7.366345129 8.825880908 -22.697324308 0.788722273 0.305531705 0.428498735 0.317736350 3.780649122 7.234238781 11.440502186 0.839339136 6.417756084 5.933974053 7.338844831 5.710636408 0.789400036 2.048522154 3.213870531 4.061770072 0.491421324 4.709260126 4.583491430 0.225702878 0.241787735 3.672416251 -0.180393811 0.668323482
-7.766431631 6.383237969 -22.794593288 0.920789108 0.228947621 0.245260430 0.198941518 -0.478996768 5.167861258 3.745271418 1.727396763 3.454064822 7.914688265 0.791499503 1.004532738 0.211157692 4.725775946 4.434709391 0.014820966 -1.540810080 3.596354063 3.857616819 4.506587894 5.593191206 4.121624198 -1.846990746 6.890266692
-2.329670546 12.871137063 -30.154023696 0.822967726 0.482927685 -0.212897393 -0.210189613 -2.261225083 3.216372204 0.704415133 1.099980056 3.110203486 3.750028972 -1.195164552 -1.115144064 1.799633319 5.388311676 4.691373151 6.612767007 6.668202891 -0.796441352 1.490498807 6.986911729 1.369755931 -0.242574046 4.404147408 6.815262442
-6.398465117 3.254821799 -22.814698849 0.964541473 0.203550887 0.159570492 -0.052574157 3.336498318 7.968566551 1.182414251 6.822554852 12.721893289 3.354632440 2.149960727 -0.584531125 6.463362123 6.411366730 1.581145467 4.254613338 6.546121403 3.208298002 6.239724998 4.128309815 -1.240670556 0.956917452 5.846039210 4.836261796
3.173880217 10.748034869 -24.778805179 0.749017726 0.650578541 0.115429699 0.048948876 6.145416739 6.522124442 2.464792007 3.896741633 1.371789332 5.232571228 6.160944669 1.613504558 4.461387057 2.701601841 -2.302933217 4.482562278 2.935882779 9.088544339 7.391954841 6.340392975 1.577247547 4.935562574 1.377207627 3.465522592
-6.025952961 0.520459360 -27.226182041 0.965154284 0.196551368 0.172205252 0.013788368 7.598506457 1.375246222 4.881631852 5.531358650 4.987721461 5.676977734 4.175067411 6.061974305 6.560087284 2.143500725 3.760776664 -0.014342043 3.478208426 -1.218146109 2.169751704 11.168668352 3.169547035 1.448114860 3.253032534 4.199852428
-11.730846846 12.247702842 -26.963243524 0.805931622 0.483027483 0.311966705 -0.140838370 8.723347729 0.080195006 3.817283428 2.697955368 3.221513009 0.366567131 1.880352836 3.862516722 -1.710186796 6.611596633 7.703542698 0.177904630 5.933834129 2.374998736 5.007223514 1.006755242 2.145752107 -0.640461821 9.143000224 5.339943790
-8.572019143 5.528307625 -23.449318390 0.942034643 0.158859924 0.219750434 0.197595553 6.733841466 4.991922358 4.399660277 2.817019022 8.253448321 4.338239801 9.103162378 1.659453688 4.859911964 0.708607725 0.949427350 2.801169622 6.885249910 1.952480438 11.100245009 1.872076410 2.034952556 8.748913067 2.671383580 5.337992587
-9.225719773 4.259198771 -23.525640924 0.792050334 0.292260778 0.429290650 0.320857357 4.685759456 2.660576000 4.740437644 1.331936278 2.905670217 2.698089444 -0.629413805 7.784790876 4.599579685 10.074102284 5.106262795 2.114989592 3.033801654 3.679860372 1.260284098 2.816165352 4.529084981 4.094489047 0.360443524 4.307095986
-12.589828790 6.873911069 -26.278694882 0.929442970 0.133546948 0.334664396 0.079377076 2.982153750 2.275618190 3.559617091 8.956399399 6.018421696 2.043680369 0.983849743 9.078369549 -3.216271859 5.177797399 5.514438431 3.633775183 1.898930235 6.324155579 10.153322185 3.125917953 5.388275435 -1.614337834 4.637948133 1.330304610
0.105522841 2.027620988 -28.675366285 0.961908068 0.249529000 0.110307295 -0.017333398 5.635239582 9.020502037 5.580976731 2.284848132 3.674064488 1.687145189 3.499939958 -1.135836541 0.646774032 6.621786094 -0.200636018 0.512404171 7.474324010 6.883892091 7.751556935 2.707533463 3.163742838 3.231333778 0.886440478 1.563620351
-8.236381150 10.294704419 -34.749188582 0.727577572 0.655409591 0.201879682 -0.017712654 4.260146014 7.914574816 4.695715064 7.355954612 2.163094832 -0.217503043 1.149731266 5.451133474 8.862551215 1.267174501 5.823302616 3.807135602 1.348985358 7.257585960 3.662789340 3.559456387 -2.721943997 2.485023850 5.074600196 1.120403699
-1.112764839 1.881758199 -23.507587531 0.933348322 -0.301368167 0.188916862 0.048461919 2.798720521 0.580003668 -0.439338228 6.809308482 4.197412153 6.688070490 2.051178124 0.876949198 6.402744781 4.364324018 8.169831143 8.072244734 1.447621219 -0.659517985 2.313478548 -2.083619094 4.980241344 6.627305813 3.509570822 1.256190119
0.440611261 15.404089606 -27.155788691 0.926528626 0.376094836 -0.009366186 0.003107259 9.814105268 1.379508715 2.870502491 3.304359599 3.714919683 3.224793057 5.893518525 8.482331098 0.743818829 -2.103569511 2.607569017 1.030537067 1.028530223 1.504449739 1.116569867 2.190166426 1.761243714 1.191177334 4.969771323 7.887820721
-1.234910127 -0.294059015 -26.012194162 0.991297813 -0.029485513 0.072351732 0.105945630 -0.345593959 -0.251745819 4.103992760 8.754202780 1.389308753 1.594259312 5.158425169 -0.153577536 -0.169973857 4.272009034 6.644642898 6.223257725 6.118557189 6.413139188 0.966253351 4.600229015 -1.089441575 7.857299424 7.008210481 2.243805785
4.475419443 7.896407029 -24.680427203 0.901780265 0.369970095 -0.177672236 -0.135451319 1.708536902 1.295257768 8.316876082 7.200640921 4.986324426 6.467811784 3.151485914 2.733195327 4.131827269 2.694317598 6.576224211 3.158968181 5.655299923 4.223161668 5.398517804 11.300854931 4.550639483 6.863001133 6.596383644 -2.976350283
-2.966395646 -0.123106964 -27.775708460 0.985999182 -0.163251627 -0.018182216 0.028704108 0.475844860 3.641226181 3.450697779 3.560326450 6.853495839 6.071895875 6.875185561 3.327434480 7.191489072 2.380107847 5.599406497 -0.389689480 6.680728251 6.768260277 1.405955484 6.011233813 6.127683591 0.637061385 1.231114791 1.995294100
0.495166696 14.434367008 -28.915841433 0.771314008 0.610329734 -0.107717982 -0.144807294 3.988071637 -1.102986360 5.099442211 4.735251966 7.162076684 1.408801623 6.154566413 9.634994780 5.427852777 5.945040418 3.060491548 6.194338726 5.464443643 6.630744149 7.427242211 3.371202750 11.133810983 1.989229755 7.045298216 2.153204935
-1.795741289 16.111253749 -29.709345083 0.927484354 0.362452685 -0.030365054 -0.086479979 -2.016101845 2.285579868 1.544204304 0.294431537 7.539987175 -0.373886438 -3.419297669 2.883945783 -2.452809984 -1.361221725 4.928057639 3.170121137 -1.008468028 3.886589767 8.468898971 6.220139169 1.603994903 6.938132322 -0.184638441 1.316483058
0.803191430 2.182896693 -25.852564351 0.908546183 0.416049022 -0.037995273 -0.001845060 4.978822360 5.595942621 4.087196198 0.080586853 5.282929353 7.565958723 -0.431331299 8.100298404 6.533285435 2.737348010 5.609004982 8.817859461 10.098689910 6.411418959 2.513601630 2.427646831 6.272518756 3.231773021 -4.157534822 9.938357724
-4.347743563 12.798129650 -33.405173917 0.785652482 0.589261911 -0.055727788 -0.180041640 1.255189079 6.065044887 5.858555319 4.089736302 8.772357593 2.929178651 7.856552086 1.475994689 -2.123780300 8.356217554 6.233490407 4.940329156 1.251406949 4.295881012 5.764999050 4.758788529 10.437626492 6.163587786 -0.040594660 3.552089744
4.783535838 3.621239376 -26.304614879 0.758235883 0.640857004 0.107555384 0.053032883 8.298044115 2.647805074 3.243821261 6.756511704 11.295427031 6.544675230 4.988538435 1.616290349 2.035767669 3.828017184 4.413750704 0.619340632 4.681747575 11.370819893 -0.016461918 5.139219899 1.089132492 1.028688552 4.941134142 2.113537500
3.895533363 6.753676513 -23.595762196 0.711815027 0.639564403 -0.290278555 -0.003886194 0.625844913 4.280860499 3.097133705 7.742575571 -4.732550242 7.614286157 4.443812005 1.048636618 5.694714624 2.454383439 -0.299133196 2.309020300 6.614728504 2.881175465 -2.811243237 2.618967003 5.276852315 8.528055004 4.859951534 7.229376853
2.453940852 11.851588133 -27.953355219 0.862397910 0.438163485 0.055058605 0.247489708 5.012207258 2.524685481 5.838752359 -0.205934141 5.444296325 5.564362588 6.007022952 5.849737818 6.924897180 2.196895688 4.946432582 3.469237221 11.884514093 8.505960808 1.100241912 6.490498550 -0.694636853 1.186970108 5.133233278 6.490655925
-8.909091562 3.605961979 -22.546966358 0.811783048 0.424857636 0.287352721 -0.279164263 6.588734013 1.937011529 3.792363091 4.163039486 2.415886141 6.234649070 4.568542458 2.419737664 3.741223055 5.187029998 0.242839718 3.037898869 5.451581911 5.251651251 0.344651668 4.348871045 8.355756137 -0.619395397 2.161715138 5.102082047
-2.969613082 2.945954052 -20.323046265 0.887664751 0.068842499 0.370189966 0.265087513 -2.867127796 -0.117259758 -0.658625828 2.572748161 2.612310188 5.491844984 7.408816460 6.026370031 -0.592182562 2.297477828 2.234361828 7.706165823 0.513541875 5.217556217 4.366946223 4.224658177 8.058930585 -2.802161048 -0.917141294 2.929621856
-0.026554869 11.298390966 -32.871295879 0.967216098 0.212120185 -0.113462576 -0.081389744 3.357633894 -1.803401403 6.353544004 -0.296238228 9.674134942 1.936796879 7.908054682 3.572491886 8.424539618 2.352703609 2.569096797 3.944822786 9.831751685 -1.672803672 10.997174641 7.164317500 5.943814372 9.034031643 5.952482693 10.744436276
-10.348189924 13.022255846 -30.912633267 0.922730211 0.071062952 0.307170313 0.221732754 0.946570431 7.312006828 2.441057161 4.631568580 3.654413091 4.766835241 -1.033560278 2.454664405 2.386622524 0.766383218 -0.738494765 4.860925525 3.683752512 3.768930517 1.415422961 5.083986047 1.816367256 9.961915761 0.700581913 3.202368784
-7.944695393 2.004423723 -23.719490345 0.960561843 0.168949444 0.091687909 -0.200923763 -2.113328626 8.352392775 4.799620456 3.099584176 7.514374711 3.900295459 5.629386121 2.904594652 6.431875985 6.142242536 3.915262995 2.011366622 4.124522561 -1.098718602 3.527822056 8.361679108 5.916133174 -2.352065809 1.275835099 3.844650873
-0.023745787 14.026098277 -25.605994565 0.762142808 0.584982859 0.202596629 -0.189441285 5.949331487 4.978600582 3.069622418 5.657791235 5.162298840 6.712998954 3.972039504 7.429096360 -1.175543378 0.853789657 4.918329937 2.248267664 4.367018347 6.979648538 -0.127550878 -1.797235632 -2.928428512 0.891598887 3.752174990 11.597360656
-11.233822964 3.626308247 -28.594143082 0.759393779 0.258837669 0.521385226 0.290657179 5.610763629 3.369203889 3.553983491 10.280641441 2.261383235 0.095817873 9.074197213 1.859425489 7.815050356 3.244526131 3.000302098 2.963117414 -0.535017603 5.481907529 5.746948612 3.230803350 4.899426716 2.337664211 5.761298531 -5.230476852
-3.579154866 -0.337856346 -30.949192949 0.877914199 0.457857645 -0.114860788 -0.080249832 1.390994815 1.128793923 3.475663521 -1.939929376 1.530691064 7.727242265 1.262989088 7.107601352 2.772298106 9.658425001 3.181112032 8.207536071 4.059271946 2.758912756 5.879141833 7.061721013 6.456900377 5.198432710 2.868809419 10.544769046
-7.518580278 9.759219672 -35.722294595 0.935061742 0.316155293 0.131818835 -0.091264258 1.440694113 8.781683102 0.359931989 3.253249729 5.187050689 6.462530175 0.460680743 3.777225067 7.446790918 2.478741446 7.802729092 6.810075046 4.939188134 5.049769791 4.284646161 2.613474222 6.775115020 5.682934476 -2.790739248 2.604505771
4.606347682 2.875114470 -26.974210469 0.721493809 0.661518158 -0.135132098 0.153556914 8.949865600 5.024856093 6.139679521 -0.746905966 3.356523286 2.626739870 3.257324671 8.827729318 7.176350013 7.159689264 4.956673769 7.365348399 7.487438747 3.771054624 7.506089132 -0.036536660 6.930777484 1.990430878 0.191851943 4.682160130
-3.739798792 5.426775268 -20.420462589 0.988723429 0.069850789 0.098403541 0.088676895 5.069122393 3.180025543 3.674936486 -1.346633595 1.435339056 3.840127361 2.536186227 8.094276886 10.567100160 7.319689320 0.338197184 2.703541486 5.886219846 3.548380116 2.476790269 7.115921374 2.935171436 -1.839575784 7.311884559 6.729245525
-12.152320346 2.306403649 -26.085163270 0.994314331 0.068662354 0.066148643 -0.047422040 7.702274399 0.251575735 5.437474410 2.478168112 8.864332977 8.692774820 5.148502191 4.694209513 0.654314732 0.115913040 5.520952888 1.073136499 7.514047678 8.652905141 4.845954978 8.796246164 6.673644478 2.225369219 0.610520477 6.901651288
-7.257760090 5.464219327 -35.870526576 0.996699320 0.078964499 0.014483197 -0.012054460 2.932881325 3.375919949 0.462163433 4.955609922 6.164668550 0.448319629 11.670922379 0.764958794 1.288289336 10.265772596 4.588071445 5.410268933 -1.003316252 1.948394010 4.052780318 5.812864760 3.450025715 5.531756883 5.518066168 -0.957054887
0.181583203 6.700662776 -27.208648789 0.986396220 0.124034041 0.084760093 0.066736653 -0.100693542 0.906460383 -1.818525494 8.369105205 3.999828730 -2.348338239 3.738986164 8.971830466 4.347559069 -1.162805718 5.928004554 2.117746282 6.630519195 3.059717039 6.878025825 3.386221361 8.370038337 5.626239571 5.559877096 1.560285087
0.061489687 4.002746771 -34.337626444 0.849241575 0.191153352 0.441643892 0.217255185 4.004798080 -0.087705787 4.457799745 10.584227510 1.961232914 6.028458489 6.142310447 6.127691681 8.541079955 4.902565371 4.408975220 2.485805208 7.440046996 4.285053401 4.212625789 0.247978496 8.788891545 3.842163758 2.769568293 6.149867843
-9.803173748 3.329991719 -26.500914292 0.787220513 0.286788339 0.543073884 -0.055741084 7.076443387 7.320631810 0.230345445 -3.821826495 7.547620162 4.718452129 -1.761689149 7.959933792 3.772065062 1.962489329 7.437571631 4.391523688 7.300781661 4.793212261 1.888901768 7.022417617 7.344542892 0.141772191 2.623134443 5.915329671
2.600947951 5.690308656 -26.401117086 0.841030193 0.334939813 -0.290010197 -0.310447455 4.076192716 4.140905027 6.378977050 5.812000127 3.669097187 9.704007538 7.689478294 4.911497534 5.668072570 -0.398277679 3.896792902 7.505572342 4.635195533 0.705213652 9.915753745 4.303622684 -1.356507104 7.655310301 1.484726387 0.183835722
-8.964307320 0.007358599 -24.577946633 0.781679411 0.524592440 0.244045552 -0.232855831 -2.135575453 4.068815980 3.147004619 2.135067915 4.881377496 -0.316430214 6.055299352 4.127415210 1.605423161 9.401642279 4.261916929 11.352035201 4.191743877 2.717390872 5.405453287 5.706100286 8.436905904 5.275964059 -2.362543556 2.931100693
-10.369374024 12.499264213 -32.641155271 0.770714700 0.545557504 0.238590211 -0.226805141 4.798049099 2.299669619 5.106169212 4.234392307 3.849370033 5.773446619 4.872410290 2.433569228 8.366075176 2.804997238 3.578099882 4.293621188 0.700259142 1.898002861 1.709715799 4.486281580 -2.429095408 5.042500304 3.409911900 -0.491729968
1.675564715 11.413227957 -28.060377800 0.722806239 0.556122702 -0.322519518 -0.253495250 4.167469940 7.486445211 5.862535984 5.969446936 6.116968571 1.833247020 3.761568079 3.372451274 6.593446378 7.859111612 3.403478730 8.174992904 1.419517015 7.946368416 3.985200274 -0.888231260 0.867493313 5.575826594 6.580092277 7.180252630
-9.145141222 12.566560705 -28.643461141 0.919379650 0.090968482 0.309129570 0.225620707 4.797488164 5.380718819 1.859407880 -0.843715805 2.566039505 4.573222028 3.124084767 2.524204259 11.170841682 6.359067847 10.463106020 4.811123896 6.895375812 8.762542929 6.086281874 4.279190987 4.912536667 -4.301602788 10.989867579 7.487440746
-2.720690421 6.418758274 -32.672989043 0.877052504 0.046066160 0.458027347 0.137359977 -0.811772570 4.199837117 4.149247206 3.434485613 1.736118840 4.413263475 -1.251230685 5.510328146 5.710531785 8.280222489 1.087498995 5.332772343 0.579093644 4.857918273 4.388265708 4.573541081 2.800169870 0.628299981 2.378628416 14.031900273
4.076274904 7.335016389 -22.204218909 0.804568035 0.554650328 0.156329268 -0.143507665 -0.130728675 1.469976299 2.324298509 5.051889219 5.413842579 -3.661379414 2.998439104 2.278553262 7.120278926 2.565487598 6.452642536 4.835447749 2.274515471 5.354585977 3.982887430 5.648533766 0.051428845 3.655303347 5.138651933 5.456095102
-2.699295508 12.627130853 -31.980939120 0.732255065 0.654940249 0.186605309 -0.005852301 -0.571426652 5.951750496 -0.034148896 5.055308427 12.152900086 -1.964563243 8.236772537 0.502325940 0.966113100 4.454743815 0.741869471 6.651419564 3.653796071 1.516560777 3.957568233 3.969185137 3.572006971 -2.980446274 8.342782841 0.267077249
-11.711831390 5.502906019 -33.170256677 0.881761708 0.359973130 -0.005516373 -0.304770744 5.096616820 1.313877456 4.168912049 8.788306509 7.289608171 9.470361013 6.454256433 6.112325574 0.345586131 9.756072153 5.380456393 3.497161285 7.386334077 -1.899608308 0.611685553 7.482497309 2.441115210 4.683164442 -0.429345656 2.499283871
-0.110251509 11.759436048 -31.156474635 0.936217972 0.335943752 0.084465142 0.059189056 4.898343023 5.942287569 0.229297378 2.708711209 0.196364968 2.459213306 0.671471594 9.682734376 3.671122591 2.156006718 7.684629302 4.964547106 3.376424412 -1.359922363 8.072304083 6.733456654 7.267219582 -1.508310830 2.217124732 5.494134672
-7.722911906 6.263395761 -21.044116973 0.843436356 0.393376712 0.323794040 0.170373989 4.003158865 2.922286865 1.941861685 5.745684288 10.813518370 3.145946257 4.061945305 2.016950073 4.284931459 5.082361469 2.163397321 2.150555792 4.973205656 9.372819097 6.999558422 1.675567678 0.960337628 3.342151628 4.114615167 7.268488895
-10.204592553 0.620522862 -25.167147834 0.992739025 0.078867936 -0.063153360 -0.065274262 4.161754634 4.386603139 8.038740997 8.423892491 4.005813318 5.687575254 6.474816231 2.617597154 2.370718060 6.382339565 1.282886064 -0.729587809 4.522114948 8.228305169 5.073324183 -0.124339884 4.594773783 8.792195536 4.890038572 3.750837129
-8.489473047 14.642112113 -29.359678396 0.786158278 0.459898825 0.410786671 0.041261891 3.957256562 5.530119623 1.005131453 1.703345032 2.346217041 6.485446431 8.475632151 -2.299138570 8.763868613 8.744651039 -0.196178624 6.945995792 2.013534392 3.195670513 3.676572885 3.388178726 5.164067125 0.756121906 4.710910687 5.402836070
-8.519442037 11.159001298 -24.980207689 0.929396378 0.237089039 0.217547750 0.180787545 2.606512043 0.812576463 4.552141030 7.469896422 3.276664008 2.274659713 2.734771646 3.762472610 8.888912180 1.292346452 6.336615164 2.650910222 7.686953720 0.987896676 -0.463304949 10.615269874 8.686474627 10.507223041 3.355509036 3.462709578
-0.560356616 7.502476932 -29.545583738 0.921403279 0.369812863 0.001681699 -0.119380130 1.297555275 4.058160613 4.794491704 2.389768129 2.155007047 5.322384504 0.694520590 11.097978842 4.051800536 2.884111680 4.851153904 8.314452346 6.890845518 5.579283754 5.081981307 3.285009174 5.380166180 1.018603239 3.763917289 6.876053371
2.934296241 6.699336391 -23.646618751 0.901385940 0.370673490 0.218920084 0.046674921 3.454460523 6.381847243 2.380983266 0.638704036 10.089286413 2.154165586 7.362486129 6.538480359 -0.834276051 0.974159780 6.644629612 5.962831911 5.682418571 -4.672734334 2.933959525 3.101020101 2.429691079 2.182211809 -0.159703874 9.281695515
-11.648968471 4.191377040 -31.262605872 0.762941753 0.412036781 0.489929570 0.090081018 0.386774734 9.398220133 1.208356052 6.267534591 1.435568909 7.981336898 7.457988373 5.146863478 6.490614062 4.144158130 0.699155337 1.189162165 6.488613345 2.261476872 1.407709253 4.323760598 1.195648123 3.062978764 2.599835208 5.586339452
-7.048406359 2.588987301 -24.770228360 0.916651584 0.278536573 0.284783226 0.032646041 -2.805250752 2.689167753 3.868568239 0.446301106 2.727781606 4.595127336 3.831092767 6.081484512 6.653058474 3.154528150 0.920158565 1.146064110 3.166509708 5.843096090 3.607395845 12.078393169 6.813455603 3.446222105 3.877902029 7.379922491
-3.730197522 12.828361313 -26.593937869 0.709217480 0.248987151 0.524018515 0.400525355 0.457217709 7.934622340 -0.447363680 0.984829966 9.673418601 2.633465516 1.340921241 9.015998883 3.954783896 6.454075869 -0.122145097 2.682371093 -0.841966003 4.080537030 6.282977998 4.955681548 4.732904375 0.983093104 4.472233819 -0.634032494
-1.836934013 10.402610471 -21.011929849 0.866832108 0.422253144 0.238058680 -0.116758054 10.255986868 1.291227929 3.967081825 2.448142768 7.075022681 1.744958585 4.160577592 4.149369979 6.934935352 5.373983572 5.408735143 3.080041561 7.367513986 -1.003180512 3.171998094 1.189401378 3.249041847 2.806439309 8.070586888 2.891574850
-11.415148534 1.869807910 -28.716086467 0.749857172 0.110273600 0.605475523 0.242803103 1.813459876 4.686802466 5.933087955 9.279091903 7.368171131 0.539638406 3.351271497 2.717850237 1.857641444 1.462904999 4.716494654 8.032513313 9.509999615 5.220701985 8.258624601 5.391932047 3.816575127 7.404831584 0.880703447 3.205782896
-1.643359609 11.665668021 -30.044028635 0.875328663 0.145879795 0.388054975 0.248861715 -0.890471811 5.492243677 -0.720337623 9.277655360 4.899787788 7.304051882 8.552210560 -2.074484878 3.234403716 5.235214490 2.416742529 4.939883541 4.701448386 10.898883031 1.936022564 2.617291089 5.497692185 1.939379538 5.343545827 0.752038992
-3.911212914 3.519917455 -26.585387911 0.984423176 0.167314807 0.000902382 -0.053999555 1.427827446 0.581996577 2.430677482 8.171783682 2.021258148 -0.356804118 5.854441745 5.382992250 3.225121936 0.834733601 2.923446733 1.996419797 8.065915599 8.926708685 6.463569770 5.978599912 7.477176246 9.601001380 1.691539375 8.699473111
