17.785046780 8.515075452 -16.139304328 0.916038799 0.359608346 -0.177376041 0.009617517 8.807714806 4.820067464 8.544706264 -2.848798685 5.841495708 1.678719620 0.394320295 2.468855730 8.535933960 3.120833460 8.712332587 4.909716609 5.162681426 3.220167983 4.620537167 3.684070419 -1.730481760 6.269162750 5.776878340 11.081178537
13.646472049 10.640840331 -13.053265577 0.714618200 0.479054809 -0.482088667 0.165583316 1.002947056 6.648738470 6.028767850 4.430446551 6.128320574 3.944442981 4.535265490 2.532266462 8.263830153 3.034710182 2.042436869 0.851661215 4.025317865 6.675815426 2.304595143 6.838172228 10.898267543 0.240635035 4.571861281 7.548190041
10.686155098 5.481863842 -13.181800812 0.710228324 0.605641583 -0.353841358 -0.059751943 6.453547505 4.847935451 1.793254965 7.246804032 4.074462948 7.212078326 0.079443639 -0.064694195 3.011135749 7.710290982 3.706608115 6.475992488 4.448550984 1.851018179 4.943499131 2.135292862 8.038341067 5.210262623 6.261992593 5.564612615
20.229795889 7.045382515 -10.032687917 0.733551241 0.434861197 -0.514027448 -0.092596427 7.384426063 4.350044804 7.382125403 1.180528038 5.203999377 4.145332324 2.273131446 -0.236098980 5.193024952 4.576558211 -1.126182637 2.250916302 4.982219216 -1.195030433 3.762126191 -0.117246338 4.679278176 8.419386527 2.389714420 0.107608889
17.485756996 11.881441010 -25.505224556 0.760041417 0.378448968 -0.452280400 -0.273049195 4.906908732 2.249286588 9.276453464 1.712270790 6.977081340 1.219340122 2.685616698 8.827884035 4.515329798 -1.285283908 -0.622672538 -0.046027793 2.145783468 9.822483558 5.191738312 0.078850986 0.088556766 1.461890884 -1.810429371 4.565614517
15.439599873 2.534113860 -24.998742765 0.835727624 0.306611266 -0.324493916 0.319769555 2.326292824 6.097619552 7.358276493 6.563758163 3.672842384 5.847656711 2.102703705 10.159517917 3.776755929 2.287039768 2.822388307 5.344161514 3.815740504 5.876407195 8.048707904 3.935081331 11.440758819 -0.335503013 4.908476824 6.081265566
8.792988929 5.538666828 -12.531934610 0.722014070 0.603278895 -0.111451695 0.319888696 5.061357792 4.493171483 4.887474356 4.477927080 7.385232480 1.928436540 4.278571196 7.290175996 3.803198577 3.861996596 4.466640217 6.811774567 8.038557298 5.569006857 8.738772486 5.178919827 8.076324414 2.606618084 5.026468584 7.047847010
11.466742749 -0.387250373 -15.777363178 0.719359461 0.112309425 -0.480911206 0.488500738 4.502034938 1.084980867 0.993844642 3.011489150 8.393959421 6.311456722 10.983591246 6.256850324 6.132496144 5.491292282 8.863872794 -2.090108381 2.794612023 -2.233124242 5.573329579 4.559700506 1.813760806 5.352424772 2.169646619 10.580990129
12.071604563 4.537944983 -25.730653106 0.953026500 0.096099176 0.258168098 0.125915338 3.927613708 3.882621379 13.059570691 5.076449878 2.368791199 5.297627016 -0.524734236 5.042090466 3.640276787 5.451840998 4.344991319 3.636254650 4.214773154 6.366333032 3.678557833 0.850205075 7.678839686 -0.007801631 2.284760997 1.622324632
19.556803224 9.264119456 -8.831038784 0.908786438 0.262873094 -0.225402208 0.232806340 1.094064835 6.857875905 8.251419973 3.844341483 6.244581253 2.133818951 -0.378803476 4.055673048 5.269164673 2.546913764 5.196926780 2.118220915 6.022696269 7.017163682 1.352577107 6.515503009 -0.132293963 8.260139236 7.708331636 5.663728219
23.863796968 5.758155885 -18.076819831 0.895817117 0.006821625 -0.312391852 -0.316032418 3.397213991 8.839633186 1.647904899 0.276074219 5.603188831 2.897170728 7.351973140 8.444965459 7.537632606 3.933266633 8.611898252 0.741689862 3.205312101 8.387760245 6.848604548 -3.485739753 4.344180363 10.698221782 4.730198615 9.572085210
24.968319692 6.467556586 -17.407227060 0.765705507 0.195840518 -0.602112995 -0.113143754 5.308387667 -1.243158147 -3.645703015 3.923134592 4.322042262 -0.780558934 5.171101795 6.265820572 3.170252207 3.080597664 7.703036952 5.928147429 6.009886790 0.419147004 0.701797206 5.995878305 7.712972392 8.990220454 1.107183083 3.833711748
10.796274129 2.396694178 -19.466974830 0.996275321 -0.052270675 0.059314525 0.034424544 4.638887937 2.469889968 11.337462495 1.012615727 3.199911967 4.187898261 3.180197810 0.696956077 6.938358324 8.983976745 4.889700292 5.706050074 3.895807852 7.008729383 1.122273616 3.014125222 0.806935953 -2.293530225 0.680632772 -0.326369773
16.197078370 5.463524109 -16.537930847 0.898364503 0.228544458 -0.368324819 0.071031527 5.525637671 8.134971983 0.942089886 5.134920225 5.855658983 4.312688604 3.731765081 0.894871380 3.322754857 4.316339422 4.222751175 7.018730662 9.551624104 7.610715177 3.923923656 4.374761339 4.143196617 3.898248488 6.390970921 4.505855637
16.635477508 5.692436819 -12.170635743 0.814187037 0.431191301 -0.350463207 -0.168371826 1.294354048 1.974026009 8.731591793 2.908747746 1.282729145 4.125275945 4.226002697 8.750579888 7.968165418 6.864750113 1.965828544 3.327993201 1.251442166 4.128043289 1.627196204 -0.876356575 1.928077614 0.472323587 0.575846926 0.392874833
19.769787535 1.805897339 -17.985229508 0.873076497 0.343611362 -0.340937246 -0.058570099 3.486090918 1.396390116 6.985802316 1.723288839 1.708345660 7.152902994 -0.391444091 4.538961079 11.702840091 10.860124079 5.232212037 3.392266970 4.807259345 6.340154992 5.219441662 7.826721371 12.177938975 2.646921054 2.845385470 9.247595957
15.438561822 6.441996770 -16.304173349 0.863586157 0.415496137 -0.174813968 0.225880469 4.763728455 1.905048848 4.103543212 3.446492393 2.128120717 12.549155763 5.646355940 7.780658586 3.381883236 11.085531657 1.407647104 6.729416939 1.644073692 8.082144433 5.027908759 -4.249314731 3.177803748 6.036370058 6.364510874 3.005116046
21.492801961 6.894896529 -19.114649870 0.819400759 0.271268258 -0.423046646 -0.275730782 2.071620686 6.269141033 2.095373796 3.205518988 1.292735736 3.178394498 6.595084456 4.791678040 2.581835197 4.415350243 4.607433735 7.944713266 5.167371043 2.331276826 2.864855085 8.262814664 -2.734282454 -0.884809955 5.774776429 1.195236748
20.512298003 3.525154173 -24.973761482 0.985551973 0.086428236 -0.117085579 0.086651232 2.791207551 2.593923847 6.755130404 8.838266801 2.073085633 4.352712786 3.196025552 8.533775972 1.457789726 4.831283022 -1.340818363 3.855153411 3.087739525 6.997138185 -2.065557776 5.542677112 4.640684479 -0.516882222 3.778050320 7.917636977
11.962549518 11.356425450 -20.524872326 0.871061184 0.470566987 -0.106396667 -0.092189339 6.387462129 5.307831405 6.030908340 2.815213849 3.196408229 9.786209859 1.590903271 7.553544203 4.223892639 4.154396961 3.144800223 5.005221653 6.638327953 1.540729289 0.396829757 5.744023659 8.134602566 3.788747230 10.720366202 4.047204334
22.474028556 4.450586589 -11.526955053 0.854809294 0.249002775 -0.317146238 0.326675606 2.545913522 3.000709964 0.956041301 9.470076605 2.066630827 -0.509567152 -1.452104653 7.614092525 3.315485655 3.817173250 3.357198695 4.907396866 8.913039638 10.715814926 -0.178323792 2.022250168 1.826927249 1.404965784 3.758161231 0.172587750
18.089014080 2.507292358 -13.138548394 0.824147809 0.260643001 -0.459988139 -0.203117030 3.273310808 2.001929421 -0.107947769 4.105746286 1.620650425 4.617696198 3.475328854 5.972020216 -0.483755757 0.624951300 4.227811162 -1.405319966 7.148465225 -3.675409482 4.711184448 2.936994323 -1.981329930 6.910329648 4.602577380 0.630281838
24.666475859 6.125847577 -15.713261221 0.861260394 0.132145256 -0.360853597 0.332494882 1.499872601 1.917909933 4.943197013 5.530738244 -0.181556465 4.108380820 5.290554711 7.374686847 8.924913505 1.797518700 3.112697364 5.204687168 1.217405645 0.997500788 5.719939860 3.415387150 4.559291620 2.530661046 2.966160888 -0.489644615
18.124665312 1.890862842 -22.452030787 0.881373801 0.040190052 -0.389364741 -0.264499681 7.254180993 5.238522796 -1.649879689 0.540361105 1.594328886 4.786255596 5.677203462 0.951413252 7.050047298 5.612394174 0.893067483 -0.810301340 8.396914797 6.477427483 0.722370872 0.453628454 8.170521105 4.500149464 -3.224454510 10.530286062
11.461685428 13.440189601 -13.215103386 0.885170667 0.450240513 -0.115117615 -0.022456722 1.183364059 6.684913162 1.423134151 -2.279462500 8.801591692 2.182906013 5.273674343 2.385948072 7.440434746 1.835813990 -0.441404272 -3.814661611 2.712122241 0.751918555 3.788309300 1.989652730 3.748188722 4.598504017 5.390989201 5.240014675
22.004025083 10.101762211 -13.452701510 0.867613854 0.244082306 -0.357224646 -0.245072603 -1.187953742 0.648958843 4.001024593 2.228788370 1.032431993 7.262522537 4.244433483 8.726663223 2.535546284 6.831964243 8.983506668 5.953458640 4.477369168 12.376689244 1.682701161 6.586306973 2.982773054 -0.198688190 6.068067150 7.677930300
17.708155714 6.577533906 -27.315797051 0.761773651 0.566354383 -0.177085818 0.259969670 4.820975230 3.584809070 2.959423188 3.170597091 1.546612022 7.810571424 0.949952676 0.740039176 8.157488079 6.101680376 1.590523432 6.768968858 7.591041254 2.947623147 2.796218480 1.553075985 -2.075206346 6.903635651 1.815217664 -0.643744296
14.475134001 13.349969975 -13.849735334 0.866256283 0.424913472 -0.154871713 0.212281290 5.134938716 4.926735783 6.000656152 0.653159349 4.748623963 3.972672167 -3.147131631 -0.112516643 7.926650151 7.905968624 3.196106284 5.115605695 0.089754266 7.827540918 2.573070743 1.982269391 -2.035781489 1.841737719 -1.977860647 5.687840448
13.454469128 8.087649874 -11.998928974 0.749040207 0.317696118 -0.325553617 0.481687437 3.505969967 6.390001016 7.841900030 3.356180110 2.829500620 2.496189638 4.260332188 0.294761840 8.476235595 5.957965797 3.943101131 4.544917456 4.353078207 2.525782608 2.127361391 4.432324447 1.159918547 0.865348093 7.175072103 1.934467011
22.778090309 9.039036105 -19.612726614 0.917350143 0.271263708 -0.289575929 -0.032101346 1.246983880 3.190990289 7.986938611 2.851104523 4.585102152 3.204090184 2.432591950 1.647667556 5.403635480 -2.495108045 4.522112579 1.476891893 6.157852351 5.702408181 6.643595242 0.106822986 2.410887134 4.365411800 4.438957739 4.096824857
16.323214264 8.448534424 -18.100133361 0.986405700 0.155126450 -0.023440875 0.048888702 6.060364661 4.434033204 8.120535229 7.782960305 2.490089092 -0.653112484 3.777411307 -0.924153332 3.474619411 4.463903888 9.020945987 5.543822768 7.293140008 4.679980742 5.444169494 6.002622881 1.226415945 6.409010041 4.379748454 6.050168021
17.893093660 1.279046568 -10.420085766 0.734549733 0.499614935 -0.437652847 0.138858171 -1.317644980 7.259760751 8.808787673 -1.992778439 8.824848807 13.771334171 1.775279159 8.467610982 -0.554122924 1.652064476 1.315815741 -4.120717453 4.314698607 -1.659371506 4.239624340 -1.267435021 3.761469970 4.576104505 0.500043614 3.690445539
14.671425701 4.275707097 -24.586837720 0.930773574 0.276217034 -0.168489232 0.170223625 5.379182862 5.592575018 8.428483870 2.338104255 5.274026110 1.224625854 7.515023471 3.481542112 -0.078928258 3.716606338 6.537627959 5.978492575 -1.257584821 0.846402013 4.488864036 2.812530905 1.907205616 10.242977642 4.229706743 5.289750604
12.922082087 3.859971928 -15.837837104 0.924631203 0.156507819 -0.314672696 0.146777165 -0.825990541 8.026023305 0.102727696 4.671784910 4.021500560 4.093170197 5.510016015 5.628505504 6.896192596 9.446211552 1.638953672 4.188662920 10.489995071 -1.794398578 2.990340598 0.252508997 -0.931639193 4.165337535 2.401305058 5.640989115
9.894142143 1.589910040 -15.357497661 0.929063292 0.226488064 0.250718894 0.150614049 4.915283558 7.044931293 6.169976693 7.590750715 -1.680653124 4.788398973 3.757477842 10.192576365 5.183452022 1.378274875 3.145424809 6.163389305 4.212264848 4.190247462 0.625015282 4.973995581 2.444307111 3.804603109 5.496647161 -0.153161311
23.570282363 4.443614352 -14.881792636 0.908470624 0.282370669 -0.308079610 -0.005906363 4.230357508 3.149158677 3.252779516 1.203737712 2.776094159 5.795004903 7.737708097 1.266546078 7.904144742 8.805715059 -1.731627003 0.759952364 4.625764046 2.555657808 2.924304519 5.464137160 7.234624283 9.401999666 0.575004237 5.337656576
10.525351154 6.819521888 -10.134072286 0.860836241 0.483295748 -0.113140052 0.112185184 0.682575247 7.393734914 8.837052760 2.431764624 2.733573836 4.234482935 8.047645978 4.366679195 6.260677465 7.781446554 1.588519912 7.055635986 -1.361243913 7.641111148 6.634411882 -1.602289719 3.142821307 5.912540667 -0.261929243 2.489947014
22.521485591 3.775490972 -13.734337774 0.818731507 0.319015360 -0.460911948 0.124370797 4.253582244 4.923146486 2.820377131 1.773624550 4.474646617 6.936183326 3.134955457 2.535408967 5.872039591 -0.387273743 3.296390224 1.490442514 2.204621014 -4.377917247 8.619056398 4.931785994 1.458456673 3.648002519 3.538577729 1.921802700
13.906100885 13.999471899 -20.470938297 0.901347850 0.204983296 -0.252730600 -0.285799134 1.220042085 7.255058506 8.014278921 2.172386215 1.518140462 3.826990267 4.058688013 7.146503182 4.374716186 6.685930988 3.153282648 0.537489837 5.348500475 0.730086032 -1.057445363 0.194116050 5.768046045 6.304671498 7.177211230 1.649274961
19.117862713 11.986609802 -24.738304233 0.764526872 0.435331667 -0.328834721 0.343296850 8.825596198 1.639078630 5.633461383 4.058658425 4.619423360 -0.045505516 1.897181805 2.601151553 -2.022204192 0.145559371 4.751405642 4.915784125 3.980684998 3.085801168 11.490442064 2.421093334 3.130871970 2.462133309 10.643885651 5.389965400
10.995025063 6.904802711 -13.463246469 0.862342831 0.321865776 -0.354270233 0.165105618 5.526331187 6.924071315 9.430223183 6.891039936 6.344862746 4.527199230 6.779243906 1.464934645 1.048929224 6.893569452 3.305812134 2.731664197 2.158482655 1.554812638 1.280193778 1.656393302 5.923586355 4.507402784 -2.240505969 6.668999050
21.019443558 10.605575493 -17.184717444 0.774149910 0.540176722 -0.193567197 0.267269091 1.965784952 4.993466907 2.311932350 6.376482740 7.237479420 4.613138422 2.305556382 2.892393928 7.041721275 7.260747190 6.648163187 6.447303401 8.397267662 3.112669483 -0.322238396 1.173000495 4.373072640 7.253653794 5.548183101 2.271270345
17.016302706 -0.589775614 -14.780764698 0.938229929 0.195887874 -0.282447831 0.039695884 4.432780331 0.378831885 3.528169818 6.816340761 9.933123771 2.898134697 9.757132361 4.690432750 6.075115913 1.447525882 5.280668617 10.434958282 9.187020475 7.543390491 3.644405197 0.751892087 5.770817588 6.329796722 -0.861101737 3.262731878
15.049904173 6.304835461 -21.771367766 0.815213542 0.517987454 -0.219049836 0.138322258 3.559759701 4.403790733 6.152109870 3.798681543 -2.279287294 5.013911133 3.781748548 4.545695451 6.089625351 0.888845071 2.015654502 6.998636078 6.514120662 2.294075284 5.238428052 -0.284838193 9.260056848 -4.389032893 5.653675498 8.528561375
13.492942255 3.370630700 -15.952277169 0.943578401 0.283644495 0.053736654 0.162228151 -1.217431613 3.273209260 6.592464493 3.429162128 5.670638923 2.302169205 4.679171031 -0.040789238 1.373477185 3.768722314 6.661880531 2.287819238 3.115138471 6.722201186 5.568878467 4.902291727 -1.422077303 6.184350497 2.312914992 2.197060237
19.820326585 1.806023786 -15.129922392 0.867930660 0.265974608 -0.329676922 -0.259358834 2.412640841 4.112399862 4.012996131 2.130210931 9.414491543 4.605251722 4.642347483 0.541971211 -1.314054095 8.627713380 0.943205467 5.015025514 8.646609257 0.900617015 8.098130161 3.687166586 1.102136722 2.674325563 -0.821708462 -1.522541483
15.744786566 -2.074303506 -16.013288513 0.928432296 0.204096605 -0.306501019 0.049144416 6.282180513 9.537423431 6.903347942 3.457290446 1.796519525 6.472796435 4.413145290 0.113940171 5.056776972 4.021755103 3.655850749 2.637308709 1.970307345 0.320962525 4.761101070 -1.647475972 4.978528781 4.558555902 -5.954336160 7.093756071
16.499240551 11.689566131 -23.540805601 0.928448475 0.336843885 0.020569574 0.155230533 3.174712745 7.792796226 8.142096189 0.765315089 2.688380887 4.970397566 5.790574394 6.144364909 7.670994194 1.423240051 -0.175940210 2.686333985 2.890016357 6.262553214 0.933154966 4.009404237 2.317654263 0.225048540 5.507455645 4.004456884
15.808922594 0.212858305 -14.490915022 0.907414994 0.353874733 -0.221398402 0.048512360 4.790739338 3.541396147 2.360468659 4.141441920 4.555120612 3.457083415 6.763039752 4.877677418 -2.441319706 4.520308479 -0.479392436 8.520293632 6.276337325 -0.448754179 4.910270942 -0.651321988 4.583315278 -2.681169063 5.306912532 -2.430313324
18.115647136 0.898704098 -19.676899958 0.723605814 0.304102512 -0.601651295 -0.148094589 2.975840362 8.701812193 0.984326150 3.526939395 6.084109202 8.326068650 3.850816052 1.349010296 8.703176752 8.408962014 0.986785739 7.457662127 2.492799903 -0.065932340 6.100496540 4.264029436 7.609539174 0.745426940 7.090997781 4.940549468
15.931317917 3.737955947 -15.553355981 0.816417161 0.536017703 -0.144076338 0.159342557 -0.441272579 8.241369982 5.139833880 3.291571363 2.550570149 5.092264954 3.418406068 -1.421166118 0.708554518 0.264042801 7.199021728 1.496829159 -0.495669041 6.552160053 2.667786682 0.870892057 7.811112882 7.104109075 4.983990457 3.469682430
18.261405547 9.298771277 -26.506034794 0.810801254 0.358155116 -0.461429432 0.037538233 -1.769014757 -1.482682519 1.362890973 2.529076846 7.201729430 1.439328308 3.457015276 2.552167789 3.016866944 -0.627151928 10.163165980 4.886611119 5.448292121 8.949599733 6.471038260 7.105229763 1.611591966 5.356119360 5.563433148 6.401929822
10.862495641 8.161218047 -11.396534293 0.914952915 0.397872373 0.020043869 0.064474651 6.619265291 7.218484428 0.387093283 5.735179691 0.172047142 10.796486053 -0.356850776 8.893534668 10.242715323 8.088846629 5.302033850 3.163307121 0.898484742 2.815994354 4.743874962 6.520067230 2.789677342 4.094427647 7.249568011 0.170838109
22.330194405 -1.863209108 -15.981287696 0.952245566 0.044969264 -0.301990085 0.002852240 6.101530630 3.350328854 2.653149903 3.731220282 7.142132657 0.975049326 1.767262025 0.889649575 6.542260551 0.578671631 4.569848778 7.127781336 -0.289865108 2.972667930 3.124669805 1.588602073 5.852748004 2.115432934 7.017139224 1.157546426
11.865431440 0.244101639 -21.963869833 0.847777898 0.408566609 0.076061260 0.329485427 4.283714839 2.472760885 0.509543370 6.773324314 2.032045497 8.734214363 5.457885103 4.892282201 -0.449535277 5.736184232 3.839087640 4.770144725 2.001016377 3.778734051 2.044505836 9.457627573 3.759337318 1.696412828 6.151412134 2.392320026
17.979236112 5.405781723 -21.258765977 0.970870188 0.032787145 -0.164639914 -0.170967188 1.199219167 5.183418612 5.622316255 1.932877830 3.137998239 1.352915866 5.672879558 4.585024164 3.068247485 0.645917948 5.882377368 1.114074538 2.717480926 0.344386657 4.484807524 2.589179897 -3.461455450 2.589248501 5.096784367 6.022485627
13.059557798 8.085513995 -10.200470635 0.757020734 0.399990438 -0.494210939 0.150608120 3.363700534 6.815059706 4.457762591 6.482982584 -1.965649669 5.155389982 7.651911008 2.869216490 3.092866841 1.576130482 4.854135599 7.359521304 2.541366740 3.531975536 4.507280992 2.793554633 4.854383819 5.216831866 -0.031293595 3.726337394
22.085162549 6.769028066 -20.815003568 0.868688650 0.419043841 -0.235462144 0.119749184 7.898501239 2.859730539 2.440909901 3.709820496 4.748566555 7.192617524 -0.105566626 3.875875198 10.220298971 0.646503412 6.205775165 7.000442858 2.335991058 4.901833424 7.939010406 5.922825151 0.694678286 -1.676041389 1.175442600 7.263929372
17.067020896 5.593423749 -17.201527265 0.981567060 0.147574470 -0.088463590 -0.083199016 1.875789238 -0.282422558 -1.250045594 2.650823534 14.038815670 4.497528137 -1.888420726 4.440022484 6.869775178 8.880046568 -0.483346368 6.534339655 -0.430186286 3.795392565 8.601005402 9.105872481 4.249620081 3.890335155 2.869289350 6.887092188
22.823118397 9.116932048 -12.307252815 0.851608898 0.370065086 -0.231991388 -0.289817379 6.900163352 1.773208243 6.288942345 4.316197664 3.764349160 4.964763827 7.834896970 2.730937447 4.489078280 3.555628670 7.593881395 7.898891266 5.261954914 3.050004765 5.981292096 2.478781079 3.007884589 1.732737508 1.049606345 4.708327168
19.582875484 -1.074272207 -14.773180091 0.829500162 0.284003148 -0.389690541 -0.281803081 4.049249048 7.169249018 7.761097045 4.258093492 1.762261974 2.787853186 2.428706574 5.495612898 6.609018296 4.006287613 6.373572731 7.315296542 1.608145196 4.846826871 4.344209616 6.074142809 4.547119238 0.964766953 6.272928583 6.429257848
22.513397952 5.190095036 -24.930355882 0.784296139 0.305072961 -0.508871670 -0.181272389 6.210767791 2.902255820 3.862750853 11.432018474 4.126778020 6.249019124 0.903061080 6.679130506 3.866125465 -3.194598083 2.870347200 0.913823001 8.963180500 1.616443595 3.356827730 6.597059552 1.933620415 2.781332177 5.791352876 2.802666147
18.528550534 12.042790769 -14.902087967 0.781042829 0.543081119 -0.304022313 -0.051043428 6.064882586 1.956049254 2.453490818 6.354396057 6.072050505 3.209692565 9.778867502 8.495457774 9.128610084 5.146274838 4.180387763 1.211394110 5.216711146 2.991052343 6.290214803 2.967651299 -1.675234617 6.230064392 9.576745542 3.456848710
19.684082375 0.706911773 -19.846180453 0.989570526 0.054452015 -0.133351565 -0.001585209 0.583951833 5.089080885 -2.235067192 -0.812902025 5.875432073 0.196386840 4.023959074 7.084683614 0.598063278 4.634330015 7.905200674 4.707873296 2.786812494 3.175091802 6.197517816 5.210939012 3.387718889 4.140892996 -1.594916313 5.497281788
17.024070542 4.958040204 -12.876223853 0.948572083 0.229052019 -0.216984053 -0.025770078 1.589440038 3.625004742 4.993501883 8.170943294 0.813661997 5.849867733 6.110003529 0.545118590 3.627255541 3.431105421 -2.487905746 8.109162797 7.399299687 5.683950727 2.498871936 4.270768878 2.377779763 3.718122075 2.469192556 3.009265093
19.039116071 10.646027948 -11.026988797 0.749463936 0.416946152 -0.174210319 0.483849645 2.415007370 0.069811293 1.392193449 8.242293833 5.370236662 1.794075447 7.548531475 4.714751918 -0.675375549 4.526770315 5.715736755 3.712369039 4.290806787 0.243222363 6.269944285 6.641415636 1.069650127 6.766249787 0.858501323 5.691859678
20.359506871 5.694191831 -8.316569961 0.799011026 0.487252368 -0.301470363 -0.182433905 5.843146903 6.766636027 4.094281027 7.588692955 0.683354567 4.839959695 7.257600664 3.247158292 0.647309535 7.731456643 0.781198824 2.233230871 2.181748853 5.336428927 1.725019564 3.533237577 4.553609782 4.962061508 5.168228881 8.874448767
15.352408730 9.030219768 -9.420989299 0.973534207 0.129148487 -0.187579261 0.019126869 8.113530562 2.343762685 5.497220244 -1.718573020 9.891377574 2.243726767 1.010001912 2.556249667 8.404260557 -2.207008990 2.137651541 4.213245031 -0.976291180 3.051876747 2.688182383 6.250770066 7.042124617 3.647826126 7.401210335 3.040175763
22.312552596 0.174772491 -20.023870827 0.933921963 0.186949632 -0.303697630 0.024644505 1.955932619 9.177171141 8.454821346 4.994530848 3.003974898 4.424413777 7.266302091 4.306066525 -1.774801238 0.846454416 1.609739066 8.827265298 0.732438647 0.787599993 -1.085315186 7.823469146 7.587082369 5.064889698 3.989563685 0.775701983
21.205505563 1.160412827 -16.269339222 0.893298348 0.074762247 -0.391825490 0.207126659 4.914958948 3.209424067 4.808128678 8.077482171 7.475537324 4.042036183 2.208942140 7.317482636 5.206201069 3.307749064 -0.955994131 10.004516929 8.612739242 6.463795861 5.390827498 4.747248957 3.121678543 -0.367800745 1.369716037 3.591966818
25.813958307 7.294993474 -20.604423334 0.900088813 0.239276282 -0.361334783 0.044990708 3.779786327 3.924853331 8.960829851 0.907758864 3.918792656 6.629940042 -1.224779504 1.453413978 -2.784253312 6.223881976 3.623290462 5.567446000 4.985524007 3.495644809 1.188488745 7.260907114 2.424450924 6.838799482 -0.483630544 6.850822359
11.945472118 3.066096741 -24.082575467 0.915668077 0.204315908 -0.280529496 -0.202756467 2.321254794 1.644297065 8.024793142 3.282240265 7.675771509 -0.150015322 0.640505245 4.720615477 -2.394553554 7.221615816 3.743862545 6.447900418 1.913880057 0.135603612 2.307649669 2.186573028 10.641940287 5.440366097 1.408002056 4.472929583
22.712126373 1.258630853 -17.050461674 0.916760684 0.161704422 -0.358010067 -0.072320959 5.761895436 -1.774960213 -0.051190010 2.692829532 6.112211914 5.617264064 1.621819037 5.607123575 2.333051581 -1.932141558 6.322236723 3.053932607 5.801920347 3.763684458 7.944159000 5.985716656 -1.584861270 8.393998697 1.702613756 5.233540094
10.538926762 7.251116030 -15.480986631 0.975901320 0.208799914 -0.061790174 -0.014183942 6.502024845 0.093448648 9.652366019 3.197969186 7.211673043 4.986400326 1.471296123 5.741417059 4.051894206 5.561232763 4.132388639 0.868385940 1.157739013 -5.255950253 2.475238786 -1.165667800 4.607781262 3.579970625 6.501092774 3.959899545
15.804674370 12.891225337 -11.095572926 0.834700792 0.395201460 -0.169552537 -0.344009201 8.732130846 4.709614283 1.809095029 -0.806627572 6.534589479 -2.304546786 1.922120865 3.776585547 1.736348675 0.082767020 3.569379799 1.841595121 0.210119254 3.964961653 1.881556369 3.566378495 4.134203646 6.656362977 5.697676248 1.277597970
14.018091430 8.208802949 -9.627295811 0.900219028 0.397757008 -0.176986225 0.008422561 2.062025966 0.176976380 1.166627368 2.811504086 5.056187109 7.564697243 2.280023902 3.617813192 6.571893511 4.226356019 4.051863153 3.176185213 4.766819803 2.799926794 3.033403691 3.581808590 -2.247159903 3.404937030 3.603451871 3.522640655
25.188735640 1.289183477 -16.874376549 0.780332128 0.078015189 -0.615783733 -0.076195763 3.692017761 4.560961148 4.924212125 -1.103939537 5.503427552 9.898335554 6.730487787 3.686947726 4.023135806 4.747724768 -0.120767141 7.780076017 8.292407121 3.660357317 6.434310439 6.974065267 7.668995371 4.047579291 2.167217461 2.170291379
23.715269626 7.723860181 -20.754960424 0.952028217 0.132923573 -0.245318430 0.125668075 6.334512863 8.809621272 2.319568307 -0.777960111 3.151070328 9.819805377 -0.341313310 10.570169351 -0.331648825 1.771239339 3.518830866 2.877100811 6.622910430 7.465701917 3.442702525 7.188121568 2.713017695 1.788853849 6.538659232 5.622534240
13.402055298 13.538145582 -13.118819417 0.906684100 0.397881739 -0.133783093 -0.041426418 0.352880256 2.775878932 7.021113383 5.422449528 2.702212988 1.912169869 2.923833296 6.470480080 3.409621737 1.205971294 0.654601671 -0.302329210 8.492101636 5.657881887 3.227881617 3.380391491 2.251727564 3.867697647 3.929318256 3.286002310
12.078819964 5.815924838 -16.583336967 0.950084171 0.286574192 -0.010751824 0.122880832 1.672155781 5.169283960 2.842053034 6.560801771 -1.182153695 4.058461129 4.215584310 1.976422526 -3.031556102 2.833648848 4.226814120 8.312782626 5.682476890 5.414338697 4.118845338 9.763677878 5.021621154 6.383769170 2.009229247 6.414598661
15.787023645 0.416863698 -12.206083600 0.849597417 0.383546837 -0.145704987 -0.331430399 1.949551426 1.842829090 5.567218628 3.513901308 2.154906355 8.219054609 5.615063702 7.236769888 7.421180864 5.183522892 6.529641973 6.938845550 5.325062492 4.077897339 8.341435629 2.452581219 12.391290870 6.187023572 6.557461151 2.816944808
23.035709197 9.233533409 -19.871810183 0.900740249 0.286448160 -0.153749695 0.288054661 7.350806412 11.395738961 7.584246025 5.322318409 3.511006073 4.366075475 11.580293288 1.364899590 4.837562950 10.035877383 3.607020553 7.211646206 6.754383481 -4.245628714 -1.076118651 4.044586881 3.857916979 6.731557271 -0.293484184 4.117057985
25.062857516 3.762777761 -13.697417665 0.905722100 0.079787660 -0.374611051 0.181570831 6.100310817 6.146122524 7.808645819 -1.157667441 1.608139151 6.002479546 6.139949137 6.375878046 3.702588495 8.929819808 5.383237205 4.377161621 5.601465222 5.363881748 7.866852911 1.469549512 1.579081839 0.652370285 1.566313266 6.775119006
24.126473352 5.716219402 -17.823502621 0.801481984 0.380965724 -0.319785517 0.332007485 3.243967074 5.673892656 2.277969168 1.604762133 1.027567658 10.824514278 11.686240187 0.721004453 7.366189782 -0.326706203 6.391621273 2.764780363 4.459026636 7.665251955 5.193269039 8.753156583 2.835708963 1.259518799 1.485846205 5.524705788
17.303665054 13.216489942 -13.024506813 0.888684136 0.360691532 -0.170269758 -0.226164400 6.312821936 2.383981257 7.338913390 1.082753581 6.581069515 0.379188947 3.877701247 3.254473696 7.332812063 7.403485988 1.972064680 4.049417230 -0.043199847 2.665493678 -1.670083044 4.068983970 8.102479147 4.630097189 7.719749285 6.293163462
21.862962547 -2.036139617 -17.280153675 0.944786620 0.050400609 -0.321650483 0.037134717 1.951842593 7.497446106 2.279223456 7.698631064 -1.473605752 4.581494022 2.807415503 0.791952082 1.020838859 6.802273039 5.112649086 3.946175651 1.938900513 6.907574517 0.819440442 3.287044268 4.035193940 -0.640138621 4.319109301 9.937063256
22.623305535 7.914234387 -18.273569297 0.962445106 0.207239211 -0.118333693 0.129415856 7.140851842 6.676495036 5.514420756 8.054959795 1.043824204 2.864232085 5.033487015 7.688684386 1.252644789 7.326818570 3.236526957 2.790918973 -0.072076785 3.637084600 7.719579204 4.755578297 2.446399398 7.735399517 7.506752554 2.544943142
22.806418239 12.913483099 -19.994548822 0.928421331 0.311340769 -0.127971643 0.157238723 6.214065440 5.170218437 5.445872536 8.472397658 1.776998271 1.176694423 1.808129808 1.548322117 7.209377456 4.720427694 1.015286255 6.047012298 2.924098812 -2.444202093 2.382216438 -1.415334603 2.967778552 3.931492450 8.036261141 0.587434792
15.503811628 2.528691476 -18.705504041 0.918788866 0.317922606 -0.174708816 0.155656886 2.174171308 -0.362557543 12.620976147 2.654638361 1.123353455 0.844510979 1.654932707 1.403193023 2.491847469 6.230079289 1.856010311 5.282033538 2.709535095 0.124394502 -1.248797131 8.564115713 -1.889335433 2.787027841 2.766100512 4.754122755
14.688129178 7.608089374 -8.418656589 0.743135166 0.615615989 -0.181968389 -0.188824215 1.425347122 3.235659415 10.364531436 3.364279760 7.535168589 1.561723804 5.921296582 8.748181551 6.329592939 1.311467174 6.159892287 8.262989087 4.087298185 9.190889087 3.531454399 6.346703673 0.220622431 2.856301276 7.886149968 5.068898628
18.652863277 8.829791216 -15.777941462 0.893771951 0.292802882 -0.216130637 -0.262155908 3.835072719 8.578012979 3.807521153 -1.196083514 0.324707116 4.467636157 -0.142153527 6.396609006 6.980380367 2.374338027 5.285274302 2.020000861 5.976834307 2.308197362 7.196387159 4.716010810 2.016822920 3.154647826 2.926535018 7.241613968
9.441322289 4.641335158 -15.508995687 0.739380413 0.377062547 -0.256282471 0.495438932 3.498926496 5.204116257 -1.266040274 2.619148969 3.297909906 1.551845486 6.952749164 5.463717280 4.961938735 2.493530842 1.963574110 9.538201558 9.506167783 4.198665559 9.523966662 5.102918867 5.165133950 6.673385589 6.179055818 3.627995894
14.148659496 15.484924104 -16.980712356 0.815600237 0.517564598 -0.193444312 -0.171762738 3.322773976 6.210094978 10.700472225 -0.183366505 0.914491429 1.276363931 8.016704455 1.813888291 2.974120359 4.373724027 3.171242566 2.148713055 4.123907845 1.840574308 3.727105073 0.991943218 2.057077572 4.850616499 5.411446083 8.931430181
15.100495569 5.988046755 -13.746164083 0.899287545 0.374319701 -0.115117040 -0.194717077 5.674041387 5.166532278 4.799413685 5.752233103 -1.061486412 4.309836314 3.679028499 2.650928995 3.921799046 -2.709941080 1.460361414 2.792688467 3.293732809 -0.385853558 4.817862249 3.696673636 -0.288899648 12.380444717 2.710260692 3.599892845
20.777503957 3.337301930 -25.104581500 0.868048371 0.426045565 -0.148265912 0.207350965 6.696695453 5.536451285 3.991323857 1.702777270 3.856395695 3.999868101 7.506104166 8.898460419 7.826373768 5.399166495 0.600415500 5.634957994 9.468062305 2.707315407 8.045382619 7.324696027 4.030057605 6.081693864 3.956572506 6.619432843
9.543716899 2.339250489 -18.598784440 0.880585307 0.432062425 -0.076357827 0.179056028 3.152216906 5.229584870 2.790548905 3.953421830 2.238906062 4.847895535 7.409771001 4.012386936 2.524598209 5.260689593 7.071627159 1.452493858 4.439862103 -1.867712750 0.135951785 2.195205092 5.615530105 5.125385602 5.425423810 3.018397217
21.112640305 4.373670634 -20.359072452 0.764722332 0.456416283 -0.314106100 0.328970043 8.822616449 4.082499525 0.817592382 8.397193289 -0.293531527 3.690499380 -0.007584001 0.439961802 1.479127204 3.685756829 6.927788590 4.987558112 0.001474121 4.014899368 5.918412284 4.938284175 0.834565332 4.890076178 8.149122827 8.437764737
17.704375794 6.120706350 -12.471853349 0.943686252 0.287012730 -0.132629990 -0.097412708 0.859717198 3.540099697 6.658315829 2.361491626 5.142163988 3.122636875 3.554316879 3.357908246 4.158700224 3.896493173 7.739591973 4.865682367 3.959902022 6.117950320 2.855557315 2.081009547 3.999461068 4.947745219 5.503786517 -0.021248829
12.827752737 1.773143693 -15.400115147 0.867094516 0.122659493 -0.359064028 0.322761170 7.353222782 3.694437540 6.705242386 7.408296173 5.574220974 4.532470642 2.421908936 2.328199124 0.122404882 0.319489403 0.583983586 -7.142025919 0.119562404 3.855930260 2.263575690 0.139665234 4.139275016 3.912367004 1.967348379 4.212776325
17.558972582 8.383970232 -7.784385114 0.919419308 0.318890212 -0.173611515 -0.151116547 4.477476500 5.661002597 3.200964438 7.334961572 2.924564688 5.135512667 7.561116881 1.506173946 5.145942393 0.351365726 -0.778630193 2.429138574 1.013253218 4.110743876 7.026616680 4.754243827 7.134786044 3.166486566 2.359766878 8.129035994
16.914125170 2.023126058 -8.685746289 0.766256466 0.311152132 -0.311914370 0.467701620 -3.970987432 6.888034814 1.627998773 2.266773593 5.379846250 8.338383073 6.165767793 2.578602435 5.041650638 2.447505964 6.426738155 3.636972681 6.131690242 -3.090449811 10.922358653 3.134218828 9.339697848 9.329353796 0.351705131 5.863418990
24.986466537 11.315917143 -17.260907491 0.787378627 0.448006411 -0.366224467 -0.212614186 -3.282833363 7.713044313 10.201624513 4.748452272 5.159623800 3.676784280 5.785630149 4.048999422 0.193981622 4.952303805 8.263263456 9.569161975 3.447840744 0.098749082 4.110840969 5.594073074 -1.197507542 4.112647450 7.193804713 4.578264059
15.105522170 9.833885607 -21.595603729 0.733180690 0.463853343 -0.285783437 -0.406956974 2.557815907 0.513443675 7.373427845 -3.183370434 -1.754038703 5.582034046 6.764004531 5.266933586 6.470331322 1.643340021 7.483962865 0.840589609 -0.906163591 11.133869047 -3.673425216 2.660560409 2.429075893 1.637707248 5.314283492 4.629170338
19.006846078 10.908515809 -20.567630465 0.709193311 0.407745576 -0.425235285 -0.387251010 5.277278320 1.978659268 2.714508045 9.067704392 4.101789484 9.460844788 2.947659144 4.422463642 2.211149984 5.452474864 -0.972242313 -1.441612517 4.791116411 1.687581677 5.621075723 4.843620550 2.078864294 9.804080588 5.346313442 1.742140552
22.144765137 12.890191131 -13.238886330 0.745657596 0.298677012 -0.352551137 0.480098414 9.502218573 8.970595135 10.470120138 8.635229874 -0.450644579 4.103136265 4.497795832 1.959096008 1.036575581 4.215906689 1.121098329 9.365582835 1.269147360 5.634879396 6.815513356 1.330982855 5.309386375 3.374284355 8.696351252 5.805524103
24.163775063 2.948282126 -22.308172429 0.966800112 0.191796935 -0.143051130 0.089709831 5.647797016 3.004667563 3.943368045 6.284164220 1.866353235 2.558969967 2.042729429 6.267531261 9.848911544 5.701693397 9.733341447 3.872174637 5.491270107 8.914071738 7.400035385 7.606090415 8.194170619 4.438466343 5.213875430 4.742291805
25.022777885 9.283687052 -14.960295020 0.868967128 0.325276429 -0.258194712 0.269122398 4.413549314 7.098534535 2.667004713 6.355707796 2.075898594 4.699561588 6.110696097 6.383734743 2.648104651 3.898445338 2.520130198 -0.075665081 -0.646120907 0.384222780 4.439343476 1.024561858 1.892804509 1.600790820 0.598379669 2.781836441
17.595168873 1.747867095 -20.011833317 0.730878499 0.401039264 -0.524446591 -0.173031505 5.681780345 8.122902825 -0.462875455 5.659876984 6.911930339 7.426710441 5.838401521 6.410172406 1.693053179 -2.013672025 5.348829616 1.922658428 5.603612308 6.707086527 2.338437088 4.603185128 5.448938917 5.378125584 0.560422978 3.953711686
17.328476903 13.155504476 -24.571926850 0.765563337 0.385505170 -0.487931887 -0.164987926 4.514898596 5.417903679 7.439027736 1.062504070 3.914195509 2.654710414 5.551120575 4.834142013 3.219887078 4.301756196 0.332592823 2.026383113 2.082588604 3.005153514 6.331765743 1.945221886 5.395881364 -2.660465918 7.475567636 9.142543073
20.566973789 6.463129678 -19.428799141 0.734909041 0.531462248 -0.400773653 0.129757692 4.133004377 3.762827093 0.358986932 0.109037303 3.321016299 7.619365269 7.161447044 -0.365250171 7.476088434 9.025281647 4.732715836 4.308633697 8.735015989 2.086178776 8.183971859 9.164580577 6.193673845 -1.635318875 2.626475586 -1.682102838
13.137940090 1.236008121 -15.205116874 0.827481461 0.508899389 -0.119108526 0.205204783 4.485851627 3.483630862 3.162546912 2.533507885 4.841122569 5.456705857 5.921080614 4.198081877 5.008862057 4.333829290 4.450108054 5.789246037 5.533669961 5.618239521 6.553064961 5.643589677 4.505064592 5.330851906 7.033775548 8.190079537
16.713945699 9.759179944 -19.669497882 0.900399008 0.379073677 -0.162533492 0.138447238 -0.706670836 4.036156553 7.172169012 2.767841021 6.239108812 0.314083610 1.852654830 5.981071395 5.908726006 5.059355547 8.824129278 -0.330851260 2.688770911 6.035009578 3.459512435 0.727679734 4.894872462 4.536215862 0.470259156 3.219063963
21.239431128 6.529423244 -11.497752347 0.804761956 0.399751908 -0.382918754 -0.214312471 4.043218396 11.528739275 1.762770872 3.974885898 1.903806652 3.929843059 4.708878459 2.734240512 3.127168010 4.589426311 7.903953240 7.335448727 3.699797166 5.737326181 5.316326461 -2.681091494 -0.291503549 5.170769768 6.353453389 2.568654877
9.970352879 7.403602163 -22.566623115 0.886567031 0.261304594 0.151243566 0.350491357 -0.523216828 2.384655553 9.266920299 1.977073459 1.647757835 4.266509926 2.399675866 1.354885615 4.878543715 6.402303578 5.089897978 3.836679412 5.331453805 7.815588647 2.982359827 5.805160783 5.232374559 5.000023939 3.895340843 2.935346340
15.497594530 4.832891496 -16.509005778 0.786632902 0.518980017 -0.266869120 -0.201616695 5.160423205 6.345210511 2.843996138 6.212255161 2.876092424 6.275901029 0.619470923 0.901221363 3.363057814 1.869588019 3.338957219 3.804188794 1.009575642 0.718618174 3.470463079 6.155999171 0.745461231 3.063357578 10.149875930 7.327947001
18.497810458 1.999540339 -12.396178306 0.939780660 0.096164505 -0.302426089 0.126898222 -0.483843428 3.049007116 3.984129074 8.592040741 2.861472368 6.573579904 3.039144705 1.420748431 3.411851889 -1.626407599 5.995145762 7.814555873 7.005146397 3.776201110 4.818201340 0.357505940 2.121032217 5.443948971 4.137311902 4.476989233
17.587059620 0.070868974 -22.764258794 0.948638746 0.031906375 -0.314264823 -0.017439468 4.981880044 4.110825986 -0.625378885 5.264178441 5.700979781 2.292288634 7.315065673 1.692461107 4.196687156 -0.088148287 8.183779905 0.179560207 9.973816544 7.329971700 5.505239917 1.151637433 7.198669698 8.890792531 0.683630440 0.404731487
15.630568374 3.138272537 -8.820407902 0.920415162 0.273797154 -0.112701043 -0.255283221 0.449241575 3.117336630 1.810999689 5.453879969 2.978029392 6.549915000 2.828585313 5.334628495 3.225140195 7.889509155 4.180162825 2.424772790 2.324870398 4.253685784 0.801975420 6.698511047 6.630645896 7.322006966 7.346755868 2.897693042
21.099346050 15.495330685 -17.098997377 0.875038681 0.433145189 -0.136029464 0.167894423 -0.899897696 5.401386727 -0.536702875 1.991191283 7.905266932 1.962518613 -0.449292289 8.175975592 4.652311432 3.202097419 8.318443232 2.492531924 0.716581066 8.204135601 4.764819136 -3.558457614 4.858320674 6.554915843 1.537275837 2.209846463
16.516548262 -0.562031339 -21.295454728 0.779946497 -0.122507391 -0.441322425 -0.426508991 3.213963256 0.891170453 1.798123115 11.345518031 3.944474249 4.692715600 1.572910666 6.409623504 9.251211809 3.828936139 -0.452612346 3.083713422 -5.674428250 3.262064207 7.167586672 6.761175122 5.892232983 2.527985421 2.249773322 8.326882277
15.362302854 4.386146990 -19.860932558 0.759896301 0.583482497 -0.240977310 0.155034589 5.309100335 5.641839371 0.523592670 1.490517776 -0.220859963 4.090250516 0.981653736 4.305117899 1.827772308 0.503703003 3.410511593 3.289092862 4.585506113 4.941853678 2.950210216 1.388320054 4.231082149 2.230153342 2.164476197 3.770168930
14.392787256 5.549919107 -24.013472519 0.938092382 0.302797004 -0.046790683 0.161577502 4.477923260 2.424057166 7.911353465 2.706534176 7.966482921 4.952893933 3.748104724 7.308553754 4.916631787 7.816336903 2.141068419 1.642622894 3.623725216 9.173803771 -0.161243840 5.270505439 6.946307391 12.312872726 5.461275991 5.322105853
21.875100438 10.282945018 -14.976928883 0.910930499 0.278439026 -0.115791738 0.281548589 8.517466567 1.389622766 2.949410939 1.900137888 5.213790644 -3.617387578 6.892579789 6.928496414 6.349160710 0.643444866 0.197054051 5.203056666 2.400999139 9.608375295 5.770947892 6.713303363 1.073892922 10.046773112 11.471771319 -3.694998254
14.229053843 11.712123130 -17.221548526 0.721474301 0.483375022 -0.216818029 -0.445884923 3.915901722 5.337679224 -1.422553898 5.906029127 4.519962526 6.801906719 0.918259521 -0.806452837 5.447313624 2.946377902 2.682232982 4.744159048 0.952513470 -1.095698218 8.107292206 8.101758038 2.905466343 2.905526497 2.551936724 1.688159273
23.926531689 5.333432353 -19.261641314 0.913101875 0.272381029 -0.279118797 0.118937959 3.469572442 5.134970986 1.000326728 0.339151808 3.698317314 5.185493722 5.747824382 6.109188415 5.472044008 -0.074851146 7.726050056 11.220276035 3.437780284 2.866896584 5.334702174 -1.227108343 7.320842074 5.876067279 5.081987904 8.985347377
13.308065131 -0.538923061 -13.599786336 0.760755244 0.200746845 -0.573920193 -0.227085391 2.043269595 4.207236605 2.677132831 -0.389166789 2.103460785 2.607980975 2.250729593 6.846867463 4.117281439 -2.850870470 1.717941343 5.962923905 5.445250613 7.329987015 7.130429444 3.379854770 3.497886471 6.873974357 5.796602919 6.345271371
15.950691783 14.812496472 -18.696581888 0.940767671 0.288985020 -0.173111084 -0.038423945 -4.474157614 6.049855108 -2.337073952 0.326013547 3.202850015 6.382928788 3.236426367 1.282224317 8.680788917 3.179733017 5.272419634 8.220815215 7.796843077 5.734277376 5.530400203 9.949378360 2.187003983 7.745442260 -2.326355189 -3.261802234
13.968329733 3.547866066 -17.636813431 0.773591075 0.551673515 -0.271936827 0.152523913 3.164514523 9.028669716 0.292865223 2.431867816 -1.231720342 -0.953846865 6.370815684 5.583096802 -0.039625234 1.300355631 4.376322262 0.439975754 7.569367518 6.674885019 7.094725515 3.308967408 0.443928439 3.660891779 6.177566415 6.187298387
11.188550272 8.681270934 -14.898851665 0.981887296 0.181339168 -0.022498580 -0.050072534 1.700700683 6.360796799 3.926159241 4.339303553 3.359682978 4.602512420 6.959108174 3.572209448 3.888907291 7.603090860 4.470404072 -0.757769923 2.802483243 4.990039815 4.523833662 6.741397707 3.843905266 8.799421646 4.000507712 2.438706612
17.942203373 0.247529265 -20.089225808 0.830300855 0.350612753 -0.147357536 0.407378134 6.529911893 7.238445229 3.402171181 3.071553726 2.922048976 3.463715227 5.480603250 0.857348771 8.711767057 1.757759104 2.598965767 6.289887930 3.664482590 0.461979067 0.754631436 1.158991303 -0.918743430 5.038940289 5.003426877 4.044247811
21.871329216 4.384624442 -23.269985694 0.976386886 0.174486518 -0.018883408 0.125962382 5.007817167 1.321266229 2.939569727 5.199937003 2.044918843 -1.717041643 2.856796085 4.791238959 5.508708327 0.615019742 3.383097713 9.316889017 1.667000133 8.396914088 7.000054574 4.515334251 6.010888642 2.799744022 4.295648190 6.365973830
19.943665563 8.214871514 -15.204642777 0.764080382 0.376156410 -0.222238667 0.474655138 5.627674437 -0.327207025 -1.601231564 4.329554013 2.871913458 6.017041354 2.183056555 4.772136702 6.606525755 8.038474522 6.221596959 0.676971943 6.013048457 2.232638510 4.750364427 3.000090017 3.555486889 1.776246663 6.367091989 2.132647762
13.420522511 -1.346667426 -20.306468648 0.846507534 -0.166642651 -0.232468366 -0.449014120 2.054862294 2.420585572 5.734176323 2.356030254 -0.455226223 4.236727690 4.683319575 1.638921722 -0.856217503 3.402076752 0.019085974 3.067089255 5.227831234 4.901393360 3.341225149 6.236790260 5.127923236 4.122498214 6.695986610 4.302776765
12.893780526 13.118942803 -13.337685096 0.875615720 0.421418801 -0.133386453 0.194708394 4.762266125 4.017327058 0.751943923 -0.874443565 9.347465530 -2.909530401 5.131035808 7.230577400 5.422821307 6.201908742 3.975797621 2.050616088 6.888625397 5.416363323 6.278207795 2.961944451 4.642276442 5.859427873 5.190656027 5.602409450
23.050000241 1.442437650 -16.813999891 0.908706199 -0.016221015 -0.341964643 -0.238851638 2.329184811 6.669254866 4.411597431 -0.588583310 2.720371617 1.083020577 1.038485802 9.533626528 4.896183335 4.171283048 0.922007054 4.968793158 7.680363782 3.699925426 2.381821314 -0.233658914 4.305397897 1.495993906 3.834802945 4.436256271
23.166096687 0.526731294 -21.176539895 0.861107713 0.111746245 -0.414312334 -0.272674851 6.464578700 4.864251360 3.759189973 1.038816644 1.296791879 3.903558006 6.200314620 -3.615977911 9.421418646 -0.081752115 1.175106395 2.876006069 4.918683474 3.055514380 3.977063019 0.109271642 3.197951279 0.261102117 3.019319022 -0.036838239
15.419542208 9.864615420 -10.860260542 0.830644456 0.352190039 -0.405303757 -0.147379880 1.701419490 0.619658233 -1.189511172 7.466957382 4.922826471 5.818788806 3.471592543 2.710435234 0.795560105 -0.631672267 5.372679735 6.794827513 -2.039271826 2.682551918 0.322489904 6.891458710 -1.526289905 3.089555426 9.284376092 5.714967556
19.542712085 5.726801541 -18.680721931 0.888576295 0.213856474 -0.405479283 0.016856088 -1.623061630 2.738816982 2.462761207 2.512965131 5.380088416 2.021983639 0.297224181 8.994904351 3.286454460 5.837516957 6.117851845 4.750698087 3.618247561 1.654365415 6.960994955 6.395369114 0.272904740 7.998332021 7.707697131 5.844374289
11.441936497 6.179008472 -25.400237164 0.950513478 0.087388435 -0.250199479 -0.162134544 5.786152899 9.851006198 3.536329461 7.382821123 4.704518348 8.814793017 0.402251769 4.418671467 7.218719312 4.461197828 5.895013541 0.679689314 7.461218946 5.798807590 0.387312710 4.321902347 3.351402622 7.974226963 3.118152367 4.879060021
10.589648455 6.105083349 -15.936413765 0.918498721 0.265573391 -0.291843742 -0.025653535 -1.545838082 10.459983005 5.521694403 3.945494879 2.574296146 5.232964201 4.462113698 1.819329954 7.856745456 5.688327691 2.873920666 3.419963714 3.142299538 0.074472786 3.484453556 9.792218780 6.269476733 7.091599659 -0.553337572 5.952808636
17.331299842 7.550997060 -11.145056012 0.847794244 0.317844741 -0.236251303 0.352710875 5.628732714 3.419104983 4.511334311 1.574099537 1.175991909 3.824754959 7.819537118 4.974859774 4.314896929 1.407313124 3.975275847 7.007476107 9.186010608 1.972818945 5.413534863 3.202651678 4.013135962 4.155467980 4.758250196 4.004418872
20.496644949 12.841722645 -22.932574489 0.767628425 0.529919144 -0.219850474 0.285653761 4.155940923 4.654883918 5.244225385 7.143444385 3.935250924 1.340656841 2.524808769 2.479513975 4.492595443 6.151910073 -0.614654813 3.521855699 3.476914619 7.408267653 7.831350083 0.864403252 3.640264320 7.632398894 3.260558320 7.702689295
20.595016828 10.414106270 -21.950056036 0.790076272 0.279971076 -0.499089613 -0.219784529 10.154118784 0.756756247 10.310689461 3.238304267 4.992543511 8.353367106 0.786192240 5.383865412 5.389847322 1.715484979 3.635487332 3.633204887 -0.793916936 3.664074921 12.998998442 3.626600637 3.751977511 2.044773364 5.215778248 -1.247353352
25.077714208 5.207493639 -16.232425486 0.923240939 0.221322067 -0.204178577 0.238649993 2.329692014 -4.924238372 3.245945490 1.557301651 5.057659265 6.832381718 6.647892816 6.266337045 -0.111882409 8.920691887 7.234350500 3.480816361 4.379678390 2.821972294 -1.236776235 2.259036189 6.001266655 -0.875371572 3.406429824 2.494591766
13.040000922 11.745207317 -12.371364899 0.777562596 0.533212068 -0.192184355 0.272298500 6.931146706 4.112031171 0.968864196 6.610049242 6.299864454 -1.286045862 7.426549007 5.894700837 -0.053935608 2.599017024 2.702424498 1.487303017 2.822278073 3.174631692 1.944124789 2.425321218 10.047246184 5.420164551 6.761554429 4.568260671
8.869149476 7.780989830 -13.335900788 0.860029284 0.432385093 -0.155348140 -0.221945303 3.132400162 7.261318695 7.435858551 6.185026614 6.632248699 4.765227176 -0.962052931 -3.301723736 10.071337911 4.643628058 4.096986508 4.467830873 0.872558179 5.087232973 -0.342868525 7.725913310 4.441526501 3.661179137 -2.905879640 0.319006678
19.768848554 15.554448276 -19.092539620 0.827336086 0.377008441 -0.263588151 -0.322336662 7.201445613 6.551582218 3.439476048 1.568424416 3.917018500 9.357453892 4.393648754 4.759400373 6.608221714 -0.325009980 3.964518102 4.918343800 3.878179333 5.496591927 7.014411852 6.152926784 -0.362850427 -2.819067347 5.876918062 -2.745976477
21.721503459 4.684875272 -18.696384964 0.840646159 0.169241491 -0.474333748 -0.199195503 4.525762174 3.139159250 5.371042681 2.072781592 8.760283810 4.744681810 9.227890327 4.818328875 6.866302987 3.526568289 12.462620386 3.911166092 3.995264007 6.758105727 7.181715695 0.100039445 3.101721315 10.395386185 -0.261219189 9.319621911
25.286934812 5.427950721 -12.038883452 0.861726193 0.235350843 -0.389364456 0.224573530 2.718697068 2.934693827 2.507821275 2.345820251 8.020391350 7.211663366 2.264581915 -2.730167308 2.364617683 3.163230241 4.412840213 3.060728344 5.363378429 4.063374735 6.886853212 0.854062942 5.316480344 2.796541605 6.852996382 5.609149389
19.569341777 0.615591600 -13.287590990 0.711786379 0.467123183 -0.497859870 0.165201794 6.178842420 1.058990297 2.671526912 -0.186432464 7.042898084 5.345150900 1.379375112 1.344381468 5.376330895 2.311010384 10.858356624 4.013421210 4.350680778 10.162803123 5.270234263 3.144560433 6.703883657 -5.043440893 4.150090150 3.416637489
21.756389553 14.387521745 -20.369724037 0.973780833 0.171267373 -0.107413095 -0.104311092 0.567974497 9.232650354 7.226774403 1.805897524 5.662521462 8.265209883 -0.011861224 -2.457495346 1.369138922 5.911580203 0.949745842 3.794866327 3.106473729 -1.610002761 1.807656241 5.261449942 5.453207224 4.040320576 -0.319430025 -0.006266669
18.187246828 12.947558773 -23.984457363 0.889209221 0.306826642 -0.138644543 0.309745158 6.795370271 1.331733958 6.260603992 2.915788681 3.450671079 6.171930174 2.821714081 3.383983241 6.311662771 5.840073572 4.321542431 14.008911055 6.461793842 7.445372453 6.952997252 6.072840350 1.518963901 2.601001240 6.560820817 6.256172115
20.486382357 4.713151060 -16.867275611 0.767365276 0.190304319 -0.602108834 -0.111354172 3.789542896 -0.649501188 8.185948263 2.774779387 5.734375602 4.975430388 2.627429204 5.022861242 1.888536403 4.198263526 2.857439881 10.683790494 5.956866465 4.163450194 2.754016124 -0.271151847 9.208175403 5.955408450 3.719459601 5.153429938
18.782633354 5.422503125 -19.706551328 0.880237171 0.164218812 -0.442130388 -0.052301291 5.034174984 7.992377283 6.261327530 3.065203622 9.899117480 -0.355451069 5.089976010 4.630245392 8.526478648 4.424428973 4.154331058 6.513601114 2.863454899 3.650111625 1.721391918 1.393166725 1.838178364 10.043663957 6.957435154 3.075750384
14.579119906 10.849702590 -15.461137304 0.925002525 0.317183928 -0.203659037 0.047829712 2.705576683 9.087528292 1.698518895 4.848381347 6.133360496 5.121885039 2.776119669 9.721327966 5.165302829 3.291492244 0.310578342 8.028621835 5.736124568 1.930773601 -0.181937182 4.407227571 2.538006691 4.729077504 0.409520652 1.982235479
18.036705226 6.106569020 -23.867408279 0.843681175 0.418493392 -0.300598181 -0.150685397 9.445006227 -0.078043942 -0.763222348 6.137482596 3.267527306 1.750117311 8.892824228 3.800425055 6.260693094 -2.950223458 9.273070399 10.072983017 3.203199476 0.948130095 1.646788822 2.228953530 2.135957469 4.255345634 4.683853203 5.889426460
23.048931438 3.354223806 -21.743124373 0.853817467 0.301078858 -0.375909196 0.197584235 3.502192940 5.412602373 -0.104041220 7.043148463 4.599476529 6.638653324 3.511115673 0.985294355 2.356673349 12.983500955 7.028720928 4.284611859 9.568689657 5.903137820 3.334753381 4.507608388 5.157508313 6.295423749 6.874632803 5.583714746
11.321899741 9.090157116 -19.101575828 0.803079865 0.410207342 -0.298773615 0.312293122 3.580253635 5.888175983 4.142549152 4.673953976 4.742981584 2.401615464 5.775487542 4.711370573 3.063511934 3.278264973 7.216206582 3.224332094 4.740313651 4.299660781 5.909450538 7.804231759 1.906040460 8.108923943 6.494984224 9.555262378
17.757757366 8.306949028 -9.911881711 0.797621367 0.475333244 -0.341032322 0.146817634 0.925693704 2.703339596 1.273101014 9.673970371 3.078798381 8.842976977 4.491156873 10.537819849 8.335238293 2.450616995 2.882666407 7.827391572 5.844274578 0.562720689 3.834658843 7.856430534 4.423946428 12.050957922 0.637446784 8.352711715
13.883553111 13.906109369 -21.087592559 0.751923307 0.439438365 -0.321167140 -0.371963618 0.104032429 7.889657952 -0.423163026 2.843606623 1.417018208 6.863539387 7.376215722 4.059938891 5.805550371 0.525066687 4.986575287 2.972888266 6.351047173 6.312412277 6.994214055 7.475594321 8.800421770 -2.253929688 3.023002754 7.885414142
19.919177404 6.831069373 -12.085921920 0.891380264 0.290052191 -0.241307955 0.251160152 1.304509186 7.118099594 1.690177931 4.462817548 2.501713530 6.665557747 2.988736554 2.410650154 7.504553650 6.505743039 4.448582161 5.086416598 3.361801272 5.202488114 0.973961279 1.759053329 4.319930270 3.800240832 4.258571407 4.490081650
20.674539625 3.687828030 -22.118572318 0.859307138 0.259883536 -0.232454428 0.374188093 6.072716422 6.930950145 2.097753400 1.784859218 3.837110879 5.947125796 3.402764979 2.323573524 4.193449607 4.426007343 4.707972157 3.769012774 1.217260325 2.326581962 10.701258312 5.915934323 -0.580605073 -0.002848977 3.629547223 0.925838404
18.950448695 7.896546948 -23.084877436 0.946324690 0.028274413 -0.234121416 -0.221036876 0.212697821 0.751909778 3.693576008 2.416204497 3.468340810 4.670317124 4.033083347 1.816876752 3.744812278 4.599269840 7.741011791 6.037301272 3.780870417 1.677757044 3.698880531 4.313337624 3.126704223 2.752865931 2.043595351 -2.328376365
17.647732032 4.721910281 -17.718077090 0.860159556 0.300779562 -0.390981486 -0.129578818 1.722103018 11.428279666 8.474001699 6.941264105 3.168961584 6.259458417 2.456416923 0.025584238 4.953198689 2.719430433 2.671900775 -0.501194099 -1.112273780 2.806905523 4.973235763 6.328097080 1.225823725 11.311687334 4.034503089 4.111611939
23.491975049 8.004815012 -15.859806692 0.829975711 0.292798074 -0.435920382 -0.188103767 5.862801525 7.243674460 7.448558272 4.849876963 1.246175103 -2.420990515 7.214720197 -0.092426611 0.533837739 6.601471291 5.363274482 0.944200389 4.127217727 2.337246334 6.822877316 7.094884852 7.022445690 6.430975021 1.080073239 6.963752212
11.821778385 5.911321114 -12.523475017 0.924102294 0.357056810 -0.133717098 -0.025789950 5.352946887 2.136473311 4.795340249 6.241397917 8.572634970 1.262865143 4.963004530 0.051766558 4.715385734 1.953812582 4.852553702 -3.784479779 3.082599815 1.034009059 2.662905434 3.511553558 6.420067126 2.895843067 0.893357279 1.375168270
23.302493166 13.074928189 -17.636397969 0.802596901 0.355745861 -0.399822875 -0.263485798 4.926219895 1.183109297 5.997365770 8.381093715 4.997755588 -0.045756474 3.405627280 2.062001936 6.733142465 2.502573227 2.706660851 -1.705068437 7.617534462 2.664727944 3.181703249 3.259367473 6.223439804 1.787865202 5.094089363 6.795000191
15.533292404 14.987157641 -16.490534809 0.913596140 0.373027966 -0.108958515 0.119667333 3.182069308 2.529420766 2.251931969 7.015971368 1.234242803 3.279598798 1.093848612 5.164749565 0.207924295 6.506577669 2.048077016 8.125211980 2.940898410 13.092299513 3.132774521 3.924766541 5.024987660 -3.885961338 3.637455271 0.096999861
15.934088675 3.555822227 -25.448466685 0.980983118 0.072299235 0.157698869 0.087040279 10.877895690 3.374530626 7.919871118 -0.426856071 4.573919753 3.088692027 3.002394377 3.618440770 6.752809647 0.296581376 5.297029948 6.215126855 2.537412045 1.501786723 3.304462379 5.748874835 4.267474414 4.143746181 3.093461431 3.135229996
16.959371191 12.570327678 -25.173789987 0.976546511 0.056635759 -0.118737648 -0.170442581 0.834646709 4.942080965 2.585434994 2.564913083 6.878055672 5.664970039 2.382686643 -0.841970510 1.929122442 4.386376755 6.273855214 -1.364638610 5.911299540 2.155541055 4.902253137 3.670176650 3.545630779 6.524849556 3.882618723 0.645085158
11.599269085 3.964350279 -9.977832638 0.893861372 0.409552072 -0.008767011 0.182214400 2.361816577 3.143372381 1.599703315 2.982120385 4.450915088 1.754785932 8.943039096 5.185229531 1.848989042 8.563722769 7.928428074 3.218287574 2.531520786 5.403478111 4.862014772 4.298548203 9.386396074 5.272164930 -3.144331229 0.305456067
21.656164733 0.607583995 -17.370969596 0.748489654 0.343116728 -0.558195597 -0.102234162 6.668026965 7.883517521 4.421991533 1.471946155 2.307744043 8.744443359 6.101269597 2.599656245 4.129201805 4.614692817 9.013600136 1.007161701 2.663497557 3.643884102 4.931982633 4.241726825 7.000226364 4.669035019 5.494080257 1.800467564
15.282189354 8.543488919 -10.000472208 0.840384298 0.233811865 -0.436256520 0.220831367 3.026834601 0.147036538 1.102753781 4.813311966 4.671768918 6.624426662 8.481363522 3.110561697 3.041997528 4.061827531 8.420227088 5.292324038 2.457168922 9.321060159 6.690278766 4.167636876 1.344789357 5.515435498 4.434508674 6.202431926
19.840351359 13.625264910 -11.480486983 0.767378768 0.526087277 -0.257246597 0.261124858 3.017966785 8.155800885 7.623281635 4.234736036 8.360520157 1.941769502 2.076248923 2.066594101 -0.959355410 8.347523355 6.397364951 3.548601945 6.306433607 -0.566787844 -3.189934877 5.341427411 3.298836610 3.401934460 5.883364172 3.827068517
10.570975177 3.754982433 -14.078874104 0.870712313 0.389664319 0.186069791 0.235371661 1.001822467 5.653540229 6.788241239 0.598415861 1.061310842 2.010845628 5.425167703 3.771556870 0.767813286 0.533549028 0.369494694 -0.433863337 6.462883841 0.472677085 3.244379505 4.471836201 3.897230216 5.523349687 3.898567296 5.781156095
16.092662803 12.346554689 -18.441192090 0.872321697 0.309748186 -0.065992329 0.372499573 6.534207168 2.828278484 4.272214463 9.880357167 2.355124261 8.641724668 2.451159469 4.669379231 -0.115247937 6.162227744 1.043213392 5.338010007 -2.080366922 9.022564893 6.700004522 3.205585973 5.799740304 3.311601710 10.939798209 5.272305847
15.397305919 14.633257311 -14.302217376 0.943664044 0.271643094 -0.143995491 -0.122366256 4.728485186 5.002835112 5.535731675 1.314928097 1.293301059 0.508866878 0.748001619 -1.351294872 7.935728885 3.032973095 2.461237630 3.933310173 3.588717097 8.959442578 1.606232483 4.110842832 5.940443914 5.184707451 7.545865979 4.362971614
24.760047631 5.625431738 -11.453032833 0.853140431 0.167675842 -0.288231323 -0.401196860 4.897947568 5.148905338 6.910642552 4.410767629 2.111423988 0.503937744 8.613597288 2.714081560 5.986277274 2.897494563 2.850242450 7.514538535 1.426973976 5.580721600 1.544712863 0.285211181 3.613647696 8.357226748 2.508380702 6.695432097
14.414955127 12.044172814 -19.727455572 0.990399204 0.134665234 -0.019166354 0.024644333 2.784904251 6.687408830 1.622970152 -2.395303843 5.235464809 3.846230749 1.339270066 6.264001765 -2.789964526 5.694710864 3.791376142 -0.219874570 0.840060060 -1.237539891 2.737757586 -2.083267566 2.761688389 3.314890213 0.644493571 1.129658686
14.208807299 1.941733366 -10.415404773 0.819314650 0.529217557 -0.125450381 -0.181423489 2.058996693 3.142888151 2.133210320 6.592922677 6.873874941 6.184116313 3.879819970 2.215746147 -0.034903268 6.010635432 5.328309063 2.576654692 2.958502084 4.818286330 5.547204761 4.439374640 2.375886367 6.744978077 3.322772988 6.820788872
15.161190423 9.500531880 -11.385743135 0.800184605 0.347500694 -0.316984934 -0.372113446 -0.417519785 0.978116826 2.473132907 6.272288227 4.914611497 4.940334150 6.215583184 3.521111573 7.204832616 2.290141621 6.388163818 4.012729810 8.509463292 2.646797198 4.196458714 6.963106386 5.565833269 -1.460553511 9.573840718 4.925003646
18.829599785 6.470252227 -12.675329082 0.712635446 0.451017074 -0.528836521 -0.095216880 10.737368121 4.074697360 3.859808686 4.042222817 7.876472092 9.905503186 1.568119574 -1.027581240 3.307644585 2.077388692 9.467382908 2.472981965 6.325341642 2.347927257 4.566983941 3.488922409 7.982109107 -0.542269873 0.982229410 6.422266188
15.581721828 11.181164363 -25.902574184 0.871920275 0.353229917 -0.318239957 0.117076857 -1.421361605 5.119942597 4.707692649 1.123644424 3.507159364 4.565214359 9.763015836 7.889985268 -0.162499577 3.426121573 5.367293761 0.182405066 3.840023619 4.087824142 5.432541383 0.880434003 9.713820980 2.103053384 1.501826087 -2.254767136
12.756088698 2.223336667 -13.929189924 0.750607651 0.549553714 -0.241945500 0.275755771 6.019670731 4.121226122 7.015294394 1.492006737 1.055029365 6.170135452 5.550724376 4.608299523 0.318359813 7.184412791 6.589532724 6.286518277 2.994542522 2.307306024 6.876715349 3.702834414 3.002117376 5.122659045 2.741340251 3.888121700
14.579863812 3.195182189 -13.697510256 0.856924392 0.321475042 0.021349857 0.402341358 2.391316482 6.134157783 3.817218649 4.793629437 2.531420274 6.545959822 1.755380749 6.141700333 0.987433805 9.450130037 7.330030360 4.161082563 0.768286762 3.131733617 2.721788687 2.584497744 0.201037554 6.619905695 9.564056395 3.934283664
17.525890306 4.113938974 -17.803400577 0.783082418 0.189259802 -0.582334846 -0.108852109 7.939878097 2.935721949 6.452185077 7.577280165 4.910653058 4.022290798 2.748303505 2.275236019 0.804316780 7.308944635 5.913357874 3.720343842 1.636939488 9.437005221 4.502340957 3.792604988 3.760925448 5.762600964 9.006018601 5.985602408
21.319999784 5.939862425 -17.069526000 0.933624503 0.281310287 -0.125189278 0.183132341 0.642130912 1.961789250 2.988678671 7.205927743 1.537837934 -3.933080287 2.670536722 2.238362072 7.751874992 3.279436348 5.876358395 -0.684022736 0.525135846 3.175928176 7.153239808 9.993500143 4.583672065 1.897147667 5.963170956 1.268415906
21.126429565 1.714219540 -22.533618098 0.865040332 0.345684089 -0.069075764 0.356982174 3.001814440 1.684907205 1.877133437 4.580846100 2.326704338 7.050152516 3.697358617 10.691342495 5.357360035 7.395457654 1.804269352 5.737136128 3.847041807 3.389425923 5.073605161 1.686111536 4.110397589 6.177862578 3.016482048 2.465724419
11.168638349 5.595713250 -17.112252448 0.838480913 0.471761164 -0.115756778 0.246964634 4.651281848 9.067072822 3.434607150 7.504890599 0.756321418 -3.080146641 6.509579714 -2.820493496 3.787830635 6.833346662 6.901326477 4.552149205 6.856012266 7.667181590 2.155519055 1.858073224 11.898137500 0.542848093 6.280561403 3.779322418
22.950810339 8.065348982 -13.387368223 0.922727271 0.271222284 -0.270067158 -0.045569580 0.530453817 5.454190273 6.690545856 8.342962520 3.636120093 3.212552452 5.194979252 3.899637614 4.443190816 12.564172919 1.404469394 8.623201580 2.831118025 2.426886444 4.889485997 8.081509597 2.483209352 2.488685681 4.845451321 5.189845184
20.622276863 13.703525122 -19.269774711 0.856323029 0.357172629 -0.080113487 0.364308128 10.369863942 2.764611484 2.773969395 3.565659391 3.559920852 3.226251800 -1.953077443 -0.561110109 7.080583841 1.823888985 4.454950702 -1.051334244 8.967346613 4.495406318 1.518741048 5.671367762 2.571903892 4.823435101 5.133144547 -0.044118950
19.921323896 13.731182000 -18.728054995 0.860096549 0.420031588 -0.198207005 0.211000887 0.819760015 5.955532321 6.329401528 5.747697318 3.308627213 5.251980383 1.800329671 6.228103682 2.425914639 1.129007886 4.229167403 -2.903684149 -1.946567662 3.101338176 11.437749860 8.867669464 3.194609889 5.072507651 4.947575116 8.862377679
17.192112260 10.208365255 -15.025130688 0.936475370 0.247326284 -0.172535733 -0.179094979 6.904659762 5.828662142 -4.164660345 4.745809046 9.175949334 1.168735612 12.556969841 6.541111064 9.153519120 1.836725101 7.533455533 0.936577671 2.397221820 4.417807485 2.753994588 1.312873826 7.872871666 2.993812972 6.240093865 -2.209198059
16.738401945 3.956699436 -15.001872821 0.982645030 -0.041761781 -0.086512183 -0.158683146 7.721916130 7.519383438 7.254046070 3.120442955 2.769543711 3.557454040 2.082113823 1.569719919 10.247459615 1.947688878 3.880859606 1.944166124 1.487140721 3.309662752 1.378980071 2.685388380 5.309961613 4.416953132 3.478904140 7.918446525
13.466725554 13.424629346 -18.344191885 0.852300869 0.455632895 -0.088597153 0.241106695 9.378082441 3.431370053 0.526333419 0.762886336 3.902922000 -3.153028281 4.160306278 5.705447077 2.711876866 7.760764010 1.861663449 13.494080000 3.689882135 2.061887486 0.373202427 4.902925589 -1.680928544 3.359952920 5.409410520 -0.116771306
22.817732833 7.537223132 -13.746041109 0.894956001 0.260124839 -0.226730345 0.282811201 9.363844232 -0.372121418 7.973350853 -0.772401692 4.416972099 1.490453214 6.348156753 5.097322819 -0.269769979 2.408626182 3.533317654 6.071368981 0.527734630 4.175042884 7.325315562 5.378129439 -0.400170719 0.732925198 4.553371637 4.332382156
13.224390568 13.413892221 -15.304803077 0.805355183 0.408953281 -0.102950222 0.416607123 3.349141471 7.007708048 4.108821960 3.082132850 6.475024905 4.377283652 8.949340655 6.112647968 4.745043346 6.736191518 10.493010350 6.720906777 5.481072254 5.954665629 4.745573205 5.269481836 3.245834809 3.446319423 6.225172718 3.034249385
18.329950864 9.870477533 -19.974975128 0.874300034 0.402088027 -0.182989940 0.201095376 4.422231548 5.128103420 2.889038703 5.811772715 5.454089848 3.909679700 5.780554132 5.154937642 5.555560385 3.971052077 -0.071961638 4.850086670 3.442209564 -0.702555673 -0.867146471 4.361009527 1.874666010 5.151568691 6.729700344 5.659329977
9.307803827 4.782728105 -15.203506714 0.911551747 0.386775264 -0.050067206 0.130275023 1.610599064 -3.550927335 9.927331143 -0.258041835 5.539843101 1.228330395 2.070787906 4.609458847 8.365629346 4.802928433 -1.889076437 2.419968989 3.202588187 1.312626965 3.753929294 1.379473212 4.535169226 2.324198679 4.351669076 3.932336648
13.079583427 5.997272453 -25.876174650 0.920816712 0.166800141 0.299689277 0.185635752 6.448156427 5.093334472 7.742963575 1.153418713 0.531599972 0.498070911 0.605562352 2.770371168 4.056659530 5.412263247 5.812429142 8.501758652 -0.896192688 2.576322818 4.214667858 1.484424207 1.411959008 10.167223975 3.606947376 -1.053033519
