8.901927298 14.917023071 -12.800583358 0.810362897 0.364150109 -0.188671982 0.418460937 -2.556232908 2.525532360 9.457252176 3.206199723 3.834376828 6.641135654 5.198442560 6.095770062 2.379684345 3.171092047 0.862941914 -0.033252246 2.845978487 8.335302265 6.460380515 3.862825938 1.497576517 10.565623156 6.706790983 4.711402873
7.825531256 23.470594916 -25.986295290 0.809439316 0.578770499 0.073981419 0.066026156 3.090498615 2.825369896 7.030074919 5.880564444 -0.511930621 5.206705256 2.463966718 5.976727540 6.480165885 -0.062915215 0.128475380 2.515011387 5.891446462 1.264686755 1.687441502 8.243479289 6.222581472 2.058695172 8.490659090 8.978211348
7.946135557 21.922937663 -22.770867621 0.954678070 0.291072722 -0.015996366 -0.060088017 6.437522346 5.183373797 5.118782498 7.068304897 4.070219210 -0.682439052 3.088650054 -2.176688824 5.197135786 4.086963580 3.710394402 0.867253392 8.628922933 8.962580869 0.360454726 5.031463302 2.688927319 4.340976771 4.017075681 4.291270375
3.450637219 21.384642421 -19.767306839 0.738338984 0.469463655 -0.223375114 -0.429607938 -2.313882678 1.490118142 5.161220459 5.210452188 5.522615758 2.554138357 1.922306227 5.224635738 4.702252311 -1.619158932 2.647321809 3.892539545 2.628215986 1.892267557 -1.641484022 5.626358835 3.421737621 6.872774858 3.736926309 8.737423141
4.946445133 22.093735676 -16.615697937 0.930429286 0.326816873 0.012896012 0.165305075 4.283033511 1.287007330 7.690820881 6.571426044 4.592761771 1.160248095 5.752874055 3.596563508 1.790426291 7.012221059 3.609784894 5.222976170 5.768713314 2.122827071 8.401332343 4.129826191 2.077928947 1.439924626 1.813187753 -2.212453035
4.884092173 21.669059032 -14.498347103 0.764055534 0.446168973 -0.100310706 0.455071589 1.612753921 0.370926804 3.745900315 5.027371985 3.693471181 4.258793030 8.302666644 0.679765100 9.079955440 3.874554400 5.215411985 1.579841065 11.132990619 5.767852268 3.131464298 7.005702022 7.715148286 8.619186899 3.646146012 1.049636562
10.971536007 24.936999774 -24.935827018 0.979375823 0.188525705 -0.070580762 0.017303537 2.564359074 -1.882708496 3.869796344 2.595194176 2.712692487 3.321220275 2.036298640 1.271151727 1.974824964 2.522332297 -0.887896797 4.799316036 4.261740789 4.034026585 8.422555830 2.130136615 -1.821165737 8.623441951 4.997251617 7.430233125
14.085659446 13.796473532 -18.309115346 0.802796553 0.580234352 -0.015491528 0.136403090 6.546947732 6.520929950 0.892466806 7.561739591 12.163317558 4.751386851 -0.465958686 -1.239213772 7.005415269 1.124655378 2.111307084 6.604320846 5.317653260 5.388712472 4.985348680 5.353198180 10.061187891 5.214356652 3.894770947 -1.629201931
14.357832588 17.283376332 -27.984191637 0.827294262 0.377741199 -0.240808277 -0.338979593 4.007182516 5.808661861 4.138366521 8.887344614 4.517598755 4.345025541 4.470286241 1.177697044 5.691603880 6.655599852 6.443843629 0.343871372 2.800985510 6.473642248 4.335327353 4.250561518 6.237876186 6.650500461 2.072327640 2.703436642
13.696128192 15.258151148 -17.202061939 0.945286596 0.303988132 -0.026272729 0.115473849 3.463589901 6.978301170 3.197527476 0.815250940 5.673657076 1.773316889 2.803036677 6.837786433 0.555148374 2.369612925 8.436725303 0.092431570 2.413171343 -0.274255119 3.913268555 5.882062126 4.966226868 6.450500032 10.161759020 3.788318838
9.079940501 17.404739346 -14.959098887 0.739302499 0.415676846 -0.192642359 0.493491131 -1.340634161 8.642422414 6.281523441 3.253065451 0.217390838 0.939720570 3.952073305 -1.792568488 -2.899377221 8.875271748 5.671698109 8.381333314 7.610010983 0.371500981 0.611706112 6.889722211 7.287978995 4.389720206 4.557620520 5.530510449
0.511663241 19.824987550 -21.304502808 0.784302479 0.457371637 -0.148483466 -0.391961053 4.126174541 0.262432172 6.389028799 4.438143322 0.963175469 5.656767714 3.682401203 2.402192339 1.740601922 -1.820822386 7.857413691 1.419827419 -1.162305145 -0.765367697 7.365798211 -4.001138902 2.256012750 0.689704726 4.453223708 -2.552750473
5.580926956 17.893033440 -16.501779328 0.832202931 0.539964839 -0.027195649 -0.123031095 5.434506045 0.505361266 5.969990492 2.698755578 2.508015099 10.301731825 6.325112965 7.829480965 6.823402148 0.867716933 2.502538639 2.665605944 5.000774281 0.084627771 3.230429585 2.109536028 6.133499339 7.140493750 4.072586963 4.426277656
7.741956888 23.014554226 -22.807031924 0.827704337 0.402719991 0.192074493 0.340337376 -1.754996353 5.035080967 1.652812248 0.071749150 8.632023468 6.382217070 3.909898913 2.631273632 4.275269837 10.065123007 3.406207703 6.430878969 7.495819854 4.082248207 7.389933794 5.468614830 2.334554752 6.632432588 5.333881221 2.991723477
1.768754039 15.631619288 -19.671669383 0.869035610 0.470928033 -0.083588462 -0.126557757 3.603066556 1.873352993 3.422259349 2.919479691 0.447411998 5.210153571 5.346905985 6.881747583 6.501240101 5.637597789 5.971726199 3.593723977 2.069109292 0.169595229 8.316434471 1.499250498 4.116068832 8.408763086 2.030143977 6.339199438
9.712191481 14.411168844 -12.897022678 0.853355356 0.382625845 -0.006345726 0.354036482 -0.978881731 2.157311354 6.548382571 3.657398374 5.342518998 1.621916965 -0.404267001 4.163562921 2.144521019 4.520648190 3.350841817 10.034898880 2.738679304 6.891589372 4.796278063 4.767336354 6.544062892 1.325804196 5.403892739 5.775868703
14.083322088 15.702342222 -22.838453906 0.879663213 0.377902415 -0.141741360 0.251578583 7.191770990 0.755761531 9.193106499 -0.994320167 2.064257186 -0.193021897 5.797293974 5.405581192 4.216905086 4.410508746 3.991860378 2.263615330 5.636839505 -0.347221753 2.001129464 6.470656007 3.834919845 -1.233065438 -1.123302855 -0.450096332
0.667001709 14.830418143 -22.448975069 0.924327583 0.265799845 0.121412214 0.245414011 3.919630677 2.546118694 -0.905153201 3.258088724 4.739025513 6.711178756 0.230278757 2.843324828 3.483992593 1.987746845 1.183644115 2.820874386 6.134465295 1.740008897 7.598959424 -0.895977986 4.830788655 7.469680611 5.435674913 5.506339378
12.057210737 17.094651521 -25.843309251 0.862375252 0.342824901 0.103187595 0.357955768 7.434202462 7.569643009 7.640988684 2.495618385 3.310682051 -4.954876262 6.175791299 2.175739636 7.516525744 3.327351821 0.043739671 2.074026617 1.615399989 6.383655951 4.531288923 3.312482719 -2.439046766 1.231373143 0.426890535 3.159932118
14.755125836 16.915002019 -16.262300432 0.813012977 0.500743784 -0.144185152 0.259761822 10.137965799 -1.488180549 -3.238351607 6.099488205 2.303216206 2.962540898 2.763731828 1.685588966 2.110259831 4.552027594 5.567686327 5.222298323 5.772342771 1.008739458 9.602286471 3.399548490 1.042224584 5.674455907 5.560282243 7.630662064
8.770528481 20.269491202 -22.686446337 0.759181902 0.613686964 -0.156611946 0.150012824 2.447126225 -0.070220906 -1.245268293 3.739696666 8.556874998 7.854404218 1.019559573 -2.739525494 6.523113005 6.734597053 3.598717364 4.718679043 4.081364847 5.765260595 6.148880723 6.507784894 6.478619993 3.489739337 -1.132426825 5.808837925
1.584303924 19.613771016 -19.665029657 0.799075699 0.489893249 -0.157586196 -0.310884581 -1.846852025 6.381060883 2.160629689 1.294767384 -4.210525351 8.412799466 8.108118798 4.421408439 9.489547386 0.920958838 6.592771302 2.506708555 5.645593766 2.543461607 8.196172563 6.881439667 0.691133348 7.963974262 0.098039187 4.087355510
10.643148450 18.233147934 -20.625152713 0.853842742 0.463930715 -0.155032097 0.178005371 6.262190565 7.084895514 -1.203164541 5.287775813 4.250022180 8.297710166 4.818676421 5.386467784 12.160403545 -0.726062330 5.756410843 0.604397079 4.207180120 4.339538122 3.265517107 0.436394303 6.722682422 4.523419654 2.000924175 2.834240382
2.051812907 14.449333939 -15.964138374 0.731938442 0.513577984 0.315227510 0.318017905 5.217876320 3.598138364 4.384264160 10.088356972 1.867650395 3.055810856 4.165586664 8.745757425 4.174783818 2.691519540 6.512862439 4.948440446 1.850082918 5.649409384 7.107343132 2.672428836 1.305722392 6.809086984 5.296017351 -4.232538117
7.079457742 11.236037313 -17.077123335 0.843442585 0.450664917 -0.285212092 0.064496515 0.971533904 5.656465584 1.143678094 -3.856767966 3.717088416 9.653066960 3.542446255 3.038102893 5.529947910 6.216950987 0.768802374 1.935101797 2.285222278 1.247598824 1.179793357 6.578819145 4.207612015 5.938833423 2.098059728 2.238701112
11.797916515 11.510462678 -24.429703678 0.959017215 0.224589434 -0.134230146 0.108755856 8.927232621 6.752416777 4.888698877 2.417893323 6.507202739 0.610745293 4.219653133 0.648587050 6.086787134 -0.750149795 2.208496241 7.389425931 4.084455055 6.596652862 6.015695638 7.872700936 3.974916707 6.008500868 6.003730444 2.284980392
1.887549202 21.939022792 -22.752042632 0.777040095 0.593066162 -0.073338068 -0.197744144 5.299013985 0.600336148 2.130766912 9.920389112 2.669598505 0.196828026 6.997551140 5.760144997 1.795374277 7.057012782 -0.730262861 0.609197176 1.949673035 3.067038327 2.573121129 3.152431242 1.655645074 1.506585765 10.891677610 9.494988751
10.718564381 16.023948952 -14.815762694 0.821265468 0.536737256 -0.119620650 -0.152075800 0.608257880 4.366537512 3.261039971 5.168623347 2.142510113 4.015448935 7.862963301 4.402652649 5.068608375 5.373038493 0.665496314 0.772793667 7.752495495 2.094139485 2.981708692 1.090489900 2.986084813 1.445010596 0.903430236 4.943601194
15.010794260 16.023139923 -25.484855839 0.894012614 0.407823975 0.010905135 0.185208342 9.370079825 4.428490388 9.441120619 9.359677973 1.207175585 1.236379825 6.833398156 1.070455080 -2.723955414 3.329514984 2.197273452 6.007250156 4.955932832 3.028058046 9.544056563 -0.572310809 7.875381742 2.655927690 0.865930294 7.465583950
6.463377241 17.578960200 -17.170274762 0.920307090 0.316327199 -0.136441104 -0.185353144 4.968472897 6.151307074 9.371408284 2.653165475 2.651035182 5.485872910 7.526357410 6.572978577 1.636456875 3.598599261 3.698872568 2.265802875 4.269144697 0.206838258 2.947123243 4.618713205 2.001345124 3.354937845 8.878010456 -0.659014284
10.633439960 17.709947989 -22.959168390 0.851928261 0.412148095 -0.281496085 -0.158468102 5.176698003 7.100081409 0.708089057 0.710541338 2.872726941 4.212114394 1.129480596 4.466281731 0.014007107 -1.630229486 6.753068543 3.483625426 5.543465955 0.731937094 7.179472471 -2.546817475 7.107457180 10.688714974 1.844122037 5.966270427
4.861717368 15.835005295 -12.672493634 0.725511318 0.593942774 -0.158299480 0.309526386 3.830236951 4.064457477 0.660551509 0.812522917 -2.626034482 5.046685071 1.601773767 3.382240194 4.630285427 7.196271071 11.188442349 6.717282119 6.181820422 -0.396248352 2.074978382 5.597192151 4.138587798 -0.655647519 4.955263924 2.664337957
9.355882472 23.400519491 -15.942243581 0.863928418 0.415168129 -0.020384319 -0.284337110 3.564632853 7.851586224 -0.205126930 8.066985249 -3.599227370 9.621988791 1.145017195 6.246806289 7.201036335 3.170633486 8.012238227 1.545980879 8.189439342 3.741632259 5.688131312 -0.354930073 6.293863792 6.313603019 -0.334265403 1.940838530
7.028985123 23.698960514 -18.305923459 0.851755898 0.512472496 0.000958336 0.109008774 5.927249506 -0.360846581 5.906022392 1.141191723 5.022199180 7.318624006 6.565151568 2.415790354 4.289074618 4.827252216 4.892604535 7.139146197 5.343180507 3.529991530 3.965392060 5.698772824 3.074768386 6.094372456 5.705652029 7.116570464
4.211394260 26.216446549 -15.139428652 0.793638853 0.585036141 -0.076446522 -0.148411640 5.490133380 2.359950250 3.483196224 6.961986708 5.674943368 4.222582115 6.068442358 2.310132445 5.316761014 1.998621857 -0.679586013 3.653136487 3.268478851 -0.670555506 4.701879874 0.959326395 2.561023960 5.822007777 5.958297962 0.805062067
5.873055969 11.683657087 -24.690089108 0.732194039 0.512106570 0.036330605 0.447569925 4.673298273 4.218036824 6.716688321 2.973063421 1.902072777 2.162429196 1.012510395 -1.973900622 -2.738238509 9.080961167 7.872412743 0.759502263 1.779321445 3.764869023 -0.602568899 1.221415343 1.080429498 2.692530187 0.016931136 3.531936916
9.709829433 26.550672864 -23.191353527 0.801158547 0.559062621 -0.161876698 0.139247636 3.492220734 6.382168429 -1.907064982 -1.682391196 2.583738018 5.681191110 5.817349752 2.603555875 1.843250295 1.411881766 4.980759710 12.135211371 7.468937583 6.896050261 0.238774602 5.096567036 2.723588139 3.336522319 2.406215581 1.072095032
14.141786424 17.985052765 -15.537441935 0.908221154 0.334892094 -0.233984431 -0.090735364 5.307530725 2.173563406 7.428853700 2.674694666 3.569267229 8.726428650 8.847467622 3.581280817 0.845774429 -0.728567489 -0.892255734 9.919682081 5.004038110 4.770733779 3.289948221 2.802927525 6.945580852 2.736946115 6.446251117 5.175962763
4.755930685 17.477057790 -16.778841393 0.867469282 0.470307561 -0.153291899 -0.053004120 3.401611762 6.210806106 5.270475919 5.394245711 -0.200667651 -0.909339164 5.641863959 1.759839052 3.557173404 3.387432245 9.659933289 1.293278787 3.711361297 3.838577399 8.474063710 7.535956844 6.703229123 1.197133874 6.190947545 1.355354428
5.273585628 19.885442831 -23.535634497 0.943778338 0.267991770 0.059260777 0.184258026 7.157408079 3.199475164 4.490457682 2.470880778 4.770132781 8.646406668 0.629756189 -1.061804370 7.319738737 0.639688509 0.345973449 4.216399860 -1.639710975 5.359202451 4.765801819 5.970866648 3.230126124 5.835683486 3.509460035 5.393488334
5.570253864 23.210148709 -13.016285358 0.940791535 0.338355674 0.018250305 -0.009677439 2.061135210 4.908026503 3.854695413 -0.321392901 7.229523660 5.401329694 5.268696390 4.022399046 4.903056969 1.819478003 6.170023934 6.922245093 5.522388701 4.009706663 -1.481711346 1.958452191 1.778995653 1.969275188 -0.137876437 5.157190962
8.526974629 25.806096331 -16.858119178 0.751923230 0.620803379 -0.079265884 -0.207199278 7.784376777 2.721476388 3.404420955 2.912334478 5.728570224 3.814594763 6.427838499 4.436029428 5.650613506 8.141900933 4.259120394 3.754924813 2.703454593 5.423268798 7.515182486 -0.675191983 5.460843384 4.556964514 5.336226957 1.606599323
9.048834785 19.792373484 -20.679372732 0.980340556 0.176514282 -0.087991106 -0.005715537 3.546267152 3.229203779 2.436767152 0.168908565 1.914331514 4.689946018 4.532387560 5.836891362 10.264670953 -2.762661946 3.613896894 -1.676745178 -0.341074141 1.601234207 1.618227779 0.280344170 9.533555493 2.922023715 7.165879970 3.757346673
6.820797486 27.552846767 -21.893991680 0.806056891 0.581925794 -0.107090760 -0.012892953 6.118375612 0.369795625 1.294083988 -1.816919617 1.468173238 11.756541000 4.785799792 9.373409474 3.302476618 4.474489736 1.100615984 9.580779813 4.166629697 8.192781732 2.941115592 4.695725059 -0.764802967 3.173030571 -1.194482121 5.700487085
9.581337010 20.902928084 -25.893647982 0.809064728 0.543950726 -0.149418730 0.164942160 5.488538452 1.761614201 3.529820493 5.976290019 5.590346433 -0.637268708 2.960121823 6.420962007 1.496368845 3.827283765 3.493926912 5.656245547 12.470361985 4.261576386 1.743018290 -4.184709256 8.099718647 0.896400376 0.951355970 6.262897574
3.276431184 21.572561843 -15.617210812 0.724619318 0.478841708 -0.015368540 -0.495379925 5.650354378 2.304425509 -0.445001601 3.363557933 4.547687571 5.985839277 9.426583972 9.116995434 2.561771449 3.406560374 4.490492009 3.235339567 5.565412466 2.292031494 0.496131976 1.672565834 5.907450230 4.557903891 2.922540873 9.962899790
5.162917836 12.193432681 -18.781374673 0.870099427 0.421076456 -0.110723881 -0.231001792 4.412792305 8.742665382 2.659008646 3.110250554 3.624704618 3.821362581 4.136708370 7.359722124 2.177916210 3.280566278 2.816909301 7.293388218 5.275717466 6.425338899 1.167938640 6.773807693 1.314914039 5.300251865 4.048219288 6.045863872
11.772405799 24.377844459 -25.317000617 0.992879064 0.115528355 -0.013697399 0.025627023 4.111063199 2.882615913 0.707758912 1.091684498 0.813544684 5.166734753 6.688910662 3.091756286 4.248875396 -0.522777826 -3.292722302 2.725705190 6.229356905 4.892554427 6.447419734 4.691759739 4.743713004 9.510702869 -1.042731920 6.986498803
10.856700901 10.640986955 -21.671447911 0.872410080 0.344416275 -0.169441131 -0.302601694 8.939555050 0.010138109 6.352162977 5.162246850 1.941412329 9.090017212 6.375593796 8.894309366 5.279974222 11.704202919 4.158127937 -0.087741226 2.152686610 4.791383974 8.556214533 5.346720872 8.681909024 4.817308576 3.461102003 3.041675640
2.879657887 23.401954043 -26.559994149 0.819414600 0.400466073 -0.208249079 -0.353297266 4.074105063 3.573809770 5.577823079 2.846724685 9.491434275 5.727537653 6.734263491 6.391973680 4.599475213 0.791582821 1.695101332 3.284881810 1.017715712 0.538210448 4.230518743 3.975874272 5.162861587 -1.250696613 0.691089234 2.597467982
14.569014412 22.743913316 -21.928102544 0.715486874 0.470277032 -0.121945475 0.502043173 6.706369390 0.614998053 9.303610882 3.882135888 3.190991677 2.154228196 12.323787632 6.598923162 1.586723379 5.281459660 7.081060938 4.644442885 2.965793442 3.370487416 0.586308684 5.580851797 2.428747090 3.445184077 7.463094148 4.321490989
13.338262835 23.106221946 -16.151022561 0.898407112 0.373639173 -0.162017075 -0.164343839 3.216461800 1.493770035 -1.051434852 6.147424651 8.104521175 7.104309831 6.193427609 6.713684236 6.468132026 5.705090897 4.989536821 7.589837533 6.564523822 -2.521620208 1.329877897 4.413249600 -3.829027398 2.341139127 6.041182005 3.509647634
1.604389889 25.069701667 -24.061815598 0.952211932 0.294491760 -0.030393455 -0.075121754 -0.227334044 4.917476231 8.300752548 5.523310550 5.263653957 6.379410099 2.217266617 1.763548916 3.142538490 4.284030206 2.767684066 5.638953868 0.620251673 2.787906442 5.694619971 4.878112784 1.960130814 6.562328132 8.985520595 4.064937743
9.959186006 26.672181181 -16.029473055 0.835750875 0.346979417 -0.111837021 0.410631513 0.741257482 0.066718895 2.145923536 6.243046311 6.811393051 -0.148762830 0.701440902 5.858486155 8.493571369 2.381138785 6.090581124 0.897086478 4.319886202 7.518275557 2.799170742 0.345801496 7.432795339 3.488172420 6.732606008 9.078922870
3.431306471 19.751814032 -20.332200150 0.785942013 0.548314997 0.077215244 -0.275106565 5.665912162 2.506715225 2.780876513 1.672016607 10.058844585 3.956292763 3.606531848 0.469510059 6.412002952 1.752638341 5.481994926 4.960220588 2.721522323 4.304939902 4.703249514 5.836984141 -2.036624650 11.920992354 4.817094967 10.677793533
4.820843033 13.334709525 -18.120043110 0.832395747 0.543088238 0.046930030 -0.099850182 8.429277703 3.907240819 6.265609864 4.143638351 5.602284997 6.153018777 2.324157226 3.398145306 1.607747912 1.865720116 9.749842024 4.073181751 3.608619095 5.342742646 4.286292594 -0.131592830 2.940430576 -0.154102851 3.394732757 6.457926059
14.543018787 23.944134267 -16.976548171 0.769222231 0.443542743 -0.077285136 0.453424748 6.100944925 8.532667836 4.854547185 3.453707896 4.656704358 9.944083316 2.021621854 7.075441220 3.092530218 6.108886829 6.879460819 5.275374482 -1.432741088 2.673194685 4.808881344 5.129402506 1.252403326 0.405534565 2.547709527 5.549327444
9.727887768 19.762412008 -15.250024686 0.870953931 0.405326327 -0.020880552 -0.276972601 4.491698223 7.375746606 1.467521974 6.464996049 4.112487821 5.887035277 7.175008530 0.849095555 7.619267430 0.844139168 1.592372652 5.341091754 0.892551053 2.244664082 9.953283567 3.614340013 6.953471698 4.622288464 3.324329493 3.029654843
14.187443665 12.050958106 -21.311145771 0.911277581 0.227096777 -0.224140612 -0.260309837 8.419802536 4.954328459 3.659899767 3.390642867 1.427092816 6.763380688 4.720806749 2.095528470 1.505419318 -2.341741467 1.307162729 3.852592197 8.895474219 -0.207722645 5.046696278 4.258641445 7.219040911 3.747466650 2.722743400 3.808544373
11.392340903 24.836225243 -13.879382937 0.852429697 0.327644812 -0.144628262 0.380913579 -0.127165956 -0.936139566 1.087787431 5.605076701 5.851939649 2.768358339 5.043421705 9.360702641 5.309434858 0.836812217 4.521157783 2.650109487 -2.546394738 2.286033352 7.116684860 4.712465687 8.941960788 4.817569879 3.674299595 2.847064254
8.794304963 19.501014293 -21.730762999 0.968172475 0.219700969 0.016314936 0.118774433 2.745266063 2.041865165 2.345577709 2.113120149 1.948413558 -1.077986189 7.457581654 0.182597048 3.409739734 2.522136006 5.082537847 3.837282956 4.218084325 3.350414023 3.842119658 -3.847073512 6.593545253 5.271997419 5.960980337 10.272558932
8.322519424 14.913374446 -26.916067393 0.875191564 0.483538104 -0.014784538 0.003470679 4.742611343 1.707553601 0.361972258 2.304093893 2.023752344 2.236935534 -1.925910809 1.552052594 4.810279516 4.829380001 3.271831728 1.482592874 3.234562379 2.739492952 3.242884522 6.115819997 2.465214436 2.512748652 3.978121310 7.025606791
2.153594656 19.430329272 -26.300767442 0.860381502 0.395996153 0.077756199 0.311263060 5.356693175 1.539627420 5.124371666 3.492824905 1.504077466 2.433277398 8.913990703 5.686408833 6.271885656 6.315411917 0.405977143 5.815639825 8.420267936 8.358518667 4.218286103 1.510075304 4.778055384 6.013084396 3.876557876 3.321922712
16.763119538 24.463549745 -20.683449796 0.840737233 0.460629268 -0.200000421 -0.202438667 0.693773822 5.911811498 6.265816006 3.724610632 6.775016563 -0.667431317 7.358085168 -2.617475209 7.550423709 -3.154794746 1.196657802 -1.342477331 6.725499360 9.301595718 0.116722887 2.878789334 4.283676605 4.714709534 3.843043808 5.871625582
2.616189006 14.529253171 -20.024979580 0.832013864 0.507426383 -0.026227369 0.222673574 1.459102244 -2.055952931 5.123232072 9.058055072 4.025671999 4.500332766 4.939374175 3.937817294 0.920134147 4.276311687 4.875659738 3.850143252 0.703501643 10.005098228 0.703900950 3.076931037 6.735332116 5.850445224 11.218471584 4.928519148
8.767658676 20.567335634 -20.889524233 0.832424575 0.507939484 -0.218697113 -0.035190643 0.218344688 3.252982848 -1.754489357 4.468746900 2.549509519 4.460017527 0.777197626 4.394542579 -0.038674605 3.246458858 7.011363939 1.267022060 -2.091229618 9.105858598 4.430398942 6.754104899 -2.156468526 -0.932736077 8.740461805 5.735369040
10.489028901 20.162347600 -14.435334242 0.711547041 0.531632563 -0.106062861 -0.447010399 1.313763437 3.994605154 2.747340666 3.150015521 2.913229219 7.651737616 6.298445361 4.869454430 7.396779997 5.769173544 3.667431489 1.967315297 3.299675217 -0.358473171 0.643553975 5.213170379 6.651552555 5.645253584 -2.456645910 3.647453515
11.895929703 16.445833627 -27.564236758 0.835703220 0.500812084 -0.151974175 0.166406835 6.065720403 2.558152057 2.401198339 -1.207365119 5.297262683 4.743004765 0.650730799 2.863487631 2.356741335 2.538059546 4.598675050 2.223901836 5.638154563 7.140182723 -1.348444458 1.423634570 0.081526960 6.041872888 5.955308826 5.767481963
5.742361447 16.103894620 -18.029782550 0.892550233 0.430704582 -0.112867047 -0.071474990 1.610143182 3.944279062 3.619440725 1.969302861 2.286124614 -4.001036923 3.639268621 2.204619639 5.861305119 1.770792026 4.658611938 4.207899606 6.472658124 6.945683445 4.456455690 1.136888204 7.550254969 1.734325251 4.197941445 5.161687955
5.150995297 24.132476598 -20.888124342 0.956280385 0.286176665 -0.015011702 -0.058355720 5.285233513 7.368789557 5.652851801 1.965161275 4.675859527 3.774113995 2.862588301 3.391409274 5.433667404 4.077146075 3.509875821 -0.672558899 3.266180964 4.007188532 1.247850125 4.243129889 6.302304641 4.654435938 5.293798647 2.340268574
4.862951960 21.524887778 -18.701980125 0.801599181 0.416622622 -0.017893022 0.428420569 0.174941750 2.402371073 6.042401153 2.210813613 1.603583264 -0.102398221 0.401181059 0.516839331 6.639125142 0.095817108 5.559709431 5.182805766 1.416228462 4.701383302 3.918986714 1.797438992 5.341116507 2.205067826 0.501856012 -1.184917420
2.551750783 25.217841153 -20.164775697 0.805657521 0.489988089 -0.030438411 -0.331513400 -0.703861568 9.007243737 7.303703697 4.228976812 1.697095951 -2.143280627 10.641425012 2.252044598 3.022679097 2.654841413 8.683999341 5.833225992 0.296144874 1.477387968 3.519100654 -2.037452094 4.128344139 7.451566031 6.282606404 9.821572425
7.854348936 23.252893486 -25.364317105 0.841351226 0.514553352 -0.047001749 -0.158599493 5.509003136 3.497071157 4.131304327 3.498813081 3.435526558 7.011890302 4.729240261 6.179723005 4.059261178 2.691543235 0.836762265 2.211339600 0.755628456 2.979711733 9.733264965 1.566556081 4.141026954 2.982763709 6.336898747 3.194418023
9.898348218 18.262193234 -17.474697939 0.711005833 0.632153450 -0.213488980 -0.221980128 5.247019877 3.903322536 6.515815617 2.926275114 3.571594062 3.840858482 7.610991898 8.086080755 8.906179220 4.465432263 4.196989357 4.042349831 2.249647141 0.125478786 5.404592752 5.857206751 5.612610055 5.389496690 8.160363157 -3.340179699
8.321322067 22.296612943 -17.344636485 0.751112023 0.606088099 -0.210375506 0.155660177 0.046173027 1.070610865 4.727094480 3.722046802 6.145813228 1.364846302 8.425674929 1.534621096 2.087457512 3.238814206 2.494901689 5.116403330 5.218671451 7.511847159 2.027644894 5.966077487 9.154425077 0.175532821 2.684176380 0.303272073
14.692219817 23.146233605 -19.050087434 0.752709174 0.491837247 -0.130489383 -0.417729030 4.897099174 5.915059807 2.367251565 1.758193889 7.417034990 4.513649353 0.765203423 7.468541498 3.661683191 8.384402376 6.897696259 1.908420556 5.546363666 8.618925761 7.689028349 2.769177281 7.297285674 2.483969364 1.205550664 6.969534821
13.114269535 17.957630336 -20.619208355 0.830789057 0.384161983 -0.208366044 -0.344663177 7.841527171 3.688955682 5.808449852 5.711804308 1.682395915 7.712504560 7.199192554 2.537763814 5.387016299 4.332869412 0.659773737 4.786254937 6.728744012 4.912111254 5.999502053 7.619459642 5.985572543 3.898413850 5.377771644 3.787347199
13.862610923 23.355085357 -14.312352774 0.781802537 0.431091158 -0.098352660 0.439627069 3.139761622 3.142376602 -0.562993416 1.707297629 2.769685099 2.826648718 5.323073292 1.671896270 0.514112647 2.074654057 1.606472686 6.316875617 4.442025820 2.450713476 3.396415217 2.559160716 6.160767623 4.898014540 -0.276301195 6.428921080
6.939709588 12.214957593 -24.849662066 0.716886560 0.546745643 0.196591278 0.385350140 3.673189402 0.197252042 1.725921470 -1.069529829 2.304833495 6.322133255 2.088622944 3.044301232 3.589415730 -0.324600888 1.395751630 8.513399792 2.518589939 2.914783841 8.393557392 3.656400661 1.943473287 2.800920325 1.384594389 8.366937698
6.347464346 26.050210177 -26.302986892 0.868309728 0.434575838 -0.002360236 0.239116053 0.497996428 3.518893481 3.709636715 1.171351745 4.283815523 8.377831065 5.187144774 6.601341236 5.416955704 5.720327787 -0.009241435 -0.212053092 3.759873487 7.893342435 6.336633151 4.089662484 2.574941381 1.381038595 7.833077410 5.580873911
7.184733452 19.557936777 -28.972115574 0.948082669 0.311686928 0.012726807 -0.061875201 5.087836321 5.091278986 9.343702544 -2.308419276 -0.311063694 4.540008852 -1.884706197 -2.497082511 3.240683974 4.687763756 4.213914316 3.927000108 8.505380211 2.791980017 6.483225479 3.269870383 5.350929926 5.286191178 4.295813897 4.345520622
10.860851835 16.036189793 -26.968091386 0.787739765 0.601737715 -0.023955668 0.129629901 4.065083225 4.798634427 0.201534428 3.814549324 -3.395888738 -0.079520903 1.591373397 3.120682178 3.889157616 1.095011711 5.870719310 2.074106793 5.026340818 4.356642021 4.904763903 -1.724046269 2.266498265 8.584568381 5.805201132 4.342336802
14.333171825 14.515378269 -25.609723887 0.883615732 0.393907567 -0.204490283 -0.149143525 4.898832411 1.195242909 -1.230791140 -0.126557879 2.779600001 3.045189259 7.729532446 -0.341096565 5.287201417 1.448820720 -1.032739188 -3.882932600 -0.868332841 4.588822957 5.111693490 2.212179474 3.710445993 -1.472862104 6.962233436 1.364083153
3.270877879 21.743514224 -16.618168399 0.793983185 0.383118548 -0.019439680 0.471628008 2.818271430 0.965572345 2.592353652 2.827067451 3.140262571 2.201506737 -1.408477608 1.413601940 9.474839194 1.668179920 6.644271589 5.206282237 6.728842135 2.891838616 5.425419365 4.254692965 3.483087106 1.583170570 4.842233622 5.740688777
10.218282186 22.326533210 -15.855424055 0.806272578 0.530243343 0.072136418 0.252116768 6.544941482 6.417288305 5.164795209 4.168348436 6.096330878 4.551873850 1.223024763 4.705028804 5.876275060 -0.827729187 4.504958008 3.927062824 3.248700301 4.322002203 7.708423831 3.434533625 5.211053040 4.796554150 3.652817590 5.623624804
6.214212066 18.280096600 -29.366305870 0.888279705 0.436679708 -0.010408786 -0.141991742 6.238908691 5.103841577 2.801835545 7.242191828 3.823180732 4.392143496 1.906299160 12.441280186 -1.356012797 6.587007817 3.400201458 5.086699074 2.667015125 -0.436067617 5.916130938 -0.405338795 3.674041217 9.653732880 2.612727506 -5.337442586
9.047181102 19.673347107 -27.476928454 0.783890402 0.603781319 -0.018281018 0.143630641 9.168237113 5.807378823 4.744549549 4.498379235 0.675459148 10.008211067 2.351983654 1.260391289 8.316141345 7.294405354 4.672836863 0.961231098 4.953944722 9.278594040 5.553808006 8.152317040 1.355766495 0.612348106 1.192628283 0.454289126
11.249778503 18.351595022 -25.350948714 0.881615744 0.471816760 -0.011255348 0.003992664 4.425790939 6.049474567 4.683337473 3.186781730 9.107950365 4.290412428 2.394248781 7.737428440 8.391299095 5.256480487 4.010690785 5.873719388 3.319156103 -0.922157372 5.466384276 1.771252877 2.002995205 2.049231884 10.099846700 6.615563683
11.859451239 25.449109715 -25.712836208 0.964151537 0.251504822 -0.070521619 0.046731566 0.153558023 -0.648821637 3.725008410 5.060380737 -1.321351021 5.924473120 2.302310277 -0.365168932 7.934712108 -1.156423175 6.903927864 1.052764343 -0.642978349 3.436054535 0.417263362 3.169336439 6.224835923 5.055438384 2.454120774 3.806613939
11.870706800 20.717408939 -26.209795673 0.808214769 0.543526791 -0.129011047 -0.186342868 1.478509522 7.783112304 5.452093075 4.585138018 3.775813792 3.898835318 3.683678523 5.452194471 2.122252399 5.009120801 3.070803885 7.569550081 5.067686276 6.138183116 6.643559638 2.457681760 -2.548817763 3.054590283 5.780393065 4.806053944
3.011076869 27.326639632 -22.321192175 0.924815773 0.378176787 -0.032056226 0.025894036 5.073609952 5.630072586 2.092035642 4.393043883 5.734105829 1.807557831 3.620238411 6.286931997 2.793253433 1.557943807 4.968643628 -0.076736882 0.872554343 5.678467360 10.249145645 4.048661841 1.646413738 1.596031027 5.090736059 -3.809226230
13.884051823 22.637190262 -12.847098229 0.930360614 0.334553128 -0.149968002 -0.003595882 8.559986078 6.204347125 2.899811270 5.220529558 3.860735481 6.352464672 2.805265609 3.306001323 5.877529476 3.399807338 1.494886609 0.137652102 6.090335880 6.078240698 3.441314859 5.257791571 3.808300738 1.518854378 3.707908093 6.925493862
14.120029530 21.886085503 -15.250748576 0.838028940 0.357354882 -0.203071600 0.358841064 -1.939985889 8.258856439 2.052032843 1.950676678 4.112591256 5.771859030 1.969336013 2.953608987 1.858740882 3.248422169 3.756611858 6.260727722 3.550950704 4.186270085 4.434781063 6.897132081 3.008434008 -1.624297382 5.352081440 0.376639096
3.548044366 21.157293775 -20.132523263 0.759647744 0.437127798 0.150759260 0.457303224 4.501110704 1.835260129 9.641545106 1.001861783 5.055337398 0.709533373 4.641526629 -1.030028141 3.173915434 4.535403726 0.968277026 -0.114179359 4.492542748 2.963352743 5.395469671 8.061698187 12.922227933 1.016709237 1.920879037 4.671470802
-0.039946586 17.847595474 -24.044011233 0.952088342 0.026728258 0.154079270 0.262817366 9.482320288 7.837626688 3.609810442 6.483568202 6.074371871 2.727902193 1.851621732 8.762632492 1.102056829 6.746534432 0.800584423 3.492654384 3.863870946 -0.603248790 7.281583796 7.840042976 2.454408938 2.619881926 -2.119862717 5.600550535
11.292953795 18.429730219 -26.989618877 0.824196046 0.519265388 -0.152157992 0.167069688 5.234361666 5.769591093 4.436211426 3.953592048 7.719520603 -1.286615775 7.624726120 3.558788911 4.056795549 -0.052910137 7.071324325 10.466184265 7.273415615 5.951224750 -0.177428245 7.176544707 -0.083588878 -2.544807097 6.570456053 1.078927884
9.971568000 15.772772887 -20.149389288 0.877578080 0.330427075 -0.086415395 0.336462540 1.458472743 5.943061080 4.157181685 3.770774599 6.061110146 2.862799430 -1.639087088 1.886483386 -0.883475828 3.130390983 3.077886459 7.972633794 3.984280879 0.911089175 -0.502139092 1.791218709 -3.112266256 2.352954184 2.175799112 3.260960617
12.042560620 22.488380704 -17.620827038 0.971621990 0.191588310 -0.104546611 -0.091184611 3.244515084 5.695781943 5.127359735 6.089825778 -2.185094263 1.731967162 7.036835801 4.061148707 1.732083723 6.497987244 -1.991943358 0.783899107 -0.612528602 4.591042254 0.045670282 1.623353983 12.904521091 5.736964839 1.687795714 -0.177771516
9.606285474 24.788075307 -29.036115807 0.805303794 0.385721539 0.193919991 0.406324662 6.584033683 12.532137983 -0.329785923 5.822578365 1.185877156 7.089149616 4.541720229 1.562604171 5.187912953 5.275457219 4.045210188 0.505253688 4.717696268 7.008697360 -0.799742998 4.348381423 2.443025273 2.056745163 -6.070304363 1.540044695
7.089076982 18.894351430 -23.856811105 0.822194938 0.339074065 0.119366611 0.441334199 9.080304377 1.851113144 1.098143444 5.081415346 3.501104067 3.005688882 8.066900819 8.405789781 2.772168240 0.072409277 2.016257345 2.302526599 5.104888987 7.779383582 7.729707804 5.333769884 3.755325545 7.451526333 -0.480445233 4.610189248
9.385488667 16.905784351 -28.238509289 0.979189400 0.192687224 -0.048427155 0.041407290 4.000823617 2.211094441 4.649174124 2.321389460 7.545368302 3.262466904 1.251931676 0.973688133 3.406754103 7.109226047 7.538173955 3.094727150 1.235183669 1.908719227 4.152820117 7.065342754 3.873788224 0.850383666 3.796716083 4.848552902
4.345658781 17.935229862 -17.668694794 0.834790135 0.444829265 -0.053752805 0.319942168 2.620779917 3.409624830 0.357231110 2.491021228 3.610831458 9.407429195 0.570824418 4.840125013 4.767464278 4.102095562 7.413225159 2.670939766 7.328965019 7.463694104 6.058332217 1.252249569 4.516950457 6.483969964 4.609162487 0.715895911
15.139099353 26.450431794 -20.288290794 0.901260129 0.396830544 -0.162495773 -0.062054992 1.109608837 1.690405721 4.012999127 9.624183080 3.604966161 6.935189174 6.262880770 4.876848420 7.730836110 5.453190740 2.018959977 1.977985717 -1.327828893 6.684533991 9.098707726 3.630002723 3.209119821 5.997467912 9.819064180 5.844507876
5.608666505 16.612510248 -26.669319502 0.845985729 0.532293578 0.027731641 -0.014235459 6.758975606 6.266256409 4.498710436 1.881736010 -2.985806834 1.845992546 7.226031980 5.005285077 5.443759986 6.147985945 2.927014591 2.957162179 3.693418448 3.731821810 -0.155752775 4.263762349 7.512975680 4.106812285 1.029445539 6.588707899
12.766337528 18.568491628 -12.925263483 0.920971252 0.331528643 -0.143467155 -0.146006464 3.618193394 2.863794419 2.078360314 5.589696413 -0.579540431 3.664107468 5.573384925 3.113556540 -0.912663535 11.989740566 7.912241595 -0.843810105 1.233571508 2.667113395 7.516951418 3.710256288 6.241421004 1.745717776 9.410391934 8.906845887
15.454011946 19.792914239 -27.694878797 0.818090855 0.538854104 -0.196103711 -0.043668555 9.947527090 6.528638146 3.680128026 1.607193647 6.252422983 -2.027091865 4.853017782 7.603142085 5.226487807 1.688857998 0.536552142 -0.519600896 3.377986973 4.838916405 1.977663830 -0.699875998 9.290146668 3.129696160 -0.505791971 5.770920788
3.927648557 16.663562471 -27.737862759 0.726936259 0.525167416 0.076978011 0.435703163 3.198468653 3.723005475 5.149830629 2.407471600 1.472378950 -0.044583749 4.707613177 2.417284890 4.674380866 5.530098149 6.555004346 2.322377304 7.532849821 -1.405817829 0.008779804 0.662853574 0.530711616 0.937312242 3.605879092 1.425893572
14.336560375 20.862791956 -13.715220587 0.825985304 0.434754909 -0.230078669 0.275318457 4.759008108 5.829353862 8.059178288 9.812798657 7.129198111 9.618772102 4.259858528 2.925635788 5.826823547 4.261463181 3.817035230 9.875776851 6.128592968 5.116737011 2.876455443 0.342090563 8.184434775 3.323727375 5.520918598 5.755571850
7.164748837 24.556955344 -23.663565916 0.868689640 0.441687904 -0.168704522 -0.147746028 8.350480580 3.321501986 6.641586348 2.935887237 4.662104732 4.489053790 1.912920628 2.444541850 1.995704170 5.570895380 3.707172772 6.196294875 4.021636948 6.506485582 4.312207271 3.595531764 2.646279898 3.900890616 4.219902686 7.321342657
7.736577470 21.322690932 -24.882607317 0.754858292 0.551261303 -0.074091649 -0.347577849 5.088953634 -0.039484704 4.967926067 7.113116004 3.056390374 0.008276873 3.392160770 6.579342366 -0.350349861 4.437203005 3.771863858 5.564866154 4.787702351 4.520074377 7.850055780 1.563298817 5.163683240 4.246655236 3.797684053 7.213845211
10.552879085 27.666715574 -21.695852997 0.829995259 0.551791324 -0.081026321 -0.008303006 1.891616869 2.679382882 3.321368762 2.427673031 0.918095504 4.021527861 0.853139798 8.215407752 1.148651288 6.944836642 0.559109982 4.079450522 5.815630358 4.964503697 8.798434743 5.092726856 4.850166506 3.325854189 3.191812619 4.164468068
7.425980377 25.482403837 -15.785629718 0.738447965 0.522959207 0.004514181 -0.425661713 3.263461516 3.710379186 8.500615243 6.925796124 4.452433813 2.228328635 -0.339262526 6.883178095 7.721145808 4.475308408 7.098838373 4.773461156 3.150534527 7.055427848 2.827462236 4.985084443 0.845054706 5.380576066 3.054636596 6.910224454
5.796835704 13.302459711 -18.083817359 0.904302054 0.408340558 -0.100991622 -0.072776895 -2.426305977 5.029742060 4.012613135 5.039180657 9.323038029 4.915188791 4.356172293 5.710637499 7.602020903 5.732708731 -0.803485972 6.602362248 7.605726841 8.119255047 3.249303115 4.539146166 8.820164433 2.931853330 7.245399291 3.893910067
11.192526683 15.697319988 -12.496941511 0.744733635 0.607861318 -0.114506149 0.250528984 6.420524087 -1.039432864 2.611814453 4.036852171 5.471732843 2.575572532 0.871076119 7.048600145 1.270053782 -2.636052547 1.155285415 0.973622891 4.115446937 2.310252479 3.197477365 2.233118413 6.928781993 5.314349183 0.889989335 0.810911778
7.524166883 16.280795660 -16.034046039 0.897112218 0.360721667 -0.161576425 -0.197389481 8.172871108 0.807180167 1.119289697 2.676341001 4.994195413 5.150416396 6.380991929 2.870684575 3.245372858 3.973182712 3.942165944 5.670496759 4.795232029 6.461368738 8.587031053 6.029970174 4.015016254 6.397078422 3.560874837 2.912085360
14.006552260 17.461720007 -24.060050948 0.960413213 0.260397994 -0.093745210 -0.031799054 0.653962757 9.840927949 1.638581913 4.790385573 2.897456710 5.488991918 6.880423338 5.261456835 2.838012521 11.871442719 1.776993568 -0.425220073 6.793860944 3.850977856 1.731667743 8.100535881 8.286986296 1.236839286 3.639644883 1.679354361
3.118165435 23.738790593 -17.174227924 0.870898442 0.471876095 0.123493237 -0.060152104 -1.527398142 4.257395384 0.836907457 6.651558909 2.958991862 -2.583854641 7.664336407 8.132841049 8.688332372 7.400231638 0.700072106 3.478556792 1.154218055 4.149534064 10.609861458 -0.549002745 2.992381598 6.954054008 2.105313137 0.600004020
10.535053074 17.321451159 -13.545128180 0.845193541 0.327311817 -0.203731445 0.370146390 2.482464430 2.508530639 3.145303153 4.072725180 9.241585442 3.619754455 1.682048583 2.591093369 2.790869957 -0.574765779 4.353723979 8.515894725 5.876173837 0.900476441 4.905169284 3.690474218 3.316658138 13.355743639 0.963381048 2.482478312
9.336529614 21.697166110 -30.285108180 0.900325801 0.355598971 0.162350072 0.191325055 5.910455313 3.753353636 0.214638211 2.797797036 5.472999786 8.383552257 6.252173200 6.955128115 7.176416639 8.968812120 1.349318758 8.534735230 0.953895159 3.079923132 6.262054140 7.785320958 3.180896106 3.502665244 5.366164479 3.221032427
13.343333176 16.200016380 -21.338584125 0.746195596 0.462718886 -0.248263983 -0.409204545 5.507612602 3.380710355 7.174655518 9.423711667 1.158382410 4.311670832 5.688570702 6.682936492 2.318558175 2.134749863 0.132389302 4.612900619 7.964440733 3.605904585 9.142175736 0.014054326 2.792937417 6.287258408 0.502415074 -4.996033519
5.823347263 16.484223207 -23.157451828 0.873881591 0.485423661 0.023752718 -0.011429939 -2.261709253 4.367636171 0.929032251 2.297394639 -3.762628511 8.881734080 4.785606892 6.174392661 5.178292831 4.207878001 11.203187697 2.280725569 4.887881517 1.342884999 4.008519946 2.837676215 4.805279125 2.421232573 1.280579264 0.183090809
6.541919496 16.646567955 -19.414550706 0.860001728 0.457555126 -0.138702996 0.178330630 1.309734488 2.730726986 4.357547869 5.134162067 4.050782526 1.663039707 2.544007032 6.084037859 6.362852280 6.964190261 0.294373671 5.207656351 1.388254988 3.643837906 6.527929236 5.002850952 6.564161981 8.319316059 6.026320901 6.319620690
8.079157031 17.749131355 -18.063927072 0.815894024 0.574667391 -0.063658323 -0.004685110 7.206589765 2.510706789 2.870499056 3.028852274 4.223891701 -2.357972690 5.474285761 5.069421728 1.695081818 0.585718270 3.550782438 1.197518493 2.988482058 -0.211480068 4.966324152 5.023623936 5.389096628 2.377980048 5.362059537 1.795951992
9.252776232 11.946514497 -19.171194198 0.830164134 0.346018780 0.037246932 0.435558469 6.498292101 2.447571337 5.407042312 2.911540442 7.461384655 2.733367917 3.075523128 4.027809110 7.388697323 4.420069532 3.320877242 8.003468271 9.423390538 7.065451144 6.906131621 4.803359016 1.299690906 2.587496301 6.029858458 0.007242466
3.962531990 14.262903965 -20.986369164 0.848219248 0.502187042 -0.111775009 0.125851615 4.009185063 1.468866632 6.312689058 5.631362153 3.982863742 6.612662577 2.600852641 1.366701867 0.583361893 2.169207866 6.076375932 9.651247979 3.438370892 6.871480292 -0.913915502 2.487007274 6.090679037 5.281906891 3.804371733 1.074045974
2.826223384 21.867009521 -25.276268410 0.962002164 0.271309549 -0.025819533 0.016622752 0.029561318 0.712229016 1.775250136 2.999938840 6.850031669 0.361160425 3.350707303 0.939323523 9.802180722 8.657803299 0.995266097 5.458295997 3.689834203 5.725635488 6.316274027 0.145463764 7.695496053 4.284137561 3.020120753 3.338443899
3.573496289 20.688278296 -26.022480233 0.772478245 0.609124114 0.179294099 -0.009939834 4.786751468 12.465867867 1.505098652 1.887288009 -1.094353308 5.865920693 0.159839751 2.355829533 1.915553266 -1.657062066 3.247901256 6.409176155 -0.683295600 4.722135632 6.875144639 2.289847780 1.947072216 0.964923075 5.248323449 1.803565820
4.713298705 15.442271617 -21.848137231 0.922129680 0.380449210 -0.070250851 -0.000264354 1.694807368 5.608136296 1.380004724 9.620920035 -0.083518358 0.836473378 3.754160127 -2.031972399 5.976866297 1.999689488 3.725942501 7.816681343 3.101031300 2.184725777 -0.261671668 9.445681194 2.615981662 4.960056942 5.313103137 2.790876787
13.586969158 11.987190809 -19.854595978 0.879632992 0.296074581 0.024769049 0.371446006 5.065831656 9.406859071 8.155766605 5.099328576 5.010455151 5.270029353 7.476654565 1.095708336 3.498830278 2.131597302 1.279337585 1.593329122 5.127567021 7.002165732 2.441497676 7.253216007 0.536467165 2.993273036 -2.515654968 1.688376328
12.034218233 16.721185525 -25.724161798 0.781165380 0.592864928 -0.070806217 0.182423422 -0.503333776 5.231014031 11.229448272 2.206948545 -0.385081298 2.114774552 -0.977655224 -1.670093664 5.962255472 2.608604411 -0.870068419 5.040158116 5.560574376 6.032719259 9.391444662 0.511439819 5.442779330 2.558382818 6.893958493 3.035141439
7.217396369 15.134688459 -18.909022815 0.920624087 0.342018001 -0.104305596 -0.156828950 6.937125544 6.649509493 2.039050958 4.062361651 5.565386148 -0.051835135 0.173619542 2.079277802 4.536988204 -0.703361815 3.805563405 6.457432961 1.965023194 4.486356278 3.827482991 4.796098831 2.280097535 5.335667051 3.661138055 7.182799769
10.166940367 20.287242518 -26.496933770 0.892420218 0.313224908 0.024545032 0.323842328 9.625845489 4.251476072 7.097991814 3.418230064 6.942255951 5.364877356 5.412560160 5.196537675 4.472409357 3.810630707 -4.162614167 -0.328698915 3.707166748 4.578867878 6.743696089 4.725638242 -3.844559347 -0.444109035 6.672569492 6.616664001
2.731198175 17.102821112 -26.200726417 0.759750450 0.626140093 -0.045073397 0.169399607 -0.623037229 4.703802683 2.607581669 3.986687002 5.619623882 0.653910923 6.325197655 4.589693958 1.804297315 2.563242070 5.352900262 4.348773113 1.066975511 -0.832027136 7.866831159 3.794951477 6.139579611 -4.040426264 4.101678178 4.795447439
12.995100445 20.662704226 -13.570029526 0.936694871 0.332536891 -0.076193351 0.078844837 6.875058674 10.058874373 6.367657059 2.753806548 8.169098488 2.276969957 5.059880856 1.405758805 5.826801699 1.315783899 6.874192366 1.772303566 5.875437995 4.745093738 5.337911216 3.123033092 0.256164118 8.753074568 4.240808814 7.384238757
6.591545029 24.310739884 -18.221528623 0.735588187 0.663199924 0.022106817 0.136334769 -0.042632039 1.863273951 4.054882852 10.208242103 4.075768095 -1.092679942 6.983445883 4.018023122 0.711119756 4.052615577 1.381599712 4.623433448 0.123140930 3.618961780 5.892880417 0.649808557 4.015516072 5.311317813 5.384945262 5.444821477
16.662626355 22.403079100 -24.731789979 0.791425567 0.512419898 -0.200150395 0.266479343 1.374840210 8.149115478 1.934928068 7.161710745 4.489811215 7.157454147 9.176671839 6.679921421 4.596283599 5.588308516 10.063690841 5.576963827 -4.899166469 5.587664014 -0.307338352 3.231986928 -0.251426261 2.223349916 4.185485858 5.970062230
2.843308519 14.861746129 -22.750415364 0.990773638 0.127504371 -0.004442841 0.045721931 6.299337214 0.802492795 2.917618440 5.892790964 9.380763995 3.705702503 7.055125169 7.224426502 3.859320417 3.526519053 3.323507602 3.380579407 3.433819349 7.992730165 7.485246093 4.853056088 2.410237218 1.626649891 1.911340051 6.315667142
6.825214550 22.504985020 -13.790038323 0.902951299 0.339719382 -0.046477891 -0.259055012 -1.091626445 2.417772459 -3.983157388 7.696802843 4.039100073 -0.988848533 1.285575602 4.588253749 5.531914063 3.362408105 7.949173673 3.582300135 2.158131711 1.148023922 -0.945573744 4.076454200 2.570714489 4.802832487 8.799701561 3.690094630
12.637343081 23.087384843 -12.986229251 0.866631201 0.460160889 -0.180949673 -0.066779732 -0.123024045 1.764787164 8.395684871 6.294310265 3.103964956 3.688284676 1.250775963 3.370877839 -2.493888839 8.184509072 6.338065894 3.438818633 2.510032258 3.029865610 2.763770757 2.042440200 1.563239427 4.617990082 3.494478267 1.458792308
15.090372837 13.431197665 -19.310214596 0.841001735 0.436674414 -0.092773328 0.305654458 7.223067104 6.851893668 11.629849932 6.321547189 0.659935536 1.047384400 6.983071945 6.764138786 1.844129468 7.748189957 7.035415458 3.667465182 4.931247612 7.652877581 4.863565365 0.797945471 3.886231406 0.487758120 10.693190413 11.322791586
6.352969590 15.266107790 -21.558900754 0.881723695 0.359588303 -0.055642131 -0.300272429 3.941884777 6.151073361 4.691541526 1.625284392 1.479787392 7.621414626 6.003195685 6.273133638 5.548827109 6.923906641 3.974046723 6.681136216 3.047134583 6.533255889 7.066668961 7.870147872 4.992152337 6.017219119 1.106884209 -1.581091821
1.164951193 14.197317883 -22.079707128 0.756239225 0.639981289 -0.009806948 0.135757167 1.023475714 3.916625335 6.444948247 4.605538296 7.703079943 5.506168165 5.946240091 3.444421596 5.544811423 7.034835268 4.286307675 3.156451255 6.442302977 -1.108687362 2.942262663 7.157780804 9.460382089 6.631749268 4.098606868 6.036894932
7.120440989 20.521449824 -17.079779818 0.849236021 0.402719468 -0.005472238 -0.341445847 5.003727073 13.344117392 8.008754770 5.569649346 0.642232252 1.257890825 5.456166215 3.243918508 1.582671493 4.821548383 2.292473142 5.566210597 5.877704869 2.838840228 4.727419118 4.109822314 2.650875514 3.701327333 -0.236515134 4.984791886
9.765065947 16.808633349 -29.568585085 0.797136268 0.318303138 -0.407298377 -0.312033517 5.505579579 5.785221527 5.158192943 0.664000406 4.309581904 3.360763251 4.279292919 5.044821086 2.440022761 3.120247014 5.563922937 2.422436878 -2.125200767 1.443812661 6.523178484 3.467552565 6.283204016 1.049409250 3.489880640 4.916553249
1.795361061 16.706306613 -17.841445519 0.751430664 0.437154316 0.304113782 0.389567541 2.605598414 2.430161485 3.242978883 9.522175287 5.648990536 1.949589103 3.750134071 1.548406253 5.284396495 8.435490245 4.300740893 2.418632273 1.380297681 0.193226978 5.634681079 4.174793879 0.927379726 1.728121423 6.937484788 3.846595481
14.035332193 14.138441834 -26.087532704 0.973314997 0.204807473 -0.095438696 -0.040040869 4.429475558 5.304742360 3.814611177 2.655044870 6.892925005 4.338011463 1.977360634 8.259168639 1.209775158 8.342110068 3.661496504 11.761354181 4.967147728 8.997928706 5.756009850 5.765935833 6.286379041 6.827701581 2.015576966 1.379183566
11.163135701 20.517214026 -19.995464385 0.746640150 0.502374767 -0.105537559 -0.423095620 0.488004316 1.965472466 1.578553661 4.060474607 3.246781249 2.946334092 7.647290424 4.777477026 0.563531961 4.388257704 2.010383085 8.277196353 8.171129977 5.676550180 3.484472210 6.604713841 2.989673541 0.023713999 4.765783588 9.093217350
9.783008082 15.800419169 -18.673915923 0.885771118 0.378389146 -0.179001242 -0.200473778 3.903892447 -1.848421215 1.585855519 0.404208153 12.991973838 7.125288612 4.714832309 5.985142263 8.713630851 7.021803968 2.974696565 5.081327069 3.348481754 2.334905160 -0.194131298 0.306480887 7.624074921 2.556548408 1.344612317 4.918008954
7.007798365 16.621984596 -29.918002637 0.896264076 0.388228684 0.004896527 0.214395007 5.298409378 3.258180191 0.132498645 8.083180897 2.607276595 2.641427422 1.674967301 0.524920027 5.618066878 7.890765426 3.323656931 2.350654837 3.646752080 8.474441671 6.531954463 5.080880962 2.612049645 4.920266145 2.111974829 5.936279188
8.705595834 26.254352692 -13.391940836 0.896573470 0.392037984 -0.112498924 -0.172644791 4.886182456 6.464560723 0.630540008 -1.850772433 8.662429205 3.711371038 4.272816627 3.662690017 -0.621365149 6.174605667 4.224137419 3.297091584 4.053909045 3.675369758 3.355463919 1.241090091 2.268174572 5.363417081 3.457380067 2.776425713
4.485332384 20.400245621 -21.318724009 0.725816051 0.484624957 -0.123062826 -0.472424864 3.509289384 6.809087655 4.176998767 11.385881924 2.416613226 7.008878564 3.061503205 6.977309865 1.176132830 4.046201042 6.562882318 -2.099755136 2.464625158 4.565566976 1.938726353 7.695457532 -0.142832341 3.358252779 3.741477965 -0.163965810
4.845701778 21.673302848 -12.208718534 0.759028160 0.651003793 -0.002534115 0.007993226 8.470853713 3.216654249 1.741982834 -0.600368534 3.109463019 -1.583844232 8.066565576 4.232056565 4.729052452 3.621241288 -2.353910626 5.766046265 7.022251642 5.645655786 4.999612504 4.219440741 3.348258030 3.016316744 -0.111145576 3.232100997
4.668011667 17.180383046 -15.183299242 0.727300125 0.477021006 0.026900702 0.492708677 4.113787887 3.622012915 9.711649071 7.174378392 5.549599441 2.180153847 7.402436919 3.694574867 10.220362213 2.504100306 4.343339795 9.277978083 2.908197344 5.459963269 13.862285258 1.955650762 4.117787888 3.248873421 8.651940526 1.696398896
2.921711641 17.113040514 -27.551118579 0.748798270 0.499028221 0.360493994 0.245593295 3.544614715 -1.631718926 4.944920302 7.864560713 2.454365019 5.557997883 8.618799674 1.991255183 8.162393168 3.542857261 0.347150922 3.777881100 2.768332390 5.582916867 10.085026960 2.595977483 5.356349392 2.457614241 6.411583234 0.756951272
11.147636693 20.344054394 -28.198444331 0.756103122 0.557539961 -0.234751179 -0.249698109 5.435712174 4.084463286 7.917080925 2.362070119 -6.934881988 3.904288567 2.677452948 4.461747169 6.173078352 3.828530700 6.864339076 8.953227708 6.653005258 -1.818497647 6.268472210 7.258081845 -1.241025753 4.387509957 3.880786784 4.440259162
10.996317176 24.437474007 -17.144351447 0.891766285 0.387283230 -0.119520397 -0.201195099 3.800231831 9.367553982 7.591816373 5.798341714 1.772168211 3.576019891 7.977744373 4.688492482 -2.502962207 3.263724554 4.889910336 3.089298986 3.950529827 2.335645757 6.484046275 5.421120064 1.892467045 6.650491789 2.036221354 3.912865538
2.972966670 25.833187984 -19.611475887 0.787442008 0.586420053 -0.003628267 -0.189824764 0.944112713 8.151696387 8.441902526 1.950388769 5.876518495 0.728750341 3.655009385 -2.729340295 6.448997397 1.177229385 0.633189791 3.030610480 5.463104676 5.936324362 4.496780456 4.266703836 6.599412723 10.036307600 5.355522576 6.355687226
5.621715088 14.380600981 -16.071822031 0.820792711 0.449474170 -0.053208560 -0.348484068 6.121334349 3.943497442 3.718179485 4.269675586 -0.367512773 5.331664912 7.331845249 2.185957795 2.252013729 5.985994880 -0.757389145 5.522775346 5.604432944 8.901351554 8.725675421 5.211508165 6.069608040 4.765353326 0.259173679 0.248965533
10.523153910 17.755988010 -25.682388803 0.789030095 0.461735375 -0.383777820 -0.130178867 3.866869913 4.649907109 5.760827680 2.415045952 -5.131571881 2.324425507 3.767162602 6.486293493 1.437293413 3.609497419 3.417966375 -1.687876106 4.514862099 3.002298024 3.227256421 11.442344712 4.839446954 3.939498149 4.814080057 7.090739783
1.716591056 22.047119734 -17.945990901 0.724697011 0.472240756 0.102339435 0.491253042 6.069575018 9.376370857 10.257403905 7.193184874 4.521764902 7.285365637 3.847274228 9.402415886 6.039540506 8.055985411 3.024948103 2.028786538 4.894976730 -0.750722003 5.420117859 3.645556569 5.368755920 2.937418266 5.785806573 5.844804059
9.304557727 11.394866704 -18.310017292 0.815972142 0.375624684 -0.129611645 0.419876627 7.019676680 1.871130102 3.867598373 4.691079899 2.467817553 -1.079771604 1.335234277 8.931857194 3.940830666 4.149055566 1.467247127 4.064755252 3.865271996 2.088442031 1.265391617 5.724828223 3.389961690 2.693189888 -1.505891624 9.163760706
8.786865976 19.256138689 -26.953416788 0.809334680 0.536790312 -0.238272529 -0.007729106 0.635991389 2.523865556 5.666632216 0.273305306 0.045155967 5.843086031 6.682168128 3.154184889 0.460219294 4.273797887 4.353984207 6.151406264 3.759718238 0.277898862 5.618223429 1.982840982 3.592185016 5.439549453 1.996932569 0.402441035
7.418164516 17.437642063 -12.657271422 0.733169492 0.589252864 -0.264846651 -0.212367159 4.740065893 5.914369623 8.018713188 4.646162429 3.843163876 1.068657757 4.920371775 14.067728140 6.684564670 3.675111428 7.983057215 5.875453750 -0.018805811 3.463540168 1.406111350 0.174850423 11.923027230 4.146666669 4.297260337 8.168531246
10.723273337 12.493005055 -17.286255927 0.893761412 0.448322073 -0.002265776 0.013882490 6.252760645 7.939996842 5.650237658 2.776787246 2.221327488 5.364775698 0.151002632 4.225137210 2.755048121 2.431202971 4.786343984 1.970364253 4.576296622 3.928272948 -0.218192890 -0.822670902 0.704946655 0.888236895 3.823536780 5.412305197
0.202609026 15.430033212 -19.682086601 0.906633024 0.186134585 0.220745108 0.307639520 1.433578319 -2.203901743 8.262955418 5.768186188 3.085389567 2.186981060 4.817570281 5.854768058 -1.378990256 7.337238676 6.313033814 9.474802653 5.224682989 1.254583446 6.539397273 3.195535780 3.278307525 3.737898749 2.952446992 8.144155212
-0.531715981 22.888893233 -18.673853178 0.711707593 0.687590872 0.033164780 0.139968541 4.718122275 3.570802082 6.010684547 5.080330714 2.940540701 8.903001788 1.424800036 4.783311320 -4.627996218 2.511697337 3.888499805 4.085856873 5.919778765 5.567207141 4.051806952 5.523376954 1.247109996 2.679685111 2.626095286 -1.920732271
14.746163653 15.299937224 -15.177907640 0.836437331 0.438915766 -0.137969790 0.297808459 4.994845215 7.853007390 4.477925191 2.054118117 4.726620493 5.588392364 5.703637606 3.667328344 6.928890487 4.852943770 3.349140289 2.312013073 2.410459338 8.483490369 4.560253646 2.145619617 4.460631190 2.799860275 4.326063135 3.746174595
12.445514917 19.166177474 -27.431765723 0.755517628 0.362459100 -0.419087415 -0.349545780 5.284507777 9.220440323 3.407508358 3.005113170 1.434449466 5.226559321 4.849893974 0.485843424 9.037299254 4.541199379 1.051958926 -0.731893243 4.672217800 2.868909510 5.313426913 9.642633617 5.895050908 4.862157470 -2.696413715 4.621725125
8.775593701 11.329493678 -18.025277738 0.819442821 0.467032141 -0.150365931 -0.296284543 3.844155043 3.132396740 7.984081923 1.929900879 5.358417490 6.484490907 5.200071144 7.019669724 8.997978593 7.351516807 1.637198878 8.020957632 5.917552761 1.254118886 -1.881701811 8.984760356 3.397633634 9.165039740 4.200925366 8.951632579
15.935477233 21.502554035 -18.603192557 0.823243299 0.546514295 -0.039929822 0.148317917 5.421151767 6.924984200 2.152712268 6.870161230 -1.064084492 -3.524814669 1.040926821 7.964960161 -2.474164990 -0.167628070 4.629318444 1.734673504 5.696746263 2.651846554 4.657762598 1.441036401 2.592756080 1.088376424 5.385826411 1.025743690
8.039818444 16.844650091 -17.145952586 0.829070016 0.450162768 -0.275919126 -0.184024528 7.710892506 2.932188083 6.267383007 7.418513356 4.735856564 8.111044563 5.243554204 6.774427611 6.983384473 2.236472723 1.917599837 6.954210076 1.774688906 8.609077993 6.691386507 5.897949135 6.580278749 3.780577846 1.986094482 4.894337456
10.985498668 26.984654622 -14.150357614 0.870052216 0.408969672 -0.167267888 0.218573563 4.300424359 4.463555750 4.732430326 9.113521014 6.084520895 2.875469550 1.667638739 1.106228423 4.410098807 3.515638763 5.223686993 1.285438548 0.465143879 -0.108813059 5.671139987 1.159572040 6.580937718 3.330677083 5.006941693 3.683203581
11.710271194 12.620347205 -23.883659266 0.860532815 0.434507114 0.091694496 0.249557532 7.366267476 4.153319713 -0.086876089 6.902965724 2.416404771 4.317600463 3.471289826 4.129878236 2.443912447 6.421416837 12.491982524 6.810159427 3.425072205 4.244955761 -0.761777655 5.426953355 0.309978095 3.176888668 9.227929803 4.596867796
12.317691466 15.983294210 -13.662148316 0.844397552 0.391294609 -0.283117736 0.231787942 1.890603531 -3.102966279 6.053949868 7.074490285 0.216109255 -0.741677887 6.055379978 3.483443859 2.372746556 3.056327126 7.973072584 4.360178545 7.857337443 11.575700312 2.674605889 6.341259761 -0.559541337 2.461925413 8.884052426 3.079749317
1.890604912 15.894315443 -15.186156897 0.879659646 0.391038917 -0.015321896 -0.270282653 2.522392467 6.075933994 2.296899726 4.831884399 2.973496756 9.051084842 0.856212944 5.058050385 2.371857199 2.833887878 4.985751581 -0.493266278 3.222054346 0.447895354 3.059506462 3.666945140 2.816083405 0.002278524 8.327741289 6.316204400
10.467494701 10.547046611 -22.108269922 0.950812629 0.242122184 -0.154393788 0.116166905 4.624269820 2.866139010 3.298210449 3.268945259 2.562041223 6.245587921 0.971170108 -2.980204310 1.094889971 2.105710002 3.096034086 0.404553172 5.265188520 9.558192279 3.426054706 3.754714775 -0.834658744 -0.865348489 4.746195995 8.064190469
0.929297792 15.908518100 -16.850504600 0.851735550 0.444854619 -0.088032094 -0.262490516 2.502978522 9.021003038 1.433318719 -0.415601844 6.464760770 8.862148919 4.485977559 2.161872023 3.955931739 -0.178053575 8.728977167 4.238630355 5.500252022 2.976340392 1.494264349 1.302769740 2.113339922 8.818620366 6.092573064 4.946701443
14.765247713 14.412142380 -26.403775137 0.987223289 0.135214127 0.019059906 0.082122089 -0.258512578 7.186366231 5.860172132 2.856421830 6.795236103 3.752162622 5.279220706 2.023275776 5.375643010 3.462030741 5.045823818 3.351427945 -1.464805637 8.927296998 7.550095622 4.098091265 6.855128125 4.007488021 3.825066175 7.231812021
13.636098068 18.699536159 -12.642786888 0.889275451 0.352235464 -0.188274640 0.222872185 6.963397601 1.858679810 2.426569141 2.634462919 6.219483691 0.239057906 2.818624142 4.707771584 3.624565149 9.416435433 3.071363029 3.754189366 6.016169398 -0.519930720 9.878069883 3.617624008 1.139475275 4.600812046 5.271516399 8.553563680
15.137567173 19.001939892 -18.272266193 0.962968114 0.255256536 -0.074598464 0.044402495 4.541905290 9.047421525 6.354076458 2.388983422 6.447404775 4.411208164 -0.945689448 1.480751135 -1.533408949 2.658752854 1.925671400 1.938999097 -3.141754324 9.684034836 3.691960053 6.624023003 4.611114550 5.823668005 7.168975349 6.776134370
2.826547696 19.987100157 -13.911794796 0.794033117 0.384304029 -0.042497416 0.469058410 3.673548511 1.339764573 0.341213094 2.144698935 1.692779745 5.907094932 2.160855775 5.770096715 2.863942649 4.675863417 8.286825846 6.168479574 0.057033523 4.980490323 1.000077385 11.096332062 5.213402180 1.424996201 3.193261683 5.555442883
4.210951684 18.855690547 -19.556063793 0.721089888 0.487154274 -0.085434908 -0.485191676 6.443414778 -0.837744248 4.134511973 3.160019315 9.987225424 2.515532589 -0.159775464 1.988134194 3.391017732 9.544151529 2.509255809 3.344508322 4.821860124 8.296119517 4.384378068 1.779683003 4.880941338 7.432246215 10.523281427 3.804435340
12.962126325 18.828941505 -14.634815742 0.775881624 0.450358414 -0.201623106 -0.393107017 6.763192353 3.271142928 9.813381323 5.336637025 1.375815509 0.753314309 7.414945445 2.711361969 5.836930888 8.064827038 4.559967342 4.211499652 3.421707085 6.381526719 3.309790346 4.905808578 0.153480128 -0.146653537 -1.434857266 0.514328665
10.165940195 19.856665255 -13.754861634 0.768917367 0.558605756 -0.090153556 0.297654208 3.561200911 4.531726708 1.166823228 2.905934676 8.008000533 3.479192838 1.693216370 3.992413886 -2.706390343 6.100222883 -0.542420709 9.930125583 1.147250148 4.372108182 6.233247771 3.422237603 4.772827992 3.682404831 4.670049470 1.587204034
16.475038622 17.631863677 -18.303140040 0.803704480 0.542396715 -0.174933687 -0.171064660 4.259113227 4.529708196 1.385043743 0.618288361 8.981285913 -2.455249839 7.121386258 3.464646340 8.349122096 0.048165691 8.238984871 4.977399072 5.490932333 0.650483185 6.872897207 2.506855932 5.430092513 2.377146915 2.584865610 7.079268307
15.046660456 17.557614658 -18.142729365 0.793241678 0.424227853 -0.007287590 0.436743930 2.122107647 4.129799175 2.184690261 2.320064171 0.024984623 2.270077961 0.157537482 -0.711880996 7.630573229 2.549568577 1.761234574 2.486941601 2.289332893 3.314399065 3.342401280 -1.421201456 2.576233525 -2.278257634 2.230126598 2.122236334
15.244376572 15.320146522 -20.133077044 0.960399129 0.275613300 -0.040239190 0.007185339 2.239216420 7.212217421 1.988946074 -0.041232811 6.540370698 1.406653048 1.699050287 9.002059663 2.304311158 2.503844794 7.204383527 4.066597142 -3.376186661 3.750172264 6.401159388 3.854912121 4.348783386 7.433723275 3.441835482 1.973691965
11.757529439 22.721197607 -18.479058329 0.768112490 0.487943071 -0.076261706 -0.407552345 1.293285315 3.226421321 -2.898330925 8.629746249 6.784019690 6.929899982 4.333331834 6.364545875 1.945445919 2.277947703 2.737235294 2.194111661 8.889555566 6.068936082 6.898930146 4.006867725 9.023985510 3.130516885 0.672959954 -2.696108005
14.849420983 14.793698719 -18.809594017 0.790357954 0.524416033 -0.172354113 -0.265737067 0.662278885 2.186486828 2.547022496 4.636729146 5.933304390 3.023457734 5.139408383 4.743177552 8.281940352 7.404638029 5.645159943 2.032744864 6.134841946 6.681468424 3.753852513 3.894275983 4.355415201 2.269632814 6.395498269 6.727560990
13.324103664 27.709909377 -23.534024995 0.771518669 0.529071135 -0.294406872 -0.195364458 1.551901730 2.091275481 2.648122136 4.338744109 4.271316660 6.683707139 6.867262343 7.350923230 1.657584671 1.641609855 5.602934619 3.344648737 1.325879797 1.306378229 6.064340652 4.716028656 7.631475191 6.824282421 5.630560993 4.638431271
9.927770843 26.656914439 -15.144956255 0.929148572 0.367291116 -0.024565095 0.034303399 0.542286850 4.775194050 0.547633056 4.851431963 7.763682929 4.010913599 5.955940544 1.661914234 -0.309093739 1.544011660 5.047768681 2.859003634 11.879356117 8.196608421 5.036831939 5.100993835 7.278637514 7.528190621 2.469521406 5.461652212
3.635903115 16.510451948 -23.675756883 0.945992433 0.320276650 -0.049823608 0.006228362 8.152758753 8.694378763 4.350913452 2.632354838 10.243617224 6.933566107 3.119125167 7.271084230 0.520115634 4.543543446 5.438426550 7.315797186 6.078534430 7.988665246 4.494679423 4.419169504 1.143407264 8.475579594 9.335312724 5.216213964
10.017267150 23.108582514 -20.358934374 0.872487154 0.393574501 -0.098340970 0.272386365 -1.642222646 0.599075546 1.437510480 4.393577648 -0.338156595 4.821233569 5.878096814 2.397271722 0.094008295 1.829173068 1.636068512 1.023140450 5.946600069 7.088143856 8.815678710 5.828533143 0.239099519 7.841912242 2.110043136 6.417623351
12.010090265 15.261249099 -17.487236431 0.713810279 0.684398430 -0.022710798 0.146826070 1.787478405 0.894681226 6.756765570 10.406395468 6.633482968 2.457264776 1.730285016 2.052200005 4.258607910 5.016876496 4.233067407 6.975876949 5.214153496 1.881582439 6.839498844 2.414528019 5.883012646 -0.627813969 4.748640802 4.582840392
4.137891143 28.492161892 -19.175466688 0.903921515 0.421158002 -0.046707026 0.058054154 1.968255209 5.770245347 8.273411180 4.493856435 3.116277154 5.675411160 3.810848356 0.910815563 6.217110191 -1.499277575 12.399801056 4.741802671 5.177804404 -3.935745038 1.170622685 5.715360105 4.055845039 6.612851639 2.782575959 2.629994714
2.918583142 17.941347805 -13.712907836 0.918270539 0.390074057 0.054072707 0.041201819 2.451625707 4.445051422 8.945102172 2.421209000 6.380860173 8.471602854 3.250599190 4.182340580 0.812671593 5.463047932 9.153839757 -1.330838823 9.160641044 -2.711824485 0.985393959 2.487505081 3.116960135 8.289209022 6.852784110 4.089455856
14.012233628 16.751886859 -28.497128241 0.890260719 0.351934871 -0.284767421 -0.049851926 5.400925117 6.283208224 4.972504700 -0.946204888 5.592736326 7.099409292 0.662353959 1.217242333 5.202792677 3.160319718 6.048830097 0.460742598 3.655542500 2.154765458 5.894112504 2.632563451 2.740805712 2.513176872 6.024597510 0.529567134
17.514909407 16.232087842 -21.389227322 0.918324417 0.280311481 -0.249130785 0.126647506 4.654236064 5.829808940 4.231125425 5.167622497 4.026406957 5.532889097 -0.123008328 0.846615229 -2.843039270 7.070150891 -1.191458501 1.578524472 5.706547082 5.071008698 8.248452857 10.049220461 12.076356446 8.514525265 3.409144888 5.772668599
7.121835636 24.130825548 -22.922663727 0.808886715 0.356217119 0.094223050 0.458185185 8.138924237 6.260891160 2.864423826 6.903188880 5.326130334 3.715381170 5.985586526 0.261613883 2.648844262 0.866281074 5.741849221 0.767809711 6.234333194 4.610196144 -3.121538519 5.199246243 7.090281183 6.757344267 3.631486389 2.440639991
11.506996899 20.651766939 -12.119781288 0.839775970 0.409779074 -0.251488791 0.252211852 7.441653993 5.934592740 1.691998848 2.517532018 0.459224784 3.908212875 4.662833488 0.687651566 3.483593198 4.091249525 1.871171224 -0.465886805 2.755633220 0.103690803 7.375946052 3.091140256 7.883200382 6.431457914 4.610930791 3.651342148
