24.955049606 -5.053539397 -17.383181434 0.774028673 0.186701817 -0.456276725 0.397282765 4.653226097 1.850650607 8.563144445 0.693925865 4.754120858 6.947843621 7.246625550 3.934398444 5.630596869 1.705052583 1.237217291 4.760353460 3.875788560 3.400894595 7.944358105 -1.617250664 2.001746265 1.836394774 5.552007597 0.629459896
22.453711224 -1.848730842 -22.758048260 0.817736375 0.046796606 -0.562880170 -0.110829653 2.095097073 4.182016208 0.853839528 6.219776028 1.617439468 3.089787546 5.233117256 3.695420452 5.864474443 5.162770191 7.128923762 1.842105704 0.146662580 3.108533101 4.308575368 1.005335535 3.631510247 1.903945315 4.681970808 7.221564468
13.955494028 -8.531202596 -16.263423448 0.929099082 0.051736287 -0.270664898 -0.246655153 7.543687766 1.686425322 2.673767122 2.225115180 7.650305785 3.236117334 3.212079623 5.858034186 4.680686706 0.356133044 -6.091374826 2.637867101 3.315499311 5.310648736 3.078766364 1.544455226 3.926263415 1.463794704 -0.749642784 2.927073884
21.354947027 -3.235660419 -12.029972946 0.956202947 0.082590601 -0.280609737 -0.010625044 6.924044667 0.148150931 0.188498799 5.528071305 3.016287923 2.901215225 5.879441500 6.837771301 0.107665997 6.264477754 7.132676971 8.577710556 3.414046087 9.576660385 8.906036803 5.124717280 8.174989224 8.866238789 3.332757342 7.415518665
24.370186145 2.695954917 -17.924226700 0.946395019 0.187009604 -0.168588844 0.202340501 7.016678827 3.987442064 7.960998278 3.453248358 -0.261099272 3.626721020 -0.206687720 7.097765352 3.689639430 2.074329397 4.742225044 6.080892553 4.369177953 1.044707688 6.591603315 4.845728641 3.154987790 4.232088023 6.727382469 3.029473437
17.116624330 4.982507731 -19.181054146 0.916765900 0.205105792 -0.225368304 -0.258226696 8.125859820 1.771215184 1.636292503 8.453963731 4.879238833 5.385926574 1.372866240 0.438940235 1.227658368 -3.115445585 1.467538212 8.254459784 -1.012222654 8.533849405 8.362082131 2.091754061 7.267294606 -0.503634848 9.256327232 4.541356998
11.856028445 -1.109540640 -11.807935988 0.711433082 0.595183613 -0.311485816 0.206388041 2.751183614 5.721634875 2.301515909 1.920368790 6.440441402 1.184466220 0.352525364 6.032601812 3.259785837 4.092213520 9.009443157 1.412283198 2.973315071 1.653143245 3.889304362 4.917488566 3.813425647 8.524190857 4.849888930 3.756136506
15.970216276 -0.351474271 -29.442812378 0.884507319 0.325878134 -0.314890261 0.110879975 3.160051478 3.143826859 5.824358642 -0.135576312 5.882909928 2.717478935 6.163080382 2.225870189 2.374970730 -1.458446167 4.499008928 6.396859441 6.249532718 1.031632570 5.099455180 1.266973763 5.706963842 8.033942639 3.695212899 8.501667293
16.661058013 6.097286699 -14.550470968 0.825375945 0.222208257 -0.362332417 0.371609013 6.648139447 5.941931937 -0.460806505 5.090194633 4.671355237 1.428187775 2.129911161 1.782831823 4.419139944 4.170510280 0.712279781 4.280184498 8.343008218 3.976259287 -0.969762665 7.462734327 6.769806464 11.071441062 6.786915818 4.825666336
8.488821857 -1.972062050 -20.801570903 0.937857780 -0.167751730 0.250283398 0.172163766 4.153609578 7.462030719 -0.769316183 3.167123993 6.041268787 7.688475938 1.943683821 8.126506270 2.760837776 0.124043261 3.490519556 2.975428275 2.032548832 -0.523234029 8.409596831 6.331424419 0.261339384 3.121892889 5.054291856 4.255779172
14.892989366 2.225510085 -22.979302231 0.891119813 0.169535588 -0.410956867 0.090981412 1.565072715 4.699365436 3.979749777 8.647059259 2.347310713 -0.616783617 1.465768924 4.236703807 -2.987007289 4.470456945 3.028936068 3.506440540 -1.055502638 3.954456104 5.324090091 1.779667035 1.326585073 4.998635254 -3.124016615 6.663832591
11.564183106 -5.103813998 -23.976591515 0.883395120 -0.170700812 -0.348350877 -0.262918163 3.813348193 6.376484583 4.091214429 2.637362153 3.819604401 3.685071346 6.038521703 1.356156373 6.292877171 1.354105700 5.458385633 -2.431661084 5.831297796 3.948587130 4.481166794 2.863906525 2.541095304 8.182615942 3.704622926 5.677262602
19.965476819 -7.095168237 -17.862737978 0.892177073 -0.043332728 -0.443588256 -0.073292586 1.234212031 2.780411769 4.158246810 3.852624786 4.999454902 2.732083163 3.955003574 0.983221613 9.173672499 7.783880497 1.003343281 6.234177711 7.226697973 3.547922133 3.000414619 3.945146552 11.042282101 7.042767353 1.476897801 4.503178965
22.003378990 6.469216062 -19.399123074 0.835433791 0.308029199 -0.316273870 0.327321300 1.971771910 2.156558139 5.505533441 6.274693963 6.479293377 4.263788516 5.585652398 4.724442567 6.860945145 3.151943406 1.238426660 2.103421232 4.485829092 -1.769448829 2.078746518 1.504043348 6.127282975 6.210261084 3.021254313 6.677732330
18.607197894 6.942360750 -23.819915898 0.953599834 0.185136668 -0.110361802 0.210219036 2.655831900 7.688697526 2.357097041 3.423313429 5.855811170 -0.277591180 2.313892732 6.815807754 6.895317897 2.626834290 2.850897285 4.985744497 7.613449756 4.266506768 3.775427554 0.651556503 0.933446120 1.329120486 4.169593491 -0.275787638
17.334492207 0.978259049 -20.978093636 0.790049457 -0.071452858 -0.434099281 -0.426935778 2.054277865 3.828004486 0.750591625 7.823709591 5.983492709 1.806151845 5.742718377 2.764856902 5.763513370 7.818889899 4.126002588 7.334231722 2.402294306 4.425635104 3.961053805 6.342145007 6.906397526 -1.972631706 6.960437729 2.767777483
19.530494691 4.903966954 -19.995782707 0.900697871 0.342017512 -0.246259292 0.105469082 4.193640194 2.827687984 2.811732409 3.674908392 7.964661229 8.132329776 3.375966986 3.664187977 5.825861734 3.079775499 10.122924840 5.063312319 4.868806369 6.477735288 6.611520780 5.359696130 3.337164636 -0.742648535 9.315157251 5.783273128
18.790102225 6.969407334 -16.678391475 0.941086219 0.285488502 -0.152182591 0.098455584 3.625764095 3.562842214 0.684978893 12.240597935 8.634931208 7.479989039 6.767469424 6.842680947 1.471898637 1.155772758 5.125908520 10.138193743 7.543392217 3.900861339 4.968980484 2.509432867 4.657886960 4.808067357 6.213973563 6.892444900
13.128875725 0.166348332 -27.974798087 0.883598925 0.165143435 -0.434654954 -0.055277995 9.376702460 1.685056298 2.493178172 4.740393644 3.175042982 5.057140064 3.491998797 8.544935971 0.263988065 6.096650479 5.923447841 3.601298425 4.959849201 7.321595136 9.848808783 9.068242732 6.284468045 2.788165375 4.890794421 -0.130538328
9.779757752 -2.597317086 -24.125406648 0.835401026 0.438531425 -0.274073339 -0.186223307 -1.029693651 7.429491465 0.681782977 4.212025764 4.802927051 3.849952833 5.918374866 8.195737591 5.796774881 -0.962818091 4.345123303 6.379674193 4.249537050 4.142269023 4.587258886 6.297558841 4.078944611 7.024868048 5.339991460 3.141450642
8.653627147 -2.764514806 -20.190639894 0.790541223 0.465150855 -0.370006473 0.147561739 3.871204353 4.883554715 2.118944020 8.713252843 5.216566658 0.660067647 -0.405737658 1.825410632 1.531241381 2.182828546 6.704095163 0.397811249 2.409851410 2.996144097 5.338634866 1.716818848 2.735838755 6.129049914 -0.182382737 -0.878050809
16.459210184 4.571614245 -23.333011622 0.732974875 0.370857665 -0.396461749 0.409915243 0.511484084 -1.675841255 1.596391796 -0.631835362 4.849345463 1.074791034 2.085668473 3.520577665 4.891048522 1.600208865 7.565321627 0.501660596 7.658753538 12.063961310 2.121487336 -0.813794199 2.855194421 5.378904844 1.222062862 0.208626003
18.521694882 4.719692203 -13.102617148 0.923419970 0.121926227 -0.352762297 0.089377376 4.359363433 -2.403247528 1.381861491 2.720082222 5.807937967 6.405951938 6.475588760 4.367827673 5.674418369 9.353512010 0.294806336 1.007212642 4.858231388 5.039850230 -1.241785710 2.244338723 7.276090651 11.201077340 2.332312189 4.171025661
15.956927952 1.645093517 -14.941606816 0.728092299 0.155063474 -0.656204914 -0.123418125 5.568738000 3.719850713 5.700687974 0.767596382 2.135980673 0.130227191 6.914447263 3.091097931 5.648054303 -0.514505689 6.897873521 4.105981616 2.419724229 3.981349137 3.533225880 5.454046298 5.534979664 2.916161281 1.768539342 3.315107972
17.024333841 3.473365663 -13.170782142 0.922037378 0.257133137 -0.183428516 -0.223793660 0.830316003 2.278610309 3.365753834 0.618766497 -2.548654630 -1.859183561 3.254011146 11.324996648 6.417363104 -3.222879918 0.082724367 3.363230295 5.497752417 5.176687016 -0.132511865 3.432617571 4.530690884 5.741324921 2.403776916 3.186333727
12.053603047 2.083283322 -23.765752276 0.993630877 -0.098416711 0.044603998 0.031973642 5.081271546 -1.411272006 9.435115799 6.105109675 5.814521713 6.611975335 2.741137490 -0.378098333 5.103365683 0.054037168 8.817183359 4.154358991 1.893988439 1.967806065 1.871547322 6.727969930 0.482159090 5.295367851 8.316912870 2.987862935
12.355940954 -2.124147427 -25.567388584 0.723922434 0.367460997 -0.532238427 -0.240064536 4.307920493 5.107465635 4.049907291 6.933858363 7.619713054 4.286515455 0.566370033 10.415716568 5.293924971 4.816929314 2.168159611 4.102598793 5.750221131 -1.130555172 2.530041213 9.227487152 4.697506074 7.054509074 5.814717770 9.260852606
20.790248187 4.714818920 -22.397716020 0.825762263 0.374538804 -0.420645677 -0.029909585 1.347783052 5.837352135 0.310079188 3.010183274 5.892956700 4.877005081 5.130737463 2.938511146 0.798694260 3.664775993 6.106269946 -1.530018412 7.296890538 2.694523744 8.080087972 4.773188201 -0.237228425 2.881194538 7.484529518 -1.291835052
21.350417145 0.071178166 -20.564362368 0.908709884 0.302060294 -0.018676773 0.287501484 -0.776431590 5.125086360 -0.801584371 -1.537744100 7.136811654 0.328217869 6.064318472 2.497454520 0.753994832 2.505997304 4.617507636 4.545832326 3.185943370 3.220915243 1.644283168 2.370326169 10.599994893 7.376743907 4.847386640 0.694314227
20.847045608 -1.865283627 -26.863796370 0.843602969 0.231488102 -0.356160332 0.328476951 10.000910305 1.729737751 7.595393067 4.045633253 2.569312103 7.081799776 6.916753250 5.932454347 6.718258357 7.896148423 3.776460929 1.292048040 3.101106102 5.246866283 8.414585548 2.946686585 6.038286196 0.778941827 6.562854309 3.375633346
12.821005081 -1.102015043 -18.034635136 0.869019325 0.198367498 -0.384070431 -0.240719032 3.120027857 3.519319242 9.466267622 0.935229424 -0.432047602 1.774495540 2.289093614 -0.828919195 3.013901225 9.431434481 9.632820852 4.330093664 1.786381225 3.293399218 4.590575554 1.026673809 1.946510706 6.400616833 2.257447855 5.950740949
14.219160102 -1.746122680 -21.551569333 0.892984881 -0.013127140 -0.447425156 -0.047078759 1.002444113 5.524788054 -2.615606183 -0.079941286 8.877281227 3.627916938 -2.553195573 6.421757295 1.537983034 0.748148244 -0.887909778 4.223599939 0.784347722 -4.262585501 3.868227082 2.451976241 3.959319090 -1.751373092 -1.305975460 2.304699499
19.802091162 -1.772562817 -24.752793798 0.957229003 -0.089922531 -0.126574459 -0.244142336 3.843894999 4.548062393 3.741246505 0.562521712 5.784526787 4.401835130 2.456272055 6.993865640 5.854684005 -1.763369198 0.716693812 8.316283246 2.677567270 9.787680681 0.024566741 3.585670092 5.379663513 12.242783169 5.290380802 -0.298371368
17.689807018 6.012972777 -16.733538478 0.818820345 0.520128211 -0.242885847 0.002520177 2.760325389 -0.116406620 4.921004539 5.146928713 2.549299308 -4.100025898 0.955650554 1.403269561 5.605979446 7.789957542 2.044191073 6.229336851 6.492049541 -1.172776518 5.240284670 0.525488822 1.432722638 7.891618144 4.788669890 5.457321093
16.310422673 7.168628333 -20.469015636 0.999294399 -0.027250914 -0.008094797 -0.024547215 -1.327867671 6.670054691 2.894993846 1.803638217 -1.138009126 2.650541576 -0.823962835 4.418927535 6.661921827 9.678519709 2.746310112 4.829569184 3.561455993 7.878215669 3.736564230 -0.120385489 8.676618538 6.974570005 6.954306358 0.671280504
21.630969565 -5.456806284 -17.367550817 0.833002480 -0.045416131 -0.379083283 -0.400424909 -3.515487040 3.412581544 3.441383277 7.388510972 6.526675146 1.302639468 1.911011753 3.024668724 4.313272721 4.063713199 3.048072810 3.023448192 5.963684591 4.986551555 1.990576987 5.434564878 6.990965412 6.827692945 4.880867404 4.452170623
24.233069552 -0.652118986 -25.610369055 0.889525646 0.041750673 -0.317205877 -0.326161676 5.020853582 0.237265458 5.078396598 4.493370249 1.569690978 4.266350917 4.250795915 6.842195890 4.652614558 7.714309041 5.775109632 -2.154327631 1.091484710 6.206156310 3.348130118 2.682823578 2.742638660 4.936952380 6.313901578 1.660332809
14.438835578 -1.525987279 -17.280834570 0.756751374 0.473178871 -0.311201223 0.326470386 8.264649421 3.945191246 1.524145705 0.576338973 1.987764702 4.841250899 -0.088539240 4.730036192 9.930650681 5.335605863 4.768804428 2.349505992 2.415518579 6.012355354 4.948220645 4.773716013 6.878636119 -1.554284273 0.231560679 3.642478866
14.362643841 -8.683353721 -19.188824447 0.898057797 -0.206703399 -0.356616389 -0.153592479 4.644225319 8.414461473 6.718507687 6.851788650 5.357172768 2.027049348 3.617258692 4.053259255 -0.471152518 5.249242175 5.556310016 2.564895641 6.866165305 9.086549396 1.764542751 9.845826337 4.535667673 6.639824396 7.737107408 2.852093584
16.732714429 6.368002257 -26.679500887 0.777722133 0.489035032 -0.379857587 -0.108172247 1.627863298 11.150780997 4.465052175 2.105402454 0.946284751 3.862214957 5.482688180 -0.183557868 5.473688499 4.695838830 5.539777117 2.634661326 -0.721073653 4.484931184 0.843140142 1.943845919 2.302900861 4.085534810 4.558099428 5.034535814
19.723764985 -9.423978046 -18.413430303 0.957084665 -0.182834031 -0.190609615 -0.119283845 8.074572525 5.050901382 8.970368180 3.730972907 2.252964889 3.125410552 3.616626350 4.351842837 1.027383947 4.048106786 1.353087486 4.796091377 8.367842222 0.894978505 6.790009282 6.548256632 1.804337583 9.651976911 3.475092756 0.545948293
21.226932953 1.266978721 -26.318654711 0.870913050 0.073310357 -0.336598147 -0.350482152 -0.146562534 6.479997002 4.196714878 3.502687903 4.309620619 4.992910778 1.933380517 2.799957261 6.490434497 -0.974008982 1.176392992 2.523656423 2.183515897 2.940657181 9.968102115 3.245092051 9.482114853 4.885138676 4.942256480 5.944153259
9.543695483 -0.939253169 -22.638052701 0.915260093 0.281583568 -0.265051342 -0.112948846 8.290167811 1.972635572 0.681972082 0.719542896 4.341059567 6.295216371 0.339466680 -0.268115366 7.388283263 1.602567757 2.897559892 4.870857456 0.172960693 3.230563991 2.644487273 4.858948803 -0.464344603 4.851122484 1.895767781 6.819529757
18.900829319 -4.630556784 -27.850451906 0.928860140 -0.016209124 -0.367197315 0.046067728 5.291661915 8.245194904 3.775067452 1.041515077 5.346556573 3.034331439 3.345989623 3.086053633 2.744619042 1.905828010 6.931241617 5.122769678 6.509084817 5.576420637 6.587498375 6.161903394 7.479045544 8.008947974 6.342021265 -2.243249963
24.316032190 0.574132621 -21.975562025 0.882439440 -0.065076925 -0.313849475 -0.344331433 6.262473614 12.504205079 1.732928900 -0.038478135 3.993978455 1.431717916 4.369198377 8.887474784 0.385192463 2.772340105 5.537723047 8.305545430 3.641826692 5.286813714 3.931925638 4.613572110 5.677119903 6.809290583 3.901308099 6.055150661
23.664692062 2.252497720 -16.524896048 0.978459662 0.113917203 -0.131322112 0.111328627 4.976376921 4.292072213 1.238266704 4.602834377 3.231656438 3.226204770 2.118627323 1.811988336 6.172460325 8.046555957 5.216632992 7.925819605 5.959078626 3.522442005 4.276191008 6.425720228 0.201834708 4.728344328 5.307497346 6.324753827
15.650088304 -1.254116545 -22.589553400 0.841539866 0.455591916 -0.259198540 0.130624567 6.532376739 6.510520830 2.324855525 4.610085139 6.415020283 3.054661832 1.496773028 4.536330145 0.268382786 -1.768735906 2.541971478 8.937495157 2.473665193 3.725727439 3.298386828 4.164126924 2.331589953 1.940076327 4.385293331 1.019727992
20.773376988 5.178064904 -14.500904089 0.906969557 0.328546421 -0.250353553 0.082380640 3.157396555 1.134682646 14.317578392 1.844985886 -1.171463023 1.246196063 3.832938408 8.329447230 8.787741876 1.182357459 0.869479663 7.272825172 3.975610918 4.689447510 3.957285920 -1.307655927 1.843294359 2.594577634 -0.634385620 3.343600620
25.377438881 -4.059513843 -15.545838255 0.899052347 -0.054879289 -0.294030578 -0.319748590 6.479932194 9.148299762 3.774986922 4.305835412 7.066807329 1.860196901 5.755618041 4.982916686 1.764317577 0.602338510 2.117200020 5.905174760 3.835050160 6.872484851 6.527585824 5.613731082 1.725974537 2.766408325 1.872699777 4.843322068
15.600627891 -5.723956177 -20.987105627 0.781339095 0.430754852 -0.306160528 0.332001818 7.703930096 4.520572086 6.765053878 5.073695004 3.411388584 2.619188861 1.476484047 5.955958514 5.870669755 4.349628868 12.626500109 6.385621179 8.190865950 4.599966484 7.046374499 5.846367228 3.239810905 2.845069050 -0.243496949 8.682747395
14.622649682 -3.549995577 -14.101038620 0.949046740 0.247913098 -0.185221649 -0.059517411 4.654586455 11.134413480 0.557788225 3.052511536 6.845406248 6.238120835 3.756855439 3.375608830 0.322077479 8.102332041 0.698041200 4.047424452 7.766504414 7.200206310 4.938076325 6.060923285 6.158395347 -0.302161392 10.026057367 5.464277963
13.303758983 -3.356901896 -17.628661693 0.932354601 0.215191013 0.076627824 0.280242577 1.980623847 6.914729479 4.336168970 9.486765377 3.924757400 7.079074968 2.685950233 5.969832857 1.859851194 3.229192017 3.873385335 1.423377078 2.863179357 3.016553821 1.444607825 3.646167936 3.316230258 4.376260661 4.354524351 6.947315783
17.246642172 -0.877760327 -17.414903919 0.994360482 0.058545171 0.061886174 0.063164835 5.160552071 1.222949080 10.406076719 5.738483654 5.927223771 3.781219648 2.646575432 9.198456801 3.902604002 6.816938588 4.632577629 3.926095637 8.219085899 1.553372697 5.044002082 2.223324562 7.612832422 2.194276490 -1.932308331 1.168960265
12.078824733 2.873598375 -20.199149737 0.856394873 0.474164572 -0.164135562 0.121718104 5.943714704 1.553232807 0.537396427 4.665221492 1.619026701 5.833659392 5.635269313 3.156160461 7.548775973 1.821469890 7.018542668 3.003917961 4.621643304 0.428080553 3.029041447 8.232413617 6.553556301 1.068405197 6.663582508 8.083107906
14.637899802 -7.748567315 -15.327425246 0.849355826 0.173250663 -0.390546615 -0.309922941 2.482717096 -0.867919083 6.568876615 6.445578467 0.872507575 7.136028157 1.989874057 3.071864234 4.151994285 8.371462022 6.261139055 2.055197862 6.230767928 7.671477355 6.762513951 6.109732695 4.765590705 2.495179216 6.780772971 3.091794388
22.142849864 -5.989325139 -13.563691977 0.844602907 0.046094285 -0.527262154 0.080720923 10.388229845 5.495530900 1.906324642 -1.306048112 4.845907815 0.835006212 0.273850829 6.491860144 2.202772009 5.403815097 -4.747700383 6.704560153 0.335438612 2.439803303 -0.243380154 10.434738562 7.779399099 3.695513677 -2.060097454 -1.747336564
20.299841196 2.670438189 -19.210017051 0.708585544 0.496544437 -0.460339135 -0.198590103 4.327398072 10.298767116 4.694378288 3.749195691 0.942389739 1.207114066 2.779679062 2.861641673 9.813998183 -1.103772801 5.511214481 8.122371692 0.493294742 6.219444385 0.996832618 6.758767133 4.536191731 12.357789774 -0.308128614 4.883379274
10.204634408 1.477935046 -14.328195619 0.852032012 0.123708265 -0.288081642 -0.419221521 4.169062967 -1.309512554 1.493557765 2.527493800 3.591347730 2.309154707 7.146753738 5.327020026 2.899670114 4.362790460 2.111733514 5.434606522 4.517754121 2.478973774 4.990471763 3.199406848 2.525321517 0.141356987 -1.478077197 4.841477915
11.992996617 0.031978659 -20.368989739 0.793870093 0.552269385 -0.129059771 0.219345339 4.576183480 6.444138890 8.225878823 3.023398252 6.691243786 4.831313391 4.940591307 3.649726036 8.447977385 8.012127910 9.789258087 2.212986750 1.445458811 9.863775412 1.625105373 1.312106077 1.107826068 7.682261902 8.706150044 0.985540709
24.401984358 3.572613335 -13.784655338 0.729457686 0.159190164 -0.506789773 0.430945591 8.574540314 7.575137231 4.575065195 5.313639357 4.845941766 3.717805480 2.545910197 5.784366179 5.383274187 3.028928328 3.679843328 7.876714182 2.240660469 3.613724757 5.093898338 6.392850298 6.050669314 2.275215442 5.789076358 8.535657882
16.485375376 -7.867095166 -25.981857731 0.960474926 0.136784537 -0.132608264 0.202960476 3.053624675 2.490196986 6.255707171 4.217681185 4.328660094 5.837611853 8.835512764 7.281056783 4.060942624 10.835490428 2.922716267 6.603267458 6.793733441 3.684906979 1.126805121 6.938825483 5.401731015 7.447405807 3.571445738 -0.403653419
19.944063681 -3.088012052 -23.690550716 0.734825717 0.246983527 -0.625341008 -0.089324836 5.760713623 7.478178413 -0.326976349 4.315159755 5.603070610 2.654991495 5.615685511 1.149512767 4.273765787 5.837491029 9.433697954 7.087708939 8.690420216 2.107353310 6.418211131 5.560205572 -2.608035802 1.959979083 -1.371373344 8.138015321
20.762820497 -8.316350094 -19.846551055 0.905877898 0.094240849 -0.412723275 0.012782615 8.196885788 1.280409034 2.989778577 4.875896903 3.468309578 3.545639195 -1.892797932 -0.898916597 -1.984135762 3.484619571 5.198658304 4.690214980 6.733792485 3.590213359 7.937515798 1.203407639 5.530581902 5.720202093 5.534385097 3.031186755
18.586844720 7.284467134 -19.433029794 0.942761249 0.110721440 -0.184226971 -0.254955708 -0.219518606 6.957100558 3.870018719 4.520643946 3.780978991 6.472268029 9.181364202 4.019214713 2.628430269 3.349410319 4.693985047 -0.113884643 2.091131500 7.977790320 1.599136411 5.442274673 1.897685029 5.041711616 -0.233666049 3.009159207
14.321414069 7.156411005 -17.004341060 0.782030428 0.436209836 -0.182986832 -0.405789610 5.216732982 1.979021926 1.995994085 4.145974273 3.806361124 1.822954699 8.040490362 -0.544448295 2.480921022 5.121247693 6.402752299 3.140813937 3.840472454 2.275586128 9.178838586 3.830033693 5.890513946 -0.723015633 2.884211364 1.477636597
12.171247285 5.310230709 -16.866447183 0.734459715 0.381378689 -0.535747229 -0.167613034 2.052989382 -2.330476268 5.923640181 5.715551203 3.470578915 6.442258243 2.043481785 4.569344893 2.856686123 5.380020501 6.979755021 4.347620358 0.064597176 10.248589148 6.581521538 4.274831166 8.465309347 5.326206619 5.962069903 3.350260519
19.121052045 -5.611146870 -14.416876827 0.762349220 0.063375603 -0.452382784 0.458428857 3.111617848 4.524679772 5.613061625 2.422769487 6.141125713 2.754744729 2.308894109 -0.929669952 8.218065814 7.358821466 4.079394834 3.945874712 4.341316274 5.279714072 9.697259951 0.680506315 3.572746088 7.870023510 -1.855150774 7.359738762
12.506138221 3.132090137 -23.758650783 0.927793422 0.241566367 -0.251777651 -0.132110073 1.753976632 4.884918912 5.950941401 5.646009171 4.343416892 1.943621640 4.007129960 8.026523706 6.137610706 6.672036032 0.622523516 4.686255567 2.858197931 -2.420121356 4.053673694 7.945005651 -0.584539651 -2.858422476 3.197996754 5.042543063
22.547681880 -0.220905916 -27.321089317 0.867434337 0.392013880 -0.210479478 0.222668314 8.054009241 -4.128682044 3.515247164 9.047273855 0.827605396 8.577857211 4.664742325 3.205607523 9.834218647 2.796862425 5.383478990 4.214996851 1.911575926 4.743605479 5.001028215 1.716523866 0.943599084 0.593075366 7.745015242 12.388146307
14.058172989 -0.030136582 -12.013121598 0.912029158 0.329743513 -0.231212193 -0.077543231 4.160507287 1.435205223 3.442755229 6.589249159 5.677910387 7.498946337 5.246794296 8.974568817 4.738660127 -0.496156349 2.985071863 3.627741210 6.743770754 3.571622101 6.045571489 6.703639179 4.760076439 -1.206285098 -2.118297052 8.752418728
19.329230646 -5.008626509 -13.504329689 0.723063046 0.163641575 -0.659573776 -0.123950396 2.474013946 3.943228729 -1.404711477 3.663461548 8.063041728 4.247731774 4.732014906 3.132409180 3.753010866 5.187295545 2.974818725 -1.113908100 6.624048102 -0.973790116 5.016854541 2.335400015 0.351247090 1.892081870 2.313488285 2.584341424
13.339572367 1.029473256 -21.184421850 0.786178782 0.536927251 -0.208266198 0.224181266 -1.719872332 6.283457587 6.862288577 4.069195416 2.734673663 2.771631433 8.566005282 0.132144388 7.662697280 7.473383305 0.200364308 5.681438261 5.122521558 -0.107757487 5.397692692 0.394405977 5.001850086 1.559735860 -1.636340902 5.907643441
18.514536827 3.874836338 -18.856013249 0.885184961 0.300108868 -0.321199531 0.152358503 4.055038771 3.466850508 3.316688625 3.247411228 3.460168578 8.973934687 7.816990846 4.827522705 1.068570337 2.980019317 6.817791779 3.421173013 1.988622544 1.305645982 6.335477331 8.698678195 6.914315520 4.314168743 -0.675101867 5.552462943
10.133525821 1.534390553 -20.767407643 0.964232320 0.153534169 -0.203923646 0.071403353 2.135248569 3.145736828 7.077686167 3.266086851 12.458484713 3.012025671 4.364611523 8.026354709 2.915844835 5.440260441 8.114334874 1.643655110 6.115490917 4.938415470 7.364187094 7.492778649 4.807692150 8.557218657 4.321438908 4.619277098
24.991098637 0.388850371 -15.027909175 0.927687058 0.037852971 -0.370785913 0.021947235 6.710638799 7.596556693 7.468193886 7.069800910 3.263278719 0.514292511 3.563049260 -0.550966083 7.445033151 2.540969841 -0.924918381 4.996875149 2.058693945 6.580700131 1.521882565 7.207295332 3.011756554 6.366672331 4.204772715 -0.783342797
16.607813019 -0.159543336 -21.556275250 0.830924238 0.385868596 -0.396897432 -0.056060376 0.440379952 5.007770801 4.603133885 7.700628749 2.081906035 2.409445575 4.069654109 4.570923304 3.834059869 7.678185710 6.354714574 6.348326724 5.592487469 -0.330595665 -1.405334433 8.562091523 1.886315392 6.870166906 5.526598901 0.262586417
22.614831224 -4.072589024 -13.622009682 0.863037723 0.145589684 -0.447072336 0.184650639 7.163603166 0.496573470 -1.089185275 6.556324733 7.001620212 1.958811532 4.897272410 2.201899116 3.908452583 3.808669199 1.501275607 5.509212111 7.401603106 1.997533472 4.616363362 2.594116678 4.597408975 -1.658446523 4.083280260 4.712780203
13.422928114 1.405426961 -12.783808860 0.860578026 0.487320946 -0.118965239 -0.088153435 1.424865932 4.168392362 5.772363873 3.991855340 8.367956795 0.288525475 -0.333852871 6.098042046 5.385570890 1.618190661 4.652903137 2.495975900 2.103589351 7.352395177 3.157018717 7.516607310 4.695226399 5.984615899 4.114216970 6.620476802
18.728241645 -3.837856656 -14.563499948 0.899384258 0.158532029 -0.322598218 -0.248809049 3.136390261 5.918340817 5.235360567 8.974964851 1.991637135 9.151123662 3.237561915 6.355094787 5.457488886 5.691836716 9.066930157 5.116067060 -0.862790909 5.571363962 5.027095131 3.036635295 4.412644310 3.585398104 5.205368957 6.660911659
16.741126432 -8.463912167 -20.760270030 0.834281257 -0.232750020 -0.369082633 -0.337016649 3.487118452 2.032918728 0.853197095 -1.873763076 -0.562417554 7.805475072 0.279627050 -5.189504328 7.945623350 5.778698378 10.969568341 2.318721989 5.537635092 5.418682673 1.518733700 8.239482517 4.247421756 3.439934359 3.195320411 7.717800955
13.091458629 -3.463541878 -18.263894891 0.791146811 -0.161448878 -0.277577931 -0.520549205 2.418430172 5.481703857 8.547519769 7.771985476 3.660568423 7.529745675 2.363128855 2.632003772 -2.580552814 9.596511736 3.229769261 4.456404004 5.311856253 3.045499431 1.971815598 2.883547798 -0.096924959 3.928494567 0.807164632 4.992509382
17.963216653 1.059691220 -22.015508549 0.748388121 0.360427860 -0.387104100 0.400196695 1.684457515 4.878360943 1.394704390 5.780860885 3.064405438 7.493845997 7.141060660 3.623451371 3.472036109 3.829209782 -1.430652322 5.923260049 3.020390414 5.542375140 4.628679562 6.271081496 1.188702531 4.997892941 2.317887873 5.142467404
14.975526856 -8.866320869 -21.639747891 0.976361692 -0.070838982 -0.187195353 -0.081594029 -1.018643824 8.987132798 2.004188089 3.818884087 4.957519074 1.644765818 6.040232812 6.791628033 -0.312959478 4.771845510 5.035113976 6.229759423 8.299214206 9.015604244 4.995995754 7.984766982 8.018432664 2.335523061 3.055852601 -0.396549302
14.470199729 5.907751697 -14.623233712 0.898357104 0.356301856 -0.212847896 -0.143872423 6.244365326 6.185773191 6.560670269 3.711621105 9.274688460 0.007314639 1.163321178 5.976123243 6.766043292 6.185032203 2.856364292 6.794169470 7.923488066 -1.635130397 1.891934835 10.528667259 6.747409281 1.566073285 3.905170978 7.411259488
15.151342637 -6.960727245 -18.010788417 0.931548918 -0.297329755 -0.204841805 -0.043028664 3.406697775 6.210344846 1.610536760 7.874733402 2.177597547 8.387079859 -1.805653028 6.459431037 3.071973559 3.873150334 3.898824007 0.226369044 8.673610061 2.667411463 -0.639273888 3.165002197 6.615899641 2.327007040 4.323596672 -1.154030352
14.874660241 5.804570170 -17.299173487 0.817104650 0.137899448 -0.383607368 -0.407638468 5.973424611 1.264336917 5.403634045 4.654665892 -1.649266784 6.252904512 5.683450849 -1.583311712 1.054369788 -0.859623379 0.674744013 11.450785451 1.328090556 4.325906734 6.507531904 5.046504075 4.364235990 1.650981608 4.541038159 5.894776447
25.286819392 -0.001770376 -22.697695172 0.864449719 -0.020338835 -0.355236775 -0.355133565 3.382868505 4.481443367 5.205703910 5.232047657 1.631502070 1.433980991 4.207773441 7.197261096 5.129702339 4.586855467 5.562278268 1.623134615 5.813262781 0.562906011 4.123976687 7.671151435 8.521117304 4.701393385 -0.344373364 9.933077140
14.985849135 3.621980327 -21.309136856 0.972245059 0.112973445 -0.173856132 0.108400141 4.044780919 2.833866210 8.307066844 0.647808862 -2.058442470 7.442150008 1.098407558 0.946093339 -0.163400822 1.385472712 2.905444823 8.386082001 0.912208839 6.776300016 2.069478670 3.999396411 2.025353508 5.507140911 -0.023322357 9.441447064
13.510524526 -4.099890267 -23.041317879 0.741014791 0.414248431 -0.527030454 0.039169093 -1.495314648 0.353576218 0.972028397 9.316389387 9.313102469 -0.715883431 2.648852873 5.342672939 2.235989985 4.238731694 6.149869178 2.140661088 6.797593529 3.524300924 3.674633416 2.517765964 6.494269662 2.801553772 1.219546517 4.632833121
22.634608883 -6.600149682 -24.803720179 0.779028088 0.172090793 -0.593735876 -0.104774549 7.454964003 -0.629244228 5.856246881 6.515689857 6.713663020 5.469531817 -0.588364341 4.963985821 4.612411784 5.537476050 7.313408741 9.469599931 3.701926652 7.178952093 2.578715028 1.611243554 6.979052902 1.647459222 2.987174290 5.065043182
11.874094135 5.280183251 -24.648681841 0.884625220 0.444169705 -0.094397735 0.106021509 -2.988304795 1.622647831 4.318161497 -0.708227054 0.540238746 1.553490990 10.343523159 4.528287038 7.648479656 4.551864840 3.614404734 3.161904656 6.241455328 8.678828815 7.261634610 7.638467495 0.892901907 7.879351133 3.459814290 6.173781319
19.291916459 0.581363003 -22.172232038 0.966561998 0.169680290 -0.182584953 0.060243163 4.500863224 3.398401002 8.479979747 3.506056571 3.548701809 6.852501356 2.044420546 1.400972050 1.251227899 3.179316687 5.661505572 1.546480707 6.033058605 4.896368986 4.461928489 3.947127576 7.199067444 4.123542524 5.207082898 0.879333221
9.841046017 -2.791659648 -21.462229978 0.841751787 0.361497315 -0.394676909 -0.070737245 6.086584549 5.451965196 1.015040015 7.560590511 0.338096060 7.697231525 4.046544450 6.708857399 0.789959973 8.057544318 0.106346863 5.148125387 4.249448264 -0.728018511 5.386430965 6.450535781 6.910463919 4.040531454 -2.393960963 0.501861805
21.962490240 0.230550605 -23.314816132 0.966511145 -0.024006764 -0.174942291 -0.186212450 3.045694576 -2.541406262 4.623154826 -0.127255152 7.233569610 5.139651062 3.861039602 2.371225413 -1.949213870 5.088569907 6.404054247 6.326192785 5.551634011 4.544774199 4.041941230 3.000467134 3.299720937 5.220447732 2.516413081 5.993233095
19.254511823 4.979418646 -13.774530834 0.799922095 0.290477467 -0.347191825 -0.393961063 2.082575653 -2.555833173 1.786898936 5.189062659 7.185038953 3.798821193 7.541928045 8.293109456 1.300895657 3.945833434 4.904895636 -1.574027756 7.516173512 6.782470177 1.296192248 1.982310727 0.868216030 4.659208437 7.921367748 5.394255368
20.939672592 2.208206907 -22.710257985 0.968131622 0.103092733 -0.206738092 0.096707871 2.987453842 4.168913672 -0.050218865 4.385026187 4.707955536 2.450337421 11.210785203 4.725012547 6.129589278 6.840736453 8.117342980 6.668134119 6.394837906 2.665072730 4.562453196 5.216110438 8.108636174 3.209670219 5.896936644 6.552963766
16.697519294 -1.882297616 -21.585244348 0.941021313 -0.011980057 -0.335266246 -0.043953519 4.593664835 1.065308916 3.410424375 7.007328563 1.576320134 3.117097285 3.203878003 4.556287236 9.252184627 5.074930691 9.362067247 -4.161939914 2.673240602 9.020153858 1.920431418 2.602380658 0.759370685 2.412124606 6.239420220 4.233369377
16.106926819 -3.226208347 -12.592062494 0.993091485 -0.045414369 -0.081935425 -0.070664157 4.043978894 5.095786640 1.102830619 6.032156667 5.082571842 3.262641247 9.786068014 0.737769456 -0.165062528 5.018588847 5.507324225 8.488972907 1.961999659 0.820854689 3.368346852 6.023032679 3.989742334 1.608876555 5.323336052 5.982536130
13.500539187 0.590803632 -12.756357811 0.956669249 0.205359352 -0.205810499 -0.015922422 0.842596687 2.095133789 7.787155058 -1.418904178 -1.147206291 6.322628357 0.915060785 6.251075219 2.692519810 4.076192053 7.064934504 -1.287636053 0.506971096 4.562668862 7.963177119 9.599292441 2.026587295 4.395967330 -1.054047843 7.004684862
20.324489444 -6.417682595 -17.973154718 0.873266655 0.170660797 -0.452913805 -0.056118855 3.435466305 4.875298732 3.123970835 6.558543298 3.902517750 5.655149872 6.470301288 8.419669575 5.042976045 7.000429111 4.340229036 5.441442725 5.952959878 6.063578233 6.174823233 -0.712766171 7.117045485 3.740750562 6.481727598 6.325187826
17.358388670 6.636282534 -13.230511420 0.814747855 0.378065331 -0.431199968 0.085551891 4.970275751 2.886641282 2.484419160 6.494913078 3.190623560 0.427665264 7.688186321 6.812074929 -0.178969366 -0.342048339 5.417364107 9.725056448 8.422576027 5.401207746 2.216697247 6.304900261 5.328018998 -2.087553070 -0.421920825 -1.767144284
21.123231339 -3.211092605 -26.796800508 0.918033362 -0.336225332 -0.040691962 -0.206183017 1.489923038 -1.566057200 3.827054622 0.000482634 -1.623565745 7.509843998 2.072160815 -2.407013960 1.464941363 5.422262307 6.161432962 -2.808390551 4.679714203 6.010453163 7.234659418 0.408399268 2.000452213 3.047233711 4.738965499 2.977581146
22.104251115 -3.442472482 -13.490324778 0.917250923 0.032689922 -0.396665848 0.015437563 4.402537003 6.151060832 5.671285134 6.240471959 4.535259399 3.084650721 6.085856939 2.338404282 2.129517846 3.482686181 0.635406106 4.540897531 4.634706449 1.956060974 -0.756521357 4.939072972 1.606878138 6.661368412 8.182875637 3.101476081
22.279720287 -7.060533261 -23.108032552 0.745868441 0.039992015 -0.518230328 0.416555199 4.454252959 0.832800718 3.120690935 6.478199290 0.217575864 -0.250777359 6.081590871 6.974525784 0.984884707 6.673540760 5.562253664 6.201725576 4.777429402 4.587349101 2.988825982 1.955734081 2.162988101 8.545685576 6.928874131 3.250111222
23.124177419 2.905528200 -20.269499844 0.730711169 0.288301525 -0.602069741 -0.143022532 8.599061115 4.068943212 -0.717624256 5.145830890 8.177515939 4.748275386 -1.663178516 0.146501455 0.349805128 -1.154960903 6.222500055 2.793122736 2.494893094 3.949452451 6.456937214 9.566605137 8.918478687 2.842475075 2.316545138 0.752216553
13.845610477 8.278520748 -21.080999532 0.809826268 0.479186856 -0.333545986 -0.057519109 1.248137771 4.359002935 8.002820049 3.536328775 4.381837068 5.345087717 2.581416270 8.579581534 2.327893334 2.413344640 2.666347992 6.708906100 4.146155015 -0.376344067 3.480849171 1.524104444 6.304790423 2.775930957 1.238060857 1.109023523
9.775502441 -2.168489582 -17.235830345 0.899294652 0.423827574 0.081202069 -0.071031967 3.767251962 6.105830885 7.302552271 -0.488539285 7.270604040 4.660871503 2.632912233 2.064862635 7.855637197 6.924374523 2.104010881 -2.083022607 2.806621697 -2.069703304 -0.763065628 3.435019753 4.770841056 3.407544699 6.416121330 4.043770729
19.069656128 -6.993492219 -19.028418198 0.928271960 -0.048069530 -0.352023898 -0.109907520 5.636657081 8.041110403 4.049188654 6.005029234 3.431969323 5.323867727 5.367543053 6.092256979 2.078672304 5.806290752 3.593732760 1.289196123 3.839297187 1.285768249 5.544578494 4.657472641 5.694375024 2.326790932 9.383048041 7.713641152
20.726984095 -3.993166537 -25.619368381 0.965395339 -0.008690613 -0.255989639 -0.049047096 -0.359585441 8.473563568 -0.349374910 4.106340615 3.927202878 4.987014953 6.277289884 5.793125860 -0.612132385 2.991450143 8.319224813 4.648273514 4.436500096 5.381314785 4.509546408 5.410556368 0.883848102 3.980631741 7.846692581 4.875016154
14.201909998 -6.168852042 -20.999609322 0.794826717 -0.264199645 -0.432841600 -0.333312447 6.469648673 1.202137946 3.517253040 0.748275298 9.700061530 2.336813888 3.565718127 4.924732843 7.171003496 4.620727894 6.577575293 2.463828041 -3.366443527 5.341092128 3.607945535 3.812270834 5.996961794 1.158020057 5.169586122 6.828088355
18.379075765 -5.595315994 -17.690001323 0.923711039 0.138579659 -0.353720128 -0.049352459 2.168280933 4.059727197 6.256199518 2.257942970 -0.006227923 -0.444446132 2.289836429 1.562595881 1.445800284 -1.656016897 8.250074027 1.340099885 3.795918538 5.242570300 1.781823190 5.886965233 3.557183078 4.596485206 3.206451060 3.235554480
11.386694384 4.883509816 -23.711205080 0.992324673 0.117408468 -0.029474619 0.025263454 -0.965069647 9.542263624 3.128066040 4.940858370 7.704984397 4.638381948 1.239844881 7.101397581 6.538236946 5.880322078 1.070241048 2.414347345 7.114172728 0.196994297 6.375242351 -1.284533600 2.290198470 -2.086466926 3.432658161 5.063703368
16.181265230 -3.289089633 -12.144513759 0.779358362 0.306200618 -0.498192142 -0.225047359 8.437257914 0.714136415 2.969780108 1.102975957 -2.535282571 6.708051705 6.633785861 4.020937756 5.907897982 7.378468583 2.549194836 7.853217205 -0.137538352 1.974035027 8.706645557 -0.923113916 -0.307955848 -2.011591192 -1.113319393 3.664793279
10.015139448 4.647268358 -20.442787257 0.879800995 0.321308669 0.100242182 0.335652281 2.659667919 5.293847544 3.651688596 0.057334286 4.045809720 5.206387787 -1.658023891 1.759129089 -0.925877697 2.862642160 -0.755197728 -2.533978197 1.730241726 -2.046497241 2.588306017 2.550119775 6.473817008 2.741332904 3.169030620 7.589363571
23.731180786 -3.994351147 -15.512494287 0.983726096 -0.034844620 -0.170746921 -0.043752819 4.667371973 4.875164161 -0.068751868 5.802027525 3.122230021 7.469913194 9.696827038 4.153672029 6.774386111 10.723716391 7.643372084 2.474372078 3.511176552 6.133614157 4.996506588 5.386839120 6.571548047 7.318317273 3.213335631 5.730122869
25.226584715 -2.543337712 -14.352994797 0.730354651 0.225951950 -0.598181016 -0.240223379 2.864562459 3.397227271 4.331620487 2.557681658 4.064431824 5.455951139 1.366444005 9.649863846 1.070602657 0.641408493 8.572228231 4.347374338 4.038113671 4.593284826 2.333725726 5.625347416 2.086523852 9.308576421 1.141358207 9.635799830
14.366195482 -2.648611223 -13.188617431 0.996647379 -0.039846673 -0.057910015 -0.041864962 6.202489405 4.217229416 0.475820549 4.854335929 5.988220601 9.295251109 0.753504050 -2.653539667 5.494011346 4.547310905 5.621694937 -3.333625690 0.823467072 2.265698022 3.770234604 6.125946758 1.089844736 1.037300978 5.700020301 -5.845656852
15.033037489 -6.537975024 -22.910833930 0.923454400 0.046751971 -0.378011502 -0.046406140 0.202645948 3.975854552 8.401325223 6.795396755 6.266207145 7.780913681 7.652434962 5.962052940 5.532787773 9.022415404 6.144267847 7.234208203 3.772135001 1.684060326 0.820895613 -0.275023326 4.352684407 2.826654914 -1.294006249 2.391696958
15.610821225 4.939624872 -11.844647869 0.891990430 0.225518997 -0.320584388 -0.225210802 2.643207080 -1.903260001 2.765084456 3.817197426 4.949073208 5.601881844 8.737513601 5.765520760 0.936492191 1.572981785 7.205545728 0.971195796 0.358959172 1.223426914 3.682190489 2.484360133 4.937300376 0.648093598 5.875661952 5.934722333
18.631914723 -6.248366863 -26.660966722 0.770775852 0.306740899 -0.546382148 0.115243894 1.667878799 7.388150367 -3.543456946 3.488103336 4.026958374 2.352773446 8.618556698 4.697515604 6.253134876 1.467004134 2.152066067 5.604531414 4.989235837 0.004648885 3.815718934 2.327403931 3.545883159 7.707083682 4.892513663 8.851456667
16.994662678 -1.158797627 -22.736618465 0.874064699 0.142174470 -0.455492745 0.091234214 2.441304784 3.262505987 4.558633397 6.576589934 0.700819484 3.412266921 4.043852396 6.707327425 8.391820856 0.542140733 8.352014596 2.933098646 0.086131487 3.789276957 2.231399430 3.319089991 3.900173967 2.222509740 2.872119831 7.591315742
18.285063976 -3.859100755 -20.804310567 0.789008124 0.230103921 -0.477975124 0.309932488 5.101513737 7.464236454 3.343677390 3.303788129 1.802107944 4.105663562 5.489218175 0.999659655 2.623120796 2.053239949 1.447692792 -0.509511248 2.836426848 2.749967998 6.485038618 4.287098841 6.617421785 8.359309460 7.262556138 5.760475696
23.009649108 3.915595445 -23.737556203 0.927070130 0.001510839 -0.195999588 -0.319566665 0.032095979 6.477067163 4.160117036 2.812525044 2.217943054 2.438507760 1.386874914 0.508458559 1.585486327 3.274227266 4.808916785 2.433376664 4.456433317 1.422400881 4.532773699 2.485529094 5.790154496 4.216268503 0.473316107 3.338548428
17.153155763 3.988754493 -17.283069571 0.899152905 0.068397694 -0.238194797 -0.360706318 8.189920333 0.848525892 5.363214835 4.794134664 6.168594751 2.694196913 2.704447906 5.604194738 4.616815057 3.867496578 1.222959954 3.096097912 6.172012264 10.413170010 5.214941028 5.314953770 2.327223113 0.354616540 2.282562730 4.274507596
24.426593448 4.703489413 -23.057386451 0.904691549 0.313521397 -0.275061904 0.087054490 5.885162061 8.553627834 3.532751792 7.083913408 3.239889062 -1.208699831 2.567113362 5.573318693 2.941258573 5.512645034 1.542606935 5.476228282 2.755071977 4.905677281 5.029209264 5.148989468 5.780724420 6.172865627 -0.209977489 9.840148767
15.559641605 1.887043414 -14.485699531 0.830583443 0.318145741 -0.453842707 0.054233105 9.785511920 1.934305265 -0.038343989 2.290817303 3.829838386 1.713605815 1.986089496 7.059657626 5.860431124 4.278935405 1.343340638 3.439704383 7.957397111 9.576110107 8.452301764 2.081275590 1.625766942 6.910954739 0.376780894 6.019139939
19.593887125 -0.474259332 -12.213813116 0.900001790 0.209387573 -0.325339407 0.200768257 3.576874619 3.455979793 2.398655017 3.315855719 3.100925531 3.703735157 2.524515430 1.653630667 6.279062043 -1.801461449 3.603856087 0.450964652 4.364803074 2.295715419 2.957200634 1.657253452 -1.278705225 6.416497095 3.262658444 4.615340813
9.568590165 1.532519423 -16.588407939 0.936621984 0.179990363 0.269356526 0.133378369 3.893036582 0.164941347 2.581716469 1.587723791 11.841171508 0.581160773 2.913823947 4.005876181 1.954146627 5.948186334 5.559272548 -0.023129266 9.787870359 6.052007826 8.744731778 8.176446709 3.182704655 3.258953388 9.076893326 0.700724783
19.149387946 6.321564872 -22.508622886 0.971019813 0.131518658 -0.144359551 0.137781295 0.595879083 4.847199769 5.344943484 2.319242246 3.189640820 4.182423490 0.681591750 2.885025263 2.252346550 6.649306307 2.785063032 9.344648530 1.551062580 2.543697195 1.164689939 3.775460115 4.918491747 2.985457501 9.080518642 1.283506127
22.067350352 -2.607376066 -12.846293782 0.718174235 -0.054662761 -0.488852019 0.492200624 0.779665479 2.864367146 4.112357829 6.799188677 4.040230524 2.882145271 3.185660622 6.111388275 4.311851972 5.137289645 -1.659348941 3.742039217 0.840049114 1.050292867 3.315541545 3.650472782 -1.372407246 5.046393408 3.449830734 2.100285003
11.603306437 -1.863031890 -14.706309977 0.860067167 0.434259762 -0.095417365 -0.250196832 6.769655056 3.086194794 0.320824491 7.976252724 6.336182173 3.039140030 2.019506830 4.344426744 3.640043393 1.791496320 2.261025548 4.599319507 7.227765109 5.854386495 5.439826587 0.749013628 7.776339667 5.776642021 -3.089435343 7.412111843
13.683748933 -5.598395811 -14.362030212 0.780724431 0.330909668 -0.380613638 0.368919250 -1.201892744 -1.779812685 8.075165418 8.752237421 2.947500355 3.006791643 3.062862040 -0.785845918 9.138202659 -0.231269202 9.621149638 3.461845467 2.211258710 2.282293089 7.166437433 10.114597939 5.359851157 4.677536102 -0.519973671 2.248890853
14.001669497 -6.974732776 -22.719024127 0.919189012 -0.373572499 0.100658527 -0.073505162 0.831770047 -0.120582184 0.682860664 2.385757896 2.941790433 2.410511427 0.463090695 2.761670749 4.270410250 6.654101558 4.047178854 3.406323686 4.735092523 4.846319069 5.328303932 6.791779333 4.427937875 -1.358406998 8.188496698 7.647542408
17.161370197 1.832859903 -24.134716732 0.805040554 0.423157020 -0.380189906 -0.168236378 7.523954562 7.776454863 2.018641265 2.204946433 8.158109323 1.069224468 1.109667753 7.235638340 6.420187032 4.653036077 5.992030406 3.788765832 8.274474117 7.119785939 3.246685350 6.808949234 3.830460734 2.845720023 1.121208092 1.358178580
16.450774497 2.507695099 -21.867925064 0.843237841 0.142424523 -0.518249754 -0.009076982 10.977332546 4.747590259 4.061306283 -0.187917818 0.082094529 3.558387744 -0.133071606 8.991649643 2.211814688 1.961000987 2.274286007 2.605939407 -0.132336656 3.309039581 4.791792579 7.276266919 3.176823951 1.099054226 0.511744628 0.370124347
21.315845452 0.696276762 -28.315176230 0.820115061 0.503639497 -0.184485454 0.199307956 4.601132856 4.247746804 4.777993225 3.312442182 7.474548952 1.920414917 1.476435096 0.065648742 5.734625993 1.903548680 6.554153222 3.460201335 6.113366163 2.803329692 5.854582252 6.924738974 2.828680679 6.891224916 -3.060669986 3.725958314
12.433612420 1.919503613 -13.703298019 0.712848943 0.224125634 -0.653254259 -0.121954735 4.307960543 2.810592222 2.334155993 -2.885916666 4.415672619 11.646675084 -0.851820194 1.607061950 3.785374034 6.703320353 8.066741289 -0.425524398 9.643554485 5.982097927 3.151121975 1.337426613 0.673173814 7.409524013 0.972610994 3.976423913
17.218106337 -7.984825104 -25.598070133 0.977541396 -0.010599134 -0.204232055 -0.050889531 -1.354823785 9.263667474 2.316906653 3.616110340 2.139956569 3.304535910 6.421217074 3.149895555 9.333425809 0.473498686 4.134338922 7.239269361 4.797961048 3.413883064 2.079502546 4.552766907 4.520161122 4.877319920 2.619696485 2.437414577
14.365315724 2.631098397 -27.548244614 0.753584612 0.592687818 -0.147939788 0.242786329 5.411075975 2.509317627 2.921297384 5.454516886 6.614196073 2.000444117 -0.571695027 2.538084230 6.826050021 4.966517148 10.871475573 6.382899857 2.969601857 4.683364262 8.308219304 8.008848993 1.918873409 3.375668587 4.362008627 9.322723229
22.273631598 -4.946473746 -21.357206954 0.792931494 0.068832034 -0.421076500 -0.434990090 4.004093701 2.817305396 -0.045779945 -0.664709023 4.117586624 0.360300637 1.248559326 8.489517222 9.127296415 1.016995573 2.957620374 2.265170930 7.167499905 1.900884510 6.443171115 6.086975642 1.148886490 2.864725234 6.162113072 1.663577239
23.491957830 5.831911073 -17.116125365 0.874232299 0.345319863 -0.328977955 0.090805198 7.298248362 -1.347245947 2.431816784 8.055330408 -1.277402580 7.223394940 8.801682378 1.213551209 1.009677151 5.997183901 3.742366160 -2.208185571 2.310907102 6.263155938 7.449018302 1.748518615 5.779282095 6.840083532 6.471008566 5.276140814
9.632692424 -4.077228056 -18.597816400 0.969358093 0.008987682 -0.208110034 0.130208766 -0.795780385 -1.098202722 3.546292361 6.284300815 10.545246118 5.360346015 3.970370555 2.119544075 5.125911751 9.474651142 -3.571984847 -1.258046619 2.169406315 4.422960347 1.375122377 3.737253537 5.018055163 5.742505069 1.583556718 0.414365918
22.910828521 2.294368900 -15.669229430 0.724760553 0.354424870 -0.568322932 -0.161598879 1.768748307 8.523373211 2.188502986 3.988898416 8.101851728 1.320121939 7.428096269 2.435989191 3.375682511 4.798621885 8.958362793 2.507934075 0.161991151 3.900791524 -0.014682252 11.961549547 7.649087902 -0.167102489 -0.755946724 4.536356925
20.962909596 -0.116583663 -13.854194790 0.914827693 0.219359501 -0.285341899 -0.183171234 1.365018779 -0.965957410 1.150761438 4.401875659 8.141793835 6.539750006 8.282807448 8.000587805 1.201907007 7.288889252 2.479843958 5.539838852 3.260100957 7.692089355 8.183216431 5.834461927 2.066712482 4.489926779 0.766363829 -0.646875193
8.721761217 0.470461337 -18.220413102 0.871811583 0.468991608 -0.066699453 -0.124670041 3.085053505 4.054854112 6.823153764 1.376540262 -1.364291024 6.952802207 4.124233460 1.196683014 5.612198456 -4.717121735 -0.987044293 2.511248190 11.792404445 4.027825444 6.261233801 2.633032358 6.797971648 2.013016328 7.910898901 2.255928045
9.233449739 0.058809820 -20.110144515 0.827610107 0.411957938 -0.355436174 0.137903206 9.333026811 5.130862612 3.413799031 8.474960683 8.042020346 0.552554740 1.794344424 2.069087659 6.850821642 -1.239391604 2.142594232 -1.265464900 2.554839781 0.505312763 4.974162727 3.654331400 -1.375100436 3.709949847 5.071664328 9.688922933
11.878825972 -1.444020749 -21.676967743 0.941493041 -0.326592147 -0.077926495 -0.029255501 1.991992102 6.706791187 4.225209547 1.084275859 3.972729494 5.080248382 4.597677209 4.664513832 3.665271030 4.674874042 2.858395972 0.862092123 5.664560258 7.890557725 -0.240925436 1.834737875 4.188824519 -2.596692969 2.095668483 4.073415632
14.834186665 -4.520210311 -17.807991464 0.874765139 0.162669095 -0.428692415 0.156676516 -0.533766272 -1.420038791 9.296508655 5.725073019 5.522142715 5.883992323 5.713764493 4.396664387 -0.905807684 -1.091241516 5.715718282 5.331215197 5.619726778 3.743712889 5.115696654 6.382912184 6.770845188 8.366033100 10.750845337 4.656601630
11.770698445 -3.591204408 -19.450302289 0.956616358 0.024663741 -0.287235235 -0.042104186 2.618669500 8.415265704 5.740974562 2.655914038 10.275731384 2.174126234 7.175760862 4.746569071 7.744019423 -0.973355223 5.851528241 -0.001916138 0.286758020 2.955418385 2.543174623 3.657991011 7.489831139 0.803955402 2.281841495 1.641989644
14.145162865 4.068299368 -22.352122094 0.736592618 0.590718158 -0.185764168 0.271983541 5.111585925 -0.572967428 3.593517005 5.591354178 -1.290620814 -0.493837478 5.339719299 3.545572696 -0.580120891 7.875498625 2.343421296 2.230391284 2.174017222 5.514008982 -3.374824915 0.189127803 8.024211428 6.403018598 2.413111336 0.455151035
21.515930869 4.072767601 -18.745250206 0.864800180 0.381350615 -0.307109215 0.111248762 3.438772383 6.979763110 8.909535821 5.884488968 4.692283174 2.826404789 -0.856509442 11.132383529 2.292809589 2.237507597 5.410476410 2.996460762 8.081861813 3.349725869 3.994846492 3.109159310 0.252162134 9.806811712 4.215482245 2.472669538
10.025566989 0.176598089 -23.082516811 0.716039510 0.654196097 -0.102940064 0.220722066 8.634430789 2.800419861 4.982387541 -2.850735542 2.212019830 3.747449582 0.339112268 4.126402167 0.491870497 7.858903048 7.345259493 4.907072968 2.005482694 7.844736578 8.069115444 6.632247628 3.314090862 9.122534346 6.291934563 -1.728356656
22.616611877 4.359704816 -23.651389771 0.734079144 0.292568006 -0.427414776 0.439145058 4.150292854 -1.534586515 4.331742962 4.896186424 9.282019652 4.532200511 4.191437052 -0.541488234 7.460471817 2.377226106 3.724037659 3.541191012 2.186713696 4.259725700 2.540439075 4.137864949 7.026229551 0.673384523 -0.459197653 4.737826045
12.106120640 0.122800251 -18.321464372 0.938190435 0.153475835 -0.252168425 -0.180706838 5.793646281 3.671135955 6.224015476 1.318836834 2.512564042 3.060547889 7.955450639 1.323803980 4.438831787 3.523234069 2.000718432 2.646259119 2.870253987 0.071719332 2.190586323 3.154703516 4.630841155 5.916122915 4.983880521 9.539604768
18.791810786 -2.079651429 -22.651258262 0.983909297 -0.030467949 0.175914095 -0.006959162 5.106750507 4.409904915 4.911210162 5.703157936 2.498995515 1.339558354 5.738598227 3.259187294 -0.812060756 2.990226244 3.577865623 0.049649078 3.718323833 4.102345615 2.586383178 0.905901994 4.741014052 2.536440595 0.302575309 1.701928606
17.474178703 -2.243889311 -26.780467010 0.955746626 0.248568670 -0.140367393 0.071126639 2.364619981 1.755346955 3.054642426 6.717832950 1.443818187 8.873998415 -1.242844283 5.535287502 7.341998308 0.631897170 2.006814453 -3.707960305 6.034940493 3.000504116 6.723095908 2.805234438 -1.282597112 7.035707718 5.178251854 2.350356970
12.063909520 5.691475406 -17.548207955 0.848751794 0.339984117 -0.219800725 0.340174711 5.806392752 2.243631733 3.589119186 2.410341811 4.485584898 4.015460274 3.914800312 0.513109525 0.792912233 5.252089532 1.076500030 5.408325691 -1.883682166 12.643943676 0.506388239 2.241902849 0.988769190 8.946894079 3.482207580 3.311536055
18.909136993 1.100404197 -17.771290164 0.982313688 0.094328296 -0.161382744 0.010844408 6.241004562 4.569048753 1.346621402 4.041417646 0.075994117 0.425290903 -2.630079143 4.967969268 4.758855040 5.342483576 2.657186113 1.699087029 2.544757142 6.452009910 5.023069370 3.280372997 5.444448250 3.799466454 1.562593359 4.531061367
19.479341701 -3.324591052 -26.151399015 0.778030556 0.446504148 -0.408426534 0.168790600 4.864220031 6.042631324 1.004797852 4.481701215 3.494595823 5.249204365 4.194024480 4.338802386 9.544123286 4.472929206 1.751341801 2.701848598 8.364030620 -0.332106362 4.947904211 2.960910346 7.302067149 -2.698805326 4.136455130 2.042442338
12.896733973 -2.048139076 -19.661835514 0.723033451 0.636757869 -0.266959331 -0.022243218 -4.233382669 7.273139673 2.923103572 4.284342044 5.433382687 2.453798603 4.882616251 6.007009282 4.460818789 8.770336284 5.500299809 3.231156777 2.655965206 4.431315885 2.662159401 3.289780723 5.581750994 3.042842223 4.952998131 1.026600385
16.036504962 8.225408342 -20.791784873 0.939083657 0.278377743 -0.180545390 -0.089616290 2.300619928 0.775759038 4.661844512 4.737021707 3.661836157 2.264966222 1.041908577 4.977499491 5.053537741 4.093750065 4.436786894 0.866506966 4.202731899 4.969104546 2.866600590 6.007996001 0.169241674 1.867926297 4.643422876 0.837052721
9.912392214 -2.261217557 -21.582890055 0.926027120 0.215685850 0.115081476 0.287592838 5.427946801 2.136033561 1.526450599 1.845589928 1.499811769 4.168221349 4.813224792 3.246523100 4.951723779 -4.025598367 -0.032741217 5.912358326 5.690473493 4.373724535 7.379485745 0.659342876 7.172663646 8.338767786 4.711129093 4.101939238
19.970630122 3.298347368 -12.727752147 0.939858034 0.201001351 -0.192257364 0.198248425 1.269295798 4.321641377 7.740722203 4.494895827 1.377514651 6.816065626 4.398607750 2.584721182 -0.835140466 1.978069956 8.862823098 2.735665511 6.345097197 4.110796019 0.658408379 1.286292999 1.434381834 0.942683799 5.111235149 6.743451500
18.671635872 -8.480523610 -20.030621824 0.722044109 0.185175490 -0.466670224 0.476005508 4.478347557 5.539410526 0.112696787 2.417839360 6.069071407 5.524556749 4.929792336 7.981337123 1.739551173 7.293368531 9.108221024 7.472678691 3.051181561 -1.412927987 7.652135012 3.177562824 2.679358845 1.229845954 3.117931611 5.720243539
13.570583174 2.371939228 -20.505074175 0.864663582 0.441387370 -0.207310623 0.120649848 6.337514858 6.563607123 9.022593315 -0.942644559 -1.304015518 5.538290669 1.018042901 3.300876717 1.707085102 3.346738689 1.359503506 7.490297906 3.784022220 2.759273291 4.280561566 0.849349723 -0.224549650 2.456874128 7.959912376 5.866398538
19.693100621 2.471664547 -26.608266323 0.919826314 0.179614947 -0.319169014 -0.140673964 4.784450714 5.330936442 -0.240139448 5.679870565 1.868672789 6.407890806 8.808119011 2.440375627 2.221036368 1.447086351 2.150337049 4.547644972 4.461831496 5.867082685 6.399888435 8.123201808 4.933051268 9.158552365 10.000486034 2.341340642
19.187495443 1.443276340 -11.079736898 0.711385031 0.421139990 -0.539091819 0.161097662 6.006647187 4.736925475 2.907253589 2.291959572 -0.406783344 1.704826445 8.095079450 4.269013108 -0.018747456 4.029581529 0.564872795 8.149483203 -0.943934842 1.813980339 6.849104159 3.977863051 8.527085766 5.181740289 4.819829468 7.111137996
25.485883501 3.518609242 -18.867280222 0.874391017 0.021292100 -0.257008936 -0.411015088 4.985042808 6.262684303 5.302998941 3.646494301 8.623917408 2.946420686 2.392739669 -2.071700789 4.814963145 2.183491671 0.110285106 1.020539648 5.402690348 9.114240805 6.665382342 6.897384181 4.841938733 10.322816418 6.128115591 2.354397672
15.705952951 -8.304667935 -19.941030170 0.867622496 -0.172429565 -0.465613996 0.026511441 4.285435304 4.586356134 0.426156974 9.853021087 7.812633587 0.962669739 1.608255307 7.834197721 7.616378807 6.170456625 3.186794510 3.944279803 -3.248515803 3.927986998 12.113060149 5.826693245 2.301853123 9.332593409 8.956277983 8.569076868
22.574339215 3.250246310 -23.645108241 0.823217887 0.379483817 -0.422252349 -0.002701129 2.449278450 5.807519506 2.507677231 4.232349526 6.148088257 7.618612545 2.777382163 1.966218395 6.477558375 3.834201809 6.977201094 4.059553459 6.097644441 4.135503136 9.863830450 1.224761625 5.930753619 -2.461280260 1.936105290 2.200995146
9.278370243 3.532205175 -17.376465829 0.867224211 0.472878489 -0.103427902 0.116665206 4.204390234 6.170327662 3.912044188 -0.515139688 5.424814438 3.553142860 2.914572457 7.015386797 7.559292478 7.181696674 9.288513035 6.190183313 1.182655602 7.435721816 7.129065137 5.500949277 2.865452323 6.411235863 2.976654578 2.017854668
13.274205002 5.674698052 -21.271161719 0.970202674 0.229875974 -0.061363559 0.045807446 6.679072112 0.083817165 4.700702950 1.285739294 2.476764858 7.043276022 1.716572517 3.273945582 4.625937625 1.660480889 -0.504844506 7.420649419 3.129263889 8.094118944 3.711180450 1.821561915 2.247212027 9.165322532 1.661042402 2.038800531
13.139715020 6.298203323 -21.836851909 0.766296619 0.605023814 -0.207901137 -0.059268815 5.128419168 4.492738324 2.250685860 4.352146238 6.732583592 3.805099316 4.348877499 5.729889611 2.848137458 7.483938158 4.467690352 4.978593945 4.066178702 -2.267356759 -0.643681510 -1.277532988 1.134644949 3.781673772 1.375135615 6.272829376
12.115472271 6.843753538 -23.645545456 0.790333646 0.484540146 -0.321620823 -0.192752743 9.892602875 7.898091851 5.045847150 6.105094165 -0.419924383 5.471295747 3.162793220 -0.581360786 4.294934777 8.917486216 2.532520959 1.634165083 2.854393694 9.871066389 2.633152397 -1.746268698 6.573157942 2.796825218 8.636958019 7.378422145
15.630508891 -1.578941630 -22.692758422 0.730605240 0.437060593 -0.524168555 0.021008277 2.621992522 0.896541347 6.564671534 4.775800539 0.963473341 4.026676098 -0.920925111 1.734627994 -2.970543070 4.394313583 7.554739983 4.897263767 3.849245138 6.496690342 3.216250664 3.344272140 2.678171738 6.011011806 3.051174164 4.726099176
14.797108872 5.098053787 -22.761679478 0.954161033 0.286234519 -0.086501353 -0.012807779 6.141434162 -0.060419972 1.089367094 8.623302604 7.987796723 6.240623025 -1.560248379 0.612183507 3.161174151 1.620987813 3.970239118 0.612519043 6.981921525 4.419832849 -1.183531346 6.030599239 5.225242093 5.354487352 7.430420382 4.067780166
18.912435996 -1.368249231 -11.584270643 0.760363867 0.106981691 -0.354032694 -0.533912501 5.806076659 6.683995643 3.467632181 3.225544791 4.137928980 1.952063659 10.984824054 5.232258993 0.685216146 5.796933299 6.503622898 5.956304462 6.508747607 -2.945860458 5.294266739 0.478400442 3.164050091 -4.416916674 3.121344950 3.408138415
14.799526684 8.004331083 -17.538713793 0.767016079 0.515472126 -0.376453760 -0.065248660 4.509840896 -0.342658626 1.377464791 4.139964071 6.819856715 2.058575763 0.109070443 4.836064538 5.205228806 5.499098079 3.421433870 -0.489207601 9.520454818 3.705065929 4.558150349 2.783998778 7.826191253 4.207866593 6.798628817 1.307622538
20.010457866 2.110410441 -24.763941299 0.985608844 0.125752646 0.045765312 0.103281238 7.932924415 0.358942727 8.114694245 5.688082738 4.944539522 0.989409078 1.487300005 5.780593149 1.081663745 10.151500267 -1.291336522 7.607444516 5.419604107 -2.486715243 -1.194169117 7.888466859 3.824967722 3.652530320 14.245731817 0.646969533
25.593073748 -4.465373312 -19.047835037 0.720403386 -0.009223177 -0.660751520 -0.210573796 0.550314595 0.574413119 1.529727939 6.203435677 3.641475700 8.226175100 5.327508670 3.109518903 3.976964467 2.982915239 6.171711741 0.772580361 9.256620172 4.655369166 3.517957863 5.765875280 -0.514505493 4.447277559 4.718724527 2.343174173
16.320754630 5.575768638 -15.045748720 0.750959153 0.568055181 -0.266405734 -0.205916601 7.523091457 9.307900232 4.057787219 4.695640132 1.583701103 1.930393110 2.090079868 0.997608550 2.798248681 0.500528844 10.131567849 8.044598381 4.458130652 5.227130724 2.940457419 0.580481634 2.343054632 6.593911491 5.760477012 6.522845367
17.450382746 -0.916880131 -17.289058115 0.916968470 0.249918093 -0.186415549 0.248915678 8.819130197 7.149618090 -0.245225307 9.100237570 3.563822273 2.532695308 -2.465222460 2.385420850 3.728079248 7.317069993 3.824344160 0.976196502 3.110568065 10.819497336 4.185565837 0.867168407 2.543227524 8.751199297 7.511611087 2.092311775
17.872990447 4.110294527 -27.681494283 0.789849967 0.314334288 -0.488636661 -0.196380238 2.191584247 4.017482573 2.910464254 1.542625061 4.757545877 0.311255780 3.349461394 -0.913461149 8.110274969 0.923605383 9.570450883 -0.433851433 1.444643587 3.592318689 7.115907719 7.174122561 8.236110896 2.807966189 -0.813919012 5.591093920
19.824620447 1.629021655 -22.363994001 0.849228184 0.203102778 -0.464562365 0.147453590 6.358840637 6.295756798 3.149532441 0.739161083 7.335685872 2.016238959 8.365300087 4.724784354 0.801295351 7.866368351 -1.826733145 -1.919713926 7.796486388 5.504647250 4.565461301 4.699013413 9.574131088 5.042312030 1.251965506 2.719929358
7.798923109 0.472905318 -20.559823603 0.990808905 0.038567013 -0.088339573 -0.094902156 2.723399728 -1.077067105 6.158049973 8.446120733 5.272866758 3.583859419 4.374170901 7.268024723 7.510467368 6.418547980 4.518156378 3.998430706 4.755685882 1.039735243 1.517888707 1.229294014 9.963526342 3.795090713 4.795145101 5.502991433
11.215713975 -4.683857604 -19.549364621 0.980345069 0.191123792 -0.048469811 -0.006776397 8.824560649 2.041681404 5.306354241 2.809622388 4.789138676 0.288317617 -0.221941228 3.029535423 2.558246850 2.916920668 4.067442968 1.146327875 8.376574210 7.143561478 3.742261691 1.979807609 4.245776210 4.197417481 4.384882025 3.108147008
19.314712604 -3.928689210 -27.474627512 0.998554991 0.034566809 0.026648405 0.031351683 4.927450638 3.747374472 0.161489503 2.607019007 6.038629007 8.132979727 1.147308745 10.045423829 4.620165408 2.688965892 10.974562736 7.606768176 0.593404996 6.340419877 2.908406403 5.135887660 -0.706934518 5.296095540 5.847621140 1.818054851
23.261338512 -0.486231808 -15.675645868 0.882170868 0.214398572 -0.412939378 0.072724700 7.685606749 5.261420475 7.093421775 4.576508109 1.545856502 4.006044731 6.236068449 6.738137717 7.247475755 1.027780410 4.688784814 2.921675601 -0.444443862 6.036894093 4.501135066 4.262158346 2.158752138 2.731365230 1.588228967 4.743305561
21.466150130 5.159041826 -13.187701488 0.922942332 0.207585833 -0.283767101 0.156722067 3.920222450 2.755499004 6.016310911 7.841977444 4.268806449 -0.453509196 8.516953740 9.431427904 0.426240494 4.315825491 5.701600763 2.294068413 2.948844706 3.781890178 0.925242153 1.837531010 3.989187945 -1.891323571 5.024373906 1.902770922
20.333205441 2.576582255 -13.215717570 0.831070342 0.290888675 -0.378096243 -0.285917990 3.818681616 1.736805836 4.364559370 8.456635265 -1.450035629 4.164263294 3.373963420 4.693119701 5.970537448 2.088954049 3.799133102 -0.055071087 4.665111384 6.062384494 5.164683572 7.109651639 2.986125464 4.547229241 0.551116907 -2.050355307
8.225769806 1.712438439 -21.151108113 0.999519993 0.030215085 -0.004563449 0.005099748 6.285436342 2.211566218 3.895432563 4.400900899 1.941510795 3.931343048 5.721250941 4.766592673 -1.302124722 1.976718248 4.302574368 1.984553937 -0.323844081 8.022473069 3.514157849 6.595084178 4.037181153 2.760047364 8.186446782 5.355524000
16.397826381 5.589342476 -17.163507930 0.846669005 0.427105886 -0.198962750 0.247277136 4.859222009 2.035454544 -0.612709661 4.793464226 5.680429696 7.993655066 2.107086029 1.914844836 3.664076729 8.531620519 6.472900708 2.865042265 8.233333788 1.822320722 2.057084188 3.498910254 0.168147405 9.773524718 4.153708227 7.164888949
14.609581894 -1.688139219 -24.257689982 0.897507076 -0.427232546 0.048767457 -0.097852625 5.192609799 0.318026087 -1.537776836 6.487923622 4.766257811 2.835102367 -0.292150977 1.831456786 0.838849819 3.134440040 5.854404273 4.686600697 1.718490942 6.144200423 6.405085654 -1.029022252 0.082787557 -0.262359428 3.091103772 4.826062898
25.358655265 0.160990931 -20.178205325 0.760670183 0.346981804 -0.393407927 0.382380312 0.852343237 0.376924715 3.855431694 6.657015894 6.403285387 6.073076026 8.110707151 10.300805122 -0.693920221 4.098619234 6.951324403 2.506029106 8.408867634 6.291588070 8.850408111 -1.388565420 3.357784626 0.470846949 1.907754358 0.463968016
18.725382911 6.134223724 -23.473098238 0.983529866 0.096587724 -0.115978895 0.099441993 3.578258969 3.405944097 4.777617186 9.192605529 4.936502952 3.152592268 7.099080873 0.712654447 4.446536536 0.342414375 5.527257240 5.895967612 5.834608807 2.381761697 6.123395686 8.337803748 6.548482557 6.489436960 3.537377458 7.111141799
12.125597241 2.133352334 -24.763710301 0.824030021 0.468919473 -0.274060456 -0.161182873 4.728034093 2.337589310 6.902397392 2.253200635 2.073755668 5.985304953 11.605158953 3.498345281 1.967838529 -0.897674371 2.027054536 4.303805122 2.668816480 4.468861825 0.863719781 0.809415739 3.070466867 -0.540569230 -0.311410381 6.731736364
13.611469750 2.169699252 -28.489752354 0.994361392 -0.074981054 0.067533190 0.032596515 3.670914583 -1.033991734 8.921247024 8.680182220 6.449712816 4.195944152 6.674972533 10.822467938 4.899266195 3.718268564 9.973490214 -0.652072960 3.153002899 0.349308913 0.656078565 6.311842097 2.810990895 1.460839475 8.375347485 6.942462927
15.704244751 -2.574625269 -28.649466543 0.937366840 0.036704474 -0.327426973 -0.113083007 0.769608071 4.702876107 7.181567374 4.629365201 4.943820984 -2.151182708 -0.942293297 8.667896162 4.615662535 4.530247666 5.699960549 5.608135246 0.829858258 2.909672025 6.315927747 3.992465338 2.689178100 0.958142608 3.715537201 2.011475255
16.775591394 3.512668523 -15.313828307 0.868287929 0.158584486 -0.468714051 0.035130772 2.027261755 0.870101150 2.176110472 6.179208550 4.436236955 7.952001905 -0.071255284 6.597704813 6.464200295 3.254487806 3.088855457 5.780084001 2.004182667 2.465057811 3.991097533 -0.617467516 2.894538401 6.862671980 5.068449845 5.224254412
12.575900564 5.468968352 -16.580702386 0.843730387 0.482623035 -0.231835338 -0.038031773 3.769504584 4.243684691 6.412761596 3.866270990 7.973797058 -4.349167449 3.946741152 9.207007828 4.427955464 0.957198577 4.376608561 2.103711082 5.730035021 5.756232716 9.977020763 1.384598047 -3.802874315 7.027958670 4.174361075 3.318759902
