20.608639634 -9.976441486 -28.410585515 0.898387123 -0.271740613 -0.127216390 -0.320739158 7.602809703 8.191282031 5.194614938 7.243052786 12.783084640 4.233359949 1.902163774 2.874670266 7.235580988 4.973325189 5.624763053 3.493355488 5.852858074 4.712233985 2.461070215 3.063374142 2.610275279 4.660472602 3.692549973 10.042872825
23.737129729 -14.105432597 -19.394784999 0.734348104 0.032319966 -0.526880892 0.426713965 7.203978008 3.872924869 8.280290881 4.903049784 0.402251560 5.391177035 5.497595891 7.726968039 7.613922331 -1.585404137 6.942903931 5.032416150 1.884118942 5.834408770 4.247268334 7.519420012 5.990537183 7.684127649 3.892417663 3.643800098
15.848331212 -8.836102310 -14.332642714 0.911840007 0.017999933 -0.410150829 -0.000317607 6.095272505 6.719986489 2.973112603 3.946549460 -1.980488248 10.277046841 -0.120633709 7.100709138 5.913024119 4.113363032 2.358992823 0.693360203 4.492769296 2.875497356 2.826955211 7.557635903 11.595111701 4.852112356 8.416858552 1.089242583
25.753145745 -16.954172104 -18.050322781 0.967806825 -0.066032936 -0.231023071 0.074952933 6.063039671 1.395150811 3.901540990 6.348754690 8.725436207 5.741889045 4.281020442 0.052727041 6.690490694 2.519694463 1.974689243 6.816721352 5.107134821 -0.025997349 5.310031794 0.663989237 4.698210085 8.784586070 9.591343778 2.309359400
21.629336663 -18.654640870 -12.427417343 0.728886775 -0.238340715 -0.394743974 -0.506058265 7.833032702 7.479632891 4.225661170 3.133508957 -1.343766644 3.916753953 2.646937680 7.812605085 3.773954006 5.047216031 6.838007684 4.740641029 4.938786409 -0.516662594 7.358313122 1.620363146 0.966252108 9.228237414 1.947711832 4.211556882
18.008688189 -21.801436815 -20.135646015 0.882177292 -0.267097356 -0.150346386 -0.357516701 1.557671565 7.521010214 7.378071388 2.290533602 0.831079355 6.215651210 3.691169240 3.579880533 3.745146092 4.273300474 0.017835735 4.591049109 2.658564655 3.019907599 6.447111427 -0.125250188 1.837271322 2.286172865 5.884743914 1.672098882
13.386112869 -14.112212157 -24.878966953 0.864708341 -0.436082055 -0.042241727 -0.245616699 4.495455990 3.291027418 4.917902460 10.581179979 3.753504738 6.620668398 6.222300368 0.923137569 -1.841606487 2.405360580 8.657629350 10.211717005 -1.757282933 7.365677180 3.482584882 2.372803973 5.793789100 6.836069207 0.171357789 4.988321212
15.979121764 -18.852918665 -26.237381556 0.944625141 -0.263698759 0.005400471 -0.195236118 5.521884976 4.280085388 -0.860706062 1.933405813 6.760333403 4.603900676 -0.261729953 6.734407066 5.484646776 5.477696287 12.661479200 7.785585216 7.702646158 2.818333028 -1.185578556 4.978574317 2.358521100 5.459939693 3.611886148 0.409899447
23.595913327 -12.759530865 -13.546835469 0.763870764 0.004515412 -0.507635956 0.398480618 7.000208880 4.627098250 1.291973508 5.821953679 4.624207804 5.908530832 -1.893946797 11.950832276 4.289303065 4.676887769 -1.206910723 2.838915042 3.963033643 3.546451276 -0.400400741 5.518931174 3.029155571 2.001356858 3.376340410 3.356656965
25.986495796 -11.607619195 -25.843041464 0.758154187 -0.007276636 -0.647392191 -0.077670010 2.943057047 2.966679725 3.183944776 7.901097655 2.833477615 4.029994549 9.094120511 0.878103486 4.942917114 8.016304935 7.589048397 3.430479826 8.261805492 8.173307397 -0.131278945 3.750640856 5.941385726 7.253072068 3.274403622 3.210003614
14.190384052 -8.135120015 -19.070436998 0.724547909 0.012689732 -0.655221808 -0.213433083 7.421666097 2.899415387 2.939850078 8.166322904 4.289988753 -0.042294422 -0.289165311 1.876984722 3.772903300 7.609755047 0.239263353 4.590518617 -0.802322636 1.051625256 3.524823801 -0.334374134 3.919123978 4.440213564 3.252207005 6.935730703
24.533430448 -8.405840978 -17.161020269 0.970769141 -0.017062069 -0.231325646 -0.061681490 -1.662511689 5.644826982 8.833730420 1.237944263 7.041927610 5.558193812 7.398897803 1.011654753 3.436426503 3.024150340 4.072566617 2.191923574 6.811316806 2.334356253 5.471361996 8.036007112 2.689548320 3.225728408 6.493511296 -1.839844520
16.984876007 -9.327592361 -19.553090170 0.921379000 0.116851750 -0.370154738 -0.019795903 5.568702393 4.020299055 6.089402748 3.364854959 -1.639537278 7.046696174 5.874283377 5.721125497 13.060631886 6.317696940 3.793514874 0.715755147 6.546415718 -0.421683565 3.258296793 3.902237701 1.326430749 4.189110568 0.738932394 2.998312442
16.063907289 -19.109398232 -22.958384265 0.899812727 -0.280275248 -0.216951086 -0.254391564 4.579672143 2.948328744 -0.739239715 8.257608775 3.510158797 0.301662444 5.169309315 4.895443211 -2.998286647 7.401799955 3.626330076 4.637311254 2.542074665 2.356270152 4.926744584 0.248943890 2.213039586 3.911922883 3.776123800 6.870481210
13.897896788 -12.441464042 -22.686263722 0.801360372 -0.583356434 -0.126372493 -0.039329613 -0.196195956 2.266066166 2.376772304 0.513039076 -1.159286751 10.056338981 2.854031462 7.406626277 5.628365528 5.347010960 2.241091038 8.238061876 4.342117195 6.848197317 4.368530948 -0.624165803 4.098821028 1.773865891 6.200225332 6.451325187
21.116874694 -21.845521349 -20.826551596 0.750578748 -0.213817649 -0.510805594 0.360542926 1.405321431 4.678091977 0.184992242 4.356857406 4.849223605 7.623690424 3.154933143 3.158243167 4.786026809 7.581085697 4.015417722 6.779238700 0.071094085 8.461016707 2.931510885 12.091628340 2.196082644 -0.566695620 5.276063284 3.087872670
11.943664263 -14.186477316 -13.447398080 0.860394072 -0.176546609 -0.308713355 0.365033423 4.894319861 4.430757567 5.703934910 1.532878367 4.851214784 7.162064796 6.133853801 1.574342130 4.191353729 5.775774894 4.944172049 1.589786897 3.274937302 5.121269268 0.800673314 7.070715497 7.645837769 3.313366204 -2.410049425 0.456044221
17.366551546 -11.930880231 -21.259241547 0.970718810 -0.107818400 -0.198583437 -0.081515664 2.811056755 1.054744978 2.690070702 4.304262353 1.003160581 5.266126805 4.368772382 2.847022675 3.613651944 -1.768646231 7.150221267 7.242254067 3.173203766 4.869669251 7.887137815 3.493598081 3.315197585 4.168774364 4.528157887 0.752640471
20.522496892 -8.519159521 -12.360057874 0.860543411 0.118901012 -0.485065558 0.100194767 9.625454198 2.699973693 6.600961228 3.178334324 3.850909690 1.308762332 5.924548143 4.751476823 -2.896618766 -0.205888709 5.932206345 4.670406037 4.261955815 2.675554773 4.444678184 4.285927093 6.665150578 1.141453629 1.393110199 1.123836385
16.796893973 -15.694954764 -11.434406706 0.788266668 -0.236146755 -0.452659254 -0.343467567 2.495962505 0.204558764 5.684986397 5.100008276 2.771461882 7.331504361 -1.211575359 4.005612571 7.782406842 5.630629029 5.281036181 -1.540716808 2.049350205 3.970103235 2.783887983 8.436419877 3.953697355 0.646323926 2.641731345 3.251704672
14.172240882 -16.231224372 -26.596785975 0.806626719 -0.331727903 -0.191243219 -0.450262109 8.301677876 5.643982821 4.263121117 4.481857529 1.943566373 7.138570634 -1.635440922 2.597529279 5.499246499 5.489825909 -3.831843016 4.776724827 3.592174629 -0.175614130 3.747380602 3.671990576 6.649745834 6.435023860 4.680570984 12.680078722
14.271716579 -9.411220096 -14.408922007 0.765426708 0.204565958 -0.599070528 -0.115711825 1.077839379 1.704201643 3.298818943 2.480832409 -0.209670495 4.311215764 7.752432669 2.063893000 5.043861850 0.206616738 3.402444681 8.636949777 4.688930115 5.218000938 -1.984134702 3.373659516 4.655696373 5.852033796 8.849813197 0.476932068
19.646866208 -22.086966802 -25.015071491 0.849018226 -0.493175974 -0.184933731 -0.041773508 5.682031693 0.840684147 -2.193311544 6.098412516 6.243271386 4.391876836 6.409600172 1.198603563 2.991216233 3.435644195 5.897288275 -0.815967194 0.692851051 4.930646100 -0.897326033 5.192036994 4.448605658 7.839402994 3.659110728 0.789054290
15.125270607 -12.252773953 -21.849589568 0.949593682 -0.181366846 0.164030502 -0.196142550 6.164555055 9.732384351 3.554317796 -3.226885754 9.691921579 2.346963605 1.967074761 3.683742180 5.889955428 2.123691972 0.365659164 3.011215650 7.855473908 7.204821593 3.867013302 1.930387036 1.086380247 4.744312569 5.570149589 5.808720382
27.529641210 -17.868887464 -17.965324319 0.785112313 -0.398429040 -0.362651485 -0.305510813 1.649400182 2.931458100 11.557176242 5.870799994 2.170631112 5.422124149 0.478116754 9.086990127 4.085057019 0.440529893 -0.389154951 1.202802502 11.295862676 2.273627294 0.759256044 5.462032224 0.235680694 0.758449680 6.408090853 5.527939116
19.701672184 -18.633566370 -12.232278206 0.818769893 -0.505289989 -0.263254802 -0.070673890 7.201609566 2.398885600 3.363684439 6.800630793 6.014662961 1.259566205 0.731694985 4.337929389 7.221547530 6.634388817 6.253860176 3.283722702 6.225787820 3.790309229 7.588493232 2.259630740 4.205188007 6.495843868 -0.949788488 -0.751700602
22.254927294 -5.866521239 -19.839598915 0.820940357 0.051468730 -0.495582229 0.278937547 -5.038248630 6.530772938 5.985518121 5.800354091 4.070560642 5.603447449 2.412849164 5.888822281 1.932627394 3.306189635 7.329987539 7.351650203 -0.729907235 10.067385789 2.304934078 3.647531220 1.143688191 6.032193656 6.842807508 6.321364037
17.450882341 -8.319720228 -17.342044176 0.769431949 -0.095173834 -0.631232192 -0.021502030 6.035213357 5.625763309 6.607764727 0.550963404 5.446995089 0.530239492 8.046144123 7.169219415 3.298182891 3.963611803 -1.214608350 4.008386339 1.651318126 0.832034590 2.888860250 7.244102923 0.308885708 3.497128329 4.131836947 -2.022617324
18.304732302 -20.245470183 -17.595233477 0.832014345 -0.226022485 -0.377847621 0.337486505 8.227183607 3.853267380 1.618942915 2.259651200 1.587348068 5.344837601 0.607462770 -0.536064037 7.237541344 9.687346644 1.324101071 6.371757198 0.921342493 8.790397504 4.380688917 4.312714847 1.038877124 2.684633802 4.635013250 2.993576674
20.127407289 -10.275112798 -22.366385090 0.953171522 0.050146372 -0.298191241 -0.005601386 2.086446611 1.160886513 3.311128828 5.668925211 2.631390990 9.214312557 2.893763478 2.163573461 0.705931921 9.025795453 8.170375627 6.681515818 -0.800826897 5.060685244 3.343008287 1.524490612 8.088139359 5.816727573 -1.216732118 2.965470844
24.911971738 -13.598923060 -21.810753739 0.730311510 -0.307912876 -0.596478160 -0.126682925 -0.531295062 1.550590125 1.605775738 2.415494856 3.307425156 4.851197605 3.914459383 5.066592568 2.057608892 2.736163166 3.340499002 5.939555484 8.213346040 6.515663888 3.302628848 5.042481914 4.818112647 4.612278241 7.982554030 2.319470273
20.580954529 -22.960910329 -20.817104210 0.727265263 -0.468993043 -0.227640312 -0.446442215 0.872352370 2.912020274 9.658861656 4.700091947 2.314076233 3.536481419 5.320016132 3.615689496 1.590884275 7.630071927 5.405799966 0.756390587 -1.817964886 5.104072430 4.710123542 1.633117530 1.514517015 1.585667746 -1.851826995 6.944782665
16.229500558 -7.664114384 -24.168981346 0.932895187 -0.180720863 -0.244888756 -0.192551390 6.686885488 -0.164564554 -2.198609831 5.554663417 2.587581596 5.067240559 5.916597425 1.499695007 3.362140982 3.321726412 4.929702587 3.651971163 6.657319664 3.048806379 3.981785987 4.430761094 7.593117010 7.839788066 5.839060333 4.229489713
18.841147125 -17.383268818 -18.074317648 0.940579637 -0.195507436 -0.237377347 0.144009664 -0.301882065 7.592089752 6.290159801 10.193085957 3.237109741 -0.014617736 3.160660322 5.181819315 6.752555461 6.183400405 5.828658498 7.175710251 9.714374475 2.899745288 6.936276064 3.611449274 3.535696988 -0.306806414 4.166521342 6.698858337
24.882899191 -9.268596678 -16.424829542 0.819321946 -0.008866524 -0.403199993 -0.407507912 3.081371525 10.785089255 5.453707502 0.607344319 -2.444707414 5.640115039 6.366856630 3.746707911 5.331275384 6.668805063 4.863620475 6.712202808 6.043943563 5.706527841 9.364018539 6.324315526 -3.923822383 6.259704513 2.928366268 5.652828933
22.207025407 -5.553105648 -18.295473501 0.910331308 -0.046760207 -0.279614199 -0.301539870 0.221185657 7.004464965 2.583444229 3.424465886 2.273845550 4.138908969 8.275920778 7.505332167 7.174602793 5.438920628 3.411978346 -1.233110118 0.709653581 0.518099730 3.751456462 4.033707941 0.197695396 -1.830255427 5.929691238 3.952052070
20.148002950 -10.102421146 -16.792952785 0.779860700 -0.012203042 -0.523788902 0.342510672 4.798368420 0.144263968 3.713787421 3.148662233 1.848421990 4.391619152 3.564395984 9.033865675 1.792535621 -1.519395301 3.962349943 -1.476863936 1.662427832 3.077209062 4.639172102 5.844066519 0.935298930 3.045795160 12.131393674 2.297576359
17.543740087 -19.953314944 -26.224004542 0.898840812 -0.319022775 -0.299328453 -0.026685972 5.935666007 4.927596237 2.952635795 5.886419720 5.796702381 -2.808030033 4.645987366 5.042600717 7.174606515 1.210081476 -3.330697217 8.882301189 5.850790722 9.780766956 -1.723733464 5.360432290 9.791188590 4.847098955 1.254406473 6.339180375
19.599814202 -5.692154404 -21.251684385 0.922895845 0.230418478 -0.214081100 0.222125793 0.676416094 4.642858959 4.602426914 1.212383890 4.814233396 1.751500849 7.013434256 5.156714330 1.846036742 4.040346014 -0.853403708 4.250723246 3.147985361 0.999933668 8.721784578 2.981112077 5.602913286 6.098770442 5.536662479 7.731529532
21.882879179 -13.658255425 -11.224342583 0.768487960 -0.225910404 -0.568446738 -0.187773936 7.726400718 1.969777822 2.155547947 3.404661275 9.554140502 3.179921275 4.893537852 -0.485326886 2.989662988 5.461241674 4.749500085 0.234692732 1.404740841 6.810168516 3.675454353 3.911423007 4.179836053 6.670962402 4.191983206 1.159086789
21.191415011 -16.444986416 -21.757178347 0.871286189 -0.239100668 -0.387565045 -0.182987932 4.965839685 3.998625681 -2.905624835 4.091602990 5.203919412 4.674007235 5.139620508 3.341590323 3.144103107 7.745814099 6.784532879 -0.249892450 7.609305781 3.317871927 8.386735599 2.363968271 5.989064720 -3.708284253 7.943082850 1.730952057
22.988099789 -13.196722342 -17.659772960 0.961842041 -0.173254952 -0.105908183 -0.183374117 1.514428376 5.185375441 3.404330318 0.918259895 11.681955657 -1.760038092 0.876732999 7.734744740 1.813402635 4.254648067 3.418896572 7.617720397 1.032915518 7.093886645 5.861899337 4.668343748 5.513578875 1.713374431 4.676775661 2.778683701
15.966037117 -11.901256579 -12.068597377 0.753833231 -0.124444509 -0.471275454 0.440622821 6.832220335 0.166135639 7.088785534 3.624708247 0.305951200 4.467404039 3.320126238 5.414061108 9.122361791 1.250171147 5.313286271 0.513569645 2.913045654 1.251411464 0.133768559 1.987597662 6.166864846 5.190586573 3.570691798 5.753403405
15.386437454 -18.438890388 -17.824973401 0.824576493 -0.412243367 -0.385916719 -0.034602020 3.672655233 8.065087190 0.853838006 5.063565702 1.658980291 6.167923148 8.356002527 9.567711688 1.238945069 1.693945598 2.637022154 3.995673069 8.594907362 3.077995603 3.802466349 9.933646075 3.556893188 2.472565378 5.956928347 5.315845377
13.045337490 -11.965975846 -14.060258841 0.962367746 0.008081342 -0.264292578 0.062709221 4.276651267 0.891622132 5.042834652 2.501021748 4.456331994 1.982483474 -2.472698629 5.787507757 0.203078154 2.503444322 4.901250504 5.928770183 0.588871566 9.393365116 2.355417346 1.780669101 5.697126356 5.022337396 0.339026138 5.931784551
11.528247504 -15.675142994 -16.686060060 0.939475512 -0.172955017 -0.152177882 0.253602478 7.007918555 0.899556770 9.331427977 1.971703009 7.600396898 5.174064597 1.903802320 0.282606111 -3.472949002 8.312034154 3.651616707 -1.177678893 7.901497736 6.135804761 3.595463147 7.015736653 10.160931656 3.494881168 2.062799819 1.295972873
19.879410262 -6.458718675 -20.399358893 0.722184278 0.259466745 -0.626659180 -0.135739270 0.664262909 7.692425377 0.290941972 8.852780347 4.319667229 5.928812600 1.156484710 8.270797430 2.679844150 3.032548666 2.431289529 6.411045261 5.117847435 1.274462132 7.894782064 7.208644926 7.977875095 7.260911540 9.174380967 4.092288059
17.530751654 -12.594639959 -22.265204454 0.960478442 -0.217893003 -0.035030171 -0.169636930 -1.572388945 2.195129997 5.725241734 2.445438925 6.735968572 -0.179729385 1.291093921 4.102737183 0.967483900 4.356915987 7.923797065 4.802053087 6.649245868 8.196393787 4.821803844 7.836619213 7.617957710 -1.230671329 6.849520131 5.223618926
19.846946063 -6.140107180 -18.844654343 0.787724757 -0.424334238 -0.344891407 -0.283690112 1.685569782 -0.782935353 2.012826307 1.200111626 5.346908854 3.463671828 3.535431104 -1.076537950 9.415294191 3.269160004 -0.255076938 3.937091394 0.880636658 6.852219510 7.428185365 0.688939471 8.485485582 -2.859656334 5.721497935 6.513073779
11.137364780 -15.506484466 -23.229061115 0.946238991 -0.258348131 0.087175829 -0.174035601 3.577970913 6.370411957 8.858128553 -1.728199773 3.436736551 4.267742342 3.676161920 2.560245180 1.429485124 10.157184214 7.367638867 8.113914315 4.214363797 -1.401111768 9.015215368 2.087438697 5.209334117 7.390136289 6.277889206 3.939362862
20.083972694 -15.202171724 -13.005341802 0.871334894 -0.065957708 -0.371509371 0.313697099 1.827545342 6.367309277 6.860542341 5.715828316 6.139614065 8.083734549 3.065934757 2.788643652 5.609814687 1.531932619 2.568401900 3.643369259 3.928971312 0.777009503 3.926749066 2.957782912 11.503505570 9.713064436 6.426744735 2.140290618
20.672950733 -20.369755670 -13.209769320 0.892680390 -0.232589947 -0.291534923 -0.253043525 4.859603308 7.183324370 2.789309070 -1.787153939 6.471158748 4.448638676 -1.580599957 3.826336510 5.192087339 6.365113701 -3.039716472 1.453894415 5.500348979 2.500806531 5.725308126 3.383820013 -0.513040759 0.230182487 3.808627049 -0.377875252
15.993761205 -13.098619628 -19.822039237 0.712165789 -0.196342205 -0.495809872 0.456554706 3.718788565 2.225182590 -0.144048307 6.703281013 0.258456136 2.347361139 1.179612326 7.310595016 7.481850962 6.683520217 4.170812008 1.177053396 2.761499442 -0.640973940 3.678573974 0.258082092 9.746348915 6.555327797 2.197395043 3.909681463
15.060491408 -15.575470576 -24.511019468 0.884633901 0.083962331 -0.352218959 0.293794134 3.091934534 3.956926187 6.716601610 0.514717492 9.571968584 11.705839972 4.563266929 3.817080934 6.292060033 6.441832336 5.328204910 4.787561120 2.057896144 2.766764314 3.127700215 6.487956696 5.525970157 5.812539677 9.092700609 -0.224316733
13.568212334 -16.185926290 -26.623762398 0.749084418 -0.495486967 -0.130936596 -0.419786622 3.429079768 6.262094009 0.533371902 7.418163854 4.018508502 6.464947328 3.030580913 3.241770497 3.065524162 9.221251979 1.667385968 6.318828586 1.642196164 -0.245974770 0.297631229 5.002024567 1.299760704 5.971228369 4.994953576 1.025522317
19.400877492 -17.973558220 -14.498376105 0.790905215 -0.200393998 -0.577949009 0.016915380 7.093743038 3.997537364 8.162742478 7.584304146 2.341543770 1.124990649 3.759266034 5.587047360 3.432951014 2.328902073 2.171350535 6.698846496 -0.392422074 8.666333543 -5.583301411 4.244274666 6.290988091 7.733841097 2.936035753 4.586545882
23.319438883 -9.851418473 -17.035545424 0.979931644 -0.096162805 -0.139146210 -0.105475214 1.710135852 5.623044677 6.170287025 0.219690640 0.678320121 5.139067845 6.029523189 2.315436094 -1.331719328 0.196337961 6.362361673 1.552404701 6.864344926 3.597986996 -3.820002761 6.126266480 0.816364577 -1.255706618 1.925158338 5.058095503
20.656266780 -10.230021579 -25.842652197 0.792404768 0.006476073 -0.590659163 0.152231720 4.136912223 4.628459039 1.106720252 3.956878601 7.383905064 8.204624027 3.844962082 8.138212913 3.181949259 7.385371352 -3.010372931 3.108246880 3.586457685 5.097194967 0.707799078 5.459805107 2.914310476 3.942178498 8.942777837 2.322208008
19.781180152 -12.754799986 -25.860457450 0.930820236 -0.109041475 -0.329903306 -0.113346609 3.038866501 4.213709591 2.988200544 7.760350488 8.345441546 1.597214875 2.018924443 1.215680055 8.093424786 5.807243628 3.318563587 10.544303810 1.655636188 7.806033842 6.147844252 3.523437223 3.897568196 4.709200656 3.323344325 3.596913790
11.527951778 -15.171494482 -21.546292161 0.715669012 -0.047882005 -0.553051160 0.423862706 7.890837925 3.361434466 7.265021528 13.938479911 12.945656851 3.626376691 6.359951199 5.311466766 7.237289045 4.817363893 5.188684238 6.210730956 2.272275437 3.936660468 3.372351309 4.575201133 1.217524845 4.777837436 2.833452748 -0.249969196
13.052450602 -15.516147232 -14.728808992 0.889491400 -0.277510090 -0.275741188 -0.236135545 -1.826090220 4.277966336 3.649551592 4.728488521 7.923852151 0.524389044 -0.846083015 4.335286983 0.830779120 1.000196834 1.019569823 5.816210147 5.036470936 7.322324748 4.516292868 2.365980695 3.826508537 3.577234968 4.661631236 5.386440259
17.377569805 -8.675174423 -24.014632794 0.796532455 -0.071712501 -0.600025891 -0.019034085 0.027008316 3.294711277 10.353897257 2.364285275 4.310918021 -0.320216741 2.503933123 0.746353590 3.247894439 6.487958803 2.849812929 5.099226393 10.888509037 -0.575791633 2.345945023 9.835298854 3.331893639 5.712650699 7.667037361 -1.354353122
13.525774442 -20.525977243 -15.816491527 0.782972826 -0.431035702 -0.045574480 -0.446189135 6.647345997 -0.701772086 7.928435357 0.577369795 6.049207237 7.257598202 5.708345794 2.949293342 6.023353089 1.225611853 7.583008127 2.591355322 4.022242210 5.873405866 1.547112327 1.933756327 -1.611786446 5.817999102 1.677955451 3.531248402
18.112895136 -10.184450498 -22.771015484 0.767522662 -0.335717706 -0.428045708 -0.339086208 9.640643211 8.282616554 6.073370214 0.859965721 9.830200338 0.875244265 1.273303098 1.966753259 3.243434153 2.555021516 1.630327437 3.901662845 2.620872328 5.616528862 7.350886045 3.517395544 8.105920235 -0.376810872 3.320299947 5.576683030
20.946885274 -14.301458081 -25.789243366 0.986022732 -0.037182360 -0.145755498 -0.071637839 4.507101650 -1.580097627 1.703057493 5.007764126 3.843720275 5.824785834 3.521916008 6.505813417 3.824319746 6.246774573 4.580746992 6.364940382 3.884375308 6.028026648 8.082296334 2.799523371 4.765393668 0.762508566 2.241773491 7.467787195
12.526414789 -17.660400493 -21.740587990 0.935229975 -0.304887417 -0.048407525 -0.173335711 4.468494888 11.874670958 4.408109926 2.092421059 0.909384127 9.230176769 8.263456370 7.786594625 -2.611617398 5.561713519 6.031582148 -0.134085698 5.519484961 -1.789299056 2.162000200 2.124675020 3.038863658 6.170765444 2.554668172 4.701964061
15.994369012 -8.267485527 -18.953487785 0.777545635 -0.121812067 -0.605649483 -0.117359744 7.543871604 5.627354360 0.302347202 -1.995779793 0.781407081 6.887120122 1.404651517 3.185897750 4.897489653 6.765118860 6.100881930 0.663665541 5.900671601 6.131874560 2.196480400 -2.905167072 11.728159374 3.167018200 10.799492391 2.928165802
26.045020400 -17.046256744 -13.693052262 0.848087451 -0.358630352 -0.313212675 -0.232443037 4.226716875 8.766555218 3.029866590 5.985732306 -0.941914704 0.534427843 4.102938517 0.471232904 4.448896674 8.200861016 -1.283344241 1.786989758 1.149188704 5.636142598 1.638138447 2.013278225 0.770954069 2.732034838 9.139333862 5.736357590
11.585595291 -9.763465166 -24.147127413 0.914536924 0.192011375 -0.347789606 0.076133018 3.354637135 3.805519275 2.464993771 1.725046570 5.023857413 1.060813966 2.719650380 3.151031914 3.618919440 7.482575068 0.039706894 3.558708576 5.385960675 3.669439762 3.565724281 5.528106221 2.090330370 11.805038756 3.110321875 4.886910821
11.850528037 -11.638974018 -18.925598724 0.919411946 -0.168483308 -0.296421876 0.196033467 5.950944412 -0.850028407 5.348530569 1.018921557 3.923339175 7.666395053 4.673764338 5.394941175 3.248978026 7.227695959 4.352467511 10.983576493 8.784788895 5.475800744 5.791215778 7.945824166 10.971332535 3.622231261 3.671278572 4.182200790
15.988071451 -15.266852362 -16.209300259 0.883727676 -0.254628825 -0.333778858 0.206836241 4.160291438 7.962897595 4.289221836 3.824274381 2.685576458 2.980717253 -0.066351547 3.082631505 3.407052080 2.541339099 2.053592001 5.985170273 -0.835743365 3.486884779 9.343826255 6.101293403 -1.396195474 0.196347001 2.966366831 9.000865803
23.516297837 -8.238617539 -24.424538141 0.896841138 -0.061071327 -0.356521345 -0.254634635 3.206903306 0.721872170 1.838902051 7.397908214 4.406658343 4.830772973 3.524188124 2.770471397 4.912889457 4.137855840 2.624743856 6.599177056 3.139826276 7.370356165 3.820249963 -1.909576307 1.140010311 8.541791815 3.642360800 4.183499019
12.855389985 -9.589423073 -24.121890821 0.993823799 0.089918020 -0.047685100 0.044216927 7.123747483 2.078460831 6.644846040 5.976275056 4.818888829 0.175847978 5.341651042 -0.893467715 2.759191200 1.884963745 5.155122619 4.231523429 9.988344434 3.212860756 4.509515030 2.722419607 5.796346716 0.653015574 6.170584011 4.832646763
17.526582139 -13.087945763 -16.054134500 0.790438979 -0.115394377 -0.598918580 0.056452562 2.456509167 -3.791972750 1.777907554 9.823399696 4.056229528 1.505199826 4.864401821 5.248707773 0.640635867 3.303834373 1.250257006 2.424874248 1.581049327 9.130540952 7.898265275 10.981499520 3.612529750 2.214288366 -1.926324011 2.278282473
14.402061173 -6.538775592 -20.519036619 0.739005101 -0.188930490 -0.469401249 -0.444791185 -0.468301106 1.772885717 4.784217286 10.816654348 5.471850617 1.048041186 0.960199717 0.804728164 4.886343056 5.606007881 7.037305529 7.111955730 2.211225974 4.505177345 4.118111383 5.289407955 -0.974775274 -1.217753015 0.717786238 4.664781048
24.973157701 -13.463747677 -23.171417795 0.964467602 -0.183996564 -0.000586302 -0.189597379 0.705360640 0.222512694 5.238871373 2.808228743 5.554138203 10.503364755 1.961524014 5.009707269 2.872009795 5.390091757 6.447953313 2.745175022 1.698126780 2.856682803 6.886971681 6.221834661 3.627022687 0.885713085 3.358637762 3.529714991
11.147772249 -19.013071657 -24.258812060 0.999473223 0.017201055 0.019586828 -0.019332781 -0.656577553 2.324883778 2.840732695 8.183539602 1.009160435 9.390415322 1.048646571 4.802821211 0.818489843 2.194669600 7.041459296 5.123938221 4.208142554 0.441641347 4.510061310 3.942040402 3.583636144 5.788744802 -0.180524622 -0.031898687
22.242553016 -9.587002678 -19.058357486 0.971321076 -0.144031638 -0.132399191 -0.135132193 3.254789859 2.377053450 12.073909552 7.186906080 0.761392214 -0.882183924 5.883247382 8.437966214 4.590215177 2.979344659 -0.234227632 5.578680530 4.712303398 4.627683169 1.237343997 7.029293842 1.700926655 3.781605512 0.621205509 0.674940506
22.868751440 -23.200071196 -19.666119786 0.857942406 -0.232208707 -0.438664403 0.132617820 6.777993935 3.132207519 7.587562663 2.577343994 2.077009023 5.484254718 4.703598778 3.707838096 2.043021850 0.849455130 8.819824685 4.435292280 8.450610380 4.588721100 3.815336018 6.009621944 2.202610410 -1.443507589 5.152791410 6.050479986
19.408982945 -14.711834459 -14.286811024 0.722597015 -0.092427586 -0.672656182 -0.129785811 2.737693314 4.466736484 8.528328069 6.582210410 2.718274782 -1.302198005 -2.328740575 6.581284928 3.392934738 6.248971519 3.670648351 6.147361383 6.045288105 -0.827200723 6.254686325 11.403163594 1.305013375 2.257894205 5.404829586 3.294081543
19.424343982 -8.447382150 -26.022535018 0.957266666 0.234887345 -0.104710947 0.132302993 2.624855493 3.326996832 6.735511152 2.481794240 5.376471339 -0.295343916 3.975129776 5.623042595 3.780896432 -5.401238300 5.538638459 14.107503472 2.905837440 2.381055356 2.643926501 0.631204681 6.703227562 6.243126022 0.250625088 7.193201455
22.789158204 -17.088912132 -21.600797455 0.965625111 -0.102372328 -0.209378580 -0.115102827 1.433894150 4.349569221 3.238156951 4.610465847 1.610554137 5.092103345 -0.987009985 6.719117741 3.891563133 4.006407507 1.430379531 1.167456711 4.496144654 5.798322343 -2.243367998 -1.276828241 5.100252784 4.552464450 3.505842486 1.121824413
16.680742138 -20.746421495 -16.511776215 0.897875160 -0.298000665 -0.283038236 0.157813679 7.270498879 3.676122472 5.583836724 6.050357967 0.769493631 6.999220823 0.079310931 5.737658705 10.041378247 4.202671869 2.545505102 6.877161814 1.859259496 2.366681284 8.181487938 7.748351601 5.701704060 4.245831999 3.037097111 11.779826256
19.683001000 -17.680321164 -28.608800747 0.975727087 -0.196314869 -0.092685021 -0.028750839 -0.274756463 8.462731865 2.672992901 6.261240666 7.366270936 -1.927476964 1.618715689 9.629580401 6.071359444 9.858711864 12.263396559 5.427793901 -0.219295403 3.780017175 4.112879752 1.459873215 3.142163268 -2.245717790 1.327906372 3.120923286
25.400472571 -18.826255337 -14.600655775 0.836608774 -0.135650012 -0.375216236 0.375363304 3.476301209 1.707598742 6.994836431 3.356488843 4.124588125 0.791127493 7.936782303 2.900253292 6.335240543 7.584180039 7.102425200 3.397385840 1.564169107 6.345922625 6.562495375 2.501195272 5.551739643 5.063976170 4.115180799 -1.229817216
18.432507115 -13.484493136 -28.488109102 0.984196119 0.056369472 0.162154126 -0.043434108 4.076044963 2.661119011 6.034244704 0.130100467 2.433265069 1.223250934 8.733669385 9.445951636 -3.460003527 4.672511512 1.057062412 7.461405034 -0.553844884 2.476555842 5.879545956 1.731032438 3.187739845 5.058929570 -0.504177557 0.731296586
15.033678983 -16.007482733 -14.113806982 0.829797654 -0.198257555 -0.507377902 -0.121233080 -1.753005433 4.260982303 4.736029701 3.387663600 1.984228423 9.981522326 0.767859903 1.961267713 7.293056705 4.021689779 5.757095935 5.571042720 3.639209460 2.398746296 0.929874206 6.907972088 7.168309325 3.176905351 4.893987445 2.989742642
18.260343356 -14.097257098 -21.913002946 0.825106160 -0.303468199 -0.472900326 0.058925022 8.540414284 -1.049800067 4.647731073 3.338953883 -0.730984725 1.616116292 7.137444613 5.417279731 3.885755559 5.437337835 -2.030401209 5.954426606 3.349477158 5.367617745 0.278141647 6.757174799 3.499751785 -2.008753198 1.863403151 5.342517397
17.463450153 -8.905203749 -26.157839839 0.870864543 0.190254332 -0.336149888 0.303976133 6.829798929 5.424003437 4.083062227 6.826417712 -0.562185437 5.285126793 8.699484613 9.333631355 2.722402924 2.810824799 5.443529804 4.299939901 3.948903925 6.061770653 2.651128188 4.961845754 6.031146474 4.580904405 -2.069704781 4.155898047
21.893794112 -23.383210348 -21.102010206 0.846803964 -0.234680784 -0.437558796 -0.190762356 -3.460003756 9.386837590 0.091240820 7.571508770 9.123771776 3.383437053 2.558542902 0.522235537 4.503320718 3.782046584 5.974600539 5.326057672 3.219486123 0.449501947 11.291852522 4.461011442 10.992886270 7.641339476 -0.193864204 0.110905969
23.290331366 -16.264253395 -17.849861283 0.866543206 -0.244650282 -0.351579384 -0.256205089 2.546685570 -3.495648816 5.096185007 5.916166035 3.278046472 5.962881802 3.354705764 3.384680142 3.541913463 7.948347278 0.912031332 1.153970099 2.047323651 8.250167276 1.950304131 4.668971888 0.544811654 2.000759723 4.411096971 2.312519654
12.838744044 -12.795529890 -24.526465835 0.990894367 0.088416979 0.098908087 0.022977861 3.699809663 0.347736490 6.355747011 5.453941577 2.969024904 7.142739358 1.563534878 2.184532990 6.036534524 5.629953405 2.036465250 2.404982622 0.178355688 4.549713527 5.634763021 -1.111691339 3.262738819 4.441691110 4.492725437 2.860284242
21.388906567 -19.763962097 -20.668542626 0.713336668 -0.620771215 -0.225085906 -0.234798280 3.139801538 1.107718297 2.411938134 7.586557688 5.499128321 3.054815037 6.853426475 0.373214018 4.098922806 6.627940825 4.916126056 8.128214386 10.253798791 -1.112724202 9.526211829 8.611328144 2.915659736 6.936990534 9.864436768 1.336102991
26.681203799 -11.223130798 -25.530201730 0.821032545 0.140513086 -0.420636211 0.359481307 3.233387394 3.199572073 1.968207762 0.338117397 9.215564931 3.762074429 3.360782263 3.108413513 1.363265451 0.448434928 9.946458804 2.559282950 2.504591289 -0.094778240 8.062708855 0.681891910 7.321208919 0.989468663 11.213989766 5.415250563
13.364644022 -10.383067008 -23.176802581 0.739149320 -0.062926899 -0.524937346 0.417299977 8.875452187 3.197257738 -0.133233099 4.112651967 3.245236644 1.375766674 1.231638437 4.816448121 5.087008166 5.986088740 -1.211559103 5.391907191 6.868010167 1.823762710 0.458251902 3.936184625 15.266155976 2.506291106 5.939206788 3.031806889
22.576177233 -5.224977145 -19.452075086 0.793125769 -0.352001328 -0.375578327 -0.325557214 2.673347207 5.410493393 7.176871856 3.584870532 3.487225591 2.195843740 4.849687207 6.971076943 4.892747227 3.195293127 7.904495987 3.728179646 -2.301835893 7.532381928 -0.741577653 1.851099049 4.993106877 6.910724340 6.985784487 1.953923469
18.290606719 -14.691604397 -23.253936046 0.887614496 -0.412728784 -0.199745401 -0.043557229 6.411256822 6.752443528 3.614915327 3.093383028 3.671847211 9.341140226 -0.451371722 1.514164825 2.716797393 5.426941232 1.546433876 6.869738926 0.019011818 -0.614106637 -0.436056779 5.136992694 0.262210360 -0.463650945 4.860643563 0.337945024
14.183818648 -11.971377960 -21.161953676 0.738492531 -0.153695728 -0.498210421 0.427542726 10.286541248 2.348397645 1.324954187 5.533586565 4.181342249 6.004191957 4.527984174 2.746628336 2.070195891 2.985717913 4.460926211 4.906490921 2.721963496 7.239766405 7.562709588 3.823585035 8.306309284 5.542976825 -0.217923930 1.087134267
20.172907032 -21.994606181 -21.221565261 0.754808925 -0.353998554 -0.541532150 -0.108126966 4.942928097 3.078813263 2.427284794 2.708151767 1.023733377 3.651564861 3.777918585 4.024426646 2.451013834 2.026433788 0.974372567 5.420579521 7.202099852 3.548150035 7.452342686 1.807378947 5.219149648 3.066283219 1.129539619 3.878880759
19.634742773 -16.289170661 -17.883497429 0.938243100 -0.110301729 -0.302105516 -0.127536943 5.726054545 5.236608513 6.968406451 1.545773108 4.010649106 3.916255582 8.254359441 7.105571125 2.602519906 4.270777305 1.611006071 2.170922218 4.659377604 6.404000237 6.382175016 2.059816785 3.818059372 7.100673363 6.696506159 4.764331880
21.300731027 -15.994762890 -25.457545026 0.755733416 0.052389998 -0.556898789 0.340567218 3.530980407 15.065101551 7.980866055 3.669822031 6.159462669 2.448715748 3.871863723 4.226414335 6.532352323 4.389090402 7.632178791 7.298781180 9.354915139 2.688412537 6.731775824 3.362396130 -0.241934640 3.078705509 3.155667877 7.793086385
21.895737305 -7.869382934 -16.137514223 0.777712603 0.156217354 -0.598443080 -0.112361585 2.828473222 0.809778255 3.301290794 7.461608104 6.225863537 5.870279907 3.604840100 4.258609139 7.334033929 2.690928651 6.706617245 3.246961831 4.312422137 -0.080284297 5.531215331 6.894855475 4.133792674 -1.180374438 4.141291796 5.216802217
20.295961633 -15.215881191 -13.715244294 0.887786709 -0.081622697 -0.353234775 0.283544859 6.447883422 0.782365720 4.100800938 7.507154013 4.280728898 3.589792673 2.787790124 2.997044779 4.166321621 12.209408749 8.366313612 0.978956603 6.245049423 1.360749043 -0.942484579 5.791217259 11.108821064 0.048936498 7.611925786 -0.366529639
13.135574489 -11.481879245 -15.038573431 0.940854660 0.014153557 -0.283896769 0.184376816 -2.674754143 6.698556299 0.793758361 4.144649357 6.145036103 2.267113116 2.609560600 5.952820206 4.287227077 6.396498316 6.153838212 4.756282853 3.867143268 4.191547405 6.110410669 -0.355079754 4.445912690 5.382791617 5.005642460 6.068735969
13.162041472 -18.410150339 -23.593365297 0.926377261 -0.116723704 -0.258161405 0.248099648 3.341470029 5.012881854 5.135105040 4.854496321 4.072347618 1.361771390 0.958588068 2.251735584 3.613042623 7.179582460 5.044367737 9.795813474 1.112674665 2.116324512 -1.416309664 2.870662499 5.017398206 4.422116035 8.069521882 6.303464870
14.812573929 -15.139499768 -17.497424997 0.756848467 -0.514093685 -0.380470295 0.134649304 0.129803893 2.889862800 6.364038204 5.325187999 7.436293529 8.339719753 3.984929058 8.446742099 4.775459783 3.535130156 -0.550599259 4.414605901 -2.677062379 -6.125859740 1.348931820 8.203781825 0.532020477 1.231824624 3.972406608 9.556335103
22.372700691 -19.785675582 -22.215780336 0.710856532 -0.346297701 -0.253117978 -0.557397688 1.114216742 1.621860746 1.711156710 9.359989702 7.645921374 11.040017454 1.088233333 5.189094435 6.390857349 2.878418883 8.084364506 6.726213686 0.883299410 0.366516372 4.279918407 1.886508055 5.851254236 2.248286584 0.914879826 10.047744711
14.098080745 -11.313844156 -16.339237525 0.790677294 -0.583502623 -0.109164366 -0.149790675 3.236705576 -0.018519766 3.927451336 4.103935359 1.136958169 12.795506262 1.703536736 7.167896171 5.673615375 0.914963227 4.722839385 -0.686433912 7.969280502 0.133941837 0.447326991 1.660655390 9.047511942 0.259541682 5.104741106 2.313634146
16.737461013 -8.562733298 -15.978764379 0.811058946 -0.051758061 -0.464082846 0.352323150 2.383942690 -1.236250789 7.894704380 2.345148864 5.896596153 4.955187901 6.569234031 3.471416438 6.111868498 10.555941002 1.425058847 1.928474982 2.987038556 -2.268484983 5.488075776 2.397690745 7.844649694 10.353548550 4.816340817 6.628077431
19.774218189 -13.137410837 -11.436139153 0.844917764 -0.078231588 -0.378462646 -0.369810513 2.553042949 1.267354906 -0.214528661 3.149299158 -3.472334306 2.137531354 0.729189133 8.183002142 5.027147108 4.299982895 5.601004151 7.166297011 -0.231555041 0.801083930 2.642759185 3.871353948 -3.440824776 2.175746531 4.682389517 4.301209546
23.571493730 -20.342912581 -14.762365620 0.813615164 -0.131227582 -0.400252981 0.400758327 5.146009727 4.707309503 4.146257445 1.562067678 2.508344732 4.019513533 5.486157746 7.589599028 7.772749286 0.406432803 0.849218705 4.861393181 5.407649745 2.346460333 1.087641337 2.459241876 1.288975423 3.906105123 4.404003657 1.395157554
19.194628984 -10.646136667 -27.273938871 0.732644120 0.269589103 -0.596332032 0.186928906 2.062539909 -0.954460863 3.922800158 2.928470166 7.599324993 5.025186091 5.397981517 6.008946874 1.198051761 8.517358162 5.999690511 3.301577952 -2.888874918 6.592645936 1.473012542 7.442813129 5.558941961 6.816272780 0.162872142 1.073847384
26.479507276 -16.318523593 -23.741850484 0.927800802 -0.282485131 -0.085229627 -0.228306228 3.003084284 4.976226432 5.825545503 4.155128501 5.848641844 7.557404954 7.962021333 4.208786967 5.634905088 5.721899063 -0.277868556 0.403005770 5.302542338 6.434411233 10.426209377 0.116697851 2.471082151 2.253891056 2.332293075 8.005365598
22.828600146 -14.372411211 -13.951274102 0.860261799 -0.358323619 -0.281482486 -0.228738783 4.631318883 4.519561512 7.214725231 1.812769432 0.515152013 4.382525098 2.588583289 2.933946204 3.043259888 2.710441477 7.107410282 4.850058514 5.510875311 4.978132336 5.696233176 6.938238467 7.574252800 0.685079899 8.519387885 2.477682804
21.615961147 -10.191036002 -21.168277888 0.811819250 0.160474905 -0.518443083 0.215439270 4.039903603 5.242261412 7.154892824 2.726174095 5.417434787 -0.134994892 7.215011457 12.236489638 0.345480895 1.066532621 3.522221189 2.921626963 6.064301158 2.930691132 3.976899232 3.497320874 5.213119367 4.678166914 4.597879043 5.321452436
17.972616276 -16.394684743 -25.595211307 0.979303740 -0.134399150 -0.092714035 -0.119604182 5.344713625 7.225697912 2.383369573 5.635876251 2.787275604 5.877206028 8.915557155 9.518482814 8.119800766 2.091305050 2.245753234 6.319526984 3.341920021 -0.078036951 5.737288465 5.655015073 4.337371936 9.063667756 4.308772014 3.359347386
22.148554616 -5.963497015 -19.102899186 0.786961221 -0.075243093 -0.498958104 -0.355065239 5.608313254 3.053674384 6.444231483 6.598768637 4.728202143 2.045682210 4.573175258 5.744759734 7.267175194 6.755861014 3.151546889 4.592263760 4.698305984 4.780256756 -1.585079737 -1.330499959 7.593318310 1.590528411 2.201795023 2.909759254
18.372142247 -22.244391993 -23.277415456 0.802161622 -0.400058421 -0.340900353 -0.283331858 2.811595349 2.315121641 -0.259200566 6.402905344 1.375623310 3.558725228 0.459635986 5.110478985 0.621247152 -1.984532705 6.449802833 10.919342807 2.650338064 4.074818468 7.072416500 0.862512709 4.914639253 6.349063678 4.365053658 1.690006493
14.361261404 -16.023161452 -19.899352271 0.780348440 -0.227782287 -0.571542598 0.111850796 12.487697824 2.254571544 2.746856336 6.819222931 2.704773121 6.233072046 5.917173265 6.308703200 4.256188948 3.431896561 8.778916765 0.850516219 8.178403444 1.728109206 0.324939862 2.005682989 1.693947749 4.629605489 5.816653481 -1.514633417
17.102409180 -13.997384138 -12.092711786 0.825346062 -0.107171327 -0.269338536 -0.484535795 2.894031901 5.002558497 3.026388031 5.088401551 0.967169318 -1.364306414 0.099225449 -3.143731366 -1.601083338 -0.764709399 4.715751372 4.473085317 12.435094880 2.753021207 -0.249696013 2.845214806 3.883051380 3.650618898 2.292298594 7.412566298
22.359688887 -14.449749696 -19.630538650 0.727943720 -0.356024830 -0.575580537 -0.109778440 -1.431291831 5.988144236 4.513095064 2.748671846 8.261008740 3.818399092 3.072471653 5.106582450 13.059526030 4.008089529 1.819521115 4.291302677 4.711931416 3.771920868 0.722228806 -0.599417090 5.155347211 11.072152240 -1.451187830 7.476220881
21.975992059 -15.249510384 -16.602897535 0.977786673 -0.162998331 -0.089330494 -0.096875324 7.260744383 10.918888508 5.003331602 3.014741164 4.951360940 5.231394604 7.534148306 2.834956070 8.336832641 1.112209652 -1.024512204 4.473531689 5.623001395 -0.224036414 0.178871095 3.863527985 4.053886665 5.424741907 5.124789262 4.087223327
17.406742021 -9.452369499 -13.188064357 0.908104922 0.005360460 -0.405687505 0.103606780 8.249000793 5.222695288 0.189328084 6.470584568 1.409145172 0.451820881 5.433410728 6.094976142 0.871738597 11.131064709 -0.520729387 6.196962469 4.120962291 0.066008568 4.707963762 4.877965763 1.605579313 3.867338642 0.772010520 5.510106601
21.611901520 -11.683457969 -16.562216483 0.890749060 -0.119695285 -0.402501265 -0.173873177 3.924622042 3.911251392 3.556301236 8.066938728 4.532721635 1.186002354 12.541820722 8.962475069 0.364175278 -4.725555836 1.850400058 -0.567170477 6.675824048 3.187035727 3.627375118 -3.209296608 2.091455308 4.446749438 10.303506409 2.165364185
10.963790397 -15.816890338 -21.681169106 0.864218705 -0.300219706 0.273768486 -0.296723733 1.530433213 -0.040395487 4.405029455 2.862859647 2.717699808 5.758534667 3.085333573 8.967822060 4.846553533 3.828259935 6.306103411 5.097069311 2.138493443 5.937536788 5.746467126 3.635803366 -0.886211142 4.378370534 3.726994986 8.763096196
14.049550237 -6.447759628 -23.572270416 0.768301257 0.332503810 -0.536963580 0.104040897 1.287764696 7.924478412 1.371983959 4.669221282 0.615085268 7.517318117 3.999423000 5.293447284 4.027801562 2.387610923 6.476255769 3.867919078 4.007317806 1.049378933 3.311782808 1.869943000 1.771301085 4.426005865 6.983810208 3.585534205
22.249601280 -17.590833923 -14.111633082 0.881989164 -0.273624083 -0.339277734 0.179208244 0.070744294 4.767483020 6.322177759 3.287419027 4.342212861 7.257658630 2.180177688 1.653582166 7.317829306 -2.073713870 10.057437034 4.231881811 1.878614138 0.499749924 1.109660127 4.844241417 1.427920362 3.078793662 6.968350527 1.312566679
20.285492130 -13.465202246 -24.364528958 0.926907543 -0.166631065 -0.311567384 -0.126500043 -5.279304540 1.216891313 5.357223009 -0.503936811 1.888771372 7.103419337 4.806838813 6.208374214 8.536358492 3.165029387 1.019526297 4.225938969 6.879848793 5.955954589 1.025547725 2.286029888 3.277026101 5.366084777 4.780116341 4.785921890
24.002678789 -15.163998705 -19.213615275 0.755183932 -0.068762900 -0.624687301 -0.186372394 5.210149359 4.639811122 1.753367950 8.373462274 -0.452198743 3.923390646 -0.538315422 1.460884821 -0.523227924 5.569905205 6.384535075 6.850419694 3.085264300 4.534271691 0.170207158 2.849731488 10.485860178 3.180423596 3.978997543 3.863715505
13.699728080 -7.947954429 -24.472149458 0.754037420 -0.102311515 -0.648814124 -0.000394227 9.506341505 4.882683331 3.989964832 2.466230979 5.166759149 0.542249265 4.500528286 -0.135271503 6.929713183 3.825999890 6.250540567 2.705023999 6.592821204 3.350766013 5.412032651 3.261726663 9.027546786 -3.025955695 9.797655551 10.426659783
21.981296718 -7.403898056 -23.597617283 0.823460310 0.015400692 -0.557115116 -0.106295274 2.683717345 7.346498586 2.999192368 5.386698100 4.384964704 -0.170380966 3.494258176 6.381547163 6.712134225 0.709466244 1.910585810 4.981554743 2.760542031 0.516402433 8.612231814 1.231252178 6.489951099 2.053282636 2.898763470 5.227402037
17.961608747 -13.967520123 -26.455516246 0.986129259 -0.145192033 -0.077898633 -0.020004040 2.008625051 2.396298492 2.401945349 1.012901841 -2.256496695 5.551519865 6.269110566 0.168216382 -1.226988169 -0.528930942 3.125353521 8.433395500 -1.525435589 1.570826843 7.496052206 1.707307405 2.464425097 5.148106679 5.732580147 3.795319131
11.486119883 -13.563792931 -16.089143287 0.920317056 -0.171608973 0.211268224 -0.280949487 5.813616852 2.049229591 1.288160385 5.763894855 8.275752293 -0.395313613 6.291696819 2.241641644 4.749147445 6.058694542 5.550399759 10.799321232 7.432237059 3.542352376 3.859738662 8.843536269 4.489297666 5.923155042 6.298285322 2.389631485
23.977703607 -16.446904657 -17.408345714 0.877618199 -0.175562114 -0.437569003 0.086588737 1.960074718 2.888071052 6.609349713 1.334298798 3.635159422 8.701858111 1.499882042 4.458303303 5.067088099 -0.199992540 5.952374420 0.372412552 0.815555488 2.683011377 -0.102644568 -1.967573377 4.960498749 7.288523355 6.630763983 0.546864166
16.534264796 -19.955029373 -23.664091371 0.773401525 -0.590747019 0.009632148 -0.229728674 3.897701835 8.182295074 0.716009187 7.203473093 3.685722474 5.051257716 11.810647362 4.476674779 8.222175244 3.353017742 2.825112640 6.715009109 5.523938861 3.001701541 1.925777834 5.482055978 5.936679541 4.527196257 6.077438236 6.649070591
16.932913737 -10.290560083 -18.253235724 0.745647768 -0.270415577 -0.362848885 -0.489106847 1.286473677 1.705405714 6.162426661 4.795554374 5.715822019 -1.435626845 -3.692347316 1.460415150 -2.937680753 1.618344978 3.519135229 2.604582466 8.451314255 7.007529465 9.266459767 2.851237073 4.732684054 0.753382139 7.058758194 6.324704095
26.464649591 -19.779140678 -21.563276905 0.749496341 -0.476795911 -0.193896942 -0.416323035 -2.114713984 4.859138420 -1.260855106 2.050320517 0.916751618 8.155187319 4.020375355 6.970080325 6.465630151 6.380699369 3.048536889 2.530320652 0.640547235 4.803086864 -2.032555204 10.648955400 5.247899275 3.986671466 5.790658331 0.388941011
23.200530659 -20.433898073 -26.041263791 0.873246179 -0.403014550 -0.268011869 -0.056480263 9.415134657 2.684457718 3.086065619 -0.153665896 -0.276322158 5.436976583 -3.449099716 3.309916818 6.714640060 0.037155976 5.897409997 5.037318566 4.011509502 -1.235360932 0.655178149 5.350924207 5.612768008 7.750300034 8.001536211 5.130556058
12.950519793 -7.243150831 -19.342267583 0.824479945 -0.108762460 -0.497238652 0.247299960 0.177704368 4.016180605 3.115369374 4.959345572 2.131050508 2.277071645 5.508077815 5.572707036 6.915999025 7.301401818 2.671409686 7.167273819 1.907111167 6.737149550 7.430938389 4.757379541 10.576135554 1.840680203 0.394654743 2.796845761
25.872888170 -17.455630957 -20.308981602 0.751872192 -0.324268050 -0.571166219 0.057511644 4.516793881 2.518905234 10.185872362 5.722781002 3.645978322 0.773613238 0.934855738 4.731719124 3.890379137 6.263576038 2.570131479 4.689911394 6.489274912 -1.328139447 4.305081506 9.007147047 2.402740236 2.808847142 4.475677116 3.534941655
13.676967649 -13.345556159 -23.021991161 0.817497527 -0.021010829 -0.438122816 0.373235498 -0.232161898 5.076972212 4.989881213 6.934822160 10.506831952 4.624981150 5.582840111 -0.388128271 6.676826848 5.929005464 0.888473287 2.614202538 6.522793518 6.770504649 6.980922452 1.870034283 -0.330905353 -4.521925822 5.214888372 2.422455374
20.959538396 -11.064839087 -17.640704283 0.882656069 -0.035743751 -0.467615182 -0.031252035 3.867001138 3.963988643 3.905675245 10.214719609 6.629453719 2.786662845 5.828614842 4.795404548 1.641469247 5.887362144 1.818075089 4.846095865 4.591955602 4.143261527 -0.756473089 1.550444344 2.283927180 7.034876646 7.580983216 -0.248092515
21.597823224 -20.031674119 -25.618721972 0.937617189 -0.129994967 -0.266803454 0.181083496 1.012680663 3.715816775 5.640479901 -0.255460595 1.817331986 0.692605365 3.201230066 3.983474458 5.766218836 5.578575454 0.657159837 1.398586854 11.754249658 3.588901303 3.764707074 1.159676600 5.410608072 1.248374610 3.188096283 4.414106289
20.561186742 -6.240793322 -22.499892702 0.931644982 -0.032044940 -0.357362831 -0.057467878 4.094632356 4.722767845 10.623397467 3.791142438 2.849015171 1.595860865 8.241375893 5.788892620 2.042996214 4.229799790 3.857277468 4.836669358 -0.902384106 -1.353208038 6.756015441 11.421966788 2.377018111 -0.214411751 2.804359321 4.624968890
19.307295407 -13.858026649 -20.742749761 0.733654250 -0.149256998 -0.478299259 0.459024628 1.411195664 1.234411029 2.203348622 4.791607823 3.228723441 -2.997173808 -0.412344970 2.767069450 -2.007608804 4.854069003 6.931295328 5.148562714 4.973755336 7.255749245 3.066977589 2.500936294 7.119732331 6.564523013 0.620864404 3.348633737
15.022585024 -14.922524951 -17.858466718 0.751568638 -0.631138515 -0.174216633 -0.080357461 3.448331103 1.204601676 3.904970039 4.290294037 1.876338730 7.965368151 0.007620462 4.542974106 0.326775131 8.745435454 3.850591773 2.928428545 1.974688195 4.877130014 -0.298339188 4.312871450 2.420573134 9.925967527 3.324444866 0.532120164
23.576016805 -15.451329712 -26.110865931 0.735212176 -0.031558359 -0.543778241 0.403450557 4.338078660 3.671197255 6.860331832 3.821595673 8.209107828 -1.805550251 2.985130240 5.365550849 0.811096602 0.608317873 2.333642492 1.436904738 4.919613356 4.668720605 4.289072725 0.565437077 1.491472517 4.171832836 3.521789311 7.948689598
17.311436753 -16.878697770 -19.438056711 0.864170858 -0.405653820 0.026008867 -0.296609585 -4.604720465 3.429070871 4.592566555 4.117445055 7.301953277 1.943458500 5.767362781 4.702053253 1.721289486 1.051387042 3.380954042 5.351401313 3.027198024 9.891322685 4.256805441 7.197752431 9.109414515 4.936444979 11.908435531 4.844689937
14.626299515 -20.428409311 -18.129032582 0.785638052 -0.411315099 -0.355031311 -0.295880903 3.007350701 1.507655916 0.960966329 2.597121845 4.248204440 6.013645405 -0.769750370 8.935171167 6.450032336 3.148096009 4.891218879 2.523999665 7.485597966 1.943350040 5.903278074 8.552563390 4.962281209 2.793833530 2.893877184 3.436213045
13.238648822 -16.552510607 -26.238601227 0.889705176 -0.246440783 0.287313383 -0.255230602 -1.054364327 2.256379028 3.969578440 0.422176962 -2.756306385 6.576298298 6.264161750 1.274918825 6.038675044 3.031012805 4.025735985 1.657601464 4.561245888 -0.128185627 0.090375128 6.602414495 1.375672098 3.097974562 5.726927571 -0.030911894
13.972459269 -9.072698276 -18.970743834 0.739799552 0.190209631 -0.487724758 0.422660006 4.616076782 6.876926784 8.572267409 2.328240152 6.207884211 9.343879881 10.720513967 4.007216822 2.214708333 -1.453979176 4.088921160 -1.541415019 4.568162043 5.620175751 6.195029628 1.701060091 -0.607044193 2.507804950 1.085771431 6.433511697
17.559748134 -16.410680186 -18.577018924 0.874325583 -0.080991852 -0.385030907 0.284158926 6.490640154 2.562587436 2.066508874 0.876743821 -3.021192883 2.354208147 4.755010916 0.595574101 1.886081320 3.227840551 5.696104002 6.294752377 8.234711274 2.561696048 8.085773033 9.252399705 1.695621229 4.338038250 6.360637166 3.108960889
20.524674770 -12.004366065 -19.228952565 0.954994686 0.009369055 -0.208499598 0.210773070 4.008869585 3.404430677 5.106933435 4.175519211 7.812265105 3.278667327 5.753032041 3.906367379 5.086321966 11.230708496 2.605567587 6.797949656 1.987979892 2.916655264 1.226581993 2.538969416 5.079124494 -0.636493067 5.829972444 5.984269123
22.746100758 -11.443982368 -28.511615859 0.800132361 0.223126735 -0.388893521 0.398452625 2.756562679 -5.231356152 5.447670193 7.326670231 3.948602316 -0.788288974 8.509261762 1.850613798 2.817914365 3.480633719 4.103373546 3.038115294 6.721050508 4.556565251 5.858485827 3.999800931 7.741157350 2.804370947 1.679771658 -0.163817375
26.291113041 -14.665900437 -23.755346068 0.709623537 0.043096064 -0.606664489 0.355718096 3.568967780 0.790722509 -0.571180209 0.856701939 5.836250138 6.367271272 2.473298034 0.588538583 4.774725415 9.603050846 2.924557462 4.661953010 5.195463764 2.762646002 4.959162550 1.854233870 4.690621884 0.906761939 2.708525772 6.405836055
27.712850445 -15.541165485 -18.615892050 0.710345893 -0.228811889 -0.646246953 -0.159432454 -0.087109653 -1.544746179 2.215231374 3.709855307 9.787924195 -3.392833579 8.450680083 1.249447456 6.774072849 2.419302171 5.495472547 2.222776417 7.505991531 3.954277541 -1.413724671 -2.245310105 1.275903506 7.214374887 4.033130315 5.007618175
21.741723399 -21.428440674 -18.305985753 0.930385784 -0.221016204 -0.173178977 -0.235675991 5.962706254 3.466663641 7.161611594 6.850622545 5.300336602 4.751481326 -1.123527646 4.629693072 5.042927336 8.814609140 5.286887689 9.674649241 0.731477066 8.480558818 7.430478376 5.208367498 6.400210386 3.637758416 6.065356588 9.392304223
24.923962717 -19.532753837 -26.154774619 0.749381290 0.019978112 -0.512161060 0.419189225 1.849072529 2.032528024 0.482396854 6.069967058 8.296476478 3.157227195 3.911267552 6.099511817 4.787986219 5.254847535 -0.595434990 5.952640187 2.319736835 4.408562921 7.892500190 6.978304502 0.318294620 1.063334720 5.584648738 2.313864026
24.940215306 -12.416186386 -25.843271869 0.854196339 -0.282516398 -0.429416422 -0.078323917 9.719277570 6.248065802 4.223762676 4.249487122 0.857135855 6.388681713 -0.502757931 0.575217734 6.880196445 4.623969162 3.970184645 5.362180553 9.817364332 -1.888630721 2.731309833 -0.436035044 5.063178105 3.372121000 2.740399538 2.072809907
16.299706854 -7.488487947 -15.336599891 0.934675652 0.031059568 -0.350500020 -0.050660283 5.125320200 3.484657318 1.879352482 9.500429300 1.312188015 1.548194538 5.468775072 0.855340354 3.727142697 9.138083668 4.084693187 2.923242460 -1.241958776 7.816203061 4.842358686 3.414766939 -0.753866208 -4.477764357 -0.874707150 2.493504205
21.204620587 -16.751618007 -10.846769061 0.820596165 -0.423733469 -0.287961124 -0.253279039 5.534655167 4.243112397 -1.090787284 5.355693089 -0.469531738 3.019740327 5.574796423 -5.177188052 6.811885367 12.147854935 11.129199997 1.071927921 3.641042666 0.878882631 4.009990509 3.529814127 5.898860890 3.962299629 3.059762793 1.916942641
20.994411467 -17.310577817 -13.995480759 0.849938558 -0.099605721 -0.517271740 -0.010634650 10.998088593 3.839050172 6.959029057 8.224556263 -0.344397984 2.586740942 3.954458845 4.749698511 1.748127517 0.741791287 -1.652082078 5.319327432 5.862345062 3.465366063 4.047609013 -0.674114718 -2.621935548 5.656230946 3.112536066 5.655651234
21.345714514 -16.749225429 -24.011716648 0.913581479 -0.326873481 0.007730868 -0.241790906 1.687764919 4.475669584 3.652157108 3.045448647 5.635871761 7.121803171 1.730309455 4.722090714 2.797177608 0.665250484 6.309807875 4.586195042 3.470483244 1.769503330 4.566068940 4.718631502 7.704367640 8.638703402 11.305520008 8.830841180
15.234508657 -18.252374594 -19.476739047 0.818107974 -0.346495828 -0.396456171 0.231219568 10.184240156 9.659635516 2.053590857 3.069166205 4.632970934 2.163546583 5.798125437 0.531446687 2.265404813 4.897543861 5.279861938 4.472088933 0.950928932 6.284473420 -0.116029311 5.070812518 2.791593226 2.944262263 2.129578607 3.336488479
23.975657905 -18.498693040 -16.707408150 0.838148218 -0.313759773 -0.336981814 -0.292413451 6.991202604 2.641080789 0.726713646 5.797934741 7.255697013 4.146595807 5.846944366 0.880642182 4.277343174 6.968440058 10.125585244 8.961130062 9.698525018 6.188091611 1.136342401 6.219907738 8.716384959 0.749164884 7.586200273 2.719933770
18.374226534 -16.979233654 -13.313504517 0.809795764 -0.220150641 -0.340260035 0.424249484 3.209618205 5.204165937 2.711879849 11.330142525 3.792922300 4.912160314 4.577996827 7.171639306 5.437799462 1.928949601 0.412107424 6.551999365 3.238594964 1.760681945 8.372349402 5.074106500 8.893640226 4.014914098 5.783021783 6.441704086
14.793854779 -21.792658111 -21.727907603 0.853004915 -0.456522086 0.066288254 -0.244082091 5.775927543 3.471675383 3.013287397 6.000703003 10.567470452 6.662734887 5.072864145 2.377358362 0.708612231 7.186284421 4.366165476 6.974182898 5.492074456 3.379662409 -2.576128284 1.344825046 7.479302679 6.064293156 2.214801148 1.311576904
22.263014978 -14.808561338 -14.026810115 0.812762367 -0.116126116 -0.550191166 -0.152386811 1.523294904 7.427118737 10.427206849 9.118268366 4.217833173 6.872887184 4.185555285 4.251452860 2.655173713 -0.256277784 6.142011785 5.516200938 3.925329270 2.407085869 4.318511701 2.231596423 3.406577631 2.514880415 1.695408363 0.567638373
24.473083756 -22.391285440 -20.306602161 0.866271739 -0.276463803 -0.368458094 -0.193338234 1.612333516 2.889021229 0.449283436 -0.040275895 9.206888190 4.344011805 6.417014282 -0.997277091 4.594708376 4.259284339 2.637083568 1.633276695 1.221968133 7.571791689 7.131267594 8.005681720 2.776141916 1.335780078 3.239883466 8.183210925
18.610843488 -14.925346707 -22.757364653 0.937877322 -0.136965378 -0.275705978 -0.160040080 2.603855304 4.638697399 6.792313781 2.952237953 1.392893432 -0.443461899 0.119297404 1.334276454 5.028693926 0.641730707 4.377148805 8.465670067 -1.136071170 4.008897195 5.189080666 1.715270650 5.617152926 2.976119752 2.919068972 4.611006935
22.784222124 -11.334740416 -27.002171711 0.775062619 0.095580301 -0.620962634 0.067437006 6.150588194 -3.848403754 1.561088889 10.148060107 8.938912028 4.843531214 4.902942665 7.331578243 3.013931959 2.258447568 2.176015885 2.566302368 3.676369054 4.302113857 4.846674582 13.219516091 5.639039830 3.052568057 7.126264018 2.220766594
17.271906545 -15.584361774 -24.035147132 0.841741336 -0.408726981 -0.135146847 -0.325805323 0.241179753 -0.286170406 10.064957286 4.356919768 1.573503939 0.711791136 7.746732779 0.419965415 6.099011938 3.922966286 4.250808551 4.044888729 7.645222883 3.529845313 5.814799599 0.043324295 -1.255899806 1.638777100 4.492247900 9.411142828
18.577503708 -19.006536425 -13.745268198 0.794164433 -0.309501431 -0.266654246 0.449896912 9.186308928 9.555201563 6.088108913 4.269075228 4.246280362 3.827491184 1.900229609 4.877833614 2.202629694 6.268541504 3.666395162 4.972834146 6.076718251 2.372482319 6.368187634 6.785468027 3.381544976 3.849364310 3.280403955 7.247374731
15.523521915 -12.406495692 -11.773977810 0.802397705 0.061601021 -0.583192516 -0.110678483 6.436262160 7.065325191 3.879314492 6.734702649 4.399533463 3.927991526 3.669875375 7.091448758 0.019712064 6.154771011 5.416543862 3.634909819 5.840928673 1.065718050 4.500903685 3.643618154 5.126229750 -0.062482489 2.809626462 8.518640772
13.789293648 -8.306894529 -19.209795844 0.848922503 0.303291664 -0.431124784 0.038420966 9.639284100 4.761549090 -0.286762759 9.970230894 4.371954077 1.247935564 5.308376590 7.379300590 6.136185933 4.862252874 4.554946727 3.208656824 0.689174139 1.171047927 9.002639670 2.500990332 4.794852941 3.724265970 1.046083022 5.393986665
20.929304313 -18.708763815 -21.277110728 0.791784501 -0.282213140 -0.531371355 -0.105249851 4.326697604 1.262366100 2.958428042 9.786214561 10.821938984 2.668127274 9.601314062 10.097977365 1.964025661 1.281430584 4.079849396 3.341722885 8.244649967 1.509766615 3.238600805 5.210043567 5.595258728 4.169927858 3.910545028 2.314409843
22.575428848 -18.060578378 -25.908892592 0.748160677 -0.143397515 -0.494896180 0.418055648 4.153875732 1.074119147 0.737127524 1.605699194 9.798714680 -0.434523059 5.210386020 5.012033065 7.295130365 1.286092196 0.211199300 0.447497161 4.264161091 3.094400106 4.765132238 5.288583041 1.834478246 8.225198100 4.334362735 5.474687012
17.160130804 -17.868082643 -12.969851882 0.808470522 -0.354605023 -0.237460393 0.405269360 10.080147857 2.989349272 7.113944727 6.745915730 3.753695111 2.532735970 0.463975748 5.136026764 6.518918438 -3.261795184 7.565259375 7.066871705 5.958564526 5.429932042 2.972030624 5.618401294 2.049962786 9.349006133 9.265960819 1.174272913
9.520923941 -12.275962552 -19.342351117 0.994703555 0.058655572 0.060147701 -0.059216682 4.063719762 5.906261592 10.290000892 5.963253508 -0.780159089 4.752450661 6.342452868 1.751835009 6.594866804 2.668631259 1.300244589 1.192243002 2.025748674 4.261117582 5.557259864 1.850667601 9.809007870 3.061600079 5.311949995 -0.995809205
12.745091677 -9.430275566 -25.595529072 0.782245195 0.340281520 -0.362766952 0.375101427 -0.483629569 1.142859583 2.324223534 -0.578461567 0.809784848 4.863261242 1.562869110 2.870881047 2.005688247 -1.486399301 2.617522693 8.518444465 3.324596889 3.018521143 0.569037473 4.498650963 6.611817427 4.162581772 1.826506845 7.637337609
10.259801887 -12.455906692 -24.341657955 0.825407071 -0.227079099 -0.504106931 -0.114080903 3.948236035 7.493095599 7.384494973 8.081514652 -0.528164144 0.292290044 2.829244897 2.612589989 5.165167200 1.652042342 2.047898150 4.842830543 7.044938431 8.078987997 4.960351354 9.525640617 0.701833626 3.364890128 7.763944889 3.956910816
16.481358718 -9.951252596 -19.634488400 0.973175827 0.086293717 -0.197767969 0.079812494 6.662436269 7.915807329 6.658258081 1.139049318 4.544347993 8.591729290 1.349975860 5.797633371 5.425556075 7.657617547 10.468027281 5.692714301 0.948028678 3.934088683 3.516889449 5.107416355 1.695381332 -1.522931428 7.180919064 2.506436729
18.198693724 -15.848707733 -20.441938897 0.940615048 -0.211411175 -0.224782598 -0.141497100 0.415868645 7.096417512 5.379068193 0.077651405 5.583075947 9.256613138 0.615694817 2.427421638 2.340734450 -2.910805665 4.609710958 5.349553229 0.981151286 2.870523100 5.707526938 3.308805443 6.165191909 3.213432601 1.206324219 6.525187913
10.351558289 -14.376877724 -19.068849550 0.832831105 -0.052764079 -0.547430856 0.062671856 3.527399415 7.060550031 0.881682890 2.153524110 5.408765860 6.894566108 1.314402042 5.819186904 9.924103341 1.513711815 3.090082090 1.421176301 3.040039665 5.833315391 -1.046967974 3.686178193 5.480459711 -0.421213934 0.914827970 6.036836941
16.715273484 -20.039797036 -19.106775974 0.828946447 -0.506450188 -0.036761594 -0.234530551 -2.140378104 3.595567822 4.230776962 2.116710576 1.863795817 1.187473963 5.556073925 5.386284287 4.245111915 4.182912512 8.823598930 3.947520866 -0.052219624 2.321439775 4.320263406 1.227687817 5.689570511 4.516400490 3.946511321 12.009330405
11.580775079 -16.892252039 -22.211414547 0.958795940 -0.227512012 -0.115726506 -0.124723714 9.583357482 6.256739477 4.242462464 4.797426395 2.085417714 0.939313843 6.521644337 1.729021061 -0.914812717 -2.713233085 4.442105121 4.256669054 7.040201522 1.515275933 0.959827657 1.812751322 4.529300167 6.829099742 1.617295179 3.934033487
18.712446360 -14.492354724 -21.500616613 0.909749310 -0.258281550 0.131634124 -0.297185618 8.941735716 3.660234529 3.418836667 0.821768641 4.171661755 1.518187723 2.073481881 0.430593217 4.412439513 2.747286674 2.967007822 3.018936524 10.786919655 -0.157306177 6.626924012 4.109925281 -1.810927247 2.108381129 2.998876740 0.914889720
20.357196400 -13.300061914 -17.020133484 0.815544598 -0.187497236 -0.546406442 0.034231494 1.221813961 5.255932048 6.679192793 10.284199695 4.646337394 6.003407970 1.144719139 9.127971611 3.394228740 1.483307188 7.112886892 4.356760333 0.945774729 -2.225427198 3.819280541 -1.424039876 5.900280355 4.752942674 4.225497650 4.360991826
21.271266383 -10.698018291 -17.200251297 0.939103597 -0.020549439 -0.341033408 -0.036856057 5.979326318 2.828730163 2.971994450 1.304237798 7.167010703 4.549159445 5.616243857 -1.718712817 5.742446098 6.031451628 3.018756692 2.463814934 8.197371734 1.866755335 1.691761109 4.762171805 1.335852750 4.063858693 4.721145303 8.765792687
24.169766226 -19.651130725 -26.704724273 0.756483936 -0.059296717 -0.610757685 0.226254291 3.645657046 10.545589795 2.003300004 0.014371481 2.975578706 6.656575883 7.339846835 10.137078066 3.350570869 3.237552696 5.589072855 3.315621567 3.523346149 1.085344598 7.036125212 5.029255575 9.142958379 5.255727315 5.482146576 4.060885737
13.878177751 -13.678778125 -17.010762564 0.861828591 0.089643203 -0.383546727 0.319542616 6.170740715 4.254502014 4.301660256 2.046723801 3.050056633 3.255032757 3.121901309 0.262954301 5.299543240 7.096132607 0.250861695 5.643617872 1.447210298 3.961822819 0.545191645 5.747959752 3.788321679 6.250075700 5.254717323 6.130148896
19.543936551 -16.626388968 -27.710785743 0.925600964 -0.020597799 -0.266211556 0.268272236 0.547916101 2.383588512 5.324605141 2.805238919 3.153879085 5.033212307 4.336991200 2.511979357 -0.693608219 4.354860738 5.754691834 7.578618730 6.101867972 0.854850945 8.956756785 3.151875742 3.310672255 1.918814442 6.441254593 8.911622960
18.858683969 -5.798164361 -17.907455729 0.867986330 0.109260656 -0.440180095 0.202245701 -3.744026348 7.167161398 1.764549242 4.292021981 4.578355409 10.381345670 5.387915576 7.622026961 8.135053965 3.820755439 7.831167145 2.117319699 5.155454232 6.142538159 6.898812671 5.855212742 3.715469619 5.837470979 2.878559171 1.290829888
25.818516416 -14.993067079 -26.995193745 0.860001449 -0.217600235 -0.366064853 -0.281147948 3.329865981 2.280355835 -0.831442520 8.314161067 1.503437319 6.180881580 -2.697292586 2.181257295 3.976941705 1.440945722 8.716737822 3.611864159 0.370589980 2.408364377 2.177156670 7.545944501 4.067004019 3.928763935 4.903889606 1.876663358
20.040911448 -16.139171988 -12.884174791 0.798988088 -0.075740346 -0.425752172 -0.417871421 1.606637281 8.896984970 4.215694761 4.979533644 -0.691536708 5.711595755 3.021442383 -0.515849324 0.511735309 3.056656364 3.181840655 2.025184274 2.228401986 -0.355627507 4.381958582 5.694571776 6.979773077 8.348577209 -0.210445760 2.908657903
21.052109071 -15.885948432 -14.828056369 0.906904563 -0.157981706 -0.347300973 -0.178739837 2.550700810 2.588614408 8.909819974 4.486778542 5.371570268 9.811816805 3.962906479 4.363946857 11.086306356 -0.248496891 1.400209838 8.334597200 -3.055441038 11.209068688 4.401695653 7.105754294 2.321349401 8.162317761 -0.919951716 1.168014126
22.257756904 -16.974821593 -16.781192987 0.799820463 -0.449921935 -0.311707833 -0.246364985 4.906199041 4.312064858 9.316271522 5.520447212 6.253925148 1.566689857 5.414767627 0.655645437 0.364331284 3.539176230 5.884659961 2.061531186 -0.003034049 7.053911646 5.705573863 1.557973944 -0.156563019 4.287371848 5.205061579 5.150575268
24.288887959 -14.561913123 -27.423164155 0.944374767 -0.066155226 -0.320811087 0.029326304 3.653599447 1.765540433 6.951331700 5.670664177 10.544350248 -0.876282467 6.434519200 1.202255101 4.030263430 4.110622719 4.338209611 6.742040876 -3.386629908 4.606182298 1.443544338 -0.970101905 1.690656321 3.346957531 -0.121372284 2.490324659
12.764061349 -15.748688253 -27.789443831 0.899109521 -0.324740590 -0.292411508 -0.025320520 -2.929132355 7.614911794 3.080101966 6.337871063 8.833264252 6.970996449 5.937212661 7.054639762 5.294087488 0.788902995 3.137493645 0.740493036 -1.752760930 7.229126421 2.784563699 3.542895523 0.830163570 0.614659367 6.391783262 7.610055550
21.935541088 -9.065001957 -14.210810526 0.885611775 -0.005344390 -0.402764240 0.231179994 -0.464684777 4.783220285 4.852834476 -0.504702585 -0.223528184 7.021838147 9.531194965 -0.144471840 7.924114788 5.921505788 5.617835374 4.861197244 0.615283115 5.516995091 2.412064501 1.738222047 5.034391056 4.089614172 5.371828753 10.292177785
