25.599429416 -14.241800503 -10.140146196 0.867866065 -0.256789430 -0.318240008 -0.282118734 6.514462494 7.176491381 3.559918556 6.323459995 4.151346579 1.496523497 3.730862308 5.429275446 1.516250831 6.862820163 -1.504631611 8.187831857 8.441047138 2.421445693 0.360286979 4.786058147 1.978341345 6.592422887 7.331447213 6.892820699
23.739380916 -3.068436930 -13.721698143 0.762184910 0.188879186 -0.433258449 0.442364028 3.157035907 2.974960520 0.858491100 5.626575607 5.054080982 2.940028887 2.262205586 2.012704128 0.293071229 5.771701412 4.012303429 7.247092306 3.121871545 -1.494927283 2.225761931 2.979641623 6.684149169 2.754782561 2.330673465 2.331656251
26.823354577 -13.441906785 -18.866315894 0.783212765 0.019645678 -0.481068139 0.393402157 6.311887733 2.292305266 7.772608549 4.042140202 7.954526957 1.428240021 5.166513604 -0.089692723 2.187093476 1.372848085 5.873244142 5.977537517 5.693303185 1.292254320 -1.299116094 5.302850973 6.072051171 3.485621688 4.672166902 4.819258130
21.573031344 -11.857432365 -9.597046249 0.880274076 -0.144126282 -0.434988568 0.123004516 1.814637293 1.388648421 3.682756503 -1.129053770 4.831248518 1.651268385 0.881014800 5.366031464 9.898324300 3.364600575 3.646705806 6.956802143 -0.187653720 0.903905883 9.823671029 4.833049020 4.370562262 6.485355961 4.149909917 6.150746144
18.446587570 -9.903578326 -8.104056858 0.735801758 0.162374062 -0.655138739 -0.054987899 3.236162554 5.151882181 2.300461833 4.327499391 3.606877856 5.610385098 2.267506862 8.760461118 6.573628778 3.572981125 2.212981824 -4.438082653 1.571244631 3.938467294 0.304442489 2.747291612 9.013136755 10.698626432 6.805307270 3.258656990
18.003314885 -6.250357717 -10.498728923 0.979789531 0.071586455 -0.176476354 0.061187830 5.106874913 8.057480888 5.505450461 0.458045786 3.786924005 5.130864898 3.908462434 1.596958265 3.998787428 6.636797690 7.434674004 6.978231900 3.655679127 6.759127610 4.258317940 8.035948831 2.999904301 3.327586069 -2.911512946 -2.505731873
30.226469679 -13.267517090 -9.746203103 0.812174144 -0.274143193 -0.504343060 -0.104195714 1.050114218 2.738393897 9.210743009 8.634894040 -0.735609335 8.222482866 4.875481348 1.702500782 10.379582724 1.111533974 5.412464671 4.418026784 5.515973355 4.665012730 0.184056655 3.178328268 13.064748923 0.956636812 8.036985176 5.422645716
23.363005422 -17.174864621 -15.093743580 0.943309685 -0.079363739 -0.286027952 -0.148513451 7.461617488 5.947412280 4.027091388 5.009129927 5.582888396 4.384640458 10.537581063 7.502282386 4.398434994 2.812567838 12.420086512 5.845709843 6.790223478 1.570129029 5.035625656 3.253494838 5.131136693 4.113493194 2.937033383 2.708727507
27.481283961 -13.324753262 -5.469934804 0.978409082 -0.038399145 -0.182455822 0.089168642 4.516674073 4.033874207 -3.267429634 0.173017393 5.846711005 -0.220411845 7.487883574 0.038182131 7.580760858 8.188338984 -2.379959767 4.999849479 -0.470219516 3.490552402 -0.643671944 2.636527726 -0.494032892 7.916940812 6.201005464 4.026857174
23.349699901 -14.027044014 -5.290692035 0.791300050 -0.034646070 -0.423403795 -0.439742091 1.163735327 8.412661025 2.902915067 0.276071838 5.817917219 5.684463367 1.663135106 10.390157936 6.175188977 1.968475167 3.934110185 4.801667833 5.359264271 2.433366192 3.065273423 2.634289984 3.883850386 3.286642968 0.477530925 -1.111697772
28.341039293 -12.950940495 -14.425866909 0.719497474 -0.152597092 -0.547783927 -0.398710774 -0.199661937 0.220087845 6.815028924 6.006804680 4.126088746 2.609909969 4.028778965 2.170687708 3.062925384 3.532917924 9.698215388 3.935725017 6.353863028 12.421235283 6.010483122 4.250498195 8.283115526 4.511987728 7.698077232 6.660713745
20.949502496 -14.762513639 -14.970173489 0.923713035 -0.026823799 -0.381164301 -0.027358531 6.346559749 0.037072905 1.504690194 4.876873021 12.253609134 1.831698502 8.838002109 5.720926094 2.724061551 3.884197353 4.317509526 5.173890250 6.282501169 3.307069124 4.496607518 -1.931395017 6.473859862 4.308702056 5.130351106 -0.495016205
23.390859465 -6.153658790 -11.240505453 0.863445546 -0.003816194 -0.386764693 0.323821398 5.085467546 1.946966540 3.594216910 8.323487643 6.368462446 -1.307355101 6.645491298 0.930630099 4.672202784 6.487404954 1.589459080 3.496055465 4.333404945 6.477053048 4.708382149 4.049971360 4.594809655 0.124415221 2.413041467 1.126297729
31.467146855 -16.612351006 -12.416926097 0.913357832 -0.155049414 -0.369062819 0.074362523 5.316919577 7.198700131 3.570845791 10.040381685 7.692678149 -0.817586674 1.622453398 3.093416360 -0.312331295 7.662860114 2.224270515 3.826791208 3.375039125 0.962598789 1.733666238 2.566481691 11.902498560 0.029469281 7.189622223 -0.750325980
27.582105601 -6.385601271 -11.729724980 0.717512196 -0.063865002 -0.488899694 0.492010772 6.763933129 9.373479332 -2.193454960 8.189778973 7.385918724 2.062302494 4.865315983 3.751222075 5.239173839 -0.256035902 4.974591391 8.022139847 7.010299692 7.360569003 4.909133212 3.207860243 2.352152716 4.866883752 7.227719811 1.990181991
25.939565710 -10.229202919 -21.181904476 0.867462242 0.090223172 -0.482007175 0.083893511 4.899246137 3.015723970 4.038006178 5.617524771 7.601811331 1.597760464 2.812412413 -1.709465708 3.627773198 4.137279702 8.179604399 3.370621587 4.253559468 3.751291561 -0.886933132 1.147045146 6.641447509 6.481366314 6.826358529 7.003876219
24.642521721 -10.839590540 -19.156819129 0.736942709 0.048589378 -0.526974282 0.420538490 5.058351027 3.238759080 0.193372764 0.937749854 4.561841450 1.666264365 2.714883211 1.413183549 4.810133228 8.029387538 6.064279894 -0.548167572 4.913158961 6.642782166 2.458907613 4.034727881 0.781498688 -0.641596138 -1.790827214 11.107445602
24.041886883 -6.988838359 -18.177569838 0.890743158 -0.204339498 -0.235388269 -0.330778414 3.098691024 8.596026102 1.977439920 3.001066690 0.675619868 4.358737761 0.143149825 1.533815008 7.338341706 5.077322882 2.480568039 10.149860960 2.553771312 5.551131428 2.432225630 7.259440158 4.235544878 7.395715411 7.977992238 6.883469745
27.234028208 -13.047718676 -15.409188705 0.888517807 -0.139715432 -0.362971604 0.243448801 6.084365403 1.316272467 9.302666954 6.036214463 3.677439273 3.134529556 7.402894009 2.194332305 0.234367155 8.785635661 5.216482870 -0.182970158 4.682713202 1.642977196 -1.996446063 4.377119770 2.042840370 4.297076014 2.586149992 6.614438014
24.067226802 -15.242230752 -16.032054282 0.824671463 -0.086357963 -0.540064452 -0.144186224 5.352400178 5.141528811 -2.410805747 3.489654457 8.518185842 -0.199786294 4.101034611 -0.361442194 3.512794692 3.241517937 6.225445932 3.063992323 7.468337304 1.971575210 3.458690758 3.437892644 -1.166915113 8.419472708 5.276185740 3.704930812
25.810655449 -10.181818692 -7.931795300 0.730342833 0.105463871 -0.371657525 -0.563335959 -0.336573736 9.965164353 5.183134908 6.107860736 2.690388186 9.961916502 1.071040339 0.469074005 5.941934408 2.251235569 7.913993872 6.920655048 5.003061676 4.838639874 1.483350725 4.273254402 5.179188457 2.216624512 1.208864046 -2.728845311
20.567814373 -11.267938815 -3.351838730 0.736568026 0.105741175 -0.665227836 -0.061304757 4.704329640 5.013493266 3.962142700 3.071323142 0.105582001 6.031111528 5.420156926 7.217327581 3.472779573 8.084060094 2.197776611 1.039038128 3.471850869 3.861341555 3.295351037 3.747055001 1.866289622 -1.104926433 5.162933553 1.937673010
19.010454071 -14.895509713 -15.398566585 0.862639750 -0.084730286 -0.471499987 -0.162361332 4.287158040 5.322068545 -0.452588813 0.545984340 3.307507974 1.457273175 0.244600706 2.568874715 -2.119724154 1.708021645 9.280072389 5.903831358 -0.367688029 -0.328333528 3.182932342 1.110266140 6.006188076 4.103442564 3.763727425 4.913984334
24.720020069 -5.980126173 -8.040308045 0.843112494 0.032694617 -0.508906670 -0.170605934 -1.139759426 1.935009015 1.057546945 6.303722321 5.956179652 4.420884655 5.458221929 4.878623563 2.504682636 5.992169316 0.997756200 4.102397976 6.325378490 3.589803266 5.348290369 7.964708184 1.659479480 7.143856501 5.047236006 2.246540120
24.527714171 -19.953160061 -8.427632415 0.960157187 -0.084104588 -0.264271821 0.034423815 2.829953855 6.689713678 9.220479769 4.505136318 5.863716163 1.569643583 5.805279845 3.270131678 3.247080428 8.263349192 7.795904417 3.911004765 2.208343209 5.509130195 1.288612252 2.022640478 4.435099411 3.538660636 5.922892564 5.706029472
31.748755396 -8.827792923 -17.496444218 0.950863403 0.050912026 -0.302956861 0.038521346 4.056225213 1.372942900 4.735214276 0.929082380 3.707638380 4.770149218 3.093974012 7.640231370 3.938501523 3.849153579 2.662885437 2.933891996 10.024229889 -1.502905925 -0.743291680 2.372379209 7.363224343 6.707604994 8.746796640 1.050091310
18.099318213 -15.577811694 -12.596530751 0.801335218 -0.444769860 -0.162708459 -0.365469010 6.217580949 0.104810863 2.639372396 2.104780378 6.667071454 1.967058025 4.506616003 5.632248515 2.426752432 7.362374356 1.611162565 3.904068470 2.673777481 -1.991320926 6.351830257 2.934909285 3.697734074 4.362878872 1.010245767 5.730353857
23.549707961 -17.662347431 -9.764613173 0.913349533 -0.115699495 -0.283497864 -0.268393774 1.295525689 -0.382141498 3.054566376 3.075510522 2.702746875 -0.600039326 5.344095727 4.470683417 2.817801020 -0.252999603 5.057213574 9.220574479 6.061378536 6.744163617 1.084185216 2.839438058 2.751624123 3.464469477 5.452660175 1.803777632
27.591972604 -8.220047281 -16.490267479 0.930719320 -0.080766796 -0.342698678 -0.098974178 4.144497984 -1.134937779 5.923738309 1.168895667 3.538388513 4.169697846 9.989105421 4.125693416 5.548247131 2.803336827 3.914820192 3.995884867 0.746387219 2.008106547 7.441046368 6.406415335 1.302433207 7.791589079 0.755150657 4.444960051
26.800659447 -12.207350610 -20.039227587 0.917528475 -0.128933448 -0.375453550 0.023500975 7.554212595 7.946955938 6.387615752 6.523559411 2.336296249 0.338401914 3.322780031 3.283614199 2.903524224 8.510342648 8.047730896 2.962149177 7.952460382 1.523471551 3.839371100 5.387950691 3.633705627 0.533699557 3.778346978 4.110538063
23.371983496 -9.652927126 -10.431384120 0.855375756 -0.115870687 -0.363181821 0.350721065 2.435202382 5.539927728 4.993505105 0.069314367 7.386930071 11.018201353 2.152359858 5.563641322 8.894128808 2.602235412 5.202728215 7.933027412 2.995398605 4.185734892 3.980134880 -2.161090387 6.478562979 5.994216154 2.156415174 2.421745309
27.695433019 -17.097529974 -6.168139701 0.939112097 -0.191682230 -0.152467436 0.240998076 0.113268389 7.980703226 3.874774515 7.474750954 4.214459084 8.677644589 9.523458932 8.281636956 8.676868014 9.252122266 8.237364740 0.717944237 9.429961480 9.162460715 5.027084247 0.692423278 -1.876295120 3.989082476 1.990231966 0.898711172
27.922556207 -5.885855202 -12.881761716 0.917461590 0.005562813 -0.390067686 -0.077977474 1.940236647 5.402383143 3.700634801 13.961665932 -0.769016678 0.814269907 9.633843589 5.859053598 1.448696505 0.810871719 0.774658580 5.270875519 12.327466822 0.991752037 4.328672313 3.321281298 6.693194485 2.386492455 -0.310280342 -0.528351599
27.320065992 -20.874372004 -16.306510444 0.719456481 -0.259660880 -0.632084605 -0.124208096 5.234545865 6.642124431 5.521607190 1.381623352 6.309860613 4.845475549 3.864237793 0.250394937 4.134561473 -0.519932975 7.542419834 1.069522838 4.095755322 3.950293372 9.332619425 0.754755620 7.731066102 1.254593880 8.051802607 5.489863692
17.795517987 -18.195289366 -10.458058185 0.858149736 -0.236651618 -0.373438954 -0.260995000 3.846441053 -0.171538370 4.520702202 7.220273491 3.194937549 3.698148378 1.493581840 7.715482752 1.800647270 1.431679155 3.355444566 4.418796357 9.338691385 3.855274931 0.979144425 2.951223811 0.799871873 5.613021756 6.293680709 2.264422574
22.730576075 -13.876328446 -19.179769867 0.895340885 -0.347304442 -0.199450269 -0.194843307 -1.049895254 5.727198509 5.942078201 6.765418464 6.399944555 6.391172734 2.592241598 0.229842745 1.189618921 5.087006141 10.554109808 5.834471593 3.568718623 1.143940303 8.979794151 7.390829764 5.716634856 0.658500655 2.910730557 2.468156742
18.349144117 -11.912670030 -5.492006082 0.767315218 -0.304381230 -0.564298922 0.012089248 4.588089393 5.508908145 -1.500133843 0.730936355 5.229804628 -0.589295840 8.421803556 4.575112614 6.365645979 8.283882324 6.021322402 3.720859048 2.429632740 8.864185472 3.055752911 0.134983314 5.990526976 1.452424765 2.221038764 3.974844784
17.607353972 -13.699674463 -12.815319224 0.833862165 -0.411059385 -0.264945765 -0.255944942 3.089334804 3.042777257 3.725861776 3.939553921 5.231173945 -1.214878842 4.585654852 2.833802425 4.698167588 5.257544773 4.112853647 4.744829293 5.349085185 12.946389675 2.830372217 4.982053909 5.260108256 0.810688669 8.047359177 -0.841529552
29.654878178 -6.565572846 -16.721953982 0.963163998 0.019346098 -0.267244420 -0.022831152 7.378028482 0.338627357 4.201125492 -1.971520076 2.608261085 10.797673933 5.278137589 2.036762619 3.104583351 2.757693259 2.498941089 3.886669688 8.928922803 1.719006665 6.306086224 0.737066630 3.216483322 2.516074147 1.123911590 5.267701045
30.506696557 -16.752773780 -12.121335845 0.835058481 -0.195056861 -0.454507196 -0.240942657 1.468834242 5.277480028 5.047552706 7.535425074 1.406077712 2.162384803 3.164075773 8.706781801 3.984919939 9.525510759 8.741412491 2.067281658 2.364995511 2.875740017 7.916729591 10.276070171 0.161651089 -0.316707031 1.897379804 7.165397133
31.348006365 -11.048992049 -10.053093522 0.893926473 -0.134216587 -0.411033698 0.118036719 2.209489791 3.769344611 4.445757643 -0.949979986 4.129227837 0.294337718 3.361290868 -0.805141189 1.445234198 4.384394007 2.730942151 2.615850995 11.666947826 7.860772296 4.431178154 3.247050872 4.052294563 0.417140195 -0.367359103 -1.254051778
22.072372980 -9.826064659 -14.086744458 0.951499517 0.038245157 -0.302428598 0.041508075 5.262772167 4.682332127 6.133272267 -0.362800098 5.727515443 5.066676320 2.176438565 4.544661515 8.658230773 4.101161833 4.917748592 4.968031686 4.897259442 2.072044837 4.684397971 1.499751861 3.796507516 3.999834318 4.369900534 1.054448178
18.888764734 -16.047737033 -11.936368849 0.737231037 -0.052219759 -0.463887466 -0.488438239 2.821175167 3.634483483 3.081764731 4.485361359 5.728296590 10.797170117 3.002301283 3.517541251 4.460575977 4.112544471 1.463291083 2.446086335 3.483594875 10.282057004 2.351814105 2.308765363 4.498213447 4.606500613 2.830136027 4.163763403
25.964785632 -7.583058798 -15.468965648 0.921272865 0.059158030 -0.337928470 0.183196577 13.466466755 -5.123838173 8.269772277 5.684344216 4.882623971 7.458081400 5.031752875 -2.642431629 3.565289202 4.528784385 -1.827704453 3.571022827 4.942074754 0.256296845 -2.607401238 8.326757679 3.485164120 2.339819048 6.499744969 0.334839815
17.784235811 -7.690887982 -15.645177177 0.758544709 0.174569468 -0.513631481 0.360996020 3.418615150 0.519574622 -1.963043307 2.467318685 6.795003284 5.815453230 8.492576371 -4.529948653 5.037183562 2.368138682 2.092943594 4.523824542 7.810801264 5.650693657 6.523868173 3.229767643 4.163816145 6.920376731 1.358244615 8.128994247
19.955041074 -5.136342719 -15.036085926 0.929836390 0.005496171 -0.367760118 -0.011250602 4.579242400 2.332119012 -0.936002851 1.095334948 2.612642704 3.738537324 6.210281904 6.554351210 4.573943929 1.816732012 5.794504203 1.699106452 7.192200954 6.130556213 -0.237118627 4.108607747 6.831918295 2.110096550 4.151851162 5.161236231
24.443943740 -7.695588788 -13.952911834 0.796031748 0.076456433 -0.475342086 0.366793908 3.564851732 3.178220192 -1.697268493 7.703937316 3.001780077 3.467290611 0.831591081 0.327905682 4.117187638 4.742059567 2.553657794 6.066413913 7.921084302 -0.091277250 1.103168063 5.506052395 6.998693068 5.827794533 -0.615485772 -0.088509330
25.679991539 -11.084675790 -8.222306404 0.834743862 -0.273529141 -0.475372636 0.049044367 4.694381349 9.420606524 3.836554318 3.355105647 -0.956277286 1.965593443 6.245219642 6.591853427 3.936059467 4.686034948 2.776290553 3.303635966 4.741484788 5.916182859 0.111881115 4.041519863 -3.010111253 1.507724764 7.931413038 3.027170927
18.774475980 -17.459615163 -13.771423938 0.714964357 -0.136236912 -0.451994350 -0.515719478 4.999823611 4.019744460 5.110755932 2.111353518 6.203202750 -0.025593007 8.930833841 -0.310541367 8.320826371 -0.732622483 3.909608658 5.729381179 6.795656375 1.587135989 0.088959337 8.083298726 1.918243056 6.021657063 2.134137071 2.376957223
22.785493637 -17.530547582 -14.531903650 0.811672400 -0.353008605 -0.459595071 -0.073110950 8.110629665 12.117822199 2.866060482 4.064904226 5.025682407 4.027374002 -1.528885276 4.125119301 6.430584683 6.707635590 4.267599667 2.849426001 7.507749424 7.605518081 -0.706561469 -1.348013309 2.738578824 6.783503985 2.044965071 8.026550363
28.174415403 -9.576392998 -17.508785080 0.713974960 -0.054512082 -0.667799020 -0.203255155 5.573582322 4.910002786 4.673451575 1.910202676 7.113714183 5.643729065 3.943041486 5.827576116 7.549855556 0.074130707 3.136163272 1.438498775 6.465137866 -0.238078026 2.654015541 7.620774888 6.877805208 2.111608607 1.925888079 1.730120336
20.950103110 -6.272847842 -7.689042702 0.742932624 0.153789777 -0.648906144 -0.057624964 -0.760630585 1.188408955 -1.482541737 2.023397599 0.835377622 3.562152542 4.814267213 5.495196523 6.609333672 2.185578275 0.373926164 9.984394081 7.816880240 1.339682097 8.660912611 -0.173137678 0.588809436 8.273194059 6.480486309 3.296609420
22.539941709 -20.184998676 -12.826891458 0.844082020 -0.047346871 -0.379663336 -0.375685465 1.442761617 3.204143022 4.148747212 2.231798771 5.495076041 1.151851856 1.345167499 3.173095598 4.018737069 2.942871997 -7.178244387 3.498329028 10.455268059 5.445989626 6.335265774 2.648627416 2.970396909 10.174949438 7.380709223 10.057463738
27.282876464 -6.445631914 -11.138102799 0.711893802 0.128374380 -0.575185134 -0.381954570 2.867054340 5.620007368 4.643806610 -0.016438985 2.614215156 1.285444286 3.876994721 2.469517777 3.391025938 4.206774869 3.227401018 5.957628259 4.270127091 -0.818004196 4.419456940 2.094109345 10.837109749 -1.851587418 1.768209493 1.357691032
21.432159665 -8.845246722 -15.323180040 0.937143780 -0.121951462 -0.310689444 -0.101791193 0.470169284 4.743368825 4.529118417 1.114192999 7.426419206 4.819461596 0.966995681 2.763048156 6.849539864 2.640336198 9.175640209 3.036170498 4.715023778 11.488528426 8.061464497 2.244432593 5.087606265 5.017693301 5.007618785 7.904369078
27.234442980 -11.082084020 -15.065023893 0.798260160 -0.182624746 -0.556534008 -0.140352473 6.268939384 3.373607294 -0.308804635 2.229161337 6.821632266 3.521573648 6.047034963 4.567985754 7.499316390 4.536025522 0.184080998 10.014365479 2.403492805 5.743240970 -0.760777761 4.125733533 6.973548236 8.287433614 4.221001351 4.279749284
25.243606866 -20.691310513 -13.346347064 0.822848145 -0.387953718 -0.239356520 -0.339295297 0.811007960 3.160937650 1.047821846 4.223552443 5.299019380 4.018751549 7.204100216 4.596062113 5.793570333 3.693279863 1.113843345 4.228288386 5.832746671 4.480545882 3.168361018 7.889581936 0.029532141 3.563299912 6.260953525 -1.354288565
20.168657814 -6.203367985 -12.428192021 0.785384679 0.254114683 -0.559072218 0.077684552 3.516767146 1.840556442 6.267947840 0.563608773 8.880324093 0.557820675 1.404482976 3.791129381 -2.834549467 4.042451587 2.687631046 8.980784832 13.549442719 3.541858636 5.801219810 1.766175854 -0.550330920 2.937268094 0.678482510 2.419409927
22.472339142 -21.207853100 -14.300940986 0.825328637 -0.361044330 -0.429721090 -0.061801437 4.438278072 4.684369741 -0.047761071 1.699283643 5.094665898 3.599239377 0.919127901 3.839930181 4.572054294 1.948480680 2.304062786 2.620279637 2.036293066 8.454682814 7.197780603 4.905104399 4.443020130 -0.972077239 6.241216522 2.045779048
26.429121470 -14.005752800 -15.215020378 0.906499415 -0.107765163 -0.375826630 -0.159373222 1.792509119 2.511554696 2.651423941 3.137742539 10.537367925 2.279609796 4.114382202 3.503435815 1.701465856 -0.296818572 4.383906647 5.002510682 2.779807220 1.821302025 6.093509516 5.854264639 3.958856582 6.923660897 1.012362260 4.829131976
25.311528216 -14.874221366 -6.728608229 0.848181448 -0.152258170 -0.359418135 0.358084188 2.201883610 8.206549066 1.985224293 6.202336003 5.407564930 8.629446773 0.996136246 1.466023652 -1.551413417 1.952608367 4.867188926 7.441117081 2.076608022 4.030867193 4.215001637 5.157810649 1.557123342 6.402964031 6.978464368 3.583112831
26.687410846 -5.929925655 -11.654678569 0.728083900 0.128311836 -0.561134692 -0.372233481 2.907152112 3.506859881 1.755979102 4.982227809 9.196099931 3.272634096 5.870716847 7.017971554 6.454712537 7.137954674 5.583666885 6.280784652 7.157494017 5.795012016 2.184230349 2.671114106 6.015640402 1.478171014 3.063468976 3.946335914
28.697195098 -9.186408278 -19.074743038 0.792886747 -0.064219152 -0.595044007 -0.114582446 5.960917275 6.848114469 1.912733712 1.179099830 1.208638206 1.575693729 3.446263982 2.111025997 5.582169945 1.155051040 -2.559867586 4.782184545 5.405507538 2.716567815 6.414853673 5.209505279 5.429503990 5.848130265 7.695357369 10.325728962
22.628084570 -14.664629916 -7.213938138 0.910959985 -0.159663206 -0.234674790 0.299311392 7.018374941 2.618225259 -0.168984399 -1.050365066 4.410421495 7.120078854 0.570011257 5.885597692 5.749458368 4.896634361 6.719104133 3.678848854 5.489222312 5.024702598 2.080935953 5.642912831 9.299007082 -1.112310375 5.525034587 6.154929536
19.162666461 -15.935135390 -8.891634647 0.765032046 -0.081338474 -0.619148427 -0.157369777 5.752791876 3.357363401 -0.923370436 1.029577055 4.782410232 5.152771816 4.079185216 8.646221843 0.278750674 6.540658388 5.395981215 2.170136230 3.514931725 5.082306667 -1.088906451 3.271635386 1.266506883 1.846240338 2.814830678 -1.487757951
31.341625865 -16.659745511 -10.728592748 0.787457575 -0.139311140 -0.485193325 -0.353681229 4.960096842 7.821855110 8.105611734 1.989424180 7.633144723 4.569034685 5.967713733 3.060924530 3.183266441 3.492298138 -2.085251873 -3.813514880 6.738789049 3.920958775 -4.475231263 4.716788550 10.614253783 1.866353467 4.570404700 1.854439761
24.575011803 -10.649323939 -18.019069776 0.793768671 -0.132114004 -0.387782528 -0.449557447 6.125982262 3.232276026 1.578862950 2.242604778 4.857733207 3.615771753 4.484318316 3.792726355 9.390082502 9.915276018 3.024660811 5.807373229 6.988427021 2.129893095 4.638381308 1.857074637 3.416227691 3.241588908 4.265353050 6.204825224
29.388332592 -17.915468047 -9.237282276 0.824821225 -0.161863313 -0.383920537 0.382197902 1.953025264 1.180107195 4.489242339 8.464637442 2.195096069 3.817898120 7.140334938 4.517750463 0.401288434 2.731731057 5.189292284 2.423512077 4.406678548 7.201480141 7.903598289 3.159148841 2.323938988 6.576337832 -0.338917812 4.323878577
17.235846066 -18.380137029 -13.407631821 0.871286800 -0.201414879 -0.329985877 -0.302325452 0.656289400 2.985932106 5.808409876 3.918701507 3.838633318 6.828308079 6.854559393 7.081546699 1.091812431 2.553792657 6.022624211 6.330200904 1.232536406 -0.643029975 0.799154610 4.111400413 5.947282386 0.090318225 3.494916670 4.706902240
28.255771402 -10.670146691 -12.869974666 0.856764359 -0.001852752 -0.445650174 0.259513628 -1.307521929 2.646597325 2.996668504 11.434976244 -1.018478773 -1.494853622 3.440430663 11.788237536 5.901614393 2.287668043 4.625264345 1.172294737 6.850808975 2.669942824 3.262401854 2.279125017 -1.937916876 -2.460002538 4.792418615 6.451385034
27.815315270 -8.027645957 -12.190189859 0.729361803 0.029658575 -0.479037306 -0.487519219 1.787740988 -0.013672522 4.784827090 6.355233197 5.354560036 5.149905749 2.344971145 8.091554494 6.411890725 3.494544236 5.093383317 5.262721070 3.223640565 0.568270799 7.503765365 5.652796852 5.826796183 3.584362617 8.322012769 0.557626635
17.311141220 -13.198593359 -16.056557906 0.736922559 -0.199018406 -0.407938908 -0.500921814 6.825528798 3.851288689 3.865195962 -1.790251880 3.252622191 7.597992004 0.948890765 4.387354917 8.007120970 5.975713971 4.619286614 -1.690369865 5.007373044 2.924624165 6.509802201 3.867572982 6.306593003 9.543182611 6.027617232 4.901229373
27.818749436 -7.010693344 -6.883735166 0.767922706 0.000978885 -0.552220695 0.324570582 11.105988160 6.879653187 2.243154483 3.469503823 1.392584162 10.071311619 2.729543062 2.610677262 4.473136780 4.511542175 1.995775121 3.162908421 2.612558476 -0.717060788 3.339952570 1.230342040 2.843381212 2.932446153 5.179493054 3.713306058
27.281152708 -18.464770937 -15.740812545 0.750330766 -0.239390522 -0.376217066 -0.488012950 5.311851689 0.189160881 0.588252341 1.374461530 1.087701342 1.233097097 4.107400037 2.804353667 3.443054564 7.700419063 5.017062437 0.717007490 5.111709689 -3.033234604 8.941024503 8.484322687 8.181925967 3.858977857 5.072838093 8.692181571
31.444423322 -17.686583660 -14.356953844 0.764087017 -0.170435435 -0.433589223 0.446232204 3.140570798 2.308356117 4.619012538 10.249428095 6.717450670 9.804736582 0.856698068 1.114072174 11.325392625 8.969023062 2.973810466 4.731531619 6.810999141 0.979903358 4.460287514 4.435059521 4.855460794 5.429037832 0.079355865 3.974754906
23.821205185 -4.289352095 -6.973905411 0.795856984 -0.045402402 -0.596805953 -0.091503752 7.214748248 3.253282350 9.189391278 1.897516167 5.626622810 3.010285061 5.023405331 4.356345682 4.033752675 1.682606168 5.708569314 4.448740772 3.645425351 8.527167216 1.637477787 10.255439389 4.671556293 7.208658698 6.309900951 7.090339682
23.790520779 -12.035764016 -20.697510158 0.957895346 -0.183938425 -0.183764446 -0.121794047 6.994635159 4.653389049 2.853665258 4.985731935 7.838156057 2.339766766 5.694278767 8.713666747 3.129729054 6.232895768 -0.344236925 4.550279855 9.217778752 6.432660240 7.128157353 3.314178840 5.280576260 6.613181567 3.627972207 1.969806539
28.912471169 -12.303103346 -20.654458219 0.801824379 0.050634203 -0.466805080 0.369603652 4.549218496 5.512184318 7.421739951 5.243464573 -1.191244088 1.455737712 5.633059203 -2.104166710 2.610551947 2.887994978 -0.225079290 6.301953985 6.311008027 -1.052778865 1.061990797 7.448512150 9.021646130 8.151265927 4.420291712 3.142906664
22.482347343 -14.257750510 -15.190736065 0.939899551 -0.174323494 -0.248120670 0.156959506 1.381503330 5.568885120 2.694497306 1.063648757 5.724148165 4.041074635 5.476934240 9.468866181 3.926959077 2.927309306 -1.351019632 3.472341983 2.016315627 3.334253813 6.092169421 7.609453897 2.582620149 3.711928726 3.604999350 -1.659798683
20.066565265 -12.235572148 -8.323605618 0.870073267 -0.105678940 -0.464407058 -0.127006130 2.631249059 6.610336336 2.292858761 2.212379189 6.788259561 3.465941056 4.267943050 -2.540960218 5.278668616 6.356741569 5.663654692 2.516511606 1.871037009 4.043602746 3.125602435 7.345954463 3.414403246 3.661647658 4.867158404 -0.476443312
22.147610969 -18.691111972 -13.994817237 0.875913765 -0.236292446 -0.331681948 -0.258704544 4.484994094 5.617152910 -0.464058758 9.859055105 1.615169105 2.407990097 1.185953280 2.805580056 -0.281685993 3.417738573 1.269618321 0.891014111 7.005118978 3.659858303 8.495011817 2.423137769 3.560529398 4.087571632 6.527467509 -0.631372380
26.706524705 -11.786269840 -6.290177221 0.759691691 -0.186078047 -0.440851275 0.440333564 6.203430955 1.900923223 3.354471064 7.734198101 6.153593691 7.002029709 8.641595443 -1.669367728 5.003356442 6.215339242 11.347389107 3.404995902 0.850909739 8.032984394 5.671431354 6.760007249 4.325315615 2.693616082 2.013703896 3.118499642
17.100994996 -8.405622572 -16.989903666 0.938898397 -0.273138969 -0.022773976 -0.208197621 3.950561235 4.456322997 5.264237228 4.622110979 6.103902905 0.120703589 7.475533576 1.219497248 2.973496218 5.457822903 4.892598840 5.644593117 2.050198822 5.857546191 2.166341387 2.952879889 5.292636716 -1.201399931 1.875309584 9.214542409
21.217680738 -9.905620714 -19.482377701 0.861600544 -0.353793002 -0.161250138 -0.326302632 4.209449374 -1.032935437 3.398915963 6.830852610 1.305625486 6.625642164 3.529096228 6.677687134 6.449022844 3.176180492 7.078499476 4.292756103 5.880737379 2.842755911 3.457718000 5.659035041 1.179250130 9.177681641 -0.443600503 4.744764397
15.939539278 -11.465851427 -8.499607152 0.840158496 -0.374256221 -0.372256731 -0.124462481 4.065931848 4.140215076 6.422671338 0.556130327 1.588129712 1.749375855 2.457484571 2.819246683 8.345572380 1.898846691 4.487919791 3.150714086 8.668224972 5.547784242 5.292262447 2.313347668 6.765490377 1.270789740 8.228514133 8.196857147
22.612962747 -10.471489697 -18.460286876 0.723345787 -0.078925705 -0.488948271 -0.481114534 -3.093100496 3.553040000 -1.042933804 2.590970796 2.163663890 -1.233312045 2.268490001 3.655190238 10.138338997 10.104991374 9.547850735 2.062095951 4.139279367 2.645266373 11.026665177 10.840003504 2.715881097 6.231993812 5.313844331 8.165303373
16.787104475 -17.354157129 -11.089156098 0.819643278 -0.083350778 -0.280331659 -0.492596900 6.121385722 3.048030260 1.394592311 6.590101975 5.321849768 0.600889820 7.350259944 7.198857563 -0.451924845 2.333730548 7.924842153 3.101392259 4.920333867 7.071254501 -0.428798920 4.426453714 6.252776047 3.260761376 -0.302715237 -0.414064510
22.144488515 -6.190594404 -7.156448226 0.872353356 0.141140728 -0.458378742 0.094698708 2.624328264 -2.503725544 5.119218414 7.703482330 8.036474173 -0.322926378 1.209989805 5.821941667 -0.548176761 8.520467319 5.829069698 8.647576216 4.978171139 3.993261479 3.495498197 0.474889906 1.488478737 6.187753210 4.190456700 3.387381824
30.811677519 -11.849001906 -16.415638864 0.775255184 -0.124659853 -0.596688448 -0.165536151 6.006842124 2.726588856 -0.244240737 9.082244361 2.565320416 -0.604693820 5.916121085 5.657494506 8.329542706 6.372806891 6.144490596 -3.975236709 1.150713322 5.560924971 2.520001908 -1.623292071 6.214074472 0.981222504 5.318158941 9.415655969
22.475256569 -6.951712598 -16.099745778 0.743965283 -0.055912103 -0.473084745 -0.468593980 2.107290436 4.698732228 12.400193258 7.631406880 2.851357085 5.608629214 3.896461671 0.616447443 1.397585530 4.455908451 1.890395570 3.366136787 7.232634452 1.089480002 1.549723145 0.592897706 3.094866137 0.485566732 7.204863978 2.676592165
20.832165154 -6.818712327 -17.794620648 0.759782860 0.036375427 -0.456323431 0.461709606 -0.166263207 7.065250721 1.376689787 2.789966096 6.052552811 4.912588723 6.289459172 5.490255261 5.843518875 2.700174768 12.014480684 2.280918063 6.980297594 0.473938866 1.953961373 9.780621960 0.276266127 8.562365919 0.492169034 4.061210597
28.181269883 -7.808193904 -16.276773131 0.834564778 0.066242448 -0.297690175 -0.458796392 3.339485725 4.757930953 7.095257226 1.751456196 2.939472101 7.433307580 1.708816379 2.784557925 5.560980724 2.600674065 1.178188744 2.624778976 6.289096146 5.057358234 6.265535522 3.451709387 3.169345403 -0.716437343 5.845093273 -0.413197998
21.392893109 -8.069300627 -19.144679451 0.808550392 0.105870249 -0.556788234 -0.158191706 9.880851565 -0.934270129 3.945351428 4.725989822 1.577054744 7.307551494 4.232641683 2.360929086 2.698619180 9.382585627 1.212266993 0.394462190 1.317103451 2.356889165 3.428457294 8.202188418 3.060167760 2.015742245 10.708851282 9.142583953
32.195632370 -14.408164965 -7.605680721 0.882248464 -0.181609349 -0.295481535 0.318349422 6.658562138 2.700630097 9.442673663 4.758782372 1.767609229 2.593655309 3.092137155 -0.434444782 7.135698955 6.508158726 7.899743342 4.647923324 5.750174975 8.128975114 1.239860220 1.082499913 11.156927018 7.661181625 -0.635433599 3.206663478
27.499609273 -9.615747495 -12.316929569 0.929720502 -0.058407052 -0.331188714 0.150074783 4.275019444 5.737261381 4.705620729 9.494456113 6.136347633 2.342634503 7.166749662 6.989353163 6.160852542 4.373291174 4.541586357 4.215491235 -0.045840158 4.346095018 4.128855614 8.938971352 7.008862267 6.956338809 2.989057009 10.073813883
22.167539481 -8.910161634 -17.694620299 0.983408696 -0.009371442 -0.176112354 -0.042472948 3.198635971 2.811446134 4.833313049 3.521976287 8.676610564 2.795188703 4.055782735 2.668822338 1.426940536 1.537146440 3.575253758 2.664029375 6.075242752 6.823071933 3.412993622 4.595435415 4.838856623 3.271200742 3.845761527 4.062640656
24.261309155 -14.390099533 -15.123868805 0.710648619 0.001416259 -0.578499110 -0.400393949 3.410839349 3.695473595 5.824166909 4.213920860 6.411950532 3.062806614 4.043392101 0.114633466 3.138549768 4.468075207 0.623380114 3.837100143 12.011102465 8.746545320 4.259034441 4.170050837 -0.288576149 2.972197868 4.226684338 8.419683795
29.310296787 -12.976411697 -14.222570469 0.750462545 -0.336876264 -0.557675183 -0.110989828 4.338009731 6.019796909 8.837266173 0.862382099 6.781130924 3.165614849 2.253042383 3.322024717 7.078779699 8.362664013 5.325505413 4.893266954 3.986360309 6.384565272 -0.116767655 6.184490138 -0.095070655 4.996070170 4.342667295 5.084219898
26.810047415 -16.639684214 -8.063450203 0.790043605 -0.074286405 -0.597531680 -0.115189079 3.119558021 3.535976840 0.996932994 4.800372873 4.156531394 2.344354050 2.963087096 8.272681994 2.005091938 5.714987139 1.768955144 6.179437035 6.565114401 6.382431097 1.636220472 4.749869046 -0.989608870 4.504988256 4.467664845 0.764198390
20.571719478 -14.236927346 -5.412522883 0.807861166 -0.194839195 -0.509070885 -0.224153649 -4.390654854 2.580872090 0.919017487 4.263751907 1.801660862 6.068177602 -0.196368575 1.039129274 5.185683510 2.756265300 0.239111501 2.490860341 4.437520661 -1.121375437 7.171938293 9.245996034 6.121259206 2.999692421 8.534543649 3.332688911
25.849180180 -15.610355714 -6.630769283 0.824398196 -0.345018482 -0.320166086 0.314362115 3.609794610 10.029727518 2.432613200 5.160909962 6.769348714 3.338980213 9.205099375 1.110339183 0.161650458 2.798363144 1.866280749 -2.975733265 2.295155067 6.983815872 7.370042395 1.044158856 5.581961202 4.051892957 1.069041538 6.244490492
32.815393801 -12.555924784 -12.844531540 0.826379260 -0.088410715 -0.418923676 0.365764703 2.121918209 7.561004472 4.335054409 5.764026018 3.256585149 3.114145390 3.586475183 3.365455830 3.839743146 -0.513162495 3.079561512 3.984157745 6.698558593 1.859313507 1.516224199 0.829223837 4.466513728 1.649838702 3.740951998 8.873587260
19.276723649 -12.759094097 -5.891278481 0.924408816 0.022591152 -0.378765601 -0.038660069 3.870965140 8.023692951 3.578359160 4.211927992 8.585814915 2.875410913 1.074603794 0.618734590 4.769465716 2.460641846 4.201579874 7.178019850 2.181843698 5.676726649 7.599376112 3.872177642 1.083052826 3.112527245 0.868466020 1.422578446
24.763819173 -12.601694014 -13.186144861 0.754499008 -0.061800600 -0.490033659 0.432179299 0.213059304 9.228482653 0.269036919 -1.362709753 0.504097554 7.321751300 8.267741132 0.387780810 0.647483588 5.488161494 3.430320947 9.285106128 -3.050860049 7.016050552 4.960351735 5.563905456 3.859453312 -2.998185094 4.796383954 4.058888212
23.738651941 -21.409202692 -10.380131980 0.785908933 -0.297391718 -0.441626368 -0.314438336 2.964317504 4.954160494 3.436634626 5.562540799 9.910093306 1.896958923 5.183023191 0.028953194 2.836270942 6.411551780 1.146995437 2.825099124 7.739521670 3.815512301 10.023588226 8.049147461 1.841852301 0.150900475 3.459824686 5.742768686
27.493529443 -9.788877179 -4.854756045 0.960459229 0.009134788 -0.274936324 -0.042949301 4.848424297 3.322302489 7.397149876 2.782209460 5.587524438 1.663698421 3.018986808 4.495691990 6.630905792 3.383774873 -2.028769567 8.037538968 1.758462448 -3.517573870 6.121141073 -0.573099170 5.992530045 -0.173623882 7.114125457 0.303931721
17.156982901 -11.030243070 -5.895671082 0.710584009 0.067743806 -0.699331712 0.037633755 -0.332773753 5.018958710 6.192236821 1.227457828 10.119888419 -3.431277822 1.473460793 8.118980394 3.712267393 5.438387459 2.656294437 1.601000241 5.194624171 3.025263057 1.036715759 7.216684128 -0.983048832 -0.822891687 6.823260822 1.433491090
27.570059671 -13.785757818 -17.801834206 0.730198717 -0.210415800 -0.473338846 -0.445516960 6.456521841 3.411746213 5.277320691 4.756981185 0.236989562 4.311314531 5.646465610 4.523844129 0.623698818 3.449480068 3.885191183 -0.775948228 8.419626269 2.875209036 -2.062902640 4.867059231 3.973924222 3.693483608 7.008793564 5.548835946
25.321895616 -12.726050599 -12.138723720 0.894131851 -0.079347376 -0.327613250 0.294791088 1.366705248 3.069389549 1.806072200 3.521254464 4.687427454 5.699400184 6.769316489 0.663010941 1.605384759 1.676976898 5.908557790 1.155581587 9.577585107 1.240882861 7.342350466 6.017039687 2.386984424 2.359186517 1.236191713 3.335964570
23.470209844 -15.252192618 -18.849253645 0.766060823 -0.069492797 -0.320659258 -0.552719826 3.287345265 3.066196725 10.603648504 5.154210308 5.430305614 3.175927676 8.485861079 4.161427552 2.557023096 0.472822565 3.468163161 1.717860531 7.440187900 4.808644169 6.801557030 6.400664765 2.752948788 5.567331197 3.522324088 9.575088915
24.515391893 -13.772883187 -11.114616107 0.742591829 0.073787536 -0.551628166 -0.372584409 3.859639459 11.930547035 7.917449892 9.834861556 1.745246020 -0.991061008 6.071428916 6.274307739 3.313588067 3.630360515 3.766910522 6.934751483 10.751466763 -1.348928860 4.200516350 5.047590332 7.386564875 -1.333881893 1.265618960 0.163331996
31.728099428 -17.062093185 -9.285299954 0.804486832 -0.231169968 -0.371115228 0.402038395 -1.638779630 -2.735257656 4.712854714 -1.033166601 -0.742579139 4.035734544 5.378907229 2.370279083 -1.309144288 1.654066985 2.869422825 4.458482488 7.036802687 5.395103274 0.352788947 5.462817126 1.647250118 1.127094783 5.331136800 5.616685746
27.607787038 -12.137467936 -10.624010703 0.751838832 -0.068557034 -0.535026390 -0.379190012 9.998129628 3.426684252 3.515164983 6.067953013 2.577047619 0.909461161 3.065557774 7.599354132 3.933073117 -1.412483848 3.809357453 -1.298702224 4.921918782 1.869572968 4.111550686 -3.286995464 8.271012345 3.390411250 4.521441395 1.424737627
29.162412235 -15.053728008 -14.953349389 0.709999417 -0.009338776 -0.578347343 -0.401656527 3.918539287 6.894523451 4.901693147 3.135055008 7.398246492 3.216231347 -3.068470009 4.020966702 5.573770786 2.312832051 4.678837211 5.439832695 5.707046979 2.297937032 9.436646809 0.694089671 5.003682918 3.016814998 3.554523509 4.691905008
24.068933382 -3.249692409 -10.044175705 0.902041623 -0.067475334 -0.336002122 0.262432018 0.307495267 10.271390430 4.155695398 4.491225136 -0.122115292 7.392472136 2.308213195 4.028134327 6.027843222 6.551645223 5.413747515 4.775787999 10.452024390 -1.516334616 0.047882116 7.317890770 6.685332213 7.910577097 1.554440111 -3.678800989
28.513762388 -10.585556572 -17.400483230 0.785461335 0.020324889 -0.435011713 0.439775169 8.055773561 3.406619143 4.734584765 7.092741748 4.523420203 4.271457871 4.543345519 1.682826979 5.567498756 6.474461040 4.237268577 0.021351549 5.492552906 2.876948894 6.659892267 4.891665076 8.106913394 4.907527220 1.337851486 3.149109333
16.583372325 -18.534411240 -10.277130978 0.893655718 -0.351335655 -0.114024959 -0.254835287 1.588638929 9.556884383 6.398129700 4.971609252 2.180971164 2.421024830 6.010892572 7.391414827 -4.344917513 9.563977114 4.664258522 3.544942968 -0.249564418 6.587052356 4.247029977 5.759093979 0.316300494 7.743511995 7.844851533 5.028023764
18.681268717 -19.837557539 -9.635822430 0.782348275 -0.308028265 -0.456270812 0.291318914 4.428898112 4.964209269 4.745438482 4.421314204 4.331058993 10.548625356 6.752817305 6.307657662 5.488604787 4.476167329 0.048310910 6.755869060 2.550985269 -2.939897184 8.284459070 4.621995831 5.029677892 6.719472662 5.437543402 0.889255152
21.917479236 -14.281846437 -12.039805587 0.791929266 -0.292750033 -0.355392273 0.401050855 -1.095033878 6.112615825 -0.673836982 6.939478755 0.813116406 4.921724812 1.004005904 2.255018906 3.142778732 10.220901057 -0.868389429 -2.821346163 5.738667329 9.730210792 5.116174329 5.362898711 1.004381192 1.213727041 4.894161418 7.660195062
27.060512918 -12.946944801 -12.499118373 0.922890321 -0.110220822 -0.366493856 0.042509756 2.338024251 3.990397841 4.181161527 2.418849673 2.947640144 11.150198250 6.119175553 0.023049803 6.406059620 7.769386630 3.461583695 1.562550916 4.187566502 9.742011945 5.103626104 8.525466137 2.391632292 5.070913319 7.556558599 2.907952415
27.089109365 -11.124585840 -20.998021697 0.722287484 -0.034270177 -0.488973796 -0.487884178 2.280874636 5.428229280 2.173128743 3.173648671 1.332983392 1.164180833 2.933083840 2.873269128 2.482996015 8.345024319 8.837123709 4.368474234 6.653555463 3.330008229 1.461472115 1.484507231 6.159469785 -0.868710788 -0.475600231 6.176152334
30.337015098 -18.728863222 -13.246382241 0.774952577 -0.340771573 -0.528122209 0.066409109 4.088977285 5.381544052 -3.169863397 7.211082609 5.939241395 2.474160408 5.977663261 5.107271094 2.961969635 8.299757492 1.380099740 9.184182413 0.474454106 2.273586897 1.673508641 3.965191777 5.998984938 2.152330790 4.424853597 5.887228654
20.725891142 -11.247631565 -15.920771707 0.890561807 -0.036607411 -0.437397159 -0.119345259 7.967613894 0.403256914 2.071499287 3.854849838 7.223693212 5.444202797 3.205588913 8.774043353 4.818885174 0.103820867 0.425239967 0.296448555 5.208191107 4.640132249 3.369631657 5.636396614 3.641630692 5.848081881 0.803962091 3.131481910
17.544319884 -13.379556230 -11.081739240 0.876904754 -0.188986339 -0.301053851 0.323556478 1.233759568 3.772144137 1.764992154 1.923690836 4.897419209 8.649214452 2.129940396 4.705079423 2.891002554 3.682198728 8.097750026 5.830330996 0.152581353 8.079991404 -2.412559241 -5.301508520 7.425886746 5.940735747 2.915859236 5.856456268
25.780563851 -9.977531958 -20.538155579 0.828256722 -0.029153848 -0.286738291 -0.480543451 5.412268093 8.409175263 9.206229803 11.128227035 9.578532560 2.448765752 6.070892351 1.325651242 5.397702167 5.363991621 3.572077981 3.018106988 1.547617064 4.597595300 7.241699211 7.418451695 10.292314860 -0.078638202 5.813070067 4.884462747
27.717012586 -16.659781000 -4.970799718 0.864698509 -0.241580002 -0.438901267 0.036073115 5.512693857 1.666742996 5.503591519 3.076061082 8.397859755 3.500525120 1.958107507 -0.293201881 5.842970243 4.185762425 7.863268574 2.861653865 -3.634840215 3.659717231 6.702747204 6.330836791 -1.820049270 3.142823728 4.670347522 -0.131051596
31.161182185 -11.448541569 -13.658423723 0.802259003 -0.072475352 -0.474837171 0.354481983 4.413938225 9.550668544 -3.989111921 6.257015436 10.296274682 6.020718011 2.852064282 2.520256797 1.960364655 5.155254382 4.231214757 4.227819490 3.410927186 0.732524826 6.301466444 -1.216110328 10.072981325 6.094799460 4.127296714 1.715446235
32.439721125 -16.017024806 -11.977408179 0.722377778 -0.133725396 -0.549701228 -0.397638560 1.882656268 1.942010226 7.622692031 5.209347993 2.591086469 2.762074558 5.512612883 3.657496354 6.322313582 5.128035274 6.421015179 1.723127140 8.294520241 7.413223333 5.745151045 0.786373316 2.440417574 4.336504798 1.151612969 2.396562152
28.851958132 -19.822253881 -17.672196886 0.950401862 -0.099354796 -0.243621796 -0.165871474 -1.134870709 1.354985028 8.749868890 3.850719534 3.263018409 3.758604455 5.947689177 0.725399789 8.890716548 6.034841682 5.233058953 2.868861997 2.859307285 9.291558486 -3.229400649 6.188284243 3.400854115 9.212048659 3.081494150 4.614770130
24.622868131 -11.628382501 -2.689094742 0.755595155 -0.248787562 -0.563917759 -0.221759941 0.069003228 1.458514340 7.191260819 6.116070791 5.189351215 7.834167019 0.626126647 4.425086461 3.938103516 6.684964600 8.241346011 0.857870208 2.144720988 9.543848258 2.379222953 5.838684967 6.963497745 2.813801139 4.716962097 0.040018736
23.462771686 -21.468536959 -9.831700200 0.863300680 -0.179661676 -0.373350254 -0.288172182 4.408494847 2.025013086 4.401730858 3.795327592 1.972711023 4.227898001 -1.944077898 -1.818521057 3.657113055 2.143306029 1.349580969 0.353765052 4.032149940 0.533383701 0.815189017 4.484612928 2.716126213 11.052020789 3.882037817 1.833366121
23.492393168 -15.094737897 -11.963470245 0.866592880 -0.034911744 -0.496896932 -0.029856140 2.072406130 -1.861864451 0.086780312 2.533627687 3.649382958 4.238318136 4.282040060 2.048269285 2.745254780 3.537593548 10.130658063 5.930480291 4.654105167 10.109102837 10.613560518 2.472074596 0.486403618 1.053884580 8.106646578 3.317188661
25.232131748 -10.231303852 -17.466830936 0.833308078 0.074789675 -0.423351303 0.347531043 1.723465069 9.047044503 3.351964455 4.923910087 -1.035979185 5.440301521 7.955096551 -0.209270283 2.583354827 3.249081996 4.018310577 2.800163733 -2.063723583 3.485859427 5.311710258 6.360685052 3.333200279 5.350448537 3.225015054 7.200853840
21.966179722 -19.106798558 -13.663230389 0.785702695 -0.318035400 -0.313889938 0.427782498 -1.634367900 4.230575560 4.332649365 10.935885454 5.460790467 -0.843402896 0.291872663 4.796370174 7.577095186 1.535469387 4.673126634 3.615529668 3.779365455 2.953953930 2.228516117 6.752266142 -2.087551936 0.553987367 6.717670130 8.732988811
26.878371006 -12.831302960 -15.503850763 0.832197619 -0.022423028 -0.446360049 0.328187502 7.492161590 3.431201974 0.477453563 8.472668171 3.932166896 7.455741101 9.201300014 4.960202366 0.705481891 5.979066756 -4.438685933 1.655682082 4.120407399 3.901826370 4.690485030 6.810592490 2.426110334 9.679744650 5.737339379 5.641437954
30.440613152 -10.002403074 -9.716676141 0.864344392 -0.078075984 -0.471226486 -0.157348379 2.704077603 6.108670429 -1.375241638 3.715096505 2.768129469 0.558881290 5.812925144 3.674976992 -3.785638642 4.329168518 1.255138060 0.110007444 -2.403449172 6.636775137 6.906628765 3.148544460 3.642199061 5.536308513 4.012540526 2.154334187
17.042200401 -13.190439477 -8.653152713 0.743096085 -0.486135748 -0.243714693 0.389978707 4.048895534 6.188616903 1.506804666 5.634538432 1.877324550 1.265869505 2.972150218 2.473200816 6.781984704 6.786322017 5.497758475 8.468528979 0.060732431 2.206764078 8.146258061 3.296248416 -1.149546245 5.081753596 1.266144702 -1.757291999
18.655653131 -11.754168141 -9.379498530 0.798321001 -0.145685742 -0.573600149 -0.111544218 7.844138783 -4.030826573 2.857906331 2.970741514 1.138998437 3.293320527 7.500229193 3.282153498 -1.688118777 7.151929548 -1.697052576 8.838189956 3.499269779 8.993822188 2.471436841 -0.105853947 8.014011060 11.144817165 4.567399755 3.381841218
17.848219148 -8.362309695 -16.803685876 0.786705019 0.035609101 -0.613147099 -0.062272299 3.204673391 7.977212493 1.671216623 5.502512773 4.024999585 4.086010319 5.572683417 6.086337799 1.259095057 9.165724412 -2.517272147 -0.844200944 3.885212970 0.630584343 7.630721895 5.669058633 5.563893535 5.808606583 4.864865251 -3.072062863
31.916338591 -10.521363959 -13.250315358 0.769616645 0.053264408 -0.629006805 0.095935195 -0.422780406 1.034444824 7.299350559 6.052488239 1.911716468 4.292049779 7.381849999 7.712514225 1.956027949 0.786831090 0.569610881 1.983686161 3.755163267 4.747669653 3.976226164 2.523551224 2.178306963 1.615980747 3.750533842 7.431257612
24.034347239 -13.039648388 -5.983410724 0.769253597 -0.146583535 -0.585698864 0.209090917 1.664884962 7.043117775 0.443775463 2.827122567 5.849100540 5.573471402 5.262360887 0.318513693 0.670608224 6.126114885 8.986332484 -0.580322405 2.436585615 2.866641619 7.986660699 3.250350324 6.644414906 5.456776872 4.370221147 3.940199859
17.898773582 -15.061589101 -15.191160560 0.749007571 -0.127903936 -0.626278239 -0.174366879 -0.817829100 6.556755068 0.461433677 1.481870796 8.353331215 0.056494967 5.590700533 1.565866379 4.565534385 -1.313372676 0.635862574 3.731252486 4.540361047 3.399593863 -0.442730042 3.290971187 1.106482296 7.340381720 3.250879771 4.206725271
25.659220573 -7.769662100 -10.443531173 0.873976816 0.044409267 -0.479160468 -0.067805514 0.166412332 3.005425142 7.095794672 5.650592419 6.168268879 -0.283913370 4.158896602 8.852243094 0.474250355 -2.000905489 4.861122618 3.774799415 1.202168185 2.980184790 2.372814202 5.693051224 3.324916889 5.152057408 7.802644728 3.458395182
15.433700188 -11.436054839 -11.964169234 0.881734171 0.053661630 -0.468427324 -0.015528174 8.241936946 0.524928939 3.687530134 4.437776665 1.465055483 0.773649744 2.043054212 3.987928271 2.481197763 6.593859280 2.006753146 1.968801102 -1.623951308 4.053535211 -1.336788681 7.143759853 7.089125372 -0.509522684 7.529263479 5.210257501
22.054574320 -16.764960540 -4.804930936 0.776870322 -0.284743303 -0.374346521 -0.418638790 8.350017525 5.045260480 7.885971777 1.913971235 4.055111605 7.131923682 2.650116351 8.081635227 6.745230339 1.300400940 10.608508003 6.664709768 1.330716713 2.729601124 2.081556013 8.835558457 6.940197681 4.072017258 5.093616688 7.589100424
31.085713022 -13.403271305 -18.931588652 0.892222450 -0.254540815 -0.327690996 -0.178232110 8.553244341 5.483263414 1.931643389 2.625035624 1.792825607 5.141708219 3.462572194 7.630808885 4.576568160 5.639677707 -3.343148420 8.507301261 5.922188511 1.318542427 8.296962171 5.576802738 2.701342706 1.740741522 1.038009777 3.216962374
30.191964416 -6.569242196 -13.236370490 0.784163561 0.127941678 -0.506716547 -0.334599429 -3.594932868 2.389978175 4.237598739 4.400645894 1.416526098 4.066488881 0.306595269 4.626359738 0.304528307 6.555637748 1.083712445 2.288907669 1.283395987 7.717060052 10.069430064 3.775687157 6.377547282 5.372118093 0.591656790 0.166824914
24.567981375 -20.063073944 -9.736287229 0.904529588 -0.194815064 -0.262432847 0.273865508 2.811788487 5.979205936 4.368501397 1.594466557 6.519831719 5.816954953 2.318806852 6.338419985 6.220520640 4.097058039 2.606896600 -0.020756137 4.257452926 6.476091062 6.108879385 5.339805244 6.519423448 5.836773839 4.902038184 6.254334964
28.409252478 -14.134479577 -9.795903355 0.776433522 -0.143608119 -0.497673622 0.358954954 0.542476620 6.694648714 5.453248082 7.386798490 3.744912220 4.223870324 3.632901684 12.933129322 4.277597026 8.392805548 2.891453722 5.234973375 3.501328165 10.938776831 6.297645606 0.229345924 5.259116723 7.169347027 2.657576893 6.791546967
26.033798266 -17.159944952 -19.066760706 0.795292617 -0.231141703 -0.411705740 -0.380238806 6.307191448 3.736295516 7.400625679 5.179600736 -1.245628562 0.492929465 9.149128780 0.510206937 -0.695197709 1.996120456 4.270000687 1.839729545 11.440458541 5.618085123 8.039178618 3.773451779 -0.339539568 2.240939364 3.750030967 10.431568019
30.351737990 -12.411185797 -9.676755367 0.714775285 -0.205985843 -0.422006086 -0.518244139 5.305123734 2.700864595 -2.516280842 9.602029558 1.699080849 0.750816459 -0.378944533 3.283164899 1.371557486 4.691613693 -1.121590256 8.131657279 5.924936992 3.517894306 6.000183839 3.117154592 -0.491588876 1.095396401 3.547462934 5.818093668
31.227176409 -15.036300241 -18.556509705 0.761270456 -0.121714159 -0.613376982 -0.171527354 3.943208749 3.599059212 6.650157935 6.226390991 3.866522395 4.423104715 1.752891176 4.766132987 2.686316959 2.131994707 5.277621949 5.783762578 7.916184733 -0.449545788 1.617598454 5.472670373 2.115171919 1.372939165 5.166715491 9.200578409
27.259768337 -7.395880818 -9.879284076 0.895157323 0.082862935 -0.437199374 0.026149738 2.593127406 2.446031824 5.666440652 4.980765883 2.110265046 7.605381437 0.136384669 6.291381432 4.292390648 2.128236064 -2.050303710 2.925840512 -0.708642086 10.526674582 5.200319620 0.617126654 1.782062753 12.909773639 2.244454179 9.854747738
20.564048081 -13.340950398 -3.933053652 0.952090809 0.007253136 -0.214733676 -0.217623372 4.488677583 4.373221939 7.012737719 7.264083831 6.141861882 -0.136290964 5.964006016 6.761216900 -1.422108879 0.360687762 3.066681952 1.677129254 7.185171788 5.772108588 5.718235272 8.109936006 0.354914739 0.196449103 7.992321834 4.696699161
22.636939789 -6.152386772 -18.873638112 0.849159135 0.035353167 -0.446978350 0.279086495 5.784601845 5.139626531 0.552918891 0.556722731 7.053502377 1.229433052 -0.340229957 9.928491498 3.116710028 4.111022283 5.744457813 5.341348054 5.587097660 1.122731589 5.703238983 2.776763900 6.869166309 5.456909246 2.954073306 7.715141237
25.701447070 -7.801112277 -15.278265453 0.806770413 0.088729159 -0.485487169 -0.324885896 8.282424402 1.540815632 -0.094325454 2.824547152 5.798456574 5.758148163 3.702674216 3.082415447 3.442979530 1.687007256 0.090850093 4.435333098 6.320893502 6.498603362 8.592183871 4.508624356 8.186614661 9.773075434 4.605582866 -0.122736389
27.819403581 -12.012219746 -20.444924034 0.904078012 -0.133933685 -0.382782060 -0.134842914 -0.038557733 1.787061518 2.299406271 4.392188454 1.450324747 1.526442077 3.803677121 5.501146044 3.781781433 0.941969515 3.719555048 4.895007353 3.130689821 0.517786633 12.952418262 0.597307031 2.828897762 7.083350888 4.137137673 0.984396004
15.573117325 -10.444654883 -12.318268101 0.891422433 -0.027009120 -0.320571628 -0.319171404 7.473863589 6.351732044 7.193716588 9.532261512 4.405133782 4.620061486 8.222406109 5.822715655 3.812431954 1.875868405 4.654906224 -0.534024309 7.807861966 10.672199433 5.228468223 3.376387831 7.723418831 3.645298578 1.435484974 4.736277118
25.551433803 -20.814728555 -10.836904363 0.760303963 -0.465286630 -0.357487234 -0.278655905 3.870588333 6.472060249 6.081545860 3.668355559 6.696345847 5.591281856 11.091292359 -1.434032980 3.065340721 1.333184859 5.643128586 1.073325862 5.354975379 6.568529855 2.234124014 5.789407816 3.008496645 4.086022103 9.060188905 2.486739537
18.087304578 -10.917232553 -15.335238643 0.791948376 -0.025138096 -0.425391155 -0.437296480 4.652928897 3.183821288 4.473744333 -1.138122522 2.553702156 4.657116058 0.587327078 0.972548188 0.791580341 3.707096418 5.265740270 8.767432471 6.802446630 4.904895820 3.117933760 7.097503406 5.968000379 1.903274938 5.677149571 0.711092689
29.692285007 -13.866074189 -16.194790607 0.798267989 -0.219103554 -0.560505293 0.024406303 4.802659882 1.419831934 0.178886472 6.078424923 1.970088150 5.584461153 4.572650875 4.566754225 3.772027346 6.774898511 7.625419212 5.947787277 4.604556258 3.970606448 0.055916276 3.742480929 0.873704349 7.916452603 5.832552139 7.902938582
29.733475448 -8.842745179 -19.149886762 0.849886057 -0.000140111 -0.522251695 0.070333763 5.560248237 4.313373951 6.502763899 2.362337439 7.884007160 4.509111749 -1.095502845 4.913804504 5.112664096 3.026480461 2.798539189 9.037467671 7.290419390 7.290988759 8.432529143 2.574353105 0.248681801 8.239033844 7.576019829 2.468389539
21.083703241 -18.779692006 -12.651952672 0.837447630 -0.256098942 -0.308293765 -0.371550473 5.984193417 7.017088559 0.552956412 0.221677947 -0.867271754 5.543686846 7.362984147 2.974720193 5.142637157 2.002711452 7.036592653 2.693319915 0.510000128 2.175161188 4.234706596 0.749907691 -1.154341882 7.852939154 3.884492652 2.614186889
19.069595962 -5.346623288 -9.663998999 0.945817860 0.014590848 -0.319975189 -0.053212423 -0.720698402 8.702285871 6.595596945 6.147085043 2.339077864 7.962962810 2.656233700 3.260245255 2.355079196 9.029773323 0.533983746 4.214631864 4.617929497 6.105538881 5.313528455 2.538459831 -2.393264711 2.092473748 0.880650053 2.647031555
32.764226756 -9.456011513 -10.613137218 0.894680743 -0.106757463 -0.377825471 0.213066012 5.132449996 2.076470873 2.452879095 4.078298663 6.513157097 0.842705138 5.456157541 3.906383958 3.012673554 1.714850006 3.248603959 3.092377547 7.625486137 0.426157393 9.342263142 4.979403233 6.746293095 -0.274437641 2.994242485 6.331947975
25.020352910 -18.969066242 -10.012964128 0.785580414 -0.090213289 -0.302735805 -0.532048877 4.961551006 4.149990320 10.077243080 3.049637047 3.953116213 0.474079915 9.121573991 -0.826471002 7.376714523 3.763525654 4.532639264 3.916907545 4.429905686 3.215209267 -0.459578388 8.056567091 4.837713636 0.352856322 2.442457030 5.444441373
27.243048527 -18.345501250 -14.920028758 0.793008004 -0.215335928 -0.365268783 0.437432806 6.778277012 6.272680338 5.765709406 5.999372588 3.114432781 6.157123415 1.884461814 1.708758053 7.928119276 2.471047387 -0.980569602 1.926936528 -0.930956174 3.299777082 7.762031565 1.690941595 7.417642118 5.603405047 10.467323788 4.250415587
21.073660750 -16.302492219 -6.238908762 0.967611098 -0.104115440 -0.170374851 0.154470542 7.446942112 -3.243014280 7.140523497 2.232998711 -1.309641595 3.145776858 4.962771550 11.534367951 3.471558519 2.073622925 1.714852541 1.045965745 1.921319548 -2.440389316 3.249153227 1.767804568 4.586866143 1.990543588 4.878991544 2.626737965
19.144340634 -11.506261638 -4.113417246 0.912811988 -0.160506263 -0.298866104 -0.227356695 4.088723738 2.916089955 5.995567145 7.104561612 -0.753010310 5.037016094 3.826355705 4.046223003 -2.662653194 1.600263908 7.275301669 3.261045469 7.956202625 4.424810892 0.805423634 6.950318398 10.689418533 4.317656062 7.783941514 4.263619285
26.203863261 -13.140683463 -3.579719724 0.752512305 -0.392715491 -0.321990141 0.419311488 4.965978975 4.465411358 0.859053144 5.220415479 7.716294428 10.496228453 1.811507472 4.230309087 3.383722948 4.295567798 3.844913772 -0.114552017 4.363881756 0.399982480 9.568210369 2.095931793 4.869791373 2.172425197 1.965300903 3.373894645
27.930340898 -15.579317606 -11.700830954 0.869644842 -0.068059977 -0.388809570 0.296500938 4.639603709 6.641429674 1.864091527 3.864199356 5.316612855 0.236394074 6.395882167 2.494709044 3.336914008 1.453738341 1.979397310 4.007437249 5.320557314 1.020182768 13.857506180 0.385996980 1.939932442 -4.490440581 3.980689070 5.984622361
29.611527621 -8.310064840 -5.101739620 0.840447119 -0.112517034 -0.495784790 0.187579316 9.146736853 -0.478792123 4.217115514 2.673902386 5.201234581 3.839568809 1.973322584 5.905814229 7.966905482 4.652025852 5.583329774 1.930545741 1.660520814 1.070973138 2.991219643 9.712487536 3.188710556 -1.615847457 8.738310425 5.518595337
22.629432700 -21.393231208 -14.514269335 0.912950950 -0.206557176 -0.351522826 0.016923304 1.287303027 0.606222172 2.467044971 9.144623057 -1.029392702 -0.058701542 4.549945278 1.621055059 5.428331474 2.639883667 1.897590260 3.640912572 6.057888968 2.325212118 8.314934723 4.079841591 7.498931784 7.067101647 7.191379787 7.845412855
26.202107555 -19.735171095 -11.940182838 0.861665240 -0.121936725 -0.492607915 -0.001375546 3.046107224 -1.419388219 3.514253511 7.016167064 2.725919013 7.026395185 7.338697485 -1.215137348 2.822536716 5.272042352 5.908897893 7.256387800 10.099626593 4.646698041 2.824728886 3.823265952 1.106824477 6.022688227 -0.702178828 7.961150506
23.353801198 -6.243879581 -18.329990800 0.883643218 0.047252900 -0.251853412 -0.391805673 6.697953305 3.759036233 9.355154520 5.381756960 10.945529840 -3.062737065 3.858764108 6.007576135 0.044719619 2.419528340 5.163943797 7.318323163 0.870110486 7.870360697 2.549626612 2.031131240 6.402482941 4.230877393 6.044928807 -3.162853363
27.410593581 -7.672465291 -11.368740662 0.943036594 -0.026335819 -0.319579591 -0.088641368 3.388417344 1.013318876 2.053677741 -2.023305504 2.222391450 -0.919961395 4.799297704 5.188654907 2.605491310 6.436777794 4.926800667 6.201894345 3.110478627 2.011835372 -3.452891907 3.141625107 2.318724284 2.826523712 2.584265209 6.187629587
25.758411876 -14.202025455 -5.818639192 0.779426211 0.092206822 -0.514884482 -0.344799439 4.170450214 5.630665051 6.490783833 6.365496153 4.876253124 4.275557260 8.705932553 10.280127825 5.140496435 7.208193962 1.173208174 4.464411501 1.115191486 -0.270235067 2.860565720 -2.246117700 6.426314584 6.123347933 5.709525137 2.943591042
19.037563399 -12.278354634 -5.058331747 0.797636215 -0.168288573 -0.553557750 0.170379701 5.140971660 5.138543716 10.169504369 3.756088643 7.373984004 5.247769635 7.830444662 7.452899407 5.475445630 1.588916131 1.515460743 11.799305899 4.265614094 8.546246197 4.115473129 4.664358227 5.834338128 2.992049446 1.464144724 1.445807221
25.349274675 -20.421453358 -18.140532742 0.830997363 -0.301647681 -0.426687318 0.190761611 7.130580815 2.715683700 1.205818730 12.575247169 2.206075159 -1.353853826 12.602726669 3.207091505 1.494233303 1.734264088 3.700923445 1.446008663 2.577823308 2.499567814 9.455300065 3.174385654 5.587233573 -0.783579127 -3.489862711 6.446008387
26.438068887 -13.652043919 -21.079850734 0.793952147 0.023062887 -0.427211811 0.431970092 3.686960245 -1.860315555 1.759031327 3.117243187 3.125515276 4.846459185 6.065315494 7.146701703 2.003987952 9.259588805 2.408315384 3.452109961 9.827841724 6.810239699 8.104489085 8.238224787 3.962040273 5.899670628 3.197621598 3.841469992
30.775548288 -6.586127049 -8.215075027 0.751387161 0.176559851 -0.634239797 -0.044540242 2.563296023 4.806038801 6.469127604 7.263850062 2.335256945 3.504492820 3.721903030 3.617162371 8.196292281 1.888116267 1.336581131 7.106765854 0.759882032 2.340033179 9.620653764 4.458389486 3.883996482 0.801715851 2.862227269 0.753667449
22.030142544 -15.862877588 -13.344173656 0.920276477 -0.217047438 -0.325450778 -0.007962833 4.768560807 0.097580853 2.890467575 4.432888147 4.899461687 5.213539503 3.502972791 1.085697452 3.170364823 1.902014140 2.659477137 4.620522326 5.102971592 3.251617462 4.459556528 2.305350506 1.015140842 3.229943459 3.697785026 0.711192845
26.711092772 -10.702550072 -14.831702511 0.769931440 -0.088572100 -0.451631383 -0.442029020 0.775684055 3.737866406 3.446719306 6.224868539 3.383450081 5.828447709 7.746760106 4.064965008 1.895489805 3.566955664 5.066217311 4.507295930 3.840707246 1.781001478 7.792738697 9.699667851 4.473694757 3.819743896 1.628003025 0.471951826
22.669994170 -9.448009892 -12.903794599 0.943967456 0.017702439 -0.277887043 0.177174653 1.438108033 1.107677207 8.006551843 4.293014572 0.325881054 3.977419874 2.450374871 4.243272408 2.848056114 -2.503706742 6.561957081 2.816611594 3.476801448 2.779837993 4.866943039 -0.793429912 2.966554204 -0.747362326 1.375658521 0.910432587
26.482601521 -12.923893946 -16.451867866 0.793979131 -0.226552658 -0.563529431 0.026563395 4.514287610 -0.206479538 3.224087062 8.167634765 4.464313262 8.883331621 9.326145081 5.698239554 4.212359354 4.263805419 8.353130016 5.808137665 4.103150238 3.071244757 7.078500641 3.750516079 4.973342600 6.629884536 3.792461705 2.125424618
24.036666951 -6.906474113 -20.334972040 0.878826584 0.111048090 -0.462278414 -0.040383467 1.387793897 2.435840362 1.990043934 3.537950208 4.981093508 3.043092496 6.730916642 8.737349703 7.088721896 3.237835992 3.154965163 4.376708758 2.869091743 -1.645519831 4.466836708 6.661831839 -0.802505973 5.544416187 2.492682911 7.618477419
30.858356241 -11.983866840 -17.754313396 0.882946145 -0.190680457 -0.428641934 0.017696357 8.496178695 5.228288743 -0.000291510 7.764837819 6.126719794 -0.764335850 8.943675244 3.629846052 4.988770956 1.318997848 5.613512990 5.099420935 0.375296153 5.706016503 4.494656159 9.725445745 4.948603286 9.003495115 5.605415582 6.986129998
25.443270291 -8.883915065 -5.197229051 0.785011634 -0.285390902 -0.363422645 0.412592715 4.058128994 2.246375708 7.396179925 4.829636176 -1.764628429 6.892169026 2.429774937 1.854008747 3.562780870 5.253233004 7.216345079 6.879656866 6.870550627 2.549933820 4.462300222 4.408798593 6.485098664 3.050265836 7.852304823 1.174979391
25.563179275 -17.486370106 -20.100656648 0.721593609 -0.315224048 -0.356023343 -0.503173770 2.305805382 -1.920033917 3.489439014 2.402289300 4.699959318 4.376869158 -0.065703361 1.586857128 7.401596124 1.221205799 4.612710105 2.525017970 4.983386819 3.552734569 11.642356909 4.522568281 1.763061155 4.134496846 7.178991842 1.978710079
17.885820752 -17.364001929 -13.375419097 0.811883557 -0.322467400 -0.486677681 -0.002167916 9.863206576 3.586807238 4.466985449 4.442431855 3.598366361 5.312954411 5.324864273 3.504376512 9.292141833 5.016710584 2.727836397 9.628217542 6.415575213 6.157532069 8.517784427 7.061976399 8.950984347 2.558241897 6.929161038 6.911357117
26.065674780 -21.036942014 -11.015680945 0.860502740 -0.095201185 -0.359527690 -0.348154576 11.652475280 6.966718859 0.587433559 5.558302136 0.256584257 -1.273226306 2.563070832 3.913517486 4.806557888 0.677168450 9.463778316 6.230216405 3.244091037 5.533310634 1.629096103 6.355627815 2.438140662 8.009859344 9.755216858 2.679965133
24.288472922 -15.583275400 -16.868528014 0.787088736 -0.038867760 -0.426054523 -0.444362646 5.791997430 2.507373891 2.831076989 4.740958944 7.691494030 6.454140732 2.123029959 7.555994354 6.496772255 1.273282250 2.554878537 3.542232652 6.468416413 7.899426288 2.501670429 2.468726005 2.377207635 3.232817403 7.767773809 6.402050911
21.535190125 -19.400787983 -10.396768429 0.870889769 -0.212162299 -0.375381743 -0.235853168 8.724880959 0.429964447 5.057123328 4.204702681 -0.884701834 4.621337455 -3.244220686 5.658495514 6.250774996 2.335778845 4.775633491 9.308876420 5.257106196 -4.506410424 3.769286029 5.900758496 2.783183507 -0.827665154 0.742472961 0.422137213
20.942599712 -14.739029003 -12.181235514 0.900560149 -0.133960025 -0.298565501 0.286190097 8.168693282 7.904616229 7.656201185 5.254438899 2.482193227 8.355842044 1.359231594 2.136428689 0.143452512 4.230369723 6.495428084 3.956904567 -0.996876086 9.241018559 2.067126499 -2.407227441 6.509611373 0.295950338 2.091723553 5.217380413
20.168989183 -11.797752864 -4.236366430 0.832826294 0.017474717 -0.455894932 -0.313456232 1.203930103 -0.225182755 4.739401057 3.643939319 1.064362792 -0.169096728 6.406980178 -0.751460304 -1.838330168 3.273390574 3.770062593 4.693699973 3.368305641 5.215001574 4.562021187 0.988341927 3.412005930 6.249945965 2.604519740 2.636737727
20.361278554 -15.484327628 -12.022780522 0.816793425 -0.110240092 -0.274993754 -0.495049551 3.464831387 7.698678806 -0.023604265 2.991721879 5.261896508 3.301369102 3.713918088 2.993161719 4.938865947 -0.285026680 4.243770909 1.661593525 7.658653946 3.066501201 -2.139713100 0.640066777 -2.336895968 0.171785283 -0.052645197 1.742438729
25.882049024 -9.060091821 -21.168835087 0.828824248 0.050524576 -0.549051092 0.095081712 1.033807609 -1.751646234 2.971284497 7.308731579 8.227797048 7.131231511 6.302720556 1.390138375 1.476052728 6.574546682 9.792798602 3.680945690 1.841413544 6.623685541 4.084382763 0.736612339 -0.689823613 3.258938966 5.812281434 4.144780190
22.950151240 -10.292262136 -18.150857324 0.825508602 -0.056707528 -0.383536631 -0.410145653 5.782094364 -3.534343555 2.914403996 -2.706107942 1.659754833 7.014544109 7.933595716 3.127626052 8.542425178 8.394451746 4.972017716 1.251789282 -0.344734787 1.283047340 3.898710366 9.121603156 4.229774008 5.915378741 6.038295161 -1.186721914
29.353175935 -7.907589340 -15.929920829 0.796153324 -0.192312513 -0.563050711 -0.110134823 2.806750896 9.100356235 5.699973783 5.285919458 8.590754744 2.427631868 -1.674601292 0.410840912 -2.956801589 4.042319596 3.572812248 6.288177684 4.045894546 5.630461734 1.245339756 6.370053839 2.909518593 1.547115071 7.073977059 5.716349970
18.696116028 -8.017995708 -7.833909258 0.762867133 0.307473664 -0.351781192 -0.446926926 0.727757108 8.963513288 1.504198679 6.495805577 4.901004779 9.813417696 4.030276756 0.815659001 3.938884280 2.071538274 2.135974603 9.164867608 7.004396896 5.150618386 -0.703225954 1.990747232 3.033911089 5.351960644 8.656303311 5.574726966
