24.719019527 -4.850561327 -7.723604650 0.941991293 -0.016171721 -0.269006241 0.200066292 4.217989533 3.248226001 2.929563272 0.841909053 0.402958186 7.614884491 4.227266985 6.204492795 10.545712280 1.662575411 4.069137986 5.871753960 1.388830804 6.045083602 0.726702351 0.671389483 7.881951811 5.506568110 4.528730766 7.471352553
15.015488410 3.912635548 -19.474899716 0.980436191 0.157073771 -0.088385611 -0.079124524 1.371629345 4.432198013 3.999416543 4.190041408 2.209180579 3.340330781 -1.616060331 5.972760956 -0.220153119 7.766353918 6.168881601 3.134508703 1.905695557 5.361866543 2.259173924 1.780192798 2.784551803 1.143686763 4.527857525 3.268714538
22.558721447 -7.161634836 -12.702782277 0.778511719 0.004885568 -0.444830389 -0.442743221 6.448378156 3.705882897 5.471431250 3.069163479 2.945676070 1.607180156 1.647068945 6.623408418 8.288938664 -2.390642380 7.062047131 -5.927859738 7.883230207 1.063626562 7.743255492 -0.522281017 8.141180825 -0.232608985 0.920794346 8.431911278
22.836301016 -5.012448287 -14.090768961 0.876852450 0.053614223 -0.350024936 -0.325173553 2.847963640 7.633673203 1.501353013 0.722653571 10.666246500 2.404754928 5.206903827 6.395303514 7.449293487 1.384300309 5.077369521 4.650052181 -0.689402460 2.639392819 -0.587044958 11.284533450 6.426414967 6.392435151 0.961445895 6.077067952
16.246369520 -5.731722586 -19.919369524 0.918702099 0.252684653 -0.298484501 0.055171751 2.751553701 4.165442986 3.853197033 3.193593838 -0.694364643 2.657834384 3.882270244 7.079475056 0.934324728 -0.187195938 5.539183715 0.982319854 6.092074145 3.404925003 8.994594298 5.563112903 4.856866528 8.615526502 9.101405267 2.441201260
24.246752374 -3.282563631 -20.575050094 0.892279726 0.013118768 -0.371805716 -0.255783693 2.537138900 3.907442669 7.131192904 -2.953162502 2.721670111 7.006163383 4.487219296 8.884972503 10.724945319 5.215353958 1.405957057 6.068835261 1.425050134 7.115792828 2.255306491 6.698755938 0.416416985 3.566763811 1.811556733 4.241786477
12.557053305 -4.238568074 -14.841003359 0.732559723 -0.055227366 -0.343936664 -0.584819426 7.495608272 1.594122236 4.445726977 8.721676775 5.897503144 8.082675377 2.151555632 0.463700676 1.796688452 6.000190364 2.420169512 6.240826791 4.309479586 2.920897094 8.643387765 5.549034801 9.818469466 12.311164936 8.302765861 5.390634054
26.765446715 -8.410316059 -14.608574367 0.791940835 0.003344876 -0.469668658 0.390166474 3.179351708 -1.186176781 5.261704352 3.587270678 0.850853412 2.482564020 8.492157441 6.073179379 7.406952014 1.342082723 1.855503349 6.211472737 1.972602455 3.738167770 6.325192561 3.782309113 -0.248588051 6.044544277 2.225529320 2.746825484
17.380952633 -9.173419656 -19.880689011 0.846913908 0.209888499 -0.467046747 0.143356151 7.960485297 4.301595057 2.427605085 8.689540823 6.539644738 6.732623956 8.634126339 6.788726024 0.864116064 4.295736294 -2.761312946 2.996284889 4.439860168 3.260713657 7.198121443 -1.060638100 9.345944617 1.397321370 3.726434830 2.169786212
25.563565504 4.811064186 -14.870592243 0.732706277 0.221148639 -0.597584084 -0.239014757 4.986953406 0.494888938 1.249113846 9.838999593 4.602224392 5.482617717 5.605957394 6.292459894 1.828093775 4.641612614 5.311649424 6.241222325 3.952972437 7.751969421 3.218865364 2.775211528 3.339233619 3.268401998 -1.067523714 5.454715915
26.248226499 3.375866607 -10.100040562 0.851859232 0.216539353 -0.287840849 -0.380255444 -1.297022177 6.992010974 -1.860983103 6.913239663 5.291197434 1.962678462 1.094340588 2.940988265 6.096743491 3.131282757 -0.179725615 11.711456717 3.881427808 4.587020737 9.889290083 1.197904323 3.151702560 -1.544493991 2.595201205 6.554352339
28.195353646 -1.710140359 -19.571246933 0.770514844 0.204632952 -0.422139551 0.431544239 1.266917187 -0.950107132 5.479301457 -1.180817530 1.119751130 6.668700621 0.017097169 9.202386021 4.578102918 2.613119713 1.765161078 0.694753384 5.264646133 2.550468721 5.225275469 0.449036706 6.970208696 0.925217520 8.809995798 4.293161993
16.067849291 -5.181122154 -7.530072363 0.879887673 0.195799369 -0.425729918 -0.078830996 3.674569960 4.639394763 5.992584694 7.786477256 3.116299901 8.498376228 1.201764018 2.912023371 4.803909192 3.423225273 2.325788185 -0.480261917 2.796189490 -1.666933351 2.606682520 4.277158673 -0.284303549 6.007945298 2.421897406 1.850387761
16.901609265 -9.548719651 -20.064316373 0.951271499 -0.141356647 -0.179844693 -0.206776983 6.152023914 0.071884912 -0.580243949 5.244279922 1.531615740 8.403813752 5.161841572 6.881151077 5.264606673 -0.150313131 4.729759385 2.974525197 0.039627033 4.249057366 1.620024964 6.492166398 6.764607043 4.064695263 -1.479145854 7.974919228
27.542998993 -6.586295168 -18.654786575 0.876696074 0.132488875 -0.461426933 -0.030592097 1.138712523 5.881916040 3.730295464 6.667094285 5.925978171 2.198332299 3.801171581 2.095197924 -0.933753375 2.041699734 9.105249453 3.042084432 6.830009489 -0.384031596 5.808168348 2.186750700 6.747837633 7.826790821 2.751018735 -2.123048438
20.372659566 -2.221831440 -15.532089012 0.747173471 0.082094992 -0.622598964 -0.217629840 5.675528650 5.647424949 3.287678973 6.592903421 5.961588554 5.938334225 8.767147910 9.236671888 4.375126805 9.341250094 3.738297503 2.100739491 2.184759957 0.759894926 7.617456767 3.124343773 -0.428013673 6.177415155 4.277214276 4.279349417
14.235666511 -1.315242118 -13.252778871 0.838323805 0.396349112 -0.150948465 -0.342542174 3.191636555 3.779953476 5.223224849 2.598959803 5.908262019 -0.508481212 9.426441977 2.701554226 8.655339608 0.763181257 0.077979636 6.537406011 5.008743554 -2.395077163 1.971904307 5.161793545 1.639893227 4.073823547 9.506984536 -2.004753377
12.089004084 -2.690584368 -12.703992932 0.721777309 0.539532717 0.146884588 0.407880965 0.964548019 10.137392605 1.227970988 7.211193776 -0.458146399 2.944187863 3.956796355 8.252689222 5.927164612 10.322542665 3.924795410 1.031029969 5.428183481 4.171077886 2.804656644 6.394723351 -4.428509565 2.558483058 6.679946787 6.894580551
22.960438471 -1.310687663 -21.550742411 0.797736342 0.366452113 -0.427625036 0.215560677 4.860489863 -2.813525328 3.228851813 4.257764449 8.264228340 6.807566372 5.158744858 6.955302174 9.973494630 2.411437275 -0.191627772 7.750337795 4.317654055 2.510421863 5.224646088 6.930323024 8.307231716 -0.613157752 1.430226833 0.498357911
19.022411531 -2.646733198 -11.334879157 0.897591048 0.176242505 -0.369015290 0.164610466 1.983145914 2.484186805 4.793136124 10.839150646 1.430628756 8.513985071 -1.050283185 4.499470251 0.901637108 2.847614614 2.072508811 7.428161131 -0.452948617 2.354418097 4.622033890 2.175215992 -1.232561708 6.795148885 6.618121515 3.155240351
16.940029318 -6.663274672 -15.977479885 0.955640945 0.035901854 -0.288627499 0.046428529 0.086394346 2.169827839 1.357777990 -1.374587023 4.910154134 -0.989631358 -0.481526468 4.505729892 3.888237107 7.997639412 3.484582329 -0.618282160 -1.274072375 3.414280187 2.632542275 5.254609227 -0.129196748 10.718723343 0.837743834 1.390618621
21.828885827 -4.920399075 -14.022355303 0.881784586 0.097082667 -0.460889510 -0.024733771 2.690075717 5.899517715 7.211728925 4.510389145 4.590274917 4.071149305 6.543982294 7.216977129 3.706240094 8.270271260 11.916222029 8.693725809 2.637481708 10.881274567 4.801542452 1.531123442 3.540853678 6.410017779 3.813262838 3.637384759
28.574044193 -2.626547168 -12.809916987 0.841123082 -0.004225962 -0.537240206 -0.062185719 6.063183472 1.191002322 7.231931790 4.540220858 4.370626076 3.264867284 -1.017819400 10.110573866 3.831363385 1.840282022 8.624153953 1.757853171 2.987137255 3.699433473 1.139920846 3.859126209 6.960673114 4.466518882 5.408816775 4.441971861
25.409912837 -0.146621466 -23.083825674 0.867251646 0.102092579 -0.486673995 0.024497146 4.827842785 -3.428742260 3.730146377 5.306630272 4.345945488 0.426358890 4.314363827 9.808263539 3.657733721 0.748872499 2.331879317 3.349384338 3.891236660 -0.049524744 1.683964122 2.162933305 7.093447754 8.014477109 1.984442762 3.487149995
21.204671492 -6.679754985 -21.424811332 0.761510983 0.164745886 -0.511230884 0.362771001 4.424612709 7.415457748 0.578804192 5.093985115 2.734984910 6.853367824 7.911643476 2.651536096 4.545901691 5.125580039 4.032587386 5.365770572 5.498201679 -1.510994021 -0.775076264 6.290933043 5.682868749 4.892716273 -0.918371624 2.998421275
22.892113959 1.935207642 -19.781307633 0.887700498 0.204004957 -0.412611063 0.011041464 9.791289190 3.404707163 12.060328853 2.795142691 -1.654480137 1.767715509 10.000472303 8.577840609 9.724431223 2.010032996 5.490892444 1.753058903 8.437121452 0.366005352 4.081226035 5.148649543 5.688655591 2.076938610 -1.675334496 1.833178453
21.894491472 4.797853782 -20.188105635 0.847233173 0.292270969 -0.389494110 0.212292179 2.511826776 3.538299565 8.436697137 15.125479969 5.008404035 2.257251164 2.208867466 2.288971795 7.497988574 5.633139671 4.275626884 4.800239584 3.726012562 7.800473323 5.245988126 3.904016144 8.996887087 2.920463668 5.400038968 1.276427138
21.602709166 -2.600874814 -5.641115292 0.754784188 -0.167082708 -0.516310366 0.368521104 5.492573886 9.437998716 8.833085277 11.109468114 5.205638103 0.223792403 5.531815452 0.664794563 6.086949745 2.923893121 7.830098983 4.900204628 0.093793460 4.747067759 5.481557173 1.557133912 8.456733256 7.382287282 2.006675043 3.925653041
15.801318160 -5.001035384 -9.790388720 0.870524033 -0.038162326 -0.469374973 -0.142893947 1.702036679 3.576318707 6.655677157 4.308490134 1.559135471 7.781023481 0.321088544 6.482819815 2.937838695 3.615618203 6.643623365 5.441067026 3.483470355 5.671500401 -0.415189843 8.285220914 3.935832575 3.459159168 0.650132901 5.327404539
23.237999563 0.571198536 -10.436475216 0.789053536 0.264091893 -0.509293092 -0.219705567 4.746226875 6.535591656 1.707096277 3.792778911 -2.348343712 3.139173226 5.174945756 7.954567315 7.130000406 7.856623217 8.765280971 6.574023068 5.484309726 -2.526825732 2.569986919 4.673210093 0.280642987 7.175052429 5.434702350 2.401597063
24.041231711 6.105214049 -10.556052284 0.834523405 0.305845180 -0.437770596 0.135596152 -0.468002845 -2.017911422 3.334757677 4.759911724 4.162490708 4.140477109 2.751529513 3.245664335 -1.576129403 3.496387560 5.896003660 4.638856928 0.428339284 0.687145811 2.866612450 6.790849881 -0.351091498 -0.275884333 8.622307175 -0.471940587
15.745668238 2.334962284 -20.848105423 0.962774119 0.130703762 0.188259251 0.143321235 3.358798921 5.114068548 5.797777887 5.847044337 8.573794597 1.447192304 -1.594168146 8.808786020 2.560844717 3.876540423 4.849053325 8.222618259 0.179590729 3.532842656 1.308618925 6.191586045 11.380211962 8.664742596 3.302813330 4.826413793
25.147372061 5.208289384 -10.594258629 0.953727353 0.166525618 -0.247386680 0.038382096 2.768514061 4.085508000 4.518823223 4.286927610 3.903884401 1.031561799 11.849487940 7.977378025 5.010345624 3.151723732 1.618517924 5.663813233 3.216702474 4.913538208 -0.292868863 3.419087246 3.419672202 2.965135586 3.201184235 5.134309013
16.452430135 -1.308492556 -10.450203203 0.922112022 0.271901819 -0.253668789 0.106915697 2.184976523 2.955133959 1.266116361 7.838898137 6.484714746 0.025011568 1.399980082 8.002436012 5.649551948 2.441411701 1.349353600 6.066568424 3.828523260 4.318460950 -0.873403926 2.343924189 6.066715891 1.357619974 2.619221303 6.456078946
15.445094397 -2.229355581 -20.829420928 0.812751764 0.348624489 -0.388230126 -0.259177362 2.337566571 1.332412355 5.061871900 2.776041418 8.361311012 0.924270543 5.268875130 3.926917322 0.053588824 3.628711096 1.825780503 1.161192005 5.153234755 1.794873571 4.709851901 2.291621830 4.847280102 5.984045767 5.780275991 5.721249520
14.897974671 -3.436911601 -16.812349921 0.818259306 -0.087066867 -0.380890446 -0.421655709 3.774765564 5.594248143 0.837410387 0.962247261 2.733412229 4.431854935 6.385648578 4.822087833 -0.247223356 2.406093552 2.628168611 8.632893086 4.961635471 5.701043337 4.341024518 5.151230602 2.813512902 9.244587506 3.390654496 7.384743583
13.549278128 -1.720349233 -12.525620581 0.942834372 0.243893339 -0.156627187 0.164460665 3.524046245 2.419737495 7.540485469 0.755579709 3.861346192 5.833957951 2.172332177 4.132125976 -1.729555462 0.684525338 0.755114195 2.605499911 3.128696234 0.179146554 4.701348926 0.618302852 8.583403328 2.580986492 4.984204112 6.531990538
20.014580720 -1.652268691 -8.568039672 0.845971123 0.332483765 -0.392679226 -0.139965820 2.676627532 3.746887850 7.422061605 5.740828514 5.965198519 5.918282867 6.569370247 1.551103421 8.541847184 5.229061895 4.247066987 2.164745469 2.050412418 6.753338552 8.512349894 5.074369242 2.998954692 6.285111892 6.169811039 4.665603011
16.974469078 1.308064657 -13.538420793 0.714205273 0.238310868 -0.646978774 -0.120570413 4.080566241 1.979776014 0.491003986 2.241872643 -1.870065931 9.182022275 5.001801279 3.246070538 2.287341898 1.714767124 6.484645539 2.773960517 9.062482027 6.108125449 -0.468337063 4.132098234 -1.782170546 8.546454695 4.256322800 7.324615994
21.958722166 3.969258479 -17.296062413 0.811649819 0.193278430 -0.373298085 -0.405606410 6.176853949 6.084785802 2.481705338 9.656886603 7.194254263 0.976635429 -0.798911041 7.371492862 0.032885594 5.680102883 3.150268739 2.740253119 9.266048308 4.683909154 10.629030787 5.667628790 1.598812956 8.269197268 3.843560008 3.466153011
16.794106496 -3.579997910 -23.211627078 0.790188423 0.215078561 -0.531491668 -0.216471881 3.128417642 4.895295632 3.744573278 -1.543437792 5.465138203 4.151994399 0.162495610 4.595761828 5.312062418 0.247474608 7.053243153 6.405072664 3.322091518 -2.026559020 10.166147535 3.895868037 1.413099058 3.748007527 7.315345395 -1.240646603
16.738386331 -1.391920456 -18.710323268 0.732111189 0.250185893 -0.569587685 -0.277470891 3.864633626 -1.230838585 8.284672051 1.949482220 1.525467073 3.472279543 10.125130046 4.419189380 7.494200861 4.510701928 -2.189726564 8.010743785 4.137614107 0.308041521 7.438223633 4.533302404 5.815945982 3.374930020 10.801030217 5.392449845
23.796120475 5.392846638 -13.545429154 0.885788832 0.139352851 -0.442545405 0.010606232 5.683852529 0.473721816 5.063534917 9.467480144 0.672323125 6.528216631 0.651905632 -8.766853227 8.870486839 6.239662632 10.590388299 -0.452859233 2.983801727 6.194264474 6.302501235 5.895933803 4.806458789 3.871517320 3.092222871 2.199840149
18.896286369 -5.344496606 -6.185794599 0.769636249 0.316456110 -0.553496194 0.034022614 3.184610518 0.528854154 0.759220846 3.192641401 0.336890623 5.380242520 4.337031121 9.662062651 2.745994172 2.745624415 3.254502393 5.601849275 5.462994899 3.446233141 7.301849450 5.719363039 6.354160360 3.275546053 1.282576600 2.557933204
27.496931925 -1.002970342 -10.340204842 0.846555398 0.197879948 -0.492214208 0.043733951 7.083088571 1.345206390 3.146255879 6.486593167 5.543701095 5.902235161 2.407675475 9.057804064 2.386785898 2.283274826 7.528567518 5.787566451 4.570602780 4.076646693 2.891460654 3.036552342 -0.764649182 3.405755001 1.580739916 5.353586260
30.372731224 -5.214407015 -17.237443644 0.938632849 -0.038155861 -0.338380508 -0.054873827 5.586042622 2.675046610 8.878646702 4.330575334 4.936410154 1.940946232 8.733232318 3.856046492 1.874265877 4.024533448 5.949018877 4.215648632 8.690538916 4.337655213 0.908119893 0.415704290 3.814023936 5.842551609 6.050205943 13.643635788
14.611626206 0.937324343 -11.833790626 0.768529930 0.412767518 -0.480209086 0.091563947 8.396937142 4.616774002 3.559557432 8.125365810 5.653669089 4.325533616 4.022249921 6.169932262 6.452543800 3.484663308 2.183352109 7.011563880 3.657402135 6.200491625 4.082088584 3.268952327 6.100167586 5.876242149 -2.293389979 9.149466415
25.712528205 6.560964619 -14.042206915 0.835602541 0.156372168 -0.379187174 0.365421983 -0.240650166 6.343617947 -0.645327628 1.990965498 3.808098039 6.789649682 8.393605767 8.427105846 5.543052284 5.691333413 7.705970539 10.091828930 4.877207608 8.502751916 7.058637671 4.385745471 1.296774882 3.896883142 7.690875999 4.876260476
22.913815935 7.081489133 -17.005403191 0.754460286 0.375460563 -0.517437573 0.148584655 8.242917934 9.031706283 7.366532736 1.706939579 7.205069076 3.718925695 7.220746589 2.902921643 5.718627127 -0.086816448 2.517120252 7.740730019 6.438028919 -0.043763332 0.923083068 5.909173106 0.085626452 13.216145189 2.782221112 4.004365523
18.411624835 -6.051478052 -7.443969898 0.849432131 -0.004600129 -0.526881949 -0.028970755 4.178974221 5.119013292 8.536000555 2.950684671 1.844623720 4.222126617 0.175032914 4.354928249 3.523242176 4.159255156 0.997407357 3.841243612 2.810243053 7.201091483 3.357206957 0.675710059 4.452374009 7.222573532 1.785588982 2.784305574
19.196965574 -9.123259340 -10.580575022 0.714665037 0.149186150 -0.672406113 0.121931934 7.495398058 2.237053234 3.713992445 2.646674883 3.985370544 4.717674828 4.984280202 8.838304450 4.794640567 4.972736012 0.078307387 3.968512262 1.969806293 6.642776202 10.404882990 2.133785635 5.159872006 4.391313675 0.890392054 4.286442188
13.318148083 1.256246676 -18.650601126 0.770482940 0.435228934 -0.097267139 0.455489756 3.999693790 1.602031308 5.715104833 3.185852664 4.993056727 -2.061538626 9.146013516 -1.745583370 3.333514604 1.932405712 4.795897440 8.614547095 5.714457611 5.646433495 1.365759667 -1.371160739 5.352285029 3.652428194 1.051678848 8.408745476
19.207967825 3.367781873 -15.452638779 0.763137091 0.466313442 -0.298294255 0.333457781 9.318400154 1.146747588 3.377206786 0.699369959 3.444420995 -1.833276470 5.128730124 9.024584179 0.283200222 3.780188649 10.245455006 4.854086310 9.448563677 8.544131214 0.827686562 5.961283886 12.483252897 5.026281951 1.229874644 2.925335351
22.558484662 -4.035483122 -8.208295123 0.845389219 -0.136518792 -0.369674809 0.360583172 4.926905959 5.373223809 1.787597017 2.268236047 2.406599296 1.196883595 4.557877656 1.329362425 0.707107908 1.010016775 2.923876695 3.719073183 1.381944018 7.743700542 4.085837219 6.642465441 2.107017524 -1.917993889 7.218908180 4.996246503
14.432960575 0.415886756 -10.599587770 0.926983910 0.148825651 -0.304548402 -0.160630095 6.647729269 2.027182536 0.158559202 5.729618361 5.024591802 2.414277430 7.682341780 3.065210302 1.558181168 9.228289078 6.567753570 2.100216074 5.238646431 -0.628565089 6.998711218 2.192073248 6.349436146 4.123576852 5.534405397 9.576907753
24.786263700 1.946987107 -17.802286780 0.854007146 -0.080114258 -0.367976469 -0.358952391 -0.555025862 4.523544869 2.167956398 7.093683620 4.700183237 -1.020557465 7.099936882 0.164866505 1.860813078 4.289261567 1.924018379 4.517595276 6.980142912 4.329733399 -0.304056375 0.942453211 7.096819646 1.137325661 6.540347460 5.818507347
20.420444992 4.674248354 -15.663142080 0.812205852 0.380113377 -0.276496408 -0.345521650 3.557533219 2.253621842 4.593614818 2.775944111 5.216326490 2.120458931 9.247886331 3.799050211 3.890903377 2.237731936 6.527176180 2.757045195 3.291834167 1.349752702 10.059827891 1.812770564 -1.337498305 4.694898943 2.077433109 4.025092335
17.444363036 1.922368131 -18.532362966 0.901866724 0.328111757 -0.248849137 -0.130587877 0.912592747 0.308371668 6.956820240 7.252302574 6.954689810 1.441896541 -0.294105113 5.849229397 2.797505275 -0.281474050 -0.230436357 5.492890589 9.508855761 6.778915956 5.406538803 2.579616482 6.796976600 6.134811287 3.339004293 3.186439845
25.040629468 1.782446815 -8.511182613 0.790689885 0.231367287 -0.563109210 0.064704728 3.942131475 3.447116185 1.947260427 9.582807424 2.333160817 3.320511793 0.065421838 6.627321603 4.862739904 3.499135294 2.894541794 3.778934070 4.727680069 4.710463572 1.546223871 2.713929359 2.048576407 5.203654095 7.882319025 9.773540709
20.803253944 -5.872386684 -8.852400282 0.826389701 -0.176210574 -0.375573300 0.380755292 4.767842316 4.246976212 6.196104764 6.923855817 6.412839911 5.848296493 3.684019748 -0.265759152 8.279825353 4.920582053 3.564943442 6.866135118 10.906373317 5.023526957 3.198005221 -0.232333166 1.389926514 -0.401998932 0.021580643 2.304109719
17.215926465 -0.737666290 -17.083745146 0.814812782 0.383296562 -0.301051827 0.313897553 1.027379685 4.906910068 2.158862106 4.939134165 7.753704370 5.700866140 0.919868309 1.539354845 2.825681246 1.276162055 3.428477683 5.605380728 2.796999263 2.799011811 6.864251089 -0.513555761 9.219249348 2.511571422 2.116526434 6.753107905
22.529569052 -1.804517072 -16.064630246 0.764818170 0.337356243 -0.478387492 0.269052668 2.909319171 -0.040547635 4.931337492 4.169087395 2.280104041 6.466895840 3.499673128 10.154568820 0.315775248 3.775554336 0.768211887 3.521429961 4.062369042 3.884070542 7.651413615 7.575109405 -0.059460711 6.785457202 1.076377481 -1.172550342
20.137150742 -8.383899857 -8.745853202 0.747685605 -0.099454341 -0.527102428 0.391456385 2.139844332 2.418542585 6.526446751 8.334224038 7.992121120 3.905603350 5.343884833 3.002892164 4.101856361 -4.566466481 5.071308701 2.388754227 5.062206036 3.867534093 2.402794797 1.067525392 2.593731464 1.172845523 -1.215854186 5.430696983
17.598672207 1.059098589 -23.499734770 0.828803075 0.228117190 -0.490273088 0.143806500 1.919020368 5.621333908 5.627666983 2.359366727 2.988313007 5.619930845 3.402676176 4.160765263 1.634683218 3.819133822 4.846230673 -3.103889272 3.667990911 4.871300590 8.594934256 -0.070621495 7.918759632 6.715348570 7.910135072 9.241322225
16.788554819 -6.523892874 -10.839380050 0.839493425 0.347583828 -0.370522292 -0.192742063 1.079760599 6.110343272 4.848419082 3.568244270 3.521878722 2.025826128 4.228123453 9.413706949 5.430201693 0.940652905 10.453230285 -1.320875774 3.896959067 -0.621671199 8.476810021 5.206083819 3.621932607 9.040645641 11.009111726 -1.350952984
22.759828683 -6.199248782 -9.125889247 0.833181891 0.030794917 -0.386462734 -0.394342700 2.055680010 4.191223796 4.451255147 7.128737158 5.408744396 5.815256484 1.533516748 2.452842554 1.477416893 5.472622532 6.281659573 -3.543255035 1.287519685 0.339859939 -2.610125709 4.143792248 11.779702633 7.324397171 0.327169065 8.254056385
17.123578504 -5.267603308 -14.390192061 0.818854054 0.139238526 -0.549456133 -0.090491045 1.767679505 6.414643467 2.927435647 8.371712932 9.303307302 -1.759920402 7.021777938 5.890963696 1.341976116 2.919010232 -3.355142316 6.096692701 6.735329335 9.644644465 5.623565074 5.585217621 7.312301213 1.161782833 5.774512435 4.538020959
26.306348551 -0.553893418 -18.871238624 0.877240311 0.084059892 -0.393508757 -0.261790431 0.186261529 2.332084782 6.419665129 -0.242015728 3.518738049 4.717051215 -0.277560875 5.736632056 3.220277881 4.790039158 1.862272949 4.033429964 5.981090153 2.509901233 3.570920102 4.514977518 3.593411880 1.200308629 2.785425415 1.321524693
14.066525143 4.475016351 -14.755049100 0.995796389 0.086974482 -0.021471897 0.019077425 7.546734783 3.147674565 1.032390149 2.286509495 2.184560926 4.556156929 6.468839935 1.320543224 9.739488206 7.884374850 4.568134195 1.801639330 5.748580279 3.582711681 3.827603434 1.100912798 8.932493177 2.719780312 4.680889131 -0.249340421
21.042769447 2.911815097 -14.847940298 0.930919906 0.273663379 -0.237731818 -0.044497925 9.903691165 2.245622976 2.983598781 8.433926798 9.442856785 6.225369560 3.898866078 7.331840392 1.400564463 0.258408524 2.849447479 7.880745309 4.013404700 4.285079790 5.710007318 5.471992962 3.939178619 10.051291302 7.875925886 6.097199272
21.921114121 4.056083371 -16.774611496 0.948011862 0.146175199 -0.230997331 -0.162931132 8.674787960 3.823005069 7.267683058 4.951854485 -5.493490619 2.760766447 6.371288725 -1.588052692 2.639939554 0.241572403 2.008843237 8.551155035 4.182416314 4.860214265 6.183231867 -0.345260919 3.832726291 8.133936178 5.759260132 3.967925985
21.342870940 -7.037823605 -11.910435394 0.901124857 0.128690281 -0.397933544 0.114287783 2.396920146 2.545180137 6.488642925 6.557653274 2.255028910 3.497892464 6.058647667 6.796119619 4.280922087 5.396275307 3.740518210 2.927380185 -0.408762751 6.742829208 2.881488037 0.347233387 8.795623270 3.104896606 5.866961419 1.276350821
28.543094342 -7.802863511 -17.288670499 0.731799062 -0.183296880 -0.656390449 0.004895439 8.178457520 -0.034776511 2.526817716 7.405049370 0.139609765 1.534284684 5.122395477 2.535726023 5.804784380 1.796698283 2.510143570 2.105484311 12.879819579 4.879658634 6.358200193 4.997788263 7.224920773 2.502226555 -0.939566592 4.098737471
26.211995290 -0.650017199 -16.466127749 0.882134501 0.103975625 -0.451868238 0.082721749 4.355661253 2.431616612 2.292927864 2.088203266 3.824486106 4.011076785 2.254091212 1.537877745 -0.623458183 3.027743076 -1.951958241 3.190033524 1.886737502 6.130952700 9.157319160 6.220697464 5.857793187 2.451263706 4.851179498 2.143805559
17.776088254 -2.010847294 -8.662246671 0.775088247 0.321437698 -0.542625959 0.038380769 6.235973950 3.074513349 3.773363933 4.956928256 9.155637544 3.078569864 7.702864084 8.313442008 2.590048203 2.266847760 0.967384542 0.063778352 5.626718312 5.364704586 3.933454620 1.329878894 2.656981545 6.683866343 2.331728738 7.059628049
16.403016205 -3.280455927 -20.959914963 0.973919205 0.042230967 -0.167140762 -0.147519128 6.170651655 0.901147077 6.113256550 3.686056369 6.097815325 3.318473657 0.235922895 1.543368151 3.396087891 4.710344585 6.010936938 1.973299289 5.954441967 -0.977963974 11.234699198 2.452856787 3.888657710 4.331993279 0.670035291 2.140501339
16.317223289 -0.104275205 -17.071992345 0.723070097 0.298276595 -0.571964203 -0.247098478 4.746076818 7.282429056 4.541738280 3.226757841 7.479240550 5.947531677 2.428147482 0.785182313 1.980726311 2.292149596 7.706407177 4.821477381 5.893053481 7.026199533 12.135217830 5.178796799 2.594658841 0.563287443 6.584252605 3.459159987
24.627330708 3.709373875 -8.460779509 0.890992607 0.206951674 -0.354193705 0.194550760 2.784824284 -0.382452306 4.111851039 5.428701874 5.006624911 2.876586053 -0.353492208 2.582118188 -0.588213890 8.927048003 1.181509385 -1.209453087 -2.202075486 3.655351362 7.152848905 3.671533262 5.104374608 1.966567955 2.377703050 2.268348510
16.686460213 -0.057730586 -17.488913181 0.810512604 0.165406208 -0.382969921 -0.411149783 3.840604796 -1.150666311 -0.936938071 2.459669987 12.743483830 5.426797816 3.779154134 -3.307978661 1.206721690 3.601649446 6.381028171 3.994364635 5.515213823 3.155245968 2.359394183 -0.863223858 1.570381834 1.085162359 0.634502765 5.335135942
12.963195342 3.522878816 -15.590717116 0.934663432 0.319750882 -0.082664548 -0.131644275 4.820736461 -1.524648943 8.521317759 0.592417251 7.008912629 3.054153825 4.513710937 6.834157247 6.855185799 4.388934765 3.852875176 6.988049954 3.624980467 -1.159636736 3.329196844 4.076775511 5.119503677 8.579368545 4.489067653 0.684037927
14.156082048 -1.318250738 -8.427486227 0.784543632 0.332001754 -0.412152576 0.323104285 2.866744978 0.867977352 9.228271080 1.403147273 2.461629829 1.891117854 4.217432646 1.745331297 6.698084356 9.913813431 1.606541446 -0.417413013 3.130104011 3.051407529 5.360596405 7.178755587 8.039907643 4.394645823 3.505084652 3.070207398
18.771740300 4.471572260 -19.986550300 0.959846904 0.043489963 -0.191834404 -0.200005262 4.542497579 6.940719855 5.955403624 4.090183088 4.901989836 4.644048650 0.461610936 7.328662908 -5.746828789 2.601896860 3.048369990 4.981134859 5.853140096 1.903883802 6.051915655 2.190365344 1.252706538 6.234718710 2.402789957 2.003724275
23.697803580 -5.381371735 -11.949947186 0.815403733 0.151268278 -0.428725892 -0.358369600 10.530089918 5.605381386 8.550186339 4.892208037 7.596576646 1.100978429 2.112066467 4.799401086 5.549369364 2.623572411 8.436112893 4.897726072 -0.224538497 0.634862277 0.004021916 6.290730786 3.396934752 5.161458926 -0.348649717 4.220605982
15.566162317 0.630720663 -9.890310276 0.813655678 0.330531364 -0.351410299 0.324382886 12.270757673 8.542775815 4.359898505 1.070398662 7.345066889 4.609028164 6.695790956 6.695169806 3.280337448 7.008912160 4.389267751 0.087415344 0.735056044 5.573802943 3.307323770 6.774599702 3.046081304 6.522648179 3.200703848 4.202241220
28.541732111 3.811490779 -18.386196412 0.845823598 0.164170283 -0.344804472 -0.372478772 5.431455914 4.787772071 3.291783380 3.905958779 1.587971160 3.046999663 6.719228763 7.419045294 5.415846327 4.764717745 7.545416929 7.884070157 3.043707160 0.321092431 0.949071114 -0.133067900 4.407769176 1.477155659 6.498120700 2.167608645
20.601182839 -9.632218104 -15.848795099 0.965108127 0.055346776 -0.254809249 0.023985076 -0.145943251 4.253654031 5.636332994 0.130184372 8.482823227 0.990904641 2.284710405 5.050808267 5.661284819 1.304058213 -2.513487806 4.080843163 2.828187535 5.956978622 3.182255103 0.607789118 -0.227898730 4.464380604 5.633514679 10.034201436
19.831736032 2.004180877 -15.036284787 0.721913388 0.503127660 -0.410808634 -0.238620795 1.634151596 3.015122493 3.884996928 6.095158082 3.037733214 5.462328264 0.891871682 4.886351720 8.461487381 7.094567504 5.509732345 5.087807409 2.013938372 3.467762909 4.015441032 -6.129038725 -1.132987014 4.828668795 5.837837644 -1.239978222
17.803719720 0.871208393 -6.647604063 0.962085463 0.153066532 -0.198837665 0.106891449 0.125900471 6.256406441 0.088973316 8.821499151 4.895092356 3.652679504 4.434601224 4.487063034 -0.653926462 3.706412350 -4.038877453 3.651703689 3.945403090 4.046137441 1.664426027 9.734334024 4.992217292 4.726626168 5.317396721 8.950249559
26.343697185 -6.501241424 -13.349262341 0.804946042 -0.083160292 -0.564176703 -0.163862389 2.898359699 6.892631866 5.970050936 9.976586371 9.541281882 4.711823521 9.199404926 4.212691086 3.949921040 1.676197385 6.415509890 6.451475065 -0.659432143 3.613099142 2.638596899 6.724776454 5.133995207 7.762692567 6.742617362 5.337428918
22.036301090 -6.166077289 -20.175257871 0.871429965 -0.312860675 -0.136144143 -0.352409970 5.102847131 4.807873715 10.775137576 4.453537158 3.502521789 3.824878242 9.085431955 3.434080426 2.611159224 7.149471723 -0.252222494 0.119360717 1.992455107 1.459283591 -0.207354180 4.435454787 3.868760039 4.211773609 10.308485386 0.980606882
20.418662652 -1.166333118 -14.689701075 0.947654607 0.210791956 -0.239357103 -0.015022463 1.814229802 1.817245870 5.729270675 3.331873160 5.318514328 4.579316618 6.646263317 6.654271888 7.620493975 4.668263595 8.006428527 -0.163982496 3.358866669 3.126587051 1.559691189 6.970370518 4.660364323 6.028206534 4.718104044 0.694093613
15.967846650 -8.339690638 -20.438908443 0.803903164 0.197719879 -0.465929475 0.312340002 -0.041947315 1.791952801 1.749851662 2.060429795 0.825122695 3.462528376 1.163606076 3.004886635 13.375630411 2.720141580 2.972798715 4.071663121 6.302167623 7.377473531 5.226159079 6.986522990 1.559109279 7.076532748 4.378509753 5.564159825
19.433831674 -1.301873449 -7.229330633 0.837739010 0.152887706 -0.488757761 -0.189564109 6.471993227 4.212316020 2.139604486 4.027447118 6.061851471 3.609351936 2.346393030 6.854453149 8.286657811 2.433802285 1.388064638 3.743816046 5.913527059 3.344400707 3.883523586 2.627456733 -1.163901630 2.746426467 3.261989302 0.240624726
17.534664819 0.737576930 -11.194101103 0.962288390 0.037046934 -0.267427080 0.033336694 1.256317916 3.750437033 0.559727411 2.079730800 2.080020932 4.653022676 -0.617830549 4.530724972 1.488475365 3.164062673 5.712015898 7.919749512 4.465341785 7.347402402 7.051896823 3.428229192 0.044321844 4.951505405 1.231392898 9.835825217
28.069619076 -4.959348546 -15.067012491 0.765345938 0.116139456 -0.436916117 -0.458106460 4.532894964 8.970051158 6.546856188 7.192173009 -3.077817057 1.924388971 4.091880223 2.998701313 3.797458046 8.158571782 4.952295446 4.133814002 6.043522770 7.500978041 5.852467871 2.835892228 -0.824734326 11.427768648 3.056220560 6.925060878
14.927861181 -6.535476585 -21.414404943 0.912936461 -0.251786717 -0.244379502 -0.208396560 4.374823306 1.227483859 3.066386396 2.327127607 2.916158815 5.436516916 2.349298733 2.948633177 7.062531130 0.305544077 0.203781935 4.492076502 3.758691948 7.778791747 8.383496517 -1.724550800 8.595665311 8.660264274 4.755130646 -0.684432597
18.412200237 1.485596353 -8.121041759 0.718191411 0.290159296 -0.536645251 -0.334694719 5.784992568 -1.158363303 0.714283499 3.245115990 0.599183938 5.995464098 3.817563295 7.813189859 1.655819304 5.348285670 -2.260629292 4.287614452 5.784350094 5.069338002 2.877249529 2.609850453 2.893929741 4.758120339 6.561820945 1.012030712
23.085854914 -10.177934500 -18.326963731 0.854619094 -0.097271531 -0.411492785 0.301393666 7.678487944 7.734556219 0.388961105 6.611260650 7.191178322 3.267378022 2.368167609 1.245488136 5.725819021 2.058555166 7.950095567 3.546754957 -0.938744264 2.769796536 1.007000271 3.571755413 9.092040203 4.812651181 6.254163511 3.107563895
24.214916878 -8.466981904 -12.856547741 0.833966421 -0.021309679 -0.444667955 0.326061829 0.970937198 8.348054747 3.287687107 5.000231961 7.452648367 4.369970383 10.471397852 5.395636042 4.974655459 3.472657540 9.425443149 3.724094489 2.275897060 2.797498433 5.480934834 1.598565560 3.268731383 5.081667052 7.203109264 6.279093027
23.573111531 -2.642925230 -11.977075631 0.937661230 0.110658961 -0.307986023 0.117006933 1.938473342 1.535066470 -0.636822143 2.422055511 5.937080303 4.355939755 -0.245499372 3.361460540 6.001290320 8.831103752 2.461686024 6.090342609 5.342424542 5.709371452 6.276200577 3.017587795 6.865962308 4.082012415 3.745060352 5.211104570
21.600711203 -9.418619086 -21.891544327 0.895885402 0.059797812 -0.436361068 -0.058331693 6.578743586 7.203054743 3.702415448 7.304777614 3.651739320 -0.078599212 3.302568555 6.193086720 -0.254875145 4.479049590 2.800612544 6.638844467 9.435195775 3.448173518 2.892894577 4.793464203 4.665257519 3.785947453 0.217318030 4.374420634
17.618116371 -0.885630760 -19.060036475 0.737426404 0.333164322 -0.535103871 -0.242626627 3.874521562 7.955033446 0.947375548 2.329569246 0.794934474 0.250844993 0.050665779 3.883695106 4.793624474 1.583643179 4.402382301 5.253069360 9.794553867 4.911715097 1.848038206 7.085300798 -0.061464364 8.265726973 4.079322952 2.794985010
13.410249344 -0.252428242 -16.540558659 0.923466546 0.199744632 -0.206479632 -0.254318269 0.999049205 9.645721542 3.993088478 3.399896453 0.694908934 3.550828895 6.398076848 7.139092455 2.787716204 8.337820005 0.144738181 2.514358587 4.077060702 7.445180057 8.119401404 3.715789160 -1.799960569 10.507767542 1.557440678 0.148181404
28.555188105 -0.557228855 -9.532608396 0.848968819 0.095122779 -0.514610163 -0.073348355 4.666433127 4.004357424 8.879985197 2.031785543 5.910573460 7.889692187 3.302390961 4.725635380 3.632759639 4.884883942 5.938296243 -2.592987871 4.558876958 0.532545872 8.389603569 -0.814612777 -4.395612695 -0.229445419 5.328309313 0.247795528
16.854598205 -1.425573552 -17.920227408 0.870673669 0.307763936 -0.298858031 -0.240608810 -2.793296815 5.157452664 4.890046349 3.460905832 7.233561026 3.799351465 7.992584182 4.969544962 3.783106948 6.065272211 4.308526310 6.357697230 2.481544173 2.052917537 5.608725118 6.964127657 8.678662987 2.584031350 13.122824537 3.189522078
21.143856821 -10.083206616 -15.458680599 0.925232782 -0.009027223 -0.378351505 -0.026701053 5.364170829 3.627753271 2.631746711 8.167024156 3.174126422 7.565776870 6.243264193 4.687538582 13.263164442 4.371718296 3.811313775 6.406132658 3.858726697 1.011608261 3.044772843 3.620004176 7.211964673 1.132151500 4.802458265 -2.195780107
22.620269767 5.933082040 -10.216305617 0.843812837 0.204243418 -0.368536522 0.332333197 4.395699666 8.123835181 7.312054489 4.606944074 2.206725261 8.276528754 9.958648756 3.522364202 4.822322149 -1.118679427 3.211048526 4.170976227 1.806002612 4.166324350 3.490271728 6.879938465 -0.769490974 2.042358531 0.983631693 -3.383899091
15.888277312 2.858169484 -9.718650423 0.895469378 0.344011853 -0.263103871 -0.102794898 6.640353255 1.524042048 8.156870717 5.591604350 -0.538062728 6.559819743 6.227579079 5.218111321 4.710155759 3.158859788 0.964616320 3.977656111 -0.212169446 -0.562585447 8.926298668 1.841174942 9.332128094 2.858640366 1.648361036 1.241932072
20.273450753 5.857867240 -16.637114923 0.880652213 0.176290567 -0.437069587 0.048409623 1.504698342 3.949947947 4.719385147 4.224304593 4.153957161 8.216929794 3.788028905 5.257089330 3.429060315 3.162951837 3.509812627 5.099408912 4.842133477 -0.518567716 5.053692798 5.358355952 6.508053340 3.029754795 5.560260806 0.747974312
19.728110108 -6.250883437 -8.788474501 0.774096491 -0.151633206 -0.496128560 -0.362820126 4.617956745 8.034157600 2.707722907 3.923938139 -0.469123198 10.033235591 -0.275763759 6.940545789 -4.227363285 2.077423115 6.639806421 2.053873920 8.423494601 7.348327299 1.197946429 2.799037815 7.738236009 5.911690666 2.806527708 9.257064592
22.921307665 -3.135247415 -21.700232451 0.834702557 0.167646517 -0.514053777 0.104474881 0.038188367 -2.030509635 4.875588979 2.708329054 2.735621700 6.125976650 5.524856266 3.207260785 0.751915536 4.676067012 9.806112898 1.297020889 2.756427475 -1.238385353 0.577496452 1.921881537 8.591300091 4.840384415 1.108519309 4.152990804
27.332670145 -1.240997969 -19.213915120 0.865040329 0.005784366 -0.496917264 -0.068883984 4.595664950 4.421472385 0.649340881 6.777221808 5.868294430 9.831352494 10.107282193 -1.505263127 4.515909994 -0.190342547 6.672185108 2.480091509 0.811937723 4.552673014 5.605955409 6.680681136 0.591535817 2.029295308 5.997300004 2.767949119
19.280220732 3.087312672 -12.992510915 0.908266156 0.115647465 -0.375881106 -0.142799328 7.782589191 6.416890972 1.731281174 3.003466312 2.673671512 2.772685613 -1.935584040 7.669965706 3.397407893 0.970589771 3.333378299 3.542693654 2.995367556 7.030450989 4.905873490 1.789234381 1.202261948 3.763959693 7.567035780 4.337020272
17.202023156 6.311056545 -13.864466372 0.725384754 0.605388710 -0.282850985 0.165277914 7.049032998 8.022410288 0.224109077 7.328089175 7.678897695 6.636725760 4.770321645 4.422956875 1.578421491 1.518037322 5.063252742 6.497648223 -0.383090849 1.991970133 3.967393667 8.999161041 6.396302446 5.336909749 0.468567977 4.137842775
27.292473618 -2.002420286 -16.766351759 0.825446350 -0.025773843 -0.392591340 -0.404779040 5.516251881 1.477511338 2.598898458 5.150839999 4.236543482 2.152302446 6.862763895 8.006282529 4.926966209 9.927578618 8.219022238 4.705609641 4.435928335 3.447448818 4.313565085 6.807028796 2.800908720 4.156513858 6.257355757 2.790384097
27.330484078 -2.980156743 -8.999991418 0.781211742 0.153619333 -0.603101746 -0.048760634 5.070082426 4.391801460 8.110887213 11.795438611 5.340813260 4.612913567 -1.570404019 4.039337090 0.836219906 3.614055089 1.942514428 3.327951622 6.001805392 3.313887364 4.660590261 0.796967567 6.724519160 1.898000777 2.395634936 5.440680821
14.180379964 -0.734082296 -9.134666407 0.833437592 0.493012497 -0.134640045 -0.210220159 1.065421509 4.180080007 -0.154619119 7.712228789 6.242948619 0.590502091 5.032302573 3.591253818 7.375652612 -0.449575130 9.177633381 1.548288703 2.529565657 2.285276358 1.367527297 7.785642177 8.670814731 6.862849450 2.477358616 2.490285715
22.538211974 -9.673251861 -18.533039787 0.749474468 0.101058482 -0.504448408 0.416661743 2.296239853 3.070859421 7.901144120 4.795062958 1.270580773 0.678562908 2.632594280 2.367716910 1.231405479 0.774213686 0.213873659 3.768214339 4.887351898 9.537652265 2.036726602 3.227627527 -0.061123546 0.029484919 2.379343488 2.291695564
20.120131022 1.953328341 -17.441015094 0.770458348 0.187021842 -0.599045754 -0.112075641 5.152131330 3.643311087 5.882416286 4.262379481 2.363142235 4.951583863 10.833395477 3.850056662 -0.345117024 6.523586061 4.349593688 5.601492233 0.309913762 6.122135397 2.323632955 6.343631095 2.694256962 2.586967535 4.746315562 2.252079578
17.222036756 -0.002535635 -17.530551321 0.939681196 0.261082669 0.035766511 0.218073032 3.169459728 0.946565451 3.562863829 1.447391190 6.730386219 5.132869571 -0.684750321 0.295925759 6.767551797 3.137614610 3.667294337 -1.277227965 0.967242466 4.641713075 2.979505911 1.819926905 -1.536075831 10.751044996 2.252190181 3.430686932
19.955684252 -5.585030499 -11.973093958 0.754483409 -0.239782140 -0.447935934 -0.415466857 -0.335965002 1.046446624 2.599971825 3.303830244 5.569254787 2.619121022 4.611902184 6.334537514 4.819783303 2.326679187 7.172505294 4.729199793 2.905203880 2.422460204 2.701800846 2.577448492 4.424235954 -1.023943537 1.843155128 4.126106622
21.621942892 5.565498480 -13.074321157 0.948005749 0.175840581 -0.263379325 0.031567714 5.352303709 1.739111280 3.644362054 3.219709353 -1.949116538 6.926060021 2.070952026 4.647646736 5.670221282 1.874156000 6.824739206 0.964880219 3.962718319 0.785173237 4.268587804 0.664134698 5.020090978 7.460005852 5.747727456 6.099931350
27.358844853 3.495456011 -16.040770240 0.761084148 0.155724709 -0.441071575 0.449395816 -0.383868515 2.736075327 0.348167161 6.740792863 10.213882424 4.857815453 5.251013534 3.591869941 7.735957856 0.811024249 7.586749553 0.816056156 1.803082971 3.583383682 4.425570238 0.670426461 -0.476741253 3.133324062 1.071207798 -0.518085267
22.507734790 -10.910078875 -19.594993307 0.815854184 0.036183544 -0.450599925 0.360600070 3.248384144 3.412462943 2.776648427 8.514836624 9.397585116 9.146400315 7.910085107 4.055072002 2.313777003 4.315385068 -0.632649408 5.259109781 5.467870465 11.736450903 3.956608001 6.929124710 3.624283365 5.204738083 3.168293572 -1.996143602
27.164637883 -5.123205976 -14.072782297 0.756983665 0.112158637 -0.605519755 -0.218499422 3.443403970 -0.177133025 5.024894989 0.567799355 8.599829030 0.585105608 0.649775939 -1.712473113 3.024306983 1.805456095 1.764178328 6.781031240 7.543006415 -0.056726862 5.490290983 5.113877138 2.132672565 4.075213699 6.132840354 2.351619024
24.852734298 -0.897759137 -10.325968749 0.756083526 -0.060825416 -0.459327757 0.462229361 5.648915774 5.047870811 9.086021977 4.855025168 2.865186764 -3.505913506 7.670964316 5.081962963 1.643522592 5.859731201 6.245941135 5.502029729 1.917194276 4.370506310 0.524904541 3.566155170 8.895330646 0.044431183 9.707183132 1.389773243
17.704912602 0.130241848 -18.058175749 0.954582925 -0.000750031 -0.155412198 -0.254200560 -0.726897453 10.038656688 4.461804579 3.186940881 5.515698722 1.181467342 3.530816725 2.425191900 -2.805376504 4.682322298 -2.273877439 4.043386133 2.646304124 8.573180370 6.209802770 5.255711883 7.752410546 4.046435104 4.259465663 4.596719380
27.143039003 -3.041359810 -15.033461792 0.743246142 0.149508239 -0.497489013 0.421588828 2.165407082 2.317005481 3.984782252 1.135665967 1.489740220 2.253818010 4.501589142 0.563641649 0.910401238 -2.292619815 7.913642696 2.479706451 5.207315218 7.022084027 0.632764108 7.907270485 3.709506590 -0.085608761 2.353170044 3.223167272
21.526433724 1.532170128 -13.536987608 0.769570440 0.354021964 -0.522821150 -0.095330117 5.374855387 6.675562788 5.874804120 6.447662512 0.664246390 3.009699972 -2.938961105 6.079054834 2.836893150 4.489378882 4.699015127 7.797818294 5.721809719 2.805910154 0.561461938 7.593346830 1.257307268 5.204791513 1.137058332 -0.310801368
25.485671174 2.572149724 -21.186471346 0.926979883 0.189547749 -0.266996371 0.183010614 5.379451781 4.545292581 4.650461939 0.722898773 7.751271403 2.779587486 8.106543976 5.223582400 4.480311082 3.350181191 0.700526066 5.671838888 10.790357476 2.413854029 3.380821939 2.711294145 7.718280713 2.704039025 6.071977579 6.103625610
22.830218424 -8.315972303 -8.146388863 0.902393455 -0.108273626 -0.312252519 0.276516254 7.728710177 6.587826206 5.314919199 2.071304597 5.828669572 5.679502979 5.570463714 5.681090726 4.380520478 2.286994143 2.112229953 6.118063405 5.523669659 5.759300358 6.980897703 2.420923731 7.582757121 4.291580549 2.744179678 -0.741577166
13.386420369 -6.063219109 -11.905727390 0.740478264 0.492696923 -0.282548039 -0.359316420 -1.087166532 2.226370978 5.587153204 6.771681498 4.595364664 -0.800533252 4.823787413 6.837858449 9.712793341 2.149630289 2.064499413 2.692998002 3.729807053 3.907313065 4.239810198 4.094555116 4.133674503 9.945486771 3.548823018 1.203505415
16.975800195 0.508192347 -12.651896386 0.886616683 0.264746978 -0.167195315 0.340390397 0.512861606 5.058997545 8.025160754 9.092670353 0.188399634 2.644133623 0.138498049 -0.091883399 5.105236826 4.651616135 2.460275384 -0.117286831 3.786745552 3.146566366 -0.721246597 6.374867600 6.976105687 -0.635443210 1.467934028 1.314018685
16.991499590 2.717372989 -13.615724698 0.830812229 0.411670784 -0.322260650 0.190856698 -0.265904697 0.483918496 7.551224444 5.794423476 3.234642297 4.336996951 2.981138651 6.149115555 2.168282837 7.897291283 5.093950116 8.789995512 7.620225543 -0.577032961 7.438817111 5.848623237 1.932094533 4.808559925 1.781470698 5.697954326
22.237966927 -1.709055727 -18.967149373 0.730626858 0.228864659 -0.481764975 0.426272062 6.825866471 4.609523124 2.279843881 4.548398744 6.291658695 1.363717749 5.401547223 4.907713686 2.878607889 -1.286237366 3.833389195 -3.720221993 6.275960283 1.770739206 3.984556974 4.197921817 0.618363414 4.439787988 5.102239444 4.620209838
23.957086811 1.192997644 -6.584025416 0.974691187 0.106635802 -0.192047130 0.041518610 5.602726244 5.931754269 9.377469616 2.788292787 2.132478547 1.884141875 5.648726882 3.623163089 5.328273590 1.623925745 4.653168481 6.034611479 -0.875430744 6.614146639 0.660380210 3.740426409 7.550110552 1.458554040 5.418690455 3.764914773
24.864971645 6.976045062 -15.094837715 0.806009224 0.171359091 -0.475755302 -0.307639538 1.320385263 1.339579344 4.045510546 3.516719053 2.940694612 8.460515864 2.593750637 4.079313544 5.116376191 2.725249339 5.304162956 2.982806706 4.925046247 3.289629198 7.901505015 5.208186337 2.141018317 9.077324531 4.599534800 2.877429259
16.286691333 -7.887437411 -12.028920504 0.768751151 0.143365724 -0.351518453 -0.514687006 5.011481200 5.581161264 5.420592611 4.025142799 0.031898342 8.022471561 5.765559832 4.114127219 0.620601793 -0.487681580 2.215989916 7.193616249 7.255231600 3.715000680 1.978268699 0.066428507 -0.186605074 3.398537901 3.890056256 7.517030602
16.445887501 -3.650751462 -20.508046121 0.876131262 -0.385910552 -0.230512450 -0.174158168 4.985453084 5.282907783 1.132051515 5.442113875 7.152982517 10.473214062 4.571816680 4.328697483 5.097914746 2.385888179 2.322771460 5.401042636 3.854438196 6.915733911 5.449825281 2.616094492 3.242291208 -0.107267742 4.558389838 7.974089692
18.698252797 4.614196615 -13.283504988 0.861788827 0.275178883 -0.278584783 -0.322470337 3.972119695 1.232917171 1.279584937 2.581908279 5.065564331 6.692578347 9.183042552 8.689850931 0.918972808 2.002337494 6.740655849 3.860176811 5.200517280 2.693149490 4.557446534 1.923056876 -0.507771474 7.296681374 2.166285933 5.105378618
16.584134598 -9.187047131 -18.790905895 0.833528187 0.212609899 -0.497545803 0.111695861 3.417846858 4.092261600 2.033662255 5.531888262 4.702090870 7.612354339 6.814295463 6.986192423 -0.270250187 5.574355754 5.801882101 5.600773937 9.082434356 3.802292842 0.922453684 4.610529600 4.266444764 8.010874224 1.153164627 4.915624983
21.298554342 6.582511830 -13.545864355 0.941710670 0.204561621 -0.175351044 -0.201463566 2.724754878 6.688286574 5.413944328 4.376417830 0.834480571 2.483010238 1.096442255 3.343382622 8.447531470 6.887544131 0.415325098 5.332401064 0.583027811 1.599706487 3.300589168 9.655003901 1.637294098 2.380934586 7.251780692 7.206649155
17.206536581 -3.450879252 -22.533578408 0.925651787 -0.341844995 -0.002769567 -0.162182299 4.686586318 5.097060743 3.520148803 2.974383717 2.633833761 4.619867885 0.111718845 8.327520308 3.378672554 3.930106242 1.461716216 3.534285070 5.221924701 3.601606085 0.613246370 4.810585427 7.609240054 5.959277608 5.528513365 0.544451838
18.780509190 -1.388854483 -15.015562119 0.884366225 0.191646538 -0.256613514 -0.339584290 3.102105389 2.094833486 -1.650250522 4.358162086 5.081398021 1.634723764 4.200054998 1.183501265 7.183158235 1.023935853 -0.265227497 3.536374720 5.938014406 4.725826717 5.926426890 3.160315185 2.783953623 0.875207311 0.980464765 0.906352944
19.129215221 2.117949446 -12.040358055 0.954777539 0.228220223 -0.175559654 -0.074122800 4.969389189 1.240499892 8.276112837 9.784589903 4.279756691 0.174144300 1.433607462 4.844407414 4.877734365 8.572753953 3.173187850 -0.613197829 4.859337582 6.320627676 10.592500155 8.006592323 1.698934995 5.177712893 3.896795537 3.896606939
17.831077402 -6.717741276 -9.938915407 0.974805721 0.092188075 -0.177849500 -0.098105658 5.696344916 2.907197032 4.759030476 2.167508422 0.235466341 3.822951036 -1.390408781 2.751489468 8.522550180 -0.583226089 6.689989750 -4.891614547 5.813853498 -0.777733449 5.729254727 2.031435888 1.830575755 4.158121918 3.548992266 5.655194229
25.366753004 -6.187506441 -20.500748939 0.996869424 -0.002729849 -0.078755923 -0.006434526 7.421562209 4.096467220 -1.492533876 6.803583224 5.896127097 6.548100288 3.923722416 -4.628993492 1.539548761 -2.144773828 4.729396131 10.907388485 -0.478403410 2.526949936 6.085086083 1.335851334 2.164720798 1.913540524 -0.242943881 5.114483129
18.415564955 2.349546233 -9.009288321 0.882942718 0.345760000 -0.113775507 -0.296508539 7.952307158 2.303138048 7.945704936 4.202337971 7.879360597 -1.012091816 0.353421443 6.037266234 3.496776980 4.566190878 6.295776687 1.969455237 3.070742888 2.706360846 5.409383486 3.196163430 3.160883859 -2.915676900 5.511450864 0.972624330
29.675493295 -0.788230537 -18.094300593 0.794235432 -0.135273334 -0.427207090 -0.410347787 9.695908166 4.486810514 6.840319590 0.692510844 8.119763866 1.155507560 6.508624247 1.016271524 1.942951933 6.816182776 11.244093859 1.062525521 8.166145712 -1.297354852 3.383900229 -2.679054976 5.982709162 3.603698869 8.804196707 -1.486852052
29.666359755 -5.364969310 -14.791832562 0.887444549 0.002354420 -0.379918590 0.260956883 2.818608726 1.459752977 7.216411090 1.822287868 2.697435513 0.612031542 8.109462574 8.684581509 4.002082792 6.635705212 4.795342938 5.405688013 2.157881740 7.397589719 -1.327925406 2.396300220 2.588310976 3.213467852 5.413023039 9.577210224
17.828445995 3.602500560 -15.896646533 0.795185116 0.471523493 -0.322392187 -0.203493256 4.661719808 5.017451109 3.633912367 6.916820922 6.507747703 6.587371237 6.173287627 7.066369358 4.451405584 4.506859537 7.285634118 3.132146686 5.395228788 2.293127551 5.299110949 4.697743834 -0.156908284 7.166513418 1.938195556 1.931230523
15.963857020 -8.535346847 -10.959212632 0.787625567 0.069036623 -0.601550641 -0.114090917 7.736664463 0.637385691 -2.597532113 6.690469319 0.779872081 2.511945407 1.963629689 3.813784450 2.063674658 6.342757031 -2.409191331 1.804852002 -0.905904900 2.333441493 3.019539073 0.388400048 1.256297285 0.885944260 3.585573234 -1.189496906
21.715907946 -7.051154760 -11.301960863 0.935548192 0.117709878 -0.304310115 -0.135238012 10.656243185 5.808981872 1.155769099 5.343023817 1.273189341 7.822373886 6.787485693 5.639249573 0.824123007 7.764648409 1.622514654 2.519184519 4.295360839 1.253544126 5.014881377 8.099321302 2.141904318 4.031840223 4.489513090 5.529074392
29.664589494 0.620599383 -19.420123876 0.819884414 0.191897258 -0.530273985 -0.098866024 6.173942737 8.261989233 2.999059360 1.133753997 4.625713525 1.651850235 3.006364367 4.245070294 6.353882335 4.106505113 -0.394423355 5.047626284 1.505643592 10.957060441 7.338651563 3.564033092 5.214339843 9.649609449 2.880437982 9.454979464
20.467023012 -9.065155518 -21.970586047 0.816051008 0.138584646 -0.561082297 0.006457903 8.914054670 4.173767455 2.651474579 6.248811939 3.477459126 2.743045846 6.420785625 1.097673072 5.644687234 7.277245371 1.120652204 4.875506190 3.738430364 7.622052031 3.064588100 1.533003379 2.905649059 1.385686699 2.209758104 -0.079142732
26.243275472 -4.750173663 -14.903152495 0.805902415 0.138024772 -0.403339204 0.410838102 9.791553911 4.460212794 0.858330027 5.403878619 6.108585853 6.720941922 7.773918316 2.314946434 4.377277591 2.774826512 3.157782891 1.742937508 4.838491922 2.048669519 1.348057778 6.579395480 1.982478441 -0.629705193 2.145016500 4.306596360
19.582665802 0.220361906 -22.441165174 0.749678187 0.478177480 -0.315705556 0.331147875 3.436741114 5.060063754 4.887965222 7.418673535 7.411139428 8.018874375 7.950038382 3.939187433 4.988914376 2.332715480 -2.747880480 5.720936079 4.990079998 3.011009151 1.573261200 9.600061004 4.067659156 3.449352528 5.153114806 2.571595101
14.538884938 2.100699287 -16.577974285 0.717968117 0.474027545 -0.284300668 -0.423075407 3.847768052 1.747089122 2.960285215 4.038645281 6.670358015 -0.399354840 3.218008194 4.102464802 2.291213695 2.788437989 0.062595154 4.994917222 3.934544112 4.391031877 5.196617553 3.909677185 0.197010871 1.294003709 4.535553382 3.012333702
28.603238568 -2.377988010 -10.834546471 0.722239098 -0.014659877 -0.488023028 -0.489887025 3.702783883 1.280118590 3.905139284 4.193077734 1.142378102 9.109971903 2.652453083 2.675346731 2.789684068 6.024444595 4.418059983 3.995624233 2.025781886 6.432775793 0.590500329 3.908681630 3.129824039 -2.550547805 9.550486328 3.306529756
18.060545033 2.676276680 -21.958414737 0.946194525 0.089636663 -0.239722747 -0.198025741 1.831334604 4.337979756 2.663105605 8.463615762 3.122146194 5.818624594 3.899678955 4.052713882 4.795482137 4.196973860 7.155009281 -0.989465757 6.052789309 4.795345766 3.617286753 5.166223671 4.052108737 2.908670890 4.922135947 4.102070493
25.722947715 -8.811452071 -12.119130924 0.802069582 0.170930280 -0.442441647 -0.362922325 2.004352750 5.369878603 6.481200042 -2.104883511 1.749622215 5.643533407 3.801232165 5.697801480 6.517875908 8.555201232 0.220041931 6.021327121 5.697780159 4.704293545 1.989875581 5.820214168 3.611629350 4.808225997 -3.332820167 3.284917079
22.073544526 2.874331114 -16.999475811 0.782576259 0.436357927 -0.418620862 0.148063271 5.095333214 3.664504305 4.509761411 1.155346457 9.224548951 6.693392248 5.026937094 0.797092949 -1.251953689 5.526377596 5.327428259 4.843726020 6.158285514 4.045153381 0.823230672 3.684091574 2.480010793 1.631919812 4.240061607 7.378614836
16.297219935 -2.995673665 -21.041108678 0.919254178 0.301925189 -0.236254803 0.089423738 2.185282742 1.652391258 4.181280327 1.954695385 1.580062791 4.856886594 5.927142230 0.156753605 1.535715887 4.066850158 1.603920260 2.672608787 6.321526905 2.056567648 7.614034178 4.929035912 5.116954588 2.184547923 2.091728386 10.028887699
29.038695621 -2.696943619 -10.522819889 0.957737641 0.063339258 -0.280425109 0.009407818 4.655811056 8.535127818 5.788916082 6.780403619 10.556811314 -1.453680425 4.470622456 3.055863696 2.102545770 1.218031864 5.375910067 1.899438466 1.758215249 11.781366712 4.474435936 7.915104623 5.371573929 5.968914421 -0.040736607 3.653168607
27.127215781 -2.492835868 -22.330832491 0.891405743 0.073720726 -0.371970560 -0.248191375 4.498143688 4.269810562 4.153694771 5.636409616 8.704487153 3.671111548 2.611802425 3.333642370 1.549078389 2.521612969 3.958022484 4.801266196 6.353965392 3.914701059 2.296860756 1.594726536 4.835851078 3.680772862 0.954209982 -1.165541115
23.632434722 -6.062131989 -10.040868339 0.720926503 -0.086945937 -0.550233259 0.412248399 4.850459639 2.887962374 2.898862815 2.053721451 3.895483938 2.361493599 2.134784020 5.871026679 -1.946587032 1.226574084 7.138250887 4.225001561 5.947567869 1.242812286 5.913106932 4.909416925 3.307738511 3.787278148 1.860949130 3.729553164
25.278773909 2.213066785 -18.521624971 0.913825104 0.258085109 -0.313524945 -0.004226685 -1.300038178 4.590038289 5.706680338 0.443814349 1.954922647 0.005154604 -0.110329645 3.467238647 -2.356010540 2.724864350 3.897336072 4.689825901 8.987064063 3.173176871 4.862009253 12.091332516 2.060950977 5.966542041 -4.427594249 1.078966262
21.127187961 -2.251382747 -14.795133406 0.875735005 0.238989520 -0.350752081 0.230098215 3.965405171 6.087974544 5.067590162 5.389269941 3.214675313 4.820146910 8.772821861 2.780833776 2.333564845 6.938136370 -0.202412543 5.444887429 5.787579509 2.943095096 5.127589916 3.981137917 8.431363855 4.321973503 6.359683226 2.255224879
17.510142613 -6.542282280 -22.553199750 0.734376283 -0.164388497 -0.658533186 -0.001392940 7.973213353 0.107933379 0.229041062 2.471758644 2.986988093 -1.093522141 7.075734699 6.675622060 7.537057804 6.505923837 2.744024174 5.556601484 12.009765196 4.486832829 3.678030435 4.683762024 5.466652888 0.591276653 2.679274711 6.341175379
24.449585072 0.792378185 -24.058849845 0.759525796 0.237601669 -0.506933493 0.331186422 3.698809919 3.759061486 2.010369130 5.100168509 3.322345266 -0.518119259 6.829177347 3.254899704 3.901652751 5.812119881 -2.747687064 2.071574960 3.430127268 4.438391616 5.595342358 0.371399124 2.949302166 5.393044572 5.566741632 8.687463486
12.995958341 -2.071124760 -11.968661544 0.965097678 0.108955786 -0.229063913 0.065152375 2.815251066 7.600604542 5.938250582 11.782369822 6.070557861 -0.050757031 6.742528382 10.231664495 8.006539285 1.391699430 -0.362076564 5.030161422 6.375544871 6.210612892 8.299863392 -2.042553647 8.730398353 7.127805199 7.712561044 -1.346267124
19.910251582 7.229228712 -17.991681996 0.774632275 0.393855894 -0.388625963 -0.306255177 5.118834981 4.100640861 4.796997643 5.362224094 2.246323254 4.205309037 6.407006649 5.550873512 0.092858417 7.097713192 4.775435486 8.487228314 5.065955407 2.509375577 2.893104781 2.590054234 8.223742489 3.289660524 7.456106890 0.342075890
19.405798015 2.221689880 -18.091934864 0.855191777 0.205796920 -0.402945032 -0.252843736 4.584912310 5.359747217 4.284859361 -3.042703417 0.065560546 5.231450395 6.947959168 0.719155922 2.282183519 5.777599062 6.499903672 7.305753337 -0.373862756 8.461394738 3.748986109 4.169177722 6.441454957 -0.280258300 -1.789301672 3.949621295
27.689517215 -5.271589937 -10.956480554 0.732544657 -0.007929863 -0.559137667 -0.388175877 7.989649818 1.632140751 0.820920312 2.372223157 1.590595781 8.157447247 7.017072004 1.574586198 7.183835227 -1.366131639 -1.989170791 6.238179803 1.073531711 6.625194562 4.462095174 4.058427548 4.477130676 5.080717995 3.655291179 5.859758778
23.530832945 -1.780758976 -20.507428994 0.887277715 0.261818834 -0.377902406 0.037133887 5.046022262 10.143102913 8.235320689 3.573252887 5.968447794 1.021431685 9.931008433 4.529217437 1.540347959 3.288276675 -0.657687114 1.864809633 1.089717922 1.060429916 3.912679650 0.310927066 9.746417612 5.059581290 3.640793498 4.907445733
22.021533929 -0.712141387 -6.554844621 0.757811325 0.057747778 -0.648652477 -0.040461761 4.483807930 3.680258818 4.144558220 5.883674024 5.251030619 4.916966502 4.401195970 4.112751863 2.285899607 5.949948520 2.019924561 5.506572781 5.881442509 1.948259877 8.147416971 1.631059646 8.877753271 7.281897128 1.058318450 8.062034776
14.182966461 0.119795636 -10.934018752 0.933361776 0.125376583 -0.280488519 0.185587441 1.212698452 4.134695542 6.104404689 0.264995061 1.605304512 9.815213182 2.930268787 3.299776240 -2.786267437 0.291751373 -1.045577005 0.821522588 1.264623734 4.906179179 1.197034328 1.987621686 1.224194520 0.755525565 8.091854058 0.273547748
15.775441668 -1.926243738 -7.326895523 0.750713277 0.129585906 -0.647793514 -0.000795195 6.395023487 3.621160480 5.052878341 3.778738171 8.462317552 2.284862440 4.154342311 0.887113531 2.498223369 0.874445595 5.791233505 -1.263038147 5.064885770 12.077710934 3.440013216 -1.188534179 2.782319532 8.932685144 0.039788045 1.370010777
16.203225741 1.164829282 -16.575257407 0.910669129 0.084589468 -0.403865671 0.020466517 -2.316166876 5.937938687 1.127842321 2.619234927 1.219882371 6.236939637 -2.441409405 3.945140798 11.436600721 6.575395454 4.877514578 1.152687678 3.173798454 3.102556204 1.387165214 -3.367554273 -0.414500235 6.921815715 4.931353659 6.029950820
22.655526907 -4.172650470 -15.807902979 0.947992975 0.067906213 -0.310950881 0.002759687 2.476992663 6.099472297 -0.502466829 5.986843220 5.088690011 2.529352202 -0.381911155 3.931337557 5.904453165 7.030258169 6.966436339 4.196547993 1.000714671 1.287987530 3.659544404 -0.758587282 3.548403783 5.514631724 4.804651102 4.756856102
13.717983960 3.589850532 -12.258010727 0.855651510 0.362297073 -0.038448279 -0.367590880 8.397160010 2.067917395 3.218021331 -2.725302198 10.926212191 3.786905464 2.457137495 3.345125025 3.810909813 0.727668899 6.578243537 2.632749184 0.263006579 -2.507055938 5.840657366 4.669107267 3.135881331 5.036740768 6.792033191 7.054191736
22.770257653 -0.445096490 -13.754889493 0.820186122 0.045584913 -0.566933438 -0.061670236 6.583860496 4.906153726 4.376529467 2.497220309 6.899188768 2.810039987 1.698658839 2.484820169 6.496640086 1.948661164 1.836439875 2.142332376 7.394716008 7.620050030 4.522744869 1.670879484 0.784886013 5.613793048 5.559480770 5.065277587
22.518611437 -6.860519904 -8.336264726 0.860262128 -0.074114377 -0.494604945 -0.099106398 6.001247349 10.362620133 -1.424577158 6.248458967 4.365499958 4.422364847 4.425815563 9.777034762 1.081374547 1.488122768 6.028252657 1.980275251 3.996927341 6.806118844 -2.759327491 -0.296746649 -0.073254060 3.484751914 5.218310968 8.321862308
21.183963767 -1.420794921 -24.563502941 0.819757123 0.392022822 -0.283816813 0.306209704 5.811783747 7.183699935 3.707520668 6.969094587 3.590169992 2.391033635 1.380509994 3.331881869 -2.053999555 0.470888731 -1.631972110 4.524590712 3.541214786 2.679259199 1.166555488 6.626685625 5.167580329 6.799998252 -1.497408044 4.167901907
20.631116385 -5.129333353 -9.569322225 0.816591136 0.154320603 -0.555725685 0.023087470 3.882737249 4.524765750 3.429992047 7.813139862 6.221727698 5.103046812 5.628528253 7.241581785 6.021420946 3.881640475 7.068325327 8.155670406 3.053285534 8.607848376 5.086130625 5.468001751 -1.127286758 4.507260737 -1.323076095 3.730638536
26.821183509 -3.783306770 -13.921832315 0.956693889 0.060394952 -0.280457070 0.049326304 1.497832050 5.590419715 4.520376904 5.700804081 6.234076748 3.268989855 1.460882345 8.726393283 3.197162484 1.529773479 9.350746390 3.271510185 4.977854726 1.733659480 1.173331518 3.186989331 4.244222064 4.896958650 -1.575130625 1.358042385
16.724803308 -0.739601398 -12.954182177 0.874611270 0.266662171 -0.289096797 0.283495070 2.945063939 8.464946666 0.484796034 3.539099860 4.784849016 5.388900299 -0.122805396 1.504023510 6.060039717 0.027695357 6.150774448 -0.796813045 0.617271419 6.753385218 9.334742696 4.890152699 -3.116110419 3.282378850 6.069943874 6.013019577
18.320999670 -5.307424847 -16.436695838 0.826478716 0.139528589 -0.536035824 -0.100649399 6.444111039 8.569506916 4.535342081 1.487476020 7.643710394 -0.588955518 4.504868868 8.392620515 4.022623800 1.629132691 2.145035085 -0.723762116 0.531639484 6.341395281 5.886323267 3.228634992 5.482833074 4.737873196 5.588702639 4.898304207
14.531912639 1.028534371 -16.846271267 0.905352282 0.148737178 -0.394743815 -0.048906225 3.645614827 0.552628709 6.218242589 2.329776597 1.700314354 4.266569854 8.563388270 0.117714608 7.781701290 3.326355044 2.526520217 6.017322941 -1.387136292 2.579816280 0.336936234 3.618192586 4.440876023 7.653368543 8.022026887 2.548111705
23.384055266 -1.910688303 -16.555821179 0.815019442 0.067505923 -0.400106009 -0.413644099 6.090153704 7.456058342 -2.173192576 9.196480983 2.981451622 4.211222195 -3.191639264 3.090149361 6.885877251 -3.604029069 5.510914096 6.936013766 2.200265461 0.953363417 4.032399167 3.571944486 7.503403618 7.373999972 -0.626675728 2.518002593
15.462030257 -3.132676159 -22.948734938 0.903902487 0.091131236 -0.391838606 -0.145319986 2.131416440 3.720377070 -2.307046828 4.634326913 5.680839218 4.136686233 -2.039699247 6.747734166 5.641229399 2.111556528 6.763551517 4.238795909 6.033838017 3.852406037 8.634147696 -1.579586309 3.046370112 3.557997185 8.072715504 -0.054700767
17.308633150 -8.953828388 -20.012965178 0.959876145 0.102170871 -0.260279983 0.021289200 -4.719465670 2.968473000 5.494511721 3.200651185 3.175235250 3.114619535 3.324072502 -0.708026409 5.248568421 2.029446430 6.298182209 7.684698764 3.832455447 7.532029839 -1.418599620 6.631670724 6.256644721 4.111850169 1.704681528 6.410108686
22.894214125 -10.010368914 -15.695380042 0.729409150 -0.202504984 -0.653318474 0.011357618 3.637267023 1.879546835 2.420027216 10.890544659 8.585786270 8.907453052 7.343054986 10.931679699 1.741410701 -1.150258732 3.385419230 -2.809747294 4.146823756 3.452602439 -0.078835277 2.765536498 4.252603817 3.582262033 0.217800864 8.487018957
24.638677155 -1.974227245 -14.682816625 0.824670646 0.228348374 -0.517467960 0.001502002 5.060353340 0.947734820 -0.630832318 2.270136756 3.185338345 4.687547857 5.143246754 2.737166724 3.255843171 5.264857994 4.532531558 2.671302099 2.002037067 6.717506861 3.210803758 4.338620038 -0.629986659 4.992231279 3.099643874 10.343562503
18.182841765 2.765645715 -19.235084656 0.881397697 0.188152597 -0.275978392 0.334024889 1.947680252 2.971930872 6.828553196 5.564749914 4.196563220 2.262997727 4.393668898 3.142800366 5.303805612 6.659306183 -2.051507784 -0.629901039 6.193175947 3.577854522 1.984252926 4.192025441 1.744289532 5.612157377 0.271079451 7.251566563
22.909141958 -8.184833144 -7.845519688 0.783737358 0.140980530 -0.415155782 -0.439915810 6.777298186 3.207753380 8.486329169 -0.451207781 5.312557999 2.980508109 2.408150320 3.577846788 4.720527907 3.422825131 6.137658732 2.029911810 6.123703971 1.931551628 3.568867763 7.405044552 -0.240107624 2.547371777 6.366691143 1.600996569
19.567757788 -3.792205281 -6.852759197 0.775713760 0.290210995 -0.344415775 -0.442067320 -0.083692129 -0.486073315 3.872259887 2.117262449 4.366574247 3.081170318 0.452760082 7.680478010 3.233111421 0.902916453 -1.345087054 -1.038035854 3.043380328 1.653947951 6.114620636 7.471681156 11.055314413 0.930553832 5.728203006 2.884036788
16.011966943 1.458431279 -14.031928393 0.723530772 0.247813909 -0.633405390 -0.117852028 6.616589642 7.697748005 -6.300593948 4.673575164 3.185731385 5.857369532 2.372020391 4.258317324 5.627710765 4.192377186 4.322952371 0.946450417 2.577738757 4.017855472 0.540375689 3.161022064 4.607631368 7.148453799 1.426022866 -0.555475398
21.499181492 2.380193999 -15.283110649 0.876103900 0.273160227 -0.275995129 0.285748378 5.445367622 5.629152352 4.981946339 5.395900642 4.101636067 -3.819079415 6.333602539 1.122457530 2.313862901 0.055394760 2.785085514 2.163131771 6.074192103 5.670098476 2.578854856 1.096976023 2.321316080 3.811418423 4.374662098 10.950278001
20.281615078 -7.271241816 -15.098651951 0.789104435 -0.365070580 -0.383197786 -0.311764524 8.012146639 0.162869526 6.259835713 3.762674148 1.580017614 4.061700629 4.265416708 3.926999728 8.434763877 5.596979272 3.710232609 2.969883938 -0.597207985 4.483675454 1.677943798 8.561599335 4.999574507 4.969321342 2.366365455 5.972341348
