15.927169172 -14.139648108 -12.574388088 0.933549833 -0.113021337 -0.279936884 0.193251723 -0.931624841 4.026205998 -4.399995082 8.046552142 3.757103752 1.191202910 0.734056409 3.215244262 2.549502827 -6.081602453 6.613563193 4.002826390 6.393415804 -1.778819455 2.451191248 6.208256963 8.182135365 8.446317302 -0.934682364 9.716871570
29.198851667 -8.634781135 -21.417782250 0.900999038 -0.113448113 -0.404669224 -0.107578246 0.526399172 5.108121033 1.650738704 7.502050621 2.954595006 -1.192963939 6.989350906 6.787924634 2.719656896 2.632430518 3.441302522 1.151700229 9.915627494 5.463967998 -0.280041495 0.869768387 6.807137626 6.220724945 6.446588653 1.047109075
27.732180577 -9.284468620 -18.326031842 0.805986052 0.110595851 -0.466901974 0.346637545 3.150311229 3.728419715 3.729916172 8.912751183 10.980093679 5.622214762 -2.181993934 4.933949159 4.670664645 4.785606380 4.221811088 5.549570499 3.290466270 5.309162530 4.948167465 -0.392544990 3.120378579 3.313665563 6.864668143 9.317166245
19.334584099 -13.424788433 -18.971510412 0.808260879 0.031402938 -0.505802305 0.299820337 5.105396892 2.098151141 -2.049798774 4.593050458 3.911753851 4.734334632 4.359920037 1.136109808 6.663842039 6.537903921 2.691194530 3.281602499 1.320463102 7.633031581 6.222759190 3.028168728 6.780453732 0.697297800 5.640776516 7.630612782
30.616351006 -7.368698978 -16.896952716 0.849359065 -0.001546216 -0.275274888 -0.450344895 2.845605942 3.796886393 3.487269181 4.353852973 6.855387612 4.918872384 -1.883363666 1.880772700 3.760849214 3.619346315 2.404489077 3.275749735 4.000740392 3.246280446 8.378242010 6.302444515 -0.222686550 2.737269871 8.489086544 3.318603075
29.031926921 -5.917182904 -16.936357764 0.899172191 -0.062579616 -0.412056474 -0.133351511 9.894114513 2.731865144 1.713406245 6.363169428 6.452241764 3.035823163 1.809504034 4.519139481 10.397334319 0.898302973 6.782668638 3.954624737 5.708042395 4.474762641 -1.583327664 6.181243566 5.583466655 1.806058654 -3.966490843 4.533078508
13.702708985 -8.717479564 -17.878757161 0.730078380 -0.166921577 -0.640320060 -0.170625226 3.166452683 4.281845652 -0.329524107 5.125007912 7.903852648 -1.363758033 2.425973714 5.221466324 7.053571710 6.026513611 1.516888687 4.605582496 7.247820097 8.825817019 0.932701078 1.952807047 1.538805891 3.101460912 4.565284766 3.665616864
27.235773663 -5.811714283 -17.310172477 0.742527731 0.220119525 -0.474332700 0.418579089 1.695519450 4.556781937 3.968876462 5.495326711 -1.343927754 -1.191671153 7.482488460 6.191701469 4.111258663 2.021722902 -2.333072534 -0.220955250 8.040822937 4.281686926 5.808402518 6.225458408 3.941734624 8.249127088 3.304497295 3.227530625
16.564609582 -15.462189289 -23.045124932 0.986935313 0.072758308 -0.100209694 0.103067617 1.285977389 11.014837876 4.657645762 5.524106968 1.902492614 -2.963377900 -2.612658510 1.825102546 2.783532094 2.458328404 5.090772569 6.122799946 4.207626503 -1.310389599 5.065253306 3.090877592 4.191575457 4.966949504 -1.182750376 5.143930335
12.874276121 -10.286242158 -16.008195226 0.757755231 -0.478572488 -0.181509542 -0.404758779 1.340816916 -1.245698988 4.765606114 1.843973388 10.012858789 1.702630030 4.656300151 6.761873398 0.192395466 6.405846338 3.936951151 4.175956415 8.659747563 -0.154561141 0.230596619 7.273348519 11.147427008 4.806886068 6.099822199 5.984703463
16.894421404 -14.824011243 -10.514274559 0.919922940 -0.123839751 -0.267144137 0.258919893 5.190115218 7.385176116 -0.147520685 4.816476087 1.928358665 6.410174936 4.169925540 1.213403288 0.015940326 4.945562340 8.912906396 2.548843670 2.660632031 3.499184979 2.668358214 3.890938602 9.503688389 3.482834604 4.746914173 0.775831870
28.077047509 -13.097180043 -24.481021862 0.805046309 0.152687427 -0.401382768 0.409241817 7.179286014 3.795692968 1.746121826 -3.342720624 5.897052161 8.145247725 -0.005801984 8.823448577 5.681724740 3.968684246 4.768003616 4.832297851 9.757251391 2.740615286 5.454067504 3.015169385 5.014505135 6.427189024 2.406379137 0.205262759
27.323923346 -5.649763397 -22.746206503 0.759368689 0.206628188 -0.463509161 0.407214003 4.371314426 7.474179316 6.547012134 7.578277525 5.747226855 2.980517692 5.841207990 1.628508347 7.129414564 6.912834735 4.745818440 4.110411156 3.184913552 6.412558629 4.181718563 -3.411454163 0.833251812 6.731313677 5.185956801 2.598209220
19.294718078 -19.258190799 -14.021013660 0.869948769 -0.214960159 -0.317823155 0.309789786 3.593587889 7.475950810 2.643259973 3.516859727 0.621604356 5.865966740 1.990662861 3.006602811 7.611402812 11.280032014 2.618484867 6.007587883 -0.007849324 2.338816226 1.086534083 0.309965355 -3.243002717 -3.862963135 5.336711952 6.126410888
16.784706428 -13.336513967 -11.275933899 0.756639791 -0.251883632 -0.412339864 0.440484619 1.931751742 0.308929239 -0.390462677 3.368795649 4.392335762 4.619574758 5.500644887 2.766564874 11.412989287 2.476101342 3.415896590 1.969954770 2.687726102 4.434047102 -1.853228379 7.880540779 7.415523932 0.535000635 0.265500059 1.237666310
26.253544966 -10.707009961 -12.678930307 0.763896045 -0.192080628 -0.597191223 -0.151428226 6.572613336 5.347181385 5.130512665 -2.327724844 0.088420361 0.254382507 0.010255063 5.539884668 3.986427830 4.503195123 4.002541204 3.659598808 8.392743761 5.472942277 2.773192670 10.845632404 2.170634543 6.318385101 9.223855306 3.918402675
26.876138228 -12.596643835 -10.118307409 0.747852209 0.014479229 -0.546522371 -0.376590924 6.874158353 2.669938421 5.030316898 1.730890957 2.519379934 1.572457338 1.544550437 5.778843757 6.339056458 0.323331421 3.374048852 7.627545786 8.153193534 4.220436635 1.304968152 5.982801256 5.511333275 1.940718342 8.541713986 10.015595270
18.058671488 -18.674993791 -16.661796952 0.845688322 -0.236433157 -0.273909556 0.392280740 3.566970813 5.778529311 -1.919616315 1.850139656 -1.918932034 2.343342411 11.154010512 7.204234558 1.424918017 2.945442892 1.294332540 7.684658812 7.509780020 1.892319896 -3.230476770 2.686449066 3.665792274 0.529672867 5.250671505 3.530878415
16.284020826 -4.984362626 -18.044691665 0.981185979 -0.155326510 0.041258430 -0.106983610 3.298514374 1.063175647 8.423826677 5.599437603 5.384056285 8.362024718 8.613730824 -0.045673419 1.849121199 4.966869115 1.039244506 5.620536788 5.405960055 6.509792372 4.277708996 3.694809641 1.212682111 5.688362562 0.925966944 5.889541045
21.012334143 -13.896751149 -18.532904063 0.778651794 -0.460265166 -0.174432107 -0.389141107 3.171522302 6.696084873 1.868809508 7.058501102 5.860471686 4.830389336 2.796767388 1.347102681 4.420273047 0.652233112 4.265293315 3.756461073 -0.458290761 8.895292898 6.739963051 4.863538676 0.421433329 3.618925335 8.060280049 0.712168987
21.166092032 -18.478615798 -19.325799150 0.939993563 -0.165297808 -0.251158067 0.161271079 3.832187497 -0.242057248 1.811795854 0.786705603 2.688165811 6.024620705 4.488007254 5.684030979 2.468665350 7.266361863 0.571117047 2.985435253 4.609989221 5.294686935 2.389875526 0.796054320 2.687565441 10.848180674 6.370836859 2.281854117
20.088907673 -14.793950763 -19.003120697 0.833707555 -0.091332384 -0.400568831 0.368964388 -4.255016084 5.625802416 5.669343884 3.736134357 6.547316554 11.498668095 -0.751743302 3.856246140 1.410890489 -1.906231382 2.010090274 1.433596294 6.878924910 4.764342611 4.112331241 1.956041757 5.053050251 3.263714698 0.019113568 -2.619114864
29.144931297 -15.851224142 -16.005859510 0.864412186 -0.295544292 -0.406684154 -0.007289951 0.482379050 6.010416026 3.948282750 -2.186495290 5.415734791 1.309744579 6.607743049 4.917055763 -3.250273115 0.273424590 4.605260834 6.947949500 5.106679388 3.925510160 3.439639608 7.777157916 0.270725749 5.789961895 5.960208428 3.582817269
16.427246197 -18.827849031 -17.390058066 0.812807504 -0.552945047 -0.163995894 -0.081860144 3.733665761 -2.247559332 9.709881317 3.403908520 9.567974193 -0.793819912 3.814349116 1.774229802 0.168124163 0.975451810 5.651257510 5.608730069 9.719584921 -0.164069285 0.395071887 -0.116866775 9.080662631 8.995254488 3.267183963 6.241490613
23.385621115 -6.149465167 -23.809927262 0.788802225 -0.236381848 -0.251267776 -0.508703427 4.922748113 2.410430741 6.270452080 4.414803433 0.876330011 3.986956500 3.356260871 6.484665047 2.787229454 1.383351262 2.799476250 2.399863577 3.617117470 8.814556843 3.701616956 3.413965452 2.502848897 7.082675645 8.118064238 1.662330018
15.025054141 -6.606405521 -15.803010042 0.754532563 0.166961586 -0.481843491 0.413075404 3.919331112 -0.112258655 3.350185085 5.868992518 5.832500863 6.697917507 -0.374947074 5.335562099 -0.863334656 3.306834992 4.558166286 1.737854937 2.442566159 5.060289383 3.753755961 2.457628597 4.872126823 7.164314384 8.972012559 6.153963876
25.596456853 -16.093987919 -21.898010418 0.968650598 0.026271724 -0.201876014 0.142379389 1.543987704 1.380634091 -4.165519608 5.223738108 1.220902928 5.258915548 1.900293013 5.981944610 0.664866972 -0.245582364 6.042621562 3.242148668 0.800976210 -0.769948606 1.419583390 2.442847993 10.254550186 9.211551961 2.035941350 2.511030416
25.908872606 -12.491791402 -12.132578207 0.779813010 -0.067120256 -0.443310337 -0.436878114 7.696281071 6.270617448 7.964418667 6.036067114 4.278829531 4.119669323 -2.911586869 2.072935826 3.489283327 0.641546867 -0.574652246 3.818761796 5.330819899 7.325676773 4.270939620 -2.296392700 7.139587171 4.727148440 11.786201057 -0.244374316
28.842884358 -15.651377915 -22.643943279 0.770989012 -0.222743474 -0.585472713 -0.114817205 5.886441010 6.053374927 6.301763278 2.495234527 7.169791774 8.503560772 2.646326982 2.778837858 3.624779513 4.041529198 4.804381229 6.114900307 3.228587454 2.858370140 4.777639329 1.388742711 6.700850258 4.375276036 12.968100648 4.211250380
25.429829370 -16.255694553 -20.151731500 0.872621619 -0.247464803 -0.381219226 -0.178786419 3.418817480 5.456607752 6.890211032 3.101322762 2.495781071 5.251055743 3.607446059 2.240311111 9.162392936 7.172660730 6.007759570 4.032724727 5.951606976 4.459792824 7.163377134 3.577705810 4.587134518 5.966965948 4.443306713 2.900077419
19.314179399 -13.392775158 -13.593731794 0.920851856 -0.012661281 -0.372796435 0.113553375 5.212586101 2.344859532 1.780603528 2.401977427 7.180051500 7.870787702 0.848565379 4.101811336 5.861731539 0.026838401 -0.208050306 2.737805700 2.024321680 1.009317035 5.690911997 2.984196666 2.490264405 3.311073212 2.747972879 3.295573519
27.749074744 -12.358439123 -14.632255123 0.787036976 -0.144976078 -0.579094511 -0.155577252 4.937010833 6.490223241 4.381798326 3.352102389 4.284120098 5.075041049 6.708363100 1.438056511 5.749286786 3.482532835 5.755925190 2.887186514 0.884345529 3.903953617 3.439857881 -0.376454685 5.919411524 2.931955174 6.529279165 0.034322764
18.724133162 -9.785138761 -15.263732804 0.709196142 -0.428579648 -0.425230569 -0.364059447 3.609659735 4.484524418 9.138154316 6.359513411 5.087062666 0.482671505 2.426828309 3.488533132 2.083932705 4.596440964 0.061842719 5.829317785 2.697944756 2.104431167 3.885899159 6.473569238 0.459250562 2.876488888 4.543982002 0.617562403
14.799427677 -13.663079598 -21.671043264 0.913845619 -0.214189046 -0.309458698 -0.152461637 3.705809430 2.615762383 4.118235671 5.731835162 2.476199824 4.924115649 2.251885087 1.891876637 -2.477163820 5.671417944 8.719277161 3.737837628 2.974146052 4.854243015 7.221596582 4.732188204 4.937706584 6.285135170 1.862720293 3.721647706
26.294905622 -9.546332330 -14.318192346 0.737435215 -0.107780895 -0.524634646 0.411498567 5.551240372 7.193202569 -2.758367174 0.892210034 0.601687775 5.809035499 3.392381305 4.220102522 7.872468765 6.700875956 4.432779510 4.338461228 2.700637817 5.266522325 6.887322182 -1.468550434 -1.815368666 1.819671246 0.487358030 1.994036759
18.740321794 -8.771402034 -22.140526543 0.847113663 -0.061699425 -0.527284784 -0.023714541 3.718006057 6.624274423 1.707801229 2.770821510 7.378141547 2.184508975 7.498752090 2.402215725 -2.673182402 4.796907225 3.597482235 4.326264104 3.843081707 0.616649842 6.706533078 0.559481999 2.957144720 5.347283571 4.271051256 5.597427433
20.941557394 -15.494993716 -16.728925097 0.952446042 -0.136752950 -0.226387507 -0.151307189 5.187988708 5.988619830 4.700303409 7.578628695 1.818511682 3.334175333 -1.065416737 5.073238372 -0.105902279 6.472569206 3.731522784 5.068026756 6.556700222 4.792716605 8.121320183 0.448531753 2.657057988 6.835143873 5.759584600 7.516107045
19.826629289 -8.030442125 -16.176150631 0.961510877 -0.170228091 -0.020674550 -0.214689996 3.897443259 12.274714654 1.985301007 4.498670539 0.529006261 5.530139774 6.429627831 2.483229094 4.962095246 -4.575855448 3.665464262 2.503858662 3.040804913 1.517376251 9.097965726 7.017729938 6.987423404 0.985940204 8.218700887 1.356721366
25.833434478 -7.199178763 -10.221181521 0.755714468 0.012831218 -0.344216540 -0.556997286 4.685228019 6.280645787 6.698328002 -0.896743937 -1.579823057 13.597015771 -0.119410530 8.680624636 9.067687031 -3.611138594 3.846215193 5.590645962 2.843204154 7.041525019 4.825012229 4.899806715 -4.031828671 5.068592843 7.367848123 5.004690630
21.438498597 -14.692588939 -13.077701255 0.818778326 -0.147766051 -0.396904094 0.387600810 1.239057969 5.593672137 8.060245861 9.603105618 3.378221618 1.340646292 2.724261102 -0.262443887 4.814441603 9.004812530 6.211813773 5.184285420 2.655574760 5.494776085 0.894524634 3.355271709 0.604751544 0.997620868 3.724879987 2.813497479
26.584947181 -9.472489580 -15.802425044 0.720363784 -0.038852238 -0.661600512 -0.204575864 8.374739659 3.427070929 6.644157094 4.015316132 -0.369423521 4.099720514 5.000101621 1.647834341 1.176683298 4.307877212 5.305668755 0.969460679 5.742272709 6.801798740 9.968983077 3.599067771 2.268508504 3.315616340 3.059362852 -0.095133656
23.753595499 -17.127264045 -10.318942430 0.718369947 -0.337172057 -0.397389186 0.460805228 1.329097206 2.596403217 0.287958204 3.676996243 4.333014728 0.692046144 3.395972672 3.294591890 5.407295630 3.990122997 8.837703319 -2.147253750 2.722070841 2.243086844 4.533013113 0.227635781 1.533359019 0.786254116 2.240302216 4.785585533
16.950363641 -6.730271407 -20.285065101 0.830510012 0.137726809 -0.494415765 0.216419724 8.091620820 5.579169047 4.680475727 3.905062293 3.005760862 0.527373887 3.820065312 3.353570870 4.145227813 5.581919226 -0.530516927 -0.563885587 6.285188446 3.060759165 4.988065869 8.330135154 4.145648114 5.707510374 3.438935402 -0.205442470
21.229599054 -7.913652631 -26.987624133 0.997230120 0.047103500 -0.007990613 0.057004362 5.244258314 3.724220925 2.523813750 1.512794237 9.964278710 5.742993299 4.254871750 1.602731051 1.605584689 2.229671352 6.961937625 7.097499630 2.937219906 9.405824490 4.830508413 7.226936174 8.768733213 9.801184804 1.701205622 -2.874074279
17.071348633 -6.712266982 -12.992644659 0.796503022 0.139618583 -0.586016698 -0.051710892 0.029780192 3.867275913 3.661653779 1.774896221 3.115664642 5.158340248 2.688888108 2.011511923 4.805917760 4.561411269 6.271046957 4.531200050 8.862683564 -4.155883073 4.129064840 1.169242501 4.301659459 -1.455171963 3.256011182 -0.156317258
24.231648936 -8.734858528 -12.292788023 0.900537272 0.014275400 -0.429336032 -0.067077615 10.800498459 4.053252029 1.784172562 0.828788337 4.253146781 4.545700010 1.532879037 -0.307134466 2.048794783 5.676153886 -1.715546817 3.176064221 1.190455432 4.847501783 11.359801319 5.485109471 7.800133684 -1.790924823 7.904959526 -3.177330530
22.909476617 -15.158267142 -18.312386314 0.816535449 -0.035953297 -0.473892378 0.327724329 4.393247058 10.539428199 5.878786053 6.250870449 1.323884809 7.077063125 2.147969550 4.690698379 4.844037475 4.062779141 4.414307762 8.377658715 0.740950496 5.828994582 1.776297253 3.696263060 2.189929863 2.862996994 3.842678847 5.298428774
28.860658958 -6.224564008 -20.354579398 0.820110267 0.214759666 -0.370422254 0.379585022 6.324516408 8.883141832 8.259243224 2.463659199 0.614025297 -1.362464241 3.128872270 -2.072833950 3.690440883 5.624608068 4.765206303 8.338687359 0.633267172 2.041973502 10.966478091 6.042438726 4.905966151 3.972422788 2.414237022 3.843265250
29.172842370 -6.615037952 -22.406962140 0.921930077 0.157546741 -0.222865758 0.274872354 3.589776277 4.011371123 -1.250353011 -0.018471739 4.780854553 7.517917352 8.044027791 2.043577297 3.559541836 4.776558884 6.941132008 5.619438860 6.829325807 3.829143179 5.663908885 1.773794511 6.919048040 2.033353196 4.057852099 2.901519872
28.159699770 -4.174986157 -16.274012678 0.791346503 0.223699145 -0.556522490 -0.118372808 5.712856546 6.131067544 -0.653314019 1.138282318 7.693498946 7.468756521 0.002194835 4.589857791 -1.431859591 2.352966285 1.556846017 3.612028956 4.875620436 5.980166831 7.951007930 -0.036917232 5.044841808 2.878281785 5.955715386 9.200835102
28.314625697 -7.065186556 -16.832307064 0.819496183 -0.180119643 -0.249974971 -0.483213652 2.276039648 -1.904439082 8.404029423 8.559867816 -0.665431860 -2.962243331 5.268938888 3.584585849 7.977953519 5.626884130 1.480839528 5.178796018 5.197981906 6.527240532 0.309075996 0.229405343 3.432310886 7.783088103 8.113912658 5.197718782
15.356976000 -10.276646534 -21.181953542 0.966348047 -0.234455070 0.042408177 -0.096973287 2.278974482 0.270599738 0.241864378 0.258373923 7.000193292 6.290527447 5.521317975 3.449350826 4.247154378 6.454209587 4.797897974 3.483156349 3.442661119 0.979713322 1.452425257 2.818220059 6.896107657 4.468589588 2.233103992 -2.368605385
28.476615399 -11.541557159 -15.144565632 0.773155559 -0.040197225 -0.502483776 0.384869744 7.543149317 1.155973008 3.957815025 0.137763211 7.133429400 6.186248398 6.060963115 8.120970535 3.643783127 2.146012843 6.927349131 8.597726980 2.804523143 -0.755650313 2.868113607 8.606030383 1.935204337 4.232234389 7.256818711 1.236000997
23.043283136 -13.749935154 -14.363550547 0.852148966 -0.141385433 -0.478776133 -0.156925821 3.114106666 2.976421313 4.784990715 3.749214254 7.071207572 6.562547718 0.841420568 -0.321502640 0.112363899 7.508498936 1.599644720 2.145477494 0.916746081 1.742164339 -2.818012973 4.912038433 4.652165812 3.085698900 3.798614432 7.358118456
18.404620038 -13.199131257 -9.706407337 0.909128118 -0.141123792 -0.255050417 0.297522141 4.682898981 4.035300106 2.380891070 3.633750348 7.986101851 2.149084998 4.638722810 3.365770878 3.304461651 4.261709431 2.424078798 4.778465165 0.811239148 3.014963403 6.149629673 4.508193289 2.684113799 4.187111509 1.110637511 5.361129506
19.101571203 -9.837126019 -27.187222450 0.913680892 0.281698783 -0.202482322 0.211740248 2.642140900 3.739269900 0.709044690 5.782483344 5.712532225 5.329761720 6.791867879 6.488966517 3.429382918 3.303533243 9.657417383 1.783635520 4.992276149 5.562393905 7.103543856 2.292795950 3.135825979 6.425930523 5.014138767 -0.991892428
22.083579161 -14.450438157 -21.317102081 0.753015845 0.085598926 -0.576251338 0.305899259 3.831481277 4.915447808 3.189357278 3.316512113 6.261714557 6.779192081 2.571782391 7.435466077 8.086770698 2.300601737 9.282762041 4.903567514 -0.032680038 -1.610442490 6.450174183 0.638249914 2.706073502 4.891493037 5.383334820 5.332291776
21.198501416 -17.723366208 -16.602347880 0.943708938 -0.151472944 -0.292242963 0.032610402 1.470834355 9.371548202 9.028316612 4.221184034 4.976151043 3.226825924 1.715553725 2.698742135 5.440756055 2.457219983 -3.132167145 8.904237957 5.149040012 2.800912763 4.031771380 0.334592502 2.584634137 7.326875437 5.780053735 2.063145715
26.138336122 -12.993983160 -18.619526006 0.845835736 -0.016683909 -0.530349731 -0.054888225 3.251046692 2.657840330 8.650265579 4.232149844 3.238095932 2.330823825 7.391883032 -2.139056599 -0.046791709 1.380837558 6.491036781 3.594062928 10.088387800 5.506823673 6.861403557 2.465542985 2.872314952 5.427638653 2.109780535 2.983566529
30.913811563 -10.546639265 -15.739756777 0.821123110 0.030215490 -0.443478218 0.358009682 3.451897505 5.542496364 0.488714147 2.984225807 11.241114993 2.392629516 3.721584171 3.575946008 0.529922752 -1.641738283 8.370287434 0.201260830 7.889989443 8.442513450 0.673131585 3.014302233 -0.102272468 7.778973782 2.425542840 5.631244216
25.655729662 -11.853052902 -10.815928301 0.953284402 0.029185187 -0.294244272 -0.061784968 4.637167639 3.095186379 6.462261407 5.098227790 7.555278518 0.161882493 4.743273350 3.627217818 6.246690851 7.980968075 12.215104317 0.320430506 2.412582462 8.046393854 1.874196196 2.468633993 2.479476734 1.901917723 3.048067149 6.996471697
21.260888412 -5.177325511 -12.167531562 0.942990502 0.077308920 -0.295237413 0.132767142 6.594769847 2.358144295 9.610099135 9.599288371 6.800322647 3.053429313 2.597896440 2.461051020 8.536890386 7.608182614 2.629241034 0.286868138 1.928514051 3.459414136 5.155771503 7.618093265 7.566627256 0.989152340 6.901730571 0.422743919
20.873601600 -16.850700103 -16.720742987 0.707398570 -0.229863997 -0.655948123 -0.128381720 2.338051902 1.896642493 4.207867092 3.075292635 2.547069478 7.346380590 5.047425095 0.135957259 5.405297205 6.877251644 -0.182595823 1.037792763 1.190308163 6.871084954 7.585475551 7.307689216 5.947156941 11.835484462 3.920857108 8.250927811
14.695786957 -5.592505178 -20.713685713 0.836451205 0.366364140 -0.406259699 -0.032859613 2.203626892 5.053709901 2.231825072 2.073000697 1.959202905 9.343255963 2.116251090 4.133201186 2.202211300 6.909897775 7.227570760 4.927388832 4.373562393 5.777601602 -0.237283804 2.407453974 7.509301951 13.576802441 5.480857818 6.238779325
18.553826919 -6.544426271 -21.480588381 0.863565270 0.019922331 -0.353278241 -0.359238932 6.376867431 1.108359627 5.133675624 -1.193965123 6.766516016 3.881838568 8.527388146 3.734497312 4.770606395 7.423295910 0.838265438 2.136291677 -0.000135367 8.574386279 -2.348714281 -0.847546794 8.774977636 -2.143532644 1.766827551 1.880580297
20.758914312 -14.838953012 -15.362069277 0.722928979 -0.071647561 -0.560676409 -0.397344035 3.317564659 -3.225195795 2.242112928 2.617467152 7.673076645 8.348836858 11.008620017 8.562092664 -4.437331025 4.559472941 7.463995638 3.676654230 1.101719256 7.717333639 0.811749047 0.296780263 7.994939315 6.392744125 6.234549561 3.561936528
24.198737684 -9.038530902 -12.036747901 0.886636016 -0.076749847 -0.341548209 0.302209956 4.427525204 8.380475403 5.200416974 0.309382983 9.891880253 -0.567142087 3.182516696 4.849373540 4.467523042 -1.158217344 5.015350419 0.847902999 -2.409214035 8.848833401 4.602571391 5.362133523 6.155762181 1.514664393 5.115031075 8.216619468
24.748376041 -3.020239889 -22.489917788 0.946948017 0.078456745 -0.311580768 -0.007170637 0.353997266 6.822440845 7.598161331 9.152109330 6.901901974 2.166880826 5.970766495 4.121723968 1.846128965 3.945787749 7.827006688 4.380256166 5.695926482 6.670251211 4.799104367 4.547237444 1.776721998 2.324788902 0.363200913 3.992327772
24.663410794 -3.319636413 -19.740982081 0.839929739 0.138729666 -0.515663223 -0.096765461 2.642690646 4.832469886 3.574565426 6.811176056 1.937126206 0.746000374 2.536605133 0.693834876 3.447286746 2.916609904 4.324510228 4.045756671 1.891748248 4.240254282 3.734608618 3.091704076 2.314583121 2.883574108 3.420054991 2.312149118
17.277547809 -9.504267214 -26.456924975 0.822772169 0.207809158 -0.501340316 0.168876288 7.337201583 4.433451965 9.381619077 0.079143157 3.541224812 5.648472986 -5.116786770 7.522415563 3.837625772 3.469201905 2.866908623 2.606125072 3.574507626 4.562699980 -4.246783584 -0.616628834 1.736438155 0.837773538 4.466901215 -2.514025517
18.380404878 -4.914385783 -13.302045035 0.819173017 0.132708637 -0.315477452 -0.460236856 4.601224344 4.380360710 4.171515950 7.248492361 7.759798959 4.167904482 -0.008962725 0.695341148 9.568474604 9.345698652 7.347815208 2.663746255 3.969759380 4.161703579 1.277128799 6.631630100 8.455406635 7.773141151 0.548810049 2.718742360
23.452763730 -14.515390240 -11.730567016 0.767331328 -0.108796893 -0.620452328 -0.120019906 1.559358609 -2.334933669 2.812388989 9.756339123 4.768546980 2.354839800 4.762100446 5.741535352 9.637314471 0.207109867 4.961539667 2.746856474 2.873961860 2.504266265 2.941974385 6.676652077 2.349519890 3.849288884 -1.337533554 2.668427576
21.612556271 -9.810098432 -20.362574343 0.843785959 0.106886849 -0.525081319 0.029833952 1.801651956 3.943293398 1.257103211 -0.016002870 7.307473336 1.042866036 4.029577414 -1.192022481 4.936045387 1.892661960 -0.440616359 4.698196139 0.705954742 6.013666886 8.109165528 4.552931673 -0.808034745 4.986777561 4.655881222 6.745375468
16.031581870 -16.225892366 -17.648170222 0.885224513 -0.207246349 -0.295708104 0.293228973 -1.078251437 3.153428402 3.295496405 -2.038312597 2.375823121 3.970239343 11.486347188 4.204646305 1.574593332 2.114315640 2.558807702 -1.767105423 5.856339985 5.899602063 2.163360874 6.679297862 3.358354140 5.152437487 2.038489669 -2.131057630
22.566740425 -3.658324043 -23.678432307 0.760331751 -0.025270226 -0.619409084 -0.193879939 0.892538560 5.869280726 7.909118088 3.285407377 4.272501836 0.345561674 3.134169253 7.857965368 3.902469321 0.936671051 7.893174011 1.026732582 9.248465159 5.664685957 3.881938269 1.594647865 5.811900793 1.006421513 0.882047750 0.943423111
20.121673371 -4.006150527 -20.836777714 0.833427924 0.165080509 -0.516973624 0.104329252 4.848535075 1.273883690 1.756591579 1.408592681 5.217245273 4.804902525 2.901262435 4.365883911 1.070368399 6.195839504 3.051051236 -1.230334202 8.742759808 4.263377009 8.596707993 2.462412779 2.967591802 5.540208369 8.076561579 7.842099270
23.461090585 -10.572093464 -15.906510380 0.798629793 0.015737029 -0.495549550 -0.341135521 2.192525356 3.621805933 5.886920470 -1.972797585 -2.675437004 3.890223263 2.784649354 2.392990160 2.841508101 0.295781104 4.240985068 2.962657855 4.182000942 11.920158465 -2.741876367 -1.834485664 3.432781282 0.728225962 3.234411579 6.794636613
20.562773930 -16.473238201 -23.880759476 0.728941169 -0.258466361 -0.617367130 -0.143867087 5.117088659 4.175495058 5.559874703 7.707274668 6.310613122 3.081938881 2.723154684 8.726937420 2.278015226 1.803001405 -2.176912335 2.725176578 5.306951561 -1.029312523 3.474272685 1.867993457 4.093158188 8.603767613 6.739543901 5.007907756
24.479047489 -15.144740686 -23.916570519 0.708392538 -0.235386264 -0.665080348 0.021010686 4.423284635 6.693113318 3.782223269 7.992662797 -0.063339994 -3.591044642 3.120428025 6.378933347 6.551099208 4.596371042 8.155809024 3.344387860 2.533663947 6.928388911 2.835488694 3.161975327 1.395969843 0.919693739 1.501730582 0.726054849
21.274655294 -7.724294236 -18.048538865 0.909235807 0.011014672 -0.296746196 -0.291737243 1.043380333 3.417912335 2.306222259 4.700255886 1.910620554 2.139531123 8.098118720 8.036483678 5.551974489 10.825070415 5.363468660 5.802015581 1.185157889 3.658889341 6.804217377 9.404218641 2.028941980 4.443983894 1.543658401 5.942825786
12.889453568 -13.480725501 -20.833728408 0.939804460 0.143954510 -0.216205995 0.222035231 0.610167845 2.831035464 0.698264523 6.961134353 6.044152394 7.977663293 -1.926640757 0.292555246 6.305959208 8.872317804 5.653554746 3.646737560 3.840799918 3.921206258 2.200263477 1.323327555 7.344384015 4.452657056 4.340376508 4.120026868
24.294954473 -6.440101744 -11.653483228 0.813540395 0.064384474 -0.313551979 -0.485481021 3.583016645 1.122284133 4.313696583 5.778177339 0.528420207 0.358069410 8.103229408 2.920705571 7.256163521 4.830597881 4.214615405 2.849638501 2.149946458 -1.249570977 9.004284812 3.110373611 6.494892302 4.929499075 3.178713873 1.391765676
20.470000866 -10.606570079 -11.842604603 0.920264917 -0.031584664 -0.386758242 -0.050328457 4.887115158 -2.214381053 6.919060537 3.944369509 8.908374251 1.141892163 4.810379054 8.224882004 5.439185093 4.172353592 6.602168318 6.410751446 -3.002829812 2.991592406 1.378398261 7.489871637 4.911802672 7.759521715 1.977373403 0.664079732
20.322387274 -14.791953783 -18.324254590 0.714636043 -0.406245521 -0.503436525 0.266104429 5.521448419 5.599035873 4.175566797 1.540489481 10.421820756 6.960696232 0.178058014 6.150335699 5.557280658 12.192182070 4.687805338 2.212329503 7.571679990 5.917799109 8.167474741 2.294310767 7.846530953 3.897438705 1.991430794 6.533319075
20.447570761 -16.291574159 -12.517588303 0.712924980 -0.528779715 -0.451065996 -0.093109900 7.526104102 0.184494925 3.380373366 7.410416060 4.313503847 3.909362180 -2.434316506 2.526946278 7.497935247 2.208590074 -2.171030865 2.653065252 5.893058282 3.931805723 3.001163980 7.418623010 4.744192788 4.353629642 5.050031875 4.177255552
23.851398993 -20.397749768 -18.815775018 0.935943738 -0.088979612 -0.323168707 0.107953394 6.700432183 2.964316053 5.514570238 2.194132376 3.292133168 9.266069252 8.237772912 7.526864345 1.620557781 7.026524533 0.615280915 2.980291845 6.459963158 4.035144418 8.021421050 3.844097573 6.366699052 3.504777915 6.683740135 7.269247029
22.437790818 -7.453829116 -12.679948583 0.895542771 0.127824982 -0.396867638 -0.155434864 1.432201407 5.236378605 6.293392395 2.300163224 1.556231432 4.583589569 11.395371788 5.053025009 5.105034208 4.651631122 0.177744750 4.521066399 4.021446983 -0.517971536 4.583212596 8.536064504 7.913934516 -0.646116947 6.886368965 6.651766056
29.117184612 -8.300439951 -17.581801388 0.967589057 0.049118805 -0.247079741 0.017617069 7.801711172 2.875145693 0.662999383 3.010473441 6.079248983 -1.396301034 2.480904932 4.232087956 11.065250840 2.974534388 7.531684601 3.208954438 5.735928965 3.278169743 6.275454683 1.137618667 0.546137542 4.135199614 3.690138392 5.586592289
19.227713840 -10.219940918 -9.929074890 0.953706289 0.001306645 -0.298123076 -0.039563092 4.923096206 -0.122945983 0.488791784 4.292545890 3.243767441 2.621581321 3.510622561 5.372229045 3.143102836 3.442098054 7.672814618 10.544590298 9.354911533 -3.482979898 -6.331639100 10.169846628 5.746112050 8.939090143 7.588756390 3.380548990
29.943268206 -14.386732824 -14.347055567 0.744807558 -0.125383948 -0.478948987 0.447379521 5.666968250 1.539133425 1.346691639 3.037104503 2.748836568 4.800946305 4.319919023 6.789197173 9.558749857 2.455978731 8.753261368 3.627531785 8.225469912 2.732077834 10.600015233 0.599620093 8.390991561 5.937630515 12.344395633 1.079806710
20.694453880 -12.583723262 -11.614824331 0.810814409 -0.151653050 -0.546553721 -0.144431218 6.625359768 -3.423909548 2.710076172 4.707872290 7.655357643 6.915530146 5.288548908 2.922976563 4.017093799 1.248330143 4.959287250 4.903050567 8.319761380 0.838797417 5.270978357 7.184883177 0.152204838 6.829832513 5.005314274 2.692134576
26.336148505 -5.656839062 -16.062078747 0.881261398 -0.105024728 -0.300364853 -0.349469757 7.637768188 1.919601887 4.750667681 1.332950263 7.858260800 5.811388110 2.350116941 -1.044213722 -0.919421366 3.271491188 2.224933921 -0.127369622 -0.029784024 1.063495219 3.547453244 4.216234471 -0.427478802 1.396220566 2.975316830 6.846761720
16.019939796 -15.670465099 -13.755088970 0.854405173 -0.129936837 -0.478343112 -0.155872019 6.664658371 -0.346618682 3.801698867 4.632360050 4.001977290 7.461847901 1.821751668 4.652502147 6.884805972 7.018101295 3.689255538 7.617597348 2.812566421 6.607025678 6.226310215 8.932584993 2.728719273 0.746701228 3.434143860 0.957350786
20.121577465 -16.877421913 -19.322816368 0.757556567 -0.131169053 -0.616313594 -0.170470761 2.687690180 10.248586753 10.798805602 2.231818719 0.181950648 8.406892611 4.205304417 6.091864905 2.159316011 0.536263580 3.913081982 3.407302897 3.329739787 5.506060194 5.373918999 5.211284011 4.906563591 3.248454900 2.696181241 6.774864154
18.042885328 -7.742078039 -16.963332198 0.812318249 -0.011018039 -0.460243070 0.358041871 2.755255079 -0.322171065 7.209397420 -0.230811890 6.604094107 7.016904828 7.097439677 6.815960603 7.763573352 4.482417239 6.305138922 1.816188056 4.643257505 3.530100372 2.181371054 4.364090471 5.259688302 10.974767426 0.747255253 7.933547913
25.760595154 -9.280168131 -13.457023626 0.778978530 -0.276950047 -0.416511014 -0.378166229 3.102702926 5.882487740 6.687980770 3.805515275 6.734874338 5.171379257 5.693821057 -1.053204499 2.999109516 2.890547891 3.541509964 7.609651828 2.613322152 3.462008919 4.893632848 6.243124255 4.758045983 7.097017110 2.968573099 5.831574860
28.288616001 -5.292915745 -12.407456705 0.873967132 0.081254507 -0.477470659 -0.040011588 3.101777106 3.773512969 -1.099527168 7.772992413 5.199280379 2.133354111 7.177253160 0.934839515 8.637492300 6.229152759 5.432039409 5.355883955 4.223103153 0.103394868 3.940866058 11.162897717 11.176103582 1.439018354 4.128567342 5.072179012
25.023466767 -4.741354485 -18.489696644 0.753509131 0.246644681 -0.595603195 -0.129024128 -0.237003952 2.324051707 3.038892747 3.458012940 3.801815633 3.221136330 6.185851737 3.791276992 7.958724833 -2.796526206 4.159539304 4.643546387 2.771613540 3.002428646 -2.413885944 3.527009389 1.282349888 2.878736406 5.650163824 5.694244405
20.433473880 -13.066600095 -23.444417425 0.747545686 -0.041614636 -0.660907605 -0.051427692 4.008619156 3.840765674 3.090572639 5.356895974 2.354796971 2.599256646 4.163387286 7.307433249 4.981267141 3.404340951 1.495573532 4.551677168 4.499158556 2.144666763 5.196957283 6.463874671 7.335176035 0.907372105 5.070755005 1.830958002
13.942255676 -13.249114465 -19.762814284 0.970746206 -0.044079172 -0.230674416 -0.049981442 8.217781846 4.209248381 7.901390580 -1.134542960 6.135036441 2.782117281 3.323756316 10.891478329 6.874469500 2.669752059 6.379602103 4.739374185 2.799528265 2.895788833 3.533206491 3.850323275 7.554397171 4.015018187 8.110389693 7.314393616
29.806862119 -14.587100756 -20.548440313 0.729391922 -0.194739576 -0.305634587 -0.580216702 2.488325647 5.310562637 0.195310128 -3.782742992 -0.527105625 -1.107162729 3.439349162 4.607513566 4.215348456 -1.751817790 1.384702759 6.051719953 -1.063737645 -4.242561332 3.575927155 8.937413840 3.961528176 2.960409451 4.261486420 -3.417095051
30.285180050 -13.603787592 -20.377218618 0.891826219 -0.071105079 -0.438008608 -0.087968863 7.051968360 -2.024707756 2.880071076 9.805695626 8.333082146 8.183261771 7.279198501 1.206453939 5.437366983 -1.386895683 7.878950027 2.817284607 9.405868207 9.476048758 5.092784309 4.532200265 0.693475153 2.543228017 5.615416261 1.671596615
17.799195886 -2.505053930 -21.005882223 0.744810587 0.215759848 -0.579531368 -0.250695574 8.905904885 4.967306766 4.899813810 3.983704497 2.376554412 2.457405659 1.632732957 3.799660532 4.959092068 6.893193547 3.283208589 4.649409110 2.777802423 3.459746656 2.125667750 0.634919055 6.354019387 3.522743935 5.654622495 4.404051462
29.208356988 -8.242059058 -21.515764589 0.977673998 0.075165088 -0.131330080 0.145794968 5.012776045 -0.073503173 5.714957888 3.891603028 8.422200717 9.045812600 3.628996967 1.566856377 2.899226008 2.385576954 4.478228299 0.564485368 2.283047653 4.454273727 2.097072723 0.458676119 7.244964223 2.770388556 7.238405231 3.533790267
26.435289006 -10.576093113 -10.917082837 0.930139010 -0.065662127 -0.361223864 0.006872156 0.287774989 5.391866187 2.100192298 3.986846193 4.330491389 8.769386099 8.437341040 3.901561238 1.057183853 1.298061150 2.513204272 3.091142143 3.053911986 3.626768651 1.715993900 2.028981059 6.786870297 7.772407995 8.010078357 7.086453197
26.767438390 -3.817713998 -16.164972772 0.974272813 0.054317751 -0.213808500 0.046130169 3.496739365 -0.322527341 2.500114457 9.867270555 -0.201855074 0.468149925 5.071088327 5.788374102 2.993677812 3.821688890 7.608503362 7.897901155 5.957110828 2.789078446 0.444374401 3.129754253 4.495467521 8.037747531 0.918441645 3.575533588
20.887516433 -10.520725788 -16.969636117 0.944668231 -0.057033722 -0.304912620 -0.106664812 1.009213232 6.141064897 7.120704103 7.659186776 -0.272644648 3.792439754 4.769531294 8.160460393 3.385037015 6.779023310 -0.214107116 4.345681943 7.068415367 4.545839811 2.935614806 5.915579054 5.980598286 6.655395788 4.631652652 -0.393292396
17.666419521 -11.577750317 -11.795884200 0.789107948 0.082730576 -0.598030977 -0.113239784 4.670566629 3.034707756 8.524223447 4.874577951 5.965331438 7.570664066 1.464846344 -0.272981401 5.645831767 4.204467387 6.219688012 4.979665266 5.248122110 7.244856060 3.647576811 1.432396389 2.557786510 2.753083329 -0.937159535 6.847166374
24.416504660 -12.600382541 -17.256138154 0.773529462 -0.294832633 -0.534204476 0.171322701 6.945232125 2.727359558 8.603920987 -0.785358567 6.615335623 4.432889334 3.914248234 3.636630487 3.837523861 7.136005075 0.801963107 4.269199111 7.090049550 0.946049920 6.821501516 3.788931508 4.709331348 3.649528021 6.894181144 2.848773768
24.936941729 -14.883994454 -17.660396543 0.874272762 -0.349405243 -0.264724925 -0.208527761 2.056079157 8.245160747 4.203081097 2.064038891 7.641351067 0.452221400 -0.173453263 7.284168096 4.573136824 3.567778006 4.169096709 4.606945623 5.735013794 3.454297407 9.749976034 3.726389540 2.402602894 2.852452381 10.827464758 1.669049714
22.035304296 -2.596144967 -16.764782669 0.767997448 0.296167439 -0.414569556 0.388068101 3.030846542 2.834589546 5.405690306 5.350815507 -3.417162125 3.947998005 4.811193697 -1.201204568 9.720950926 2.863647608 2.065910931 1.559975750 -0.424698361 1.634633992 6.286586651 3.689818160 2.402986781 4.825364830 7.791573198 6.988867678
12.761791693 -8.381171060 -18.022194601 0.938651857 -0.009543944 -0.287587157 0.190092693 1.664756902 0.285952606 3.672821713 4.255596864 4.009581064 3.649255574 4.750587749 2.464358101 3.822598915 4.894374415 4.551923624 4.730372670 5.428776297 -2.566604078 -1.778903568 -0.025247597 -0.347070257 1.659896966 5.263512979 8.531267042
26.621195033 -11.740797682 -10.567095216 0.738890243 -0.100506203 -0.329074004 -0.579353097 -3.321412582 4.548770537 1.994520490 5.358542137 1.361480911 -1.611588260 2.569452096 0.873347409 0.993102494 5.018237037 4.337733769 0.087769145 3.045305646 1.377948949 0.635656621 2.374436033 4.249695934 3.228183774 5.874768840 6.361204707
20.548778020 -19.203633714 -17.261004694 0.882088115 -0.185208623 -0.422280038 0.096425587 4.040134990 2.133680479 1.102314657 3.687405272 7.095213829 4.260639513 5.459309148 3.948998939 4.045352111 2.836343283 4.575496933 1.421306582 3.566210345 6.169835042 2.192823221 1.462832972 3.865466933 3.839302639 4.409918696 3.986570216
27.158804780 -2.674619748 -20.270203665 0.844168999 -0.084673972 -0.353961399 -0.393599222 6.789276069 4.039524570 -0.596427800 1.900238061 3.882356977 5.910587789 2.934452017 2.901746609 -0.238197498 0.170508460 3.410251998 0.437111725 4.074065059 7.574624568 5.682861524 0.457464295 6.058685607 7.318663838 9.624378135 0.712961199
20.968090166 -11.630427555 -19.364761129 0.885995495 -0.102521765 -0.294899356 -0.342834713 5.853098703 -0.467669206 5.685327298 4.733200963 4.868347074 5.248882354 0.148739303 2.487232113 1.178364557 10.551990639 1.173286307 7.711737830 4.718921277 4.551972638 3.695498995 4.266384738 8.041443967 5.157669258 2.676913934 3.313931747
12.360336440 -10.782794160 -18.279611938 0.830037717 -0.119053330 -0.482052264 0.253947448 0.878687593 1.977226073 7.525834571 5.745373440 6.081572525 -0.517568569 0.277672135 -0.501610413 6.118959378 3.705690302 5.388696885 4.463144821 4.457735444 2.270096041 6.612001009 2.195194984 3.204258293 4.521168774 9.439289789 2.209669608
18.413774140 -4.363293855 -23.325896084 0.723153495 0.343623283 -0.585523435 0.127021133 -1.069578132 2.069311907 -0.623002427 6.301684450 3.322645017 6.381781878 3.410520229 5.257503822 7.690275717 6.141402113 4.737467727 8.268221232 5.192684867 1.614317680 5.380029811 3.810370747 4.528203560 2.732374293 7.597751956 1.254920816
16.716996714 -16.556195198 -19.032891582 0.856150772 -0.212138723 -0.435346974 -0.180211070 5.624256981 1.467972224 7.873225212 3.562630218 0.139020337 3.691495698 4.920055872 3.274747418 3.110155141 2.522240660 3.816014568 2.344475766 2.312039239 2.565737832 8.028400113 0.228356437 4.842550926 5.644580495 -3.167937188 5.684392002
28.945156320 -6.427471746 -20.717367372 0.968334518 -0.020535570 -0.239501577 -0.067420673 8.193521611 4.964908738 7.245233250 0.378375180 4.057508754 8.614801636 1.274988784 4.178227214 2.936689087 6.091612145 0.215383613 7.997638601 4.968931457 1.829939464 2.893406627 -0.288522479 -0.163650221 2.439193448 9.148681811 -1.486932407
17.725420949 -12.678265145 -24.777235210 0.730458512 0.065216563 -0.593531633 0.331507712 5.955708409 -0.654888735 8.221886161 1.517146785 4.502439500 -0.136991512 1.417132445 1.637250250 7.152232391 1.588916670 8.707006812 -4.789738403 -0.738679474 4.233004407 -3.322951970 2.832486296 7.105997547 -5.281378412 2.458734495 6.191672699
23.843054375 -1.127082823 -16.173976658 0.777482263 0.347831241 -0.500854354 -0.153882015 3.884946216 2.424356929 2.909161496 4.698085686 8.317948239 7.004140666 1.617064719 5.127066436 0.725281988 3.393914359 2.408012972 0.764430603 6.579809791 7.383405513 5.034250788 2.548825598 0.474502317 6.864625034 6.858208174 1.350361484
18.928292559 -13.845454071 -15.040140241 0.883390148 -0.037968015 -0.417311057 0.209837456 -0.557533968 5.380445123 2.400135250 2.483552098 0.666346375 6.131850083 5.210264889 -0.204978514 2.361145491 10.357697859 3.817675189 4.663141495 6.945682612 4.699388064 0.264625369 3.746926162 2.546785672 6.697843688 -7.753012494 7.326531684
26.287838129 -10.460197384 -16.598354048 0.800438497 0.005076937 -0.493088771 -0.340787180 2.176941311 6.609221231 3.196455214 9.091259327 3.588859565 8.970567448 6.603597565 3.010518854 2.070029330 6.275367733 4.365141500 1.273708546 8.909718113 -0.527880893 2.308765607 -2.068927539 4.548053724 -0.082443741 1.105227862 5.821549933
26.461870613 -9.489060746 -24.248962992 0.954837349 0.040305547 -0.294192517 -0.010576517 5.619275883 -1.995019008 3.828043533 1.459292316 3.701869497 4.275560717 4.938347742 -2.828945373 4.052106855 7.638379075 6.483901328 9.545308540 6.344386171 -0.243108274 4.401965374 1.236040388 3.299764067 7.613661766 4.161824981 1.042994133
27.440193725 -9.334443311 -14.638291122 0.735096127 0.017421849 -0.558232950 -0.384325561 6.227955533 1.972304308 4.837236835 0.762091638 5.006301643 5.292863023 1.453715711 6.966281391 7.537678430 5.403767042 5.259793438 0.914822124 6.178423976 -1.977456062 -1.310888081 5.534172404 5.172746781 2.661588149 4.517462596 -1.590696094
23.746077583 -16.966623229 -12.187573722 0.760360240 -0.324010475 -0.315175257 -0.466405484 3.863034072 3.261253715 5.408319952 4.638299498 4.322223638 4.471060221 2.729690042 4.305517533 6.516369777 3.910715467 -1.422234774 3.768424879 3.894063292 5.299581640 0.468627695 -6.751407950 3.149292863 0.976485880 5.222985534 3.036567959
16.814892982 -13.511658941 -20.471904924 0.979037775 0.072047365 -0.133121849 0.136282010 1.912766180 4.617753544 4.921627988 7.640594962 5.565803030 0.280139525 -2.107632835 1.923389094 4.073869653 4.374429375 1.646908646 9.210852628 3.940495829 5.535358381 5.074207971 8.060292559 5.756504450 -1.176156783 7.394315632 -1.785743723
19.775864251 -9.602045677 -26.285085581 0.784470443 -0.210289052 -0.426400260 -0.398205294 2.475520293 7.865651073 3.385409118 5.360274869 0.551226960 8.777996703 8.839275490 4.949634550 4.021567621 3.590179807 0.505555548 7.451983122 0.244471250 4.155264960 6.493183159 3.863432661 8.283365523 5.540904720 2.398710738 0.077161077
16.782794812 -5.384886224 -17.601743384 0.948725909 -0.029687267 -0.215451048 -0.229387581 3.876616411 2.177970426 7.429341021 -1.487853430 4.941011989 7.800850997 4.217716353 3.452333007 6.774100062 2.526821230 8.091738902 3.459777532 1.471285598 0.332147326 5.905296623 6.064797827 2.857016217 6.365335348 3.205086102 3.617518028
14.806330447 -11.868541746 -17.010750299 0.904746378 -0.257456423 0.179942301 -0.287699408 6.501983599 3.333376963 4.291553391 8.152808569 8.196836099 -0.278472486 -2.207907037 5.248857102 5.751845509 2.922711634 3.534015099 0.765429159 8.847546073 4.742346841 5.253811239 2.815120890 1.920881924 5.534348222 1.545445643 1.649655869
24.356656579 -18.847823768 -16.975735379 0.876704034 -0.343563859 -0.335600029 -0.026954241 -0.226476514 6.616701546 1.572380013 5.088965270 10.996655163 1.360468263 2.343673964 4.787079240 0.956316121 2.798114955 8.993184501 -0.131602751 -1.500236526 4.195270554 1.616033750 6.624096295 3.722650683 6.002818111 -0.190245787 5.813286600
30.684037787 -11.917786183 -22.312368667 0.819121272 -0.144153994 -0.544988360 -0.106054959 0.617693392 -1.072565337 1.097709883 2.435387391 2.965577408 -5.158128094 3.865093528 10.378372395 3.662971619 6.458797114 3.382177190 8.233400464 4.687647011 6.183958442 3.317967021 -4.231794847 7.815680618 -0.493306471 6.490819959 2.445303066
22.069062248 -15.378205811 -23.733951224 0.708636490 0.071678197 -0.552502336 0.432940793 1.248866300 0.915122919 6.745937883 4.939448154 3.309960518 3.344442292 7.557197084 0.493980239 3.638233889 -0.789971641 2.442993425 8.440936304 4.576937992 -2.718257760 4.493314917 1.814459417 10.605805762 2.251112843 5.199326061 4.191839804
21.735535767 -9.213958051 -21.736003628 0.707377274 -0.255047391 -0.641380201 -0.152314342 7.003311704 8.791181259 3.727140483 5.138505367 3.627779444 3.250925921 3.929653634 5.211223343 7.432347947 5.061037612 5.414450251 5.743219445 4.102644428 3.640940149 2.976635226 5.288636430 4.067398284 0.669918281 1.501863735 -1.768438652
25.519693622 -9.630153438 -12.258891065 0.774981824 -0.023744992 -0.444701379 0.448419482 10.655687006 3.346615570 -1.767073630 3.572318026 2.151234263 3.959924364 4.800471064 5.377170965 8.828392134 5.795898923 4.598557145 4.701450042 3.116688679 5.538180670 4.364190938 6.555967778 5.422275698 1.774408456 5.181077532 4.602061146
20.998364329 -4.659460264 -24.196191308 0.767765890 0.053303937 -0.628336404 0.113523531 3.715888428 3.196055351 1.229816912 5.317504110 0.999860213 9.616026989 1.904784590 4.071704704 4.953815220 -0.268547307 2.962749743 3.790486955 6.168669480 -0.875608722 4.069444919 8.297995539 1.002803502 2.163077736 4.881396409 6.158418370
27.515061126 -15.997264804 -15.167024130 0.803939819 -0.159388612 -0.398016619 0.412139307 6.675121918 2.021491904 1.085414987 7.894537692 5.805164990 4.105436544 -1.541379370 3.914379477 7.831117014 1.469584863 8.455205434 0.536180393 6.787051968 8.516060891 7.016119885 7.009204705 5.443150134 7.038179084 5.704565580 6.082856876
26.910355309 -15.296111099 -22.205734762 0.928323489 -0.192275289 -0.286774146 -0.137863347 1.695397806 -0.823877179 0.358837307 8.827422620 9.785930290 -2.222647295 7.306731505 0.936647491 5.246828585 3.365957333 -3.083665400 5.035952293 2.394901379 5.861392567 9.312832942 4.001123610 5.622787290 1.300853918 -1.644730010 4.851269346
27.570720388 -15.787348808 -15.632886783 0.707406194 -0.221365649 -0.420114715 -0.523523974 5.625267791 4.615936871 3.765777712 3.986697950 3.442440626 4.899609319 3.127497888 3.252414862 0.771461183 6.132509013 0.749445776 2.458591500 2.373505120 2.220905938 5.876282207 2.514452606 2.548846884 9.349860194 -0.696748046 8.702296264
18.662901407 -4.402585232 -23.304365763 0.981627783 -0.001471803 0.188239813 0.031152882 6.791671838 1.589344218 1.572712719 4.229727705 7.267194845 7.030874983 8.465277991 -2.518384386 1.312929290 10.169507640 2.875358576 3.975364173 1.188616174 3.746822804 6.025559527 5.408035547 11.418147944 0.228176205 2.995298030 7.098883740
20.740427859 -12.684654602 -13.581216507 0.731746797 -0.125818718 -0.326152898 -0.585098764 4.649131237 12.084215795 5.369112630 8.490154554 8.845829858 4.001944842 3.743035570 1.768805253 5.277058689 3.116099417 10.018356037 3.107668268 4.731868647 3.761023267 5.478813080 6.803093659 4.279539894 -2.756924020 0.910931863 2.579408663
24.504825086 -12.233515741 -12.300224096 0.859040952 0.027256472 -0.508638231 -0.050920297 -3.849920664 3.676475367 2.112389581 5.626715034 3.045448629 8.401284493 3.262791687 1.663465939 6.023320156 6.601977878 -0.550834097 1.568765360 -1.345077879 -0.697986493 7.017240711 3.119516461 -2.374386035 5.597518425 6.742298768 3.420405506
23.307790051 -15.135449062 -13.015721662 0.831232292 -0.259010509 -0.481610883 -0.100086916 -3.858666069 4.437571183 2.717879719 6.827327952 1.825835545 6.808044137 7.658035587 -1.833134892 7.236625805 4.190996773 5.681026101 4.263461371 6.378461523 6.430237356 6.784448961 -2.244983851 2.589200399 6.792995198 1.887000942 5.978429121
22.982878301 -13.798834681 -21.335120441 0.809924086 -0.362776474 -0.455577600 -0.069751385 10.616943313 4.874392566 1.092710983 3.569267045 2.890711709 -1.119149635 7.547666022 -2.632837855 5.388030292 2.659819819 5.017366736 8.766574277 -2.678712439 8.058064424 5.104064040 5.014025291 4.426154704 5.443933531 7.705640767 4.535426883
26.602737707 -11.993988668 -21.188973343 0.782654074 -0.080349717 -0.473150808 0.396389753 8.018737346 1.823117032 4.333135391 7.721721927 1.595415827 9.430389798 1.885804876 9.298002718 3.000452222 2.404392880 1.135247312 6.103790399 5.092549942 8.424465950 -0.542976593 2.767448838 5.122492393 7.186272529 4.571021889 3.439565969
19.592538899 -2.660750820 -19.747946489 0.846863872 0.004512856 -0.526902433 0.071937771 5.240393912 4.735090654 0.079166929 2.383323309 11.599016432 4.343739510 6.436351764 1.240562061 8.499019043 -0.519691994 2.642572424 8.648839973 6.644068518 5.623661796 7.800266518 0.403857415 6.830344125 1.930671889 -0.417101974 4.172680108
26.726763944 -3.051838822 -14.100079801 0.954713240 0.089044247 -0.277067040 0.061867658 5.915696256 6.928563313 4.539556077 5.576542051 6.309296198 1.595026092 1.098465388 9.843339924 7.508959985 6.559145641 6.710287941 2.410509167 6.146384010 4.087415163 4.846808752 10.024534320 7.297983555 2.869347392 0.671966999 2.995296596
20.635792327 -16.122244871 -20.222912227 0.836204533 -0.125068573 -0.382848370 0.372218963 6.313541290 5.928461881 3.563261580 2.800797421 4.408479070 5.715560886 1.872140278 7.097912970 5.284681367 4.439361283 4.478749175 4.133641398 -1.293760390 1.636696700 11.409234804 7.107458231 4.461487633 4.438759081 12.392587234 4.150299471
13.678260205 -9.725762246 -15.259937485 0.958726097 0.059050793 -0.212967318 0.178891575 1.501257284 0.718920494 2.180438954 13.627416275 -2.847906569 7.816290231 2.626266651 7.659762812 -0.298642037 7.011988269 7.136434564 9.573283555 8.495603677 4.624759247 5.407182113 7.021387416 -1.748083148 6.522395584 4.888883210 1.108405286
16.048549563 -18.423332725 -18.318652067 0.726946304 -0.281379842 -0.372344911 -0.503719885 5.163574954 6.191975843 3.570301958 3.232719791 2.579826947 4.179677642 5.298096113 5.685984722 6.356980948 7.718491840 5.420832037 1.979423461 7.430987227 -2.524263925 1.601605616 3.096579062 3.790219655 -0.678972178 9.298452744 7.290021311
18.544447934 -9.740297166 -9.378933674 0.790330940 -0.062799429 -0.602407069 -0.092406498 1.064550539 5.051841263 8.279665957 14.368282178 5.399412274 5.622860565 4.711429597 4.606153599 -1.042018629 2.825912911 -0.078645790 5.960592094 0.790691400 2.100301813 2.953693805 -1.069223448 6.312428387 5.648627633 9.954806422 4.126035507
19.088980893 -12.208725669 -14.612899835 0.924513744 -0.111815862 -0.349645661 0.102564426 3.934551153 0.260139236 3.699174515 11.679001103 0.996685631 5.342740694 7.070162345 2.484472282 4.293722433 6.073031080 7.098667725 7.378383347 4.222927726 7.587292615 1.228690428 3.188430480 8.744314597 4.421900698 7.000799083 3.909615585
22.261567228 -15.328777838 -11.684112358 0.819736471 -0.195661820 -0.537958172 0.018696926 -0.965160346 3.450900816 1.982476597 5.427226876 2.001109284 1.129052993 1.293214105 2.615582381 3.823913154 1.439536324 1.056239099 3.971435451 0.604408352 -3.286249734 4.247293985 1.385272584 5.272689343 5.954741811 5.722083098 6.620310616
23.830168197 -6.398046480 -10.438269211 0.786386005 0.013409265 -0.587093620 -0.191672439 1.671710631 7.346853742 -1.134014178 9.858068952 3.127868932 1.360740940 3.160188296 3.969287141 4.635921931 5.561383560 5.231013416 8.974426229 -2.567849144 2.690780155 1.362849826 -1.079638895 6.288078908 3.899451582 4.777962771 0.348847859
23.982014322 -11.780673474 -10.742441690 0.747357511 0.046857602 -0.479345121 -0.457700089 2.754896820 0.915240673 -1.693840972 7.105396086 9.314562635 -0.963834246 7.887321586 1.647708823 4.077188792 3.435606829 2.491125064 5.699773191 5.823587712 3.232839112 -1.906850464 3.346190536 6.551069652 3.030558081 -4.919565354 5.608652464
27.710716042 -14.417019839 -11.494452369 0.932450208 -0.061806447 -0.355945380 0.004411171 -0.644378292 3.877482541 5.921775194 0.070377509 3.054776128 4.804894259 4.320800874 2.345892383 5.484712003 2.081280765 0.859725404 6.414617518 1.894575637 2.789828344 6.999174313 5.436684697 4.331496002 2.138671271 6.458531364 4.722627727
29.763873753 -10.016932189 -22.483242249 0.711930125 0.030900500 -0.544722067 0.442129536 0.376659550 -0.585475773 4.182338197 0.917373659 2.383990697 8.417592763 1.779980026 10.892569617 6.827120412 3.389166127 4.166035859 6.192132116 11.607422817 1.810193016 5.292051573 5.540398738 4.419757117 4.550717320 4.897254660 2.871472741
26.235209925 -9.623877457 -17.445835045 0.829008985 0.032060042 -0.436224560 0.348460026 8.649775858 1.803144754 1.863718488 4.439712167 0.482100111 -0.277164460 3.817024814 5.179043008 2.828290150 3.538942763 1.461513986 5.117616719 2.968073649 5.447232334 4.076738110 3.954190972 1.162568410 4.159884727 3.732122717 4.421239291
24.605772294 -3.776879995 -11.368674911 0.870541871 0.102446270 -0.481304211 0.002805187 3.925804707 1.616180204 4.704823416 5.509603505 4.616844082 1.459604693 8.753682588 7.312596692 7.651789775 -0.203278366 7.500697570 5.178947973 -1.600905365 8.764294982 3.036144285 7.670264353 4.513133267 4.242121486 7.974402851 8.051181477
23.879271757 -7.370055928 -16.377289723 0.777025709 0.130226080 -0.513944093 -0.339313550 6.696832257 5.050827372 1.557286823 1.026960188 4.646795457 6.205603351 4.182922787 3.067004206 2.899572861 1.558621247 5.168222875 7.773713893 3.819570744 0.713998515 4.448629248 -1.015833743 5.618561500 5.524964052 4.902353751 3.286872877
24.268014975 -3.560995214 -15.983272787 0.788062395 0.045160761 -0.428885579 -0.439289572 8.430226842 4.129538031 2.603028729 2.625351975 5.215023559 3.827323145 -0.098669942 4.689026189 2.234009484 9.490493475 4.183533840 7.898480362 0.822606495 8.830215572 3.786554022 3.809889111 4.544517889 3.136771541 3.214785177 3.824060428
27.481971998 -3.607558390 -18.218994451 0.895132788 0.166774392 -0.413388050 -0.005823688 6.391433436 0.758822929 12.318086605 8.377228383 5.730835715 10.311692161 -1.274539283 0.951991746 1.515456775 4.388747111 3.300856203 5.817061169 3.266470226 9.877842240 4.571997953 1.293150553 7.012114886 -0.716566736 5.168983971 8.105168254
17.149324767 -7.834481396 -17.026167368 0.855845284 0.213248921 -0.399048069 0.250627985 6.361282154 5.196121187 5.089991023 10.032543646 6.791110462 0.701793695 4.499752391 5.752210264 1.483050025 10.116378277 0.728615279 1.876337831 4.697184537 4.700806417 4.763704875 -0.732480042 3.764577047 -4.563688074 6.056992458 4.497983880
19.135490826 -4.895638698 -23.123356569 0.854679333 -0.204553292 -0.286250101 -0.381761794 4.518965840 3.979715654 2.596504611 0.975284557 11.809702945 7.445521207 7.526117011 1.535436635 2.796741177 0.715672013 3.357726233 8.869191022 0.086460027 7.586151906 0.620732180 2.782505411 2.868792275 0.995124670 -2.618141071 4.218301068
24.644444383 -7.289889231 -10.825448091 0.760758672 -0.022905315 -0.458465133 -0.458836912 4.909733094 3.319419125 1.305973963 3.812749626 6.311090974 5.218410600 0.834255486 4.398696475 6.351762033 -0.471395318 6.117947746 0.241198466 3.490134411 0.798678863 -0.695697728 4.468387745 1.561235220 8.236724215 2.096170654 4.080481135
27.298771657 -8.492693412 -16.065362648 0.801144541 0.123370678 -0.576385211 0.103572142 2.962331087 4.069606813 3.386179182 2.443717564 8.046216218 3.952030282 1.559316410 3.206375464 9.908693265 12.132800053 6.802651556 1.137035642 0.939164960 0.426426173 2.459329273 9.665828845 -1.482381831 2.256001314 12.441151790 6.914481200
19.786252563 -5.119058318 -23.510563302 0.821883430 0.315129996 -0.471233256 0.056035103 3.710686056 5.443840643 4.813457207 3.727484446 5.702941450 0.960909150 2.546177373 4.488352214 9.182417043 6.379763277 1.699590184 1.285473405 1.247132643 7.049753764 3.908665043 0.931811356 1.959890443 0.058184367 4.578065489 4.547591018
19.817138301 -7.583689706 -14.642625491 0.917650125 0.037275483 -0.395119484 0.020233153 5.313585556 7.948578870 2.619192639 10.307837118 2.169908642 -1.240554742 2.912647977 4.020056933 2.770826321 6.920337685 3.725392226 8.910417172 1.869257657 -5.230429616 4.281323939 3.959005191 0.570581747 4.889692518 2.350754936 6.308684810
26.798929781 -3.367692780 -14.415122007 0.816399740 0.156209759 -0.405285375 0.380570284 3.753942847 2.601969982 5.078408962 1.590764991 4.275297155 -3.015112917 0.171936355 1.793972730 6.048823880 6.108638049 2.147532092 6.765290447 2.108996297 2.812902793 -1.458054564 8.006333703 5.195725787 3.319319224 2.026897779 -3.600613644
17.967345079 -9.498143279 -25.521292991 0.995512911 0.017792576 -0.092726140 -0.006271513 8.816504374 5.422073763 7.006773378 6.959395423 4.953604771 4.633330485 2.438525621 0.150661743 7.542078752 5.091687085 2.053286680 6.634897057 6.631314501 3.962905254 6.973547303 7.174835490 2.359613634 0.153347420 9.092991224 -0.638081963
21.794139447 -19.089786237 -21.102312920 0.750420147 -0.094504295 -0.518906240 0.398340125 4.572905655 7.403227647 5.232678502 5.707307918 2.586203715 5.009940061 4.975501517 -0.193698707 1.121833133 5.943769566 11.496970818 -1.258581310 3.618306373 7.889335088 7.453256229 0.388302499 3.651370133 -2.224347238 7.296127507 4.260356202
29.347861288 -16.303358366 -16.112515661 0.788724516 -0.133850904 -0.597704409 0.052411957 3.797651988 4.574963237 7.866645299 7.919582352 4.159477122 1.443836393 7.261006835 6.993658523 5.942708756 -0.123330405 3.259007836 0.149017883 -1.524819511 2.526183139 2.809991788 3.715895798 4.853289973 -3.203326075 -1.964521042 1.577720415
19.286442089 -8.010320822 -19.394662215 0.908801790 0.103704005 -0.404134170 0.000598943 5.321633744 4.461218003 -1.567292478 -2.095683733 2.296157440 2.206453148 -0.142766972 3.113339733 3.895133447 1.499268838 8.376417748 7.890466402 4.292555258 4.550072323 0.473310420 4.457392043 1.254988849 3.662103027 5.779243593 7.188788523
23.990005789 -14.864860710 -14.502549196 0.772242137 0.014235825 -0.452342726 -0.445898509 2.417559886 3.402465917 1.837803702 3.851929120 3.102713866 7.896326301 0.173226772 0.342521175 2.695571539 3.733547701 5.139523041 1.543659131 -0.096899576 6.635010921 4.884260010 2.599016083 6.411427698 4.853085336 3.698526064 2.587397015
21.498685693 -6.430639391 -21.881353368 0.885962883 -0.231002918 -0.165566691 -0.366462949 3.179872974 -1.139987528 1.493213720 -0.571062286 8.495893198 7.999423209 8.403121083 8.026414397 2.821860104 0.726432944 2.031578817 6.116179823 -0.275466333 2.092360631 5.289224194 3.913171536 5.028396273 3.462122807 3.562465402 2.243584220
21.305429319 -2.294320690 -21.034708651 0.861213203 0.208803710 -0.290182312 0.361257604 3.449262802 6.886596510 1.233891497 4.191739828 -1.215352024 7.020992637 7.077999935 4.155251047 1.716354252 4.251750164 3.837934632 6.294051010 8.984348977 4.316367701 3.259688031 5.955097789 4.281798111 5.200480188 3.561701451 0.742245828
26.365153838 -12.170413060 -8.986098828 0.887155732 -0.135500046 -0.299750423 0.323641975 -0.137932617 4.758776796 1.556481000 -1.826337165 7.961674449 2.576078435 6.678746981 2.449479545 2.510593168 2.261241088 1.161605672 6.994910237 7.282850314 -2.288242858 4.221679627 -1.198046262 4.648904570 0.989375069 3.622993322 5.314936467
16.969771917 -16.119794982 -16.896585007 0.855735103 -0.327791198 0.067743423 -0.394564562 6.619415233 1.165558434 11.046004475 2.663005397 7.306092601 3.383969207 3.509930200 2.866858831 8.036469344 8.742043024 1.849100712 0.989060545 6.345557507 7.406856338 3.364582937 -0.425023490 0.649595191 2.439727978 0.853564688 4.227358511
19.593397494 -7.960863722 -21.939828437 0.918141817 -0.231452736 -0.166919482 -0.274923846 2.111671049 3.448111207 2.514135744 2.133266460 1.027338675 3.837382890 3.512204122 4.504241720 2.584462269 5.693228049 2.646261167 4.615485862 2.151425253 -1.416631698 7.199900513 3.894488939 6.283610363 6.843299268 5.986646509 3.426122807
25.714165720 -18.432113099 -21.596092008 0.874593436 -0.061409203 -0.357582955 0.321635913 -1.438166548 2.636499553 4.156895306 0.290117771 1.786958242 7.504990728 8.734182758 -0.276693785 -2.121384308 -0.063868081 6.454665745 5.700260434 7.044185759 4.962174330 1.031916146 5.704092242 5.288342200 6.363303815 -1.308918254 8.053307548
28.020339314 -14.594568644 -21.795759111 0.956346362 -0.105082769 -0.214844252 -0.167932116 -2.001208275 2.326426298 9.188155726 3.000105506 10.220605001 6.062600845 4.311170080 4.432001866 1.390447671 2.880579142 1.121359031 4.628318763 6.034627014 9.871685078 -0.797242915 -0.399889495 6.657008958 8.009219201 4.950477691 7.602614443
20.319027434 -14.169555430 -8.957772270 0.822095123 0.084220610 -0.390092836 -0.406071518 2.100348510 9.385337215 8.172772243 1.482526159 -0.433494815 8.525615046 3.669202210 -0.846231237 4.682016614 5.824663776 4.530848568 5.978816669 0.436552561 5.414253074 3.062393099 1.605711719 5.898033113 7.763107711 6.546889385 3.823258243
15.601922394 -8.754796516 -24.587706886 0.873709134 -0.447705043 -0.163503914 -0.097257463 3.676224372 6.531703192 4.590608048 -0.946211945 -1.206539904 2.754541520 2.779241615 6.604504746 3.890259685 3.140065473 6.335113327 5.828635269 4.637731083 2.788836739 1.757126074 5.645128259 5.937014696 3.685968486 2.426480313 4.898323531
21.497253716 -8.789476218 -22.044786765 0.812597749 0.072004733 -0.406042984 0.411860791 2.878753616 5.071360710 1.874702109 9.362765200 8.371488734 5.746857726 -0.919355166 0.158809203 -2.683049247 7.790925743 5.600200430 5.935367884 6.825897390 7.601104668 6.583318805 0.830033489 5.117544062 8.705303725 6.712214305 3.233136921
27.159882897 -7.857503921 -15.907730910 0.945018753 0.019509979 -0.324790710 -0.032709506 7.813257201 -0.783242602 2.941674356 6.113711215 9.238031939 3.482684474 7.040089669 1.702650969 9.498827924 8.883925748 2.803577171 8.594587301 -0.995061183 2.146854692 7.910047072 7.798753626 3.235589615 6.498768971 9.024087148 -1.105397397
17.737136144 -16.330580692 -12.536040580 0.879541665 -0.003202804 -0.335288261 -0.337606255 1.472879882 1.984384840 2.287080249 4.472930176 0.585001938 4.002774830 3.707366122 4.106005829 0.703772932 1.754418874 2.978719930 3.157338189 0.256063762 2.439746648 4.263767219 10.375875543 7.101479728 5.048257803 3.210811178 3.126245180
15.491514390 -6.364243857 -21.791525609 0.931956440 0.195132324 -0.267416730 0.147881247 0.837300247 -0.202767758 3.891310563 1.512500574 6.718881557 3.001818123 5.575478911 4.298633734 3.514549023 8.032521030 -1.038601476 7.219190551 2.778300465 9.225374900 0.448876147 0.226020211 6.234087784 -0.268841512 6.086903678 4.469620003
15.928418031 -7.574107312 -11.066234029 0.709871210 0.305301478 -0.627064681 0.098304420 -2.196579360 3.212967118 2.100306467 0.200355307 7.013357671 2.711437426 6.213257045 5.027280458 6.582707757 4.505918653 1.225044987 4.426775442 1.547399808 6.868379405 4.912099686 1.256283542 0.436810550 4.774952297 5.698447336 -1.131709239
16.849809006 -18.542193341 -20.147251708 0.723520899 -0.201962774 -0.553503895 0.359669271 4.450930971 2.740302054 6.494857003 9.142691895 1.762270046 4.161691852 9.594209726 5.285004500 5.977227974 9.739557424 4.863472522 6.895959569 0.270899495 5.397161419 1.656737817 -0.373951548 3.096023329 6.295884298 5.249499222 3.399038314
26.297305514 -14.601296669 -10.091593523 0.787264666 -0.014444192 -0.611729048 -0.076113619 5.988160425 -4.032285599 2.783935518 1.069742479 -1.076380677 3.487801107 7.358387694 3.560032527 3.625826659 5.521207689 3.687756641 6.343506914 4.585354493 4.847981880 3.958817465 6.534587141 6.623384355 3.237420282 2.977731945 5.738648741
21.252432560 -16.092725560 -13.965154719 0.899002543 -0.075996312 -0.398859027 -0.164105044 1.025166395 8.838306853 10.635367430 9.255073762 6.392150067 3.056991536 8.485645412 7.389673394 6.029353011 0.822751368 5.614357939 -0.017116644 3.073051073 7.651962422 8.756855092 11.868489680 0.749712007 -0.726374818 5.324651220 7.180058753
26.942039695 -3.192002965 -19.931092441 0.805425539 0.159802585 -0.467139781 0.327922643 0.753285496 3.759137342 2.580475749 1.403257603 3.416063408 5.210517498 7.123850290 10.006444346 -0.880017700 5.226809061 -0.074134169 1.241049915 9.574675868 5.462397436 1.691731062 10.627871333 1.727291527 -1.003103110 4.730298427 3.780875152
24.743460858 -13.881209344 -25.302177564 0.708079307 -0.087930734 -0.560630713 0.420220282 8.079611332 3.280256494 2.391680703 8.079544102 1.540183435 -3.498140824 3.500112187 9.067647867 7.897768113 3.088712862 5.722438513 0.623465236 6.538584967 7.404944414 -2.315843823 2.960704903 2.001115545 7.387098406 0.213728578 2.493901929
15.865239294 -14.069208173 -11.637417347 0.815182675 -0.361205640 -0.217364282 0.397190711 6.189063922 4.666430784 0.495429999 4.221054007 2.264603720 9.260980131 0.784246037 4.462223787 -1.069968196 6.929218378 1.341027863 7.471364704 5.656321826 0.609047511 1.178615690 4.221418661 8.223228625 4.875512910 3.162271228 5.069344939
27.771626994 -5.678902612 -13.614826872 0.881547195 0.068586919 -0.452865131 -0.114383347 3.939278562 1.561810550 4.603012348 5.024835065 2.691465220 1.785657886 4.274109385 8.632419932 5.789367633 0.836275492 2.509300551 4.636074471 6.477905786 3.407909528 4.678927624 8.278066274 1.074293565 0.902622722 9.403957585 6.233883800
29.557391266 -14.596254468 -15.209794352 0.927237912 -0.038484620 -0.347658361 0.133725287 0.253226079 4.242991339 0.708954624 4.294604568 1.312932430 3.919682319 -0.497514806 8.351758985 1.165965232 7.650582174 1.567226452 6.426433217 6.178683179 3.746794090 6.010943627 1.094719970 7.360382622 10.982895100 -2.087410275 6.223547493
16.330500706 -13.638821994 -19.562586639 0.792948272 -0.288745819 -0.525557176 -0.107928426 1.281799926 4.789127418 4.977740655 1.530715269 8.001035289 5.975210363 6.069115591 -6.233326736 -0.545600370 2.231369692 1.640407769 0.949649987 7.078904642 5.448999597 2.308733849 2.074046288 5.403124292 4.550573615 3.976671073 4.625433981
22.605900327 -5.821406933 -23.766896997 0.917598227 -0.125115320 -0.173324767 -0.335139038 2.887961944 1.456414099 9.086990191 -1.799921858 4.849798145 6.039161328 3.266027960 2.584220613 1.145207280 5.144398552 9.650307477 6.675800104 3.244686352 0.762550744 6.024604332 9.629562505 5.332112233 -0.025493167 3.107887359 3.867646004
28.030311046 -12.195873341 -13.360500211 0.785705728 -0.208110495 -0.425620638 -0.397748165 6.506344686 -1.720021019 6.961762202 7.677726553 -0.512124483 1.783395290 8.796250563 2.207491067 2.629607140 5.475290940 2.143426921 5.052246071 6.105420655 3.022548342 0.873671931 -0.006536824 4.668202242 0.384822292 9.654586414 6.251119598
