7.459633879 3.422976314 -26.993538732 0.908094428 0.355687722 0.122943254 0.183672835 3.610742588 3.228373829 8.857890478 7.062699163 0.734650209 2.423765213 5.888180732 4.344482197 6.235829050 6.060413873 0.614231425 7.774715115 10.150308880 -6.759003336 5.240775557 -0.297998599 1.128863147 2.759793601 3.769826243 2.927775338
2.506335245 6.961585279 -32.153172443 0.985306392 0.011902773 -0.161446936 -0.054447452 2.144531758 4.655097947 -0.606102478 4.422714027 2.867523620 2.153112832 6.537209958 1.638330491 6.534435783 0.824163435 7.001130203 1.779892506 5.698670237 1.260794512 9.617771581 3.700968485 7.607308214 7.766603970 5.270444237 1.538376921
7.686718310 -4.058430151 -19.694117649 0.735035430 0.429745654 -0.363438183 0.378092947 2.706938083 12.460318924 2.411347051 10.080423333 1.658439988 4.771957025 5.212018019 3.835661277 3.211311223 9.626527829 2.225364937 3.286044713 2.612226285 2.349518594 3.627524947 6.301842752 3.405564904 0.178717188 8.749466687 -6.374812520
-3.500033539 1.796865418 -22.402494957 0.828004599 0.317008680 0.462101712 0.019387863 3.617523656 7.926972642 0.899654925 2.749308772 0.827825546 0.207829413 1.801056103 4.735184846 12.055320848 9.245821237 8.233094867 0.816403297 1.972954959 1.407805551 4.134613571 1.454419575 5.140825166 -3.502289394 3.643581163 7.840339062
10.594243869 4.967393228 -29.549209864 0.717721301 0.648530073 -0.250258700 -0.040687365 -0.101897750 6.474733049 -0.220524707 2.748364646 4.510747330 2.209861745 4.544694063 8.055762702 4.985553119 7.026025867 7.006135931 4.635372032 2.046641320 2.766644385 7.050668269 5.700094712 2.763057925 5.924063061 2.562464858 3.628933125
-1.006544605 0.150053953 -29.529777352 0.830722675 0.232481511 0.431479963 0.263964443 5.664052562 2.563212378 4.185413088 4.929907805 7.603398527 0.667217990 3.941817089 7.126899354 3.351009501 2.981244101 2.671066716 4.690816274 2.528924219 9.703602196 7.325357689 -1.827596397 9.933679361 3.991514541 2.091774194 -2.774608300
10.293526757 -1.998005758 -21.215329923 0.875842320 -0.293750433 -0.193399068 -0.330465904 5.390566191 0.961959808 6.037027107 4.142314244 6.023053330 5.592926123 6.154148247 1.445335579 2.875743548 2.659890293 5.193325605 6.910900708 8.930477693 0.482828706 0.644558597 2.319770718 5.671128324 4.286405088 4.463309617 0.741427121
-2.465642334 4.588347041 -19.924740148 0.801759410 0.437657997 0.360620110 -0.188654346 4.817294241 -0.479831195 1.841695114 8.343654652 -0.081411970 0.167573985 -0.754017970 3.524969075 6.320735252 5.229026247 6.363467183 -0.921781234 8.553878756 1.468905989 0.810945412 3.619626158 1.524761968 6.936254688 4.849839088 6.667636864
5.830355047 0.985418544 -21.744504576 0.759922762 0.420766292 -0.495247521 0.014248388 9.853851358 6.072253560 0.287803037 4.675939447 11.074942327 5.488137725 6.858402863 3.951755964 2.869662597 0.104826707 1.924358477 5.903799154 2.622996075 8.334220204 7.459185063 5.234204410 1.626159587 4.670880202 4.475256029 2.869111423
1.964148669 2.649560794 -30.666317686 0.855641466 0.343148237 -0.258884796 -0.288280474 0.713337156 2.970100958 5.865365322 9.675284504 1.968014937 2.354538328 3.645888731 0.563327483 6.210570359 4.211278391 3.724006266 5.417466559 2.736354458 5.387743377 6.583108212 1.976259538 7.878813350 5.125525960 9.323601035 8.311918323
-0.329018076 6.141880179 -27.557611381 0.850416966 0.401234284 -0.316573989 -0.124831656 1.721976841 7.193503885 4.233363556 5.156100953 4.708320469 5.569895233 -0.083831850 5.186232221 7.793845666 1.648109909 1.276214641 8.067046120 -0.073440741 2.634998604 6.840148316 0.061214538 -2.785818629 2.646388808 5.249628130 0.966103819
-0.383689485 6.863710552 -24.952085893 0.763943063 0.623943233 0.164507363 0.004813084 1.669869962 4.802356799 2.414717700 8.664794272 -2.646297054 9.949308257 3.707397635 5.580926325 4.047176970 4.176230713 5.261412471 -2.475710138 10.271710840 7.126845238 5.113186189 5.742238503 5.874899133 2.157708658 2.345445997 4.397057995
7.552649555 7.063496015 -31.736178621 0.866384456 0.485725535 0.069770520 0.092632358 2.154826100 3.247890573 0.432697871 1.678680812 4.292618662 4.590033281 3.825683684 4.093299128 2.799398551 5.530034356 6.444210861 3.975805404 -1.772573471 5.113342815 9.055491944 5.286544057 5.129144330 8.334382089 5.890027088 5.081539471
2.298856327 -3.771917341 -21.901934368 0.888179403 -0.429790052 0.043912429 -0.156491399 4.084667728 0.929902001 9.394812874 0.210263550 5.849816690 3.373573998 4.010119442 4.440527804 1.945475151 2.387178391 5.880635918 4.148858777 4.854100038 3.581696301 8.798829635 4.444309413 4.494700678 0.837325296 0.115459460 7.720494284
0.613635810 2.822080134 -29.067198966 0.999542559 -0.016334091 -0.024960548 -0.004984064 7.821347753 6.132500083 5.140413324 3.260665044 7.813035309 2.207381005 0.481555415 1.671215956 -0.603253594 7.214683194 6.535807951 0.297231581 8.228131612 6.324478480 3.821149113 2.435237823 2.629016838 5.691108027 7.717366688 8.516243326
4.494594434 7.083971149 -26.535140585 0.981536128 0.098280612 0.090809772 0.136679685 7.773896754 3.178805475 0.986468079 3.561889038 6.687894716 3.094621095 6.228673171 1.796284707 10.369042532 3.362872869 0.975894266 1.584956203 5.977065638 7.854103235 7.046987028 6.535235065 7.095615482 6.547472557 1.904485348 0.789150045
1.302349218 3.134903072 -18.923963622 0.726642754 0.541150750 0.267630265 0.327902752 1.061608329 9.552299166 4.452649809 9.582630997 8.243346519 3.600853554 -4.634578318 6.709093793 4.233765456 0.409723952 3.140893862 0.056113360 0.518674734 3.932590447 5.393200051 4.190356908 4.304281352 3.986510939 3.850808813 10.022722321
10.592853970 7.140624570 -22.789259826 0.979496551 0.140025102 -0.021112813 0.143295938 7.168191629 3.690857709 1.093509710 7.797392534 4.633120150 4.976736446 4.863518175 4.373172020 8.264338913 0.209343186 6.586333346 -0.268258425 6.131380199 6.798480958 -2.307154796 6.328236076 1.715074470 5.490804996 10.519837644 1.832734108
7.056258096 2.479128261 -18.525177349 0.757692516 0.533390476 -0.219378509 -0.305400918 7.146114674 3.573649339 2.353273481 1.388602223 6.107277810 8.949378558 1.219800531 8.830846886 -2.381163472 1.566676146 6.765285417 3.349807231 6.582087550 5.100857211 4.558243833 2.909009849 11.226803331 6.294309034 3.290198142 2.659790452
3.106854941 6.705724414 -26.501061640 0.870768968 0.310783288 0.322742943 0.202514552 8.451275472 6.747017671 5.966330059 3.165638527 3.569366076 3.111601566 -2.452345848 2.327009964 -0.802389237 6.989415573 2.672301265 3.870523592 1.970725043 3.202832343 5.527502295 7.582953162 -1.746326291 -2.249082750 3.132163733 2.327938870
7.666641902 7.816791477 -25.634226914 0.865284609 0.314688863 -0.260864410 -0.290177919 4.674101704 2.966835246 4.706735776 7.345884721 -0.488540206 6.287514908 5.765034326 7.430398301 6.950115175 -1.105959877 7.293044738 4.127519336 2.245713566 5.546893106 5.725921147 2.757530368 4.921850234 8.102117842 7.415764080 8.336002773
2.693041004 -1.315790965 -20.350337050 0.800147789 0.366134805 0.471422651 0.058902492 6.571203346 5.094802357 2.090587274 3.011304071 3.811539528 7.215140848 3.407970815 5.919651811 1.165428386 3.603842929 -4.452091110 1.999341849 3.673276117 -0.238361850 0.079344957 11.301306569 -0.649211898 3.208346501 4.168274673 -0.389145241
6.454239662 -6.913394508 -32.160475092 0.935199176 -0.018891949 0.352438098 0.028861421 5.258707456 3.446398564 8.876256935 3.643792437 2.791291785 6.092424222 5.650221272 3.240985320 0.076192039 -0.182108825 6.825949543 1.071638061 3.830667719 8.238094089 5.753877527 -1.438781760 4.124497768 3.396282168 1.395851332 1.577222203
1.657287922 1.229594229 -31.887218671 0.977763898 -0.016075485 -0.208742062 -0.012086812 1.786948016 2.805132792 6.048742308 6.940735094 4.495445521 3.447216808 6.522379224 -1.199814092 4.211531803 -0.061603213 5.367453874 8.772606851 4.467787151 5.819353284 0.874742996 3.264380344 -0.321795507 6.745090355 7.168857104 7.421201371
9.819770957 2.428087182 -23.246218151 0.737030997 0.353135001 -0.566087399 0.107824102 5.535872884 9.744958382 7.710891058 6.537904369 2.570712343 5.486305355 10.279752101 6.106192313 2.782724955 5.016819622 -1.441266567 -0.732820981 3.211848254 4.533152812 -0.926748857 5.521532110 0.455584243 1.492104591 3.540720983 6.224169864
5.672668296 -3.951519377 -24.853112460 0.944082670 -0.110914084 -0.226853482 -0.211998765 5.828286242 1.474797658 0.767893217 9.794764986 3.920097437 3.745407205 2.892683812 4.947652561 9.244871555 3.993592918 2.247024478 2.752350471 6.495875120 5.257217914 4.218908583 6.520902135 6.116286888 0.705818784 4.683820422 0.924642001
12.103599804 -5.433056966 -24.856028692 0.731939120 0.209931338 -0.598731403 -0.248424367 3.064634921 11.648058061 4.194155764 4.052352566 3.652514449 3.743371972 1.364000400 6.212350540 3.221587239 3.090773666 8.971846639 1.719635954 5.898188117 11.713791982 4.887959332 3.935788747 3.400330080 3.954238400 1.682928905 6.139951168
1.324778531 -1.732214629 -23.305629074 0.939275024 0.233959583 0.145203157 0.204795964 -0.476449668 5.528492642 5.714638352 5.370592014 3.799081953 4.100172260 -1.064247738 4.308777510 1.427797745 -1.835747362 2.231745009 3.837792063 -0.632386547 6.988969953 4.601182573 4.365738916 9.249513221 -0.684056520 -2.358148679 5.057746930
10.129734968 -2.333634812 -19.406721242 0.754972476 0.258058665 -0.508157103 0.324343405 4.589259185 0.730577833 3.797163283 6.171460865 0.935726371 5.750815653 1.219866454 6.411993430 1.896873321 -1.125529529 4.387660192 6.176729137 -1.286205113 2.561244990 6.207206430 -1.972371611 5.826801571 -1.313534708 9.611095345 5.432793750
-1.800855134 1.735003871 -20.418293826 0.816737147 0.511125375 0.098999243 0.248777882 6.329267069 3.524396805 6.144565530 8.190363013 4.457283850 7.102803202 -0.202241847 3.951333597 3.388233034 5.121684709 8.287244776 -3.344060080 3.048541608 6.978302910 -0.515204570 0.683327905 3.307913752 7.313214764 3.868748918 6.975304438
-2.234972801 4.445482832 -30.714512459 0.827895480 0.555246973 0.062532072 -0.048781282 5.831669097 7.956142925 1.042866491 5.761648654 7.879064410 1.164570492 6.042486920 5.897177999 7.817566663 1.078343170 4.712902022 2.620324170 4.765244406 10.649987603 7.772228661 5.106981638 5.848534988 -1.384725369 0.133533737 8.825793084
-2.906413038 4.960190167 -29.321018850 0.797221818 0.592317926 0.108955015 0.041540980 1.458269840 3.700690344 1.138954370 2.488410586 5.541422282 3.310985627 -0.710506642 7.967433135 0.081091415 0.913595679 1.052111038 6.659097595 3.952212770 5.156380994 2.642337573 3.342066212 8.263113082 6.112275756 2.106319142 5.933346740
9.065611505 -3.302157179 -18.547765021 0.825963567 0.537794420 -0.056368893 0.159323243 6.998699216 5.398313166 -1.193201724 7.441056770 5.978894203 1.381695666 4.472725571 7.767687580 6.374432261 8.784353330 1.057003520 1.260188846 5.428487641 3.748775066 3.069682582 3.749771480 0.023866841 1.723497304 4.294127532 2.343883894
8.829630004 0.494243013 -17.365913406 0.941035716 0.318765267 -0.108013694 -0.034256788 2.080608276 -3.425164014 4.919160231 1.744141491 2.366432708 5.259449536 8.264879364 5.769190505 6.371452149 -1.537396385 9.716730929 7.639994966 1.881831980 7.864075113 4.727470942 -3.327930528 7.610643228 9.960502124 5.528624153 10.232044335
-0.702372264 -7.499651584 -26.907996346 0.888368826 -0.207644477 0.358753061 -0.197435665 -0.102895780 6.724730839 6.527037658 0.020669173 1.494395365 5.630700512 6.943464597 2.372878925 6.447601193 3.831053804 3.549392291 7.628870656 7.182878885 3.153826285 -0.010110454 3.865195970 4.314046803 -0.282538400 4.174237994 5.372513510
6.140289809 -1.467276440 -27.737582068 0.999365812 -0.022489358 0.025922165 -0.009499716 8.164356729 -1.855674084 8.070942429 4.244947808 7.420542345 2.510103827 -3.716074512 2.136126730 7.768447822 6.409322565 3.281146103 2.330636692 10.773897031 7.214153988 6.643346095 6.945770318 1.460704169 7.528377071 9.545104794 1.732089899
4.503948546 -3.755287118 -24.546967177 0.903897303 -0.386494860 -0.003020374 -0.183254649 7.596851097 8.098074639 3.026282726 0.145577010 2.742284388 3.622889481 4.077326744 1.160527773 1.046548385 7.049979835 -2.376711080 4.125237075 3.612785832 5.741282215 3.752888460 6.286890673 -1.192842401 8.836993607 5.458410260 10.213795467
4.266644504 -0.272125487 -17.164279046 0.757293296 0.412722632 0.428745752 0.268968351 3.128944021 8.574361437 2.721077702 5.431671272 1.705414148 3.842673855 8.196104060 4.669823099 7.790308960 2.659469780 10.021847767 3.933879614 2.092804268 5.233160146 2.726768528 3.639543771 2.019632224 3.418445407 6.239222257 -0.701975718
9.261557969 1.405110919 -28.703411783 0.993209111 0.115705207 -0.005834883 0.010673394 2.325420492 1.340734540 7.016712946 5.978053885 5.714031034 3.249811188 8.785640941 4.228609275 -0.028722279 8.038274671 -2.480925339 1.280102571 5.707745030 6.665583980 8.795832115 3.735680879 1.521283486 3.041788384 4.957579403 5.733370466
1.790920858 -0.108729833 -19.849394515 0.771981509 0.604718373 -0.068787028 0.183380981 1.358351143 4.915941976 8.451400328 4.210260275 8.325549086 7.373403457 6.568710896 6.375736288 1.158985966 2.132530209 2.342750133 1.780231833 3.811927037 8.264289046 2.870557736 -5.125385757 1.147545045 4.085017777 2.281053651 2.542194470
11.835080999 6.104263909 -25.712311319 0.749704514 0.433324260 -0.453349948 0.211298490 1.766159488 5.037204170 6.799323048 2.740898269 4.260573372 1.203778319 0.493989219 6.725343115 1.287029726 8.835192758 0.259696828 5.147446951 5.744568243 0.772364004 1.110315200 4.159544741 5.159206391 4.736320803 4.016033167 0.754984536
3.357261422 8.671555044 -27.746760279 0.878108026 0.334038618 -0.174474720 -0.294793263 4.460007027 9.303228656 1.729529407 4.947890080 8.434375695 4.379233177 4.187407169 4.298498763 0.564437483 3.313838495 8.179064273 0.980233519 5.254034195 4.829774095 2.986857035 4.220535650 10.066338644 4.044955974 1.251196414 3.827780337
10.947305573 -1.134020588 -24.300021030 0.936663770 0.238824745 -0.083370367 0.242225320 1.543303341 0.584471181 8.856125260 7.658985551 3.086801167 0.074870402 7.579742069 2.012916758 4.135524586 6.343893625 7.588569007 3.958575454 8.364828042 2.884912233 6.271242365 5.680961568 3.115232796 1.287602271 1.815206258 3.391252319
-2.481157613 -4.651879940 -25.361095323 0.962662776 -0.260330502 0.072261547 0.016931559 -1.758391080 -0.066396638 3.771625333 3.273872929 4.989050538 3.545677196 3.058352655 5.121574145 5.841996060 7.165464839 7.725135100 7.629598930 9.541549067 1.238719608 4.844426945 5.162925003 -0.595156771 -1.426472966 0.364216401 7.325315745
10.026146296 -2.220693222 -19.820927534 0.805953919 0.254841826 -0.490576491 -0.211727728 8.661564187 7.812055585 2.455716300 3.142271702 10.245808808 5.338207868 4.768889627 0.063877822 2.626685505 -0.018598280 6.667121567 3.149362995 5.263209050 1.032070843 -0.993108718 2.999411796 2.539831789 -0.470419958 5.125142659 2.923478109
8.653591080 2.371926048 -28.024772974 0.985672012 0.143504865 0.086700232 0.018442037 -0.262181956 6.277856703 2.693574614 7.699158746 4.163435991 6.195361209 5.891030428 3.936824027 5.446730100 6.773444274 1.620325810 0.409226607 -0.248592156 4.126899649 2.032434652 1.508796385 5.095997348 2.658611429 5.072230769 1.880584922
3.688816868 -0.671619367 -28.706398261 0.978350123 -0.199411904 0.018850674 -0.052063252 3.479999110 3.627254674 2.688907464 1.245711058 0.595001224 2.002086305 9.815477653 7.104535412 1.389848632 5.211731171 5.598074571 2.284580228 4.395487935 5.968872521 0.122403332 2.120054832 6.053420764 7.631582369 8.141025755 1.090723593
11.054515739 6.090995191 -23.574166225 0.830383176 0.467165445 -0.207564810 0.221668845 8.618554797 -1.180280610 1.193374531 4.602283412 7.065187557 2.713312798 -2.499496048 0.443393104 6.302336608 2.675561471 2.970811430 7.430002854 -2.545218774 1.738999636 0.378488354 5.365288115 5.838987541 5.892518573 6.153541690 4.552835743
10.862228275 -3.616620331 -28.311517832 0.876591871 0.333720599 0.327614745 0.113515780 5.897181736 6.872073314 6.269764987 -1.044017614 6.283261507 0.441458267 1.614222979 7.866686172 1.015160799 2.818386480 4.656582310 3.520492809 1.038013068 2.613343070 6.446998964 1.564911108 2.046096505 6.218074462 5.409436260 3.761091252
9.328200760 -0.743208378 -25.871354480 0.937157567 0.231064990 -0.179508672 0.190056050 6.900835432 -3.395584809 5.315541283 -1.989861380 5.754631773 1.487873350 1.894190321 3.279828387 -3.607003968 -2.340352634 4.646756136 3.209204839 3.638219043 4.528754186 -0.727487668 0.326990158 2.188840431 -3.139387367 3.533733478 -3.679793269
5.557469815 3.909145032 -17.054771290 0.834744243 0.375702862 -0.129590551 0.381124254 7.895120866 4.953628174 2.644985469 2.752171607 4.601879536 3.414907397 4.699848132 2.003941387 4.405670938 0.360608115 2.076027912 -1.437373193 -1.932802634 7.783960725 5.494047239 5.774386032 4.950096679 9.273267432 8.131111237 5.163019089
1.967479100 8.344518173 -23.837658879 0.971651454 0.220967195 -0.083054093 -0.012998753 4.219947971 2.566361883 0.638931953 5.706964299 3.367459251 2.398381351 3.400928527 4.477633170 7.910957342 1.714547041 5.616070439 4.956647782 5.931244521 4.672281435 -1.109183256 3.871502921 5.758750935 -0.812436849 9.511791818 2.616046938
2.941910106 -3.834795084 -23.114251255 0.989046239 0.051351560 0.101246906 0.094337785 7.247579806 0.195172405 6.238396858 4.981758338 8.621973668 5.335103367 3.890879398 6.960504938 1.637519387 -2.022919458 3.980002846 5.485021464 0.572565874 4.526937400 -0.378243028 6.174095671 3.254569661 -0.767417099 3.449384679 6.734726722
-1.878326049 5.937558853 -25.719905976 0.918613754 0.239387510 0.269506721 0.161890455 -0.762954646 0.727661466 4.261264041 3.945565115 7.045675178 -2.275202392 2.086894616 4.926169165 2.837952227 0.944283169 2.938484307 -1.183969064 4.877379908 6.288883576 11.053741625 -1.606046608 0.312966148 4.402489680 6.363550527 2.971323234
3.490553893 7.630511288 -27.639548689 0.746493969 0.518207106 0.277414429 0.311848333 5.334684264 4.262669375 -0.284377253 4.524745826 2.516807260 3.095873406 1.814024791 -2.938180357 1.708519488 7.165918397 1.986045724 2.186760687 6.534369292 0.996629962 -1.544990802 1.000197505 3.258663140 0.960934666 3.201653199 7.899745162
-2.013649954 0.753045727 -22.172460662 0.839048012 0.390305808 0.346115675 0.154478962 0.780290469 0.388415475 9.138435074 0.450833137 7.267363142 4.608083970 0.487410834 2.822942677 2.559021414 0.960942436 7.415906429 3.310979876 2.440608804 -0.646253607 1.762487810 5.025849429 0.010466658 1.188248372 -3.259667336 3.234907466
9.968373168 4.214159796 -30.099503369 0.880254170 0.290737668 0.212037250 0.309296635 -0.372624624 5.802237874 3.737321040 0.708410188 5.999668787 9.862476076 -0.888198599 2.961585509 8.135567407 0.378953338 7.794707550 5.066486160 1.109207430 3.567228155 6.310109837 3.736610406 2.243041041 1.455652814 4.276292409 3.670461847
3.582984933 6.975319289 -27.969380017 0.886090452 0.364179675 0.182736095 0.220962428 3.084851790 3.601476201 6.223225678 9.628982070 7.673329946 4.451081701 -0.355649292 7.881872344 0.759706163 3.053093214 5.056359507 1.036549114 4.910303160 7.107480407 5.167915064 5.583149123 1.897780437 -1.557617354 9.253941677 7.959958614
8.672512871 5.120355595 -32.116186820 0.995511319 0.085441167 -0.022411629 0.033981449 5.717852519 7.071376870 9.285564662 9.915727592 9.695702138 -0.166536986 3.870194064 2.047669355 1.677274834 5.372077482 3.878121591 -4.004310174 4.688090431 2.691770047 6.011961714 2.273624401 4.965333645 4.827600422 2.173423906 0.818332891
6.349679210 -3.977126567 -33.285503493 0.906148335 -0.041122716 0.417054900 0.057178027 7.586224553 5.045448060 3.628520928 2.253144378 3.972215122 4.442205576 4.978905742 -0.196154916 6.307933513 6.574054127 1.399284619 -0.534978158 3.876279401 0.804906776 3.334934693 6.587754964 5.499584500 0.623700164 2.887814164 4.719886198
-2.702910917 5.848169045 -23.118884968 0.805185916 0.556980732 0.150283412 -0.137342642 7.032529788 2.993301202 8.976477674 -1.051909106 6.954589928 3.532772244 4.150982365 6.361783564 5.428475797 2.598584998 1.390689980 5.468749237 0.853549179 0.713591489 1.862751960 5.011315440 8.205217251 3.208213503 5.273786807 0.008692765
8.706735277 -6.033623880 -26.411058681 0.924912792 0.187843214 -0.325096018 -0.059697843 6.538118686 3.363301051 -0.516953621 1.691921923 5.891219957 0.698322000 1.691916608 3.609066923 4.947697963 -0.398290618 0.909050343 -0.840130628 2.651452868 -0.412612014 2.291688927 6.590304868 6.826881187 -0.374469374 3.328477152 5.920379024
5.637893856 8.734344655 -28.889069331 0.962161223 0.224713127 -0.151882265 -0.026106882 7.180053741 12.060858485 2.396104772 6.053032315 5.608512035 5.829793542 2.561641566 6.345466085 4.136752107 7.132058828 3.608680448 0.440777463 5.678746767 7.748367861 6.050267373 4.850615539 1.205438258 3.510301295 2.967265512 2.056708024
2.734497989 2.075062384 -17.411874637 0.880530106 0.449892567 -0.137251970 -0.058526120 4.200780809 7.783343028 4.522224845 6.807389969 2.731395914 4.310462711 1.626633522 8.758292144 0.730853633 6.556903635 4.482994202 7.906185526 5.137889685 -0.833604546 5.368596921 6.407399710 -1.307450811 4.903748726 3.188942890 2.005102623
1.175955118 6.489407607 -22.931312545 0.978467329 0.121748170 -0.149426277 -0.073829925 2.078544287 7.668618461 4.567219626 9.025027267 5.603199664 4.393477632 5.262076001 3.183355652 5.761594144 2.412072253 7.350767092 -0.342208765 4.102228772 3.562068249 0.951145899 0.582967003 -0.209483325 8.487811921 5.122001313 0.762526640
10.925630570 -4.933378427 -27.693654245 0.998312057 -0.047768833 0.032554638 0.005600945 10.182109311 9.540458590 4.710016688 4.241498618 2.868154127 -2.476117775 6.728756269 7.849135105 3.147693538 -0.951686077 5.858779594 3.506348303 7.128531118 6.483976868 1.377501877 8.016879382 2.213025201 2.394442365 1.371827763 6.859639995
1.818875275 4.970980384 -32.988965706 0.788882750 0.459594484 -0.388269557 -0.125234448 2.320617858 5.134655306 -4.547100170 10.045595660 2.414228533 4.954576331 3.364955843 9.450365372 6.378357733 -0.547218574 5.612911400 -0.398111341 3.171195495 7.219967633 6.172750201 4.439567436 2.328661100 3.051814501 3.817618256 0.813676874
-3.548887148 -2.718099814 -30.197825388 0.743643762 0.657641627 0.092821562 -0.076717685 5.319873092 5.832327850 3.563655529 1.949693175 9.133722325 6.769157653 -0.967377419 0.931233198 4.096002357 6.411813462 2.569830251 7.163263178 8.362837045 2.095518369 3.780081896 1.463914795 9.843164426 5.039557000 5.483253780 5.900932277
-0.909015219 3.337227572 -26.206548991 0.965196547 0.190180412 0.173223839 -0.047122578 -0.000675329 3.431993686 6.792257372 0.620146606 0.299758846 6.817856190 4.523769627 4.753036079 10.005399343 2.003767793 2.626360609 9.316959239 5.287222411 5.579314416 2.683068186 1.267755760 -0.245171837 2.106281086 2.131509859 10.616792428
9.733178254 -4.933502568 -23.854152860 0.937486126 0.138875573 -0.313318911 -0.060535923 4.346467686 5.195966848 3.635625853 4.898809575 -2.147973128 1.047475479 2.449670903 2.561971804 4.708863735 5.533956759 4.824817842 3.398415050 3.060337206 1.626271295 0.505866020 6.664930128 7.755773332 6.411688438 6.362173370 -0.936214517
1.399350870 6.372931654 -27.148190514 0.876018882 0.256814350 0.316451213 0.257868063 6.813701444 1.590522672 6.119213284 5.158833230 3.569404131 4.053539776 6.781320185 2.853103740 0.599467619 6.871239357 5.170245394 2.789453284 5.169038605 4.544100349 5.058476717 0.529499750 9.559393251 8.171534520 3.602242967 11.860753925
5.238062278 -5.786150338 -21.049564996 0.837079104 0.398376634 -0.364130216 -0.089464051 2.152428619 8.658879961 5.125960804 0.464128684 0.562588421 6.064602022 5.430169390 -2.218153436 7.486476552 2.102992299 0.699804948 4.815834437 0.607995218 9.771922430 -0.770893736 1.089838460 2.951226580 11.947311005 5.014320774 2.635041231
4.010395418 -0.160491864 -28.550632337 0.979449258 -0.157924303 0.092227696 0.085047732 7.353897824 4.045187895 7.676716588 0.087785423 1.799186123 5.870745936 2.951068282 8.095206470 2.012271929 1.101977065 13.828318550 3.385576188 11.597510393 4.789196866 1.994552708 3.343409097 0.468069792 2.581631891 2.591190334 -1.246363970
10.610489367 2.017935670 -27.299543337 0.946334478 0.242254279 0.014242550 0.213450392 -0.971603387 1.988635275 1.554733064 5.981382809 1.973241146 4.959304263 5.722764989 1.176672852 0.650674062 0.883627439 5.100105965 5.951410899 6.013743297 3.592627328 4.242044126 -3.597015509 -0.957005010 4.471087231 5.797870770 5.226926858
2.602232244 2.688848511 -34.699131758 0.977536459 0.126983344 -0.150442395 -0.075264779 6.355076572 8.807268389 6.864458249 4.132451986 4.149856346 2.280696842 -0.309744467 -4.397658736 0.942002026 4.023649431 2.049782750 0.469721441 2.056443793 3.626817039 2.940873097 10.599564426 7.015788747 9.023863556 5.534393144 0.278950793
-1.758950939 -2.503837209 -30.594176972 0.985382819 0.049118523 -0.160491887 -0.029162042 6.862589141 -0.695744629 -0.947608563 0.430010538 -2.754853721 8.271913314 6.784894418 3.824388587 -1.162484624 7.632383279 -0.175850238 -1.857962004 2.404992963 3.006070990 -1.563364026 1.608499282 3.200003050 7.948326055 2.271798069 -3.058578783
4.556055745 -4.106158942 -30.525666186 0.979743844 -0.151054985 0.110734152 -0.070868465 1.271192605 1.005380807 2.813643904 0.295919667 8.518493355 0.573113508 1.473380703 2.485924841 0.642472235 1.866797025 3.923755480 2.584385869 3.444959654 1.673892589 4.193772117 4.215327415 2.690455170 1.095831423 -2.871763753 0.488787953
4.124294695 1.253779859 -20.968238969 0.769061818 0.601979866 -0.156228480 0.147501940 4.231888914 4.779295251 9.954886586 4.874409074 3.968843080 6.076274067 0.053890590 6.340155015 1.435330819 5.855894512 5.410084863 7.998627705 1.188878218 3.210494891 3.419018647 -0.555187513 5.680098187 2.760007668 3.472386015 2.276074440
0.717120342 1.161303923 -24.487486709 0.894340105 0.399142071 0.064030355 0.191680718 -0.321069506 5.795038105 5.884867365 2.229569489 6.606577491 5.541879996 1.360939582 7.011566671 8.525499835 2.731762847 -0.411402322 5.544340215 -0.024304728 -0.668885070 8.065632358 3.359518444 2.135854620 5.218230917 10.083049746 3.417721378
0.180265129 -2.718650994 -19.621964567 0.866336419 0.061457995 0.403815502 0.287432018 3.078427725 3.201779815 1.391440641 4.769091951 6.682045939 3.866677507 8.856349965 10.917519765 1.878447067 5.306471698 2.370507954 -1.781876432 3.544620568 3.779101805 1.188914883 2.677117027 -2.169006460 10.200507793 1.415653689 5.137263913
0.963993817 4.459755280 -25.099141789 0.717918655 0.542036592 0.141869999 0.413112625 2.239336538 4.100930819 7.175909942 4.732843271 2.765975784 1.753304840 1.015511795 5.639026489 6.463023377 1.805745257 0.383748984 -0.966726360 0.704468482 6.274706812 7.384214073 3.918401215 -0.934256505 0.403121785 5.319571078 0.058972958
8.641598874 6.453489990 -26.695002525 0.848732561 0.290211911 0.199075878 0.394713671 0.652242246 3.232273948 4.745075999 6.347307358 6.529302081 2.440909429 1.372083686 0.880733065 4.115950481 6.617109290 5.714906462 12.165590509 4.486184034 4.969514540 6.447207347 6.867323420 2.632234398 3.677932472 4.839618567 0.900810718
12.709870685 2.015960577 -25.434934176 0.879285504 0.439423212 -0.145718625 0.111938936 3.755172457 5.163772994 7.186258445 7.889141022 6.573647206 8.947834918 4.465209990 1.687736056 7.731723971 4.694213416 0.344918577 7.159260672 1.188915872 3.419621170 7.509300352 4.205101720 4.943384658 1.512667346 1.259880512 4.152777386
-2.763141992 -3.330006789 -21.755460831 0.762419116 0.540912157 0.141423732 -0.325776698 4.263720150 3.689974838 3.493982057 2.985406417 4.131930623 6.791143145 6.996379306 -1.199862282 5.552223691 6.989525941 5.826114632 3.988833952 2.215693343 1.384881279 1.631826504 3.593912864 4.143759633 4.118576633 1.534465642 3.142063951
-2.417740653 -3.386737006 -30.310373635 0.799854264 0.032251968 0.581178358 0.146371733 5.712676836 7.059303078 7.893068342 3.038120093 -0.253066708 6.739630337 -2.319018831 8.543752343 4.800348861 3.585558515 8.194932385 7.651851869 7.721764644 -1.628997292 8.026423400 -0.023283283 4.553336089 3.242087896 8.348367232 0.589879492
7.822482037 -8.798557857 -26.580851004 0.798495226 -0.127004214 -0.521382842 0.272828217 8.451235510 0.788157638 9.670588494 8.012158003 5.609015056 1.597849305 3.128773448 1.221830157 9.074716155 0.706311867 5.843366940 3.056887512 7.502198690 1.415218611 4.267070037 4.138096091 6.722537944 1.526674469 2.533042423 1.905668660
7.175891892 1.031715387 -17.284566478 0.795076907 0.606324158 0.011106297 0.010018834 6.466753694 3.299068943 1.691381827 0.472506128 -0.314276626 4.081404011 7.493152957 0.200004576 2.709659655 0.472396732 2.217975557 5.908593480 -0.182488915 5.874608766 -0.742928858 1.804381046 5.734290518 8.984102405 1.183391527 4.804935789
5.633360731 2.778694031 -28.939956953 0.753620148 0.626237820 -0.132201374 0.149685210 4.316580420 -3.263936153 3.042332522 3.029952331 1.284481182 2.448340079 1.379606919 5.640685461 5.171474118 9.890908495 2.188405663 -1.048825165 2.412715792 1.294141722 8.022649097 3.664473236 5.260887970 2.464675519 1.634054641 2.526296317
4.089615410 2.275588689 -32.908967139 0.964478897 0.208229168 0.102536820 0.126124034 -1.366035930 3.575665537 1.451695929 8.581028437 4.492924274 0.891968099 7.898135880 4.934569534 3.998126084 1.564574550 3.938067140 7.484909507 7.001710312 4.239851228 4.239333356 3.199725875 -1.597989600 -0.838709111 1.701395975 -0.683498092
1.452291288 -2.866277938 -34.576553527 0.876706804 0.151737073 0.421292561 0.175708903 7.285645357 3.360278036 5.417921572 2.573463497 0.154210549 5.300803611 2.252066035 1.754189128 -0.173492689 5.861645928 -1.921016733 3.483558238 2.144715087 1.195157975 3.881863519 9.725975862 3.800060072 5.424380031 8.476312143 0.229768862
4.854551690 -6.928400269 -31.410912627 0.999034046 -0.031413246 0.030253963 0.005374147 0.559122832 -1.542152074 4.256076522 7.574867704 4.444739393 6.012659739 4.926526080 6.765563062 6.389260559 5.044137422 5.591173139 -3.295823432 -2.010521506 5.484391061 2.628503117 2.228397139 8.449874752 4.248460451 4.486257311 1.562414536
2.040567979 7.179396943 -29.302739074 0.906484635 0.401689695 0.024487330 -0.127794234 5.295538367 2.760021074 0.601157155 2.235896155 -2.762779037 -3.682410745 2.928544233 3.147941834 3.654006217 1.708654476 4.122865199 -0.209977187 6.439498618 6.989314934 -2.916440357 1.577356124 7.797742112 1.406081252 5.251880468 7.266682249
3.524178933 3.454791764 -18.359665728 0.848469545 0.414690574 0.140646363 0.297236874 4.489930858 5.954750570 3.880445200 3.666872214 5.679380230 5.494562157 6.696775422 -1.232158150 6.865960732 3.699951666 7.726315717 5.124059892 7.542256632 -0.381683105 2.264785198 1.380929177 3.617963436 1.038199007 5.112071123 2.703649734
7.325391841 -3.286396694 -22.860330563 0.808075773 0.462266639 0.184297058 0.315210554 -0.794038162 4.391034188 5.676376031 9.720297087 5.831449635 9.754960283 2.343785871 2.054284927 2.093237257 2.742845810 1.931712487 6.389751933 1.056386119 4.044971698 3.384092562 7.766869953 5.061030768 6.487985304 1.368410600 4.738966820
-1.745569680 2.439515085 -26.313061551 0.770630427 0.498990433 0.285318029 -0.275192505 1.079300717 1.802082814 8.281688828 1.137712976 1.487458885 6.509363480 1.610702624 9.633026477 4.784699273 4.163777754 2.943316770 -3.072670948 9.344270704 6.891747902 -0.422053328 5.961976504 0.302118400 1.059881177 3.539811874 2.803886783
0.381943477 -2.420180602 -19.933043668 0.786474336 0.612926285 -0.044990717 0.061280694 0.677395093 2.572879364 0.456709769 1.122184303 2.487674177 3.121229731 3.298166381 7.171284785 8.768264416 2.837371593 1.412831837 7.538334318 0.317050586 1.649453781 4.679232211 7.726723158 4.731945577 4.339118551 6.029909800 6.185890716
9.282342129 -2.617902585 -18.337384811 0.872584489 0.085962025 -0.337239622 0.342748127 7.658810519 7.373308877 4.667511939 1.322491581 2.355471763 4.637220299 2.188077036 5.370714890 3.256506857 5.624199961 1.131090975 2.941793040 3.414852882 1.395757931 1.801283163 1.913021125 0.675586863 1.111105656 6.756196504 3.891756917
6.419452613 9.345098795 -28.162280763 0.991697445 0.024268755 0.061381967 0.110360592 3.897416762 -1.094084204 4.843203720 2.630929115 3.499381596 4.868387265 5.551566085 4.054968460 8.761957093 6.385794761 11.585560509 3.719550064 1.232778729 7.811032202 4.170413544 4.414550250 5.584923695 5.917860553 2.300883333 3.317666863
10.174001946 -5.677476899 -26.736617073 0.968154264 -0.059659240 -0.242308717 0.020114207 1.338732690 8.988631767 4.588096167 1.456776470 4.939088840 5.740485772 1.803967369 10.156903923 4.118221494 3.288575433 2.779980386 1.369245222 2.043612074 -0.658315972 8.030947664 4.117980807 4.204150551 5.161928879 1.411186155 3.839028836
0.957196527 -4.462530207 -26.094045248 0.987285016 0.153854991 0.039926077 0.001687181 6.164150190 4.851835552 2.454754058 7.589755682 7.253114536 4.156883494 4.573681922 8.742858442 2.829332561 4.978950966 1.270972025 2.383240815 -0.086877970 7.937210552 3.435462172 5.436596946 2.806892988 0.462544811 -3.779595897 6.070310908
5.854929005 8.324730275 -30.612965496 0.799625474 0.414333479 -0.225680974 -0.371476738 4.703904716 3.925438309 8.926713555 4.274212077 3.481605470 0.918591814 4.900563704 -0.889155387 6.829287359 2.397536518 10.925804179 2.036580105 5.077037593 -0.562142744 3.965100093 5.213870945 2.349410028 7.555774998 0.854196450 6.242865383
11.243713549 1.559213095 -20.840726726 0.985000411 -0.010888800 -0.166700494 -0.043203811 5.747428363 -0.156139215 3.226942029 7.800763742 2.773161251 4.454383723 7.099325536 4.435320354 3.978503223 1.503467191 2.285841053 2.542986229 3.875469302 5.452471348 3.285777071 1.788147444 5.062575260 3.931066058 3.147062407 5.811200953
2.688789194 3.971439191 -32.668447306 0.800116797 0.511833143 -0.206395546 -0.235033664 0.232785968 3.773700384 7.443829465 5.033404324 7.530778740 0.711258786 0.641773073 5.180304604 -2.839789128 1.264640602 1.954006307 5.788513729 5.853987131 2.504430987 1.523473214 4.676687745 10.073420921 1.629727245 3.491907939 2.171211325
10.840591110 5.969492455 -27.054676442 0.977638800 0.165183852 -0.103028572 0.079509658 5.784674007 3.379659805 4.073093915 4.676993688 5.835203451 7.927908015 5.186287387 4.001945694 5.611029951 3.723119070 1.680197582 4.712730513 4.960897228 5.153593889 3.006084981 1.299053149 4.494881634 6.305930271 6.161489765 1.366794773
3.162079883 3.359592840 -30.579204631 0.894363908 0.376474959 -0.198271431 -0.138087817 2.686027804 -0.256626662 0.383252646 -1.558829000 -0.852541441 5.080415600 0.655366964 5.177118969 3.400058248 7.628154351 -1.513550459 3.442808429 4.826114125 2.452420947 3.422718793 3.035379799 3.909887443 5.321546075 6.491010006 7.173551121
9.392798187 -1.576525330 -27.861975391 0.979076466 0.104869542 0.094476539 0.146580477 5.184989170 -0.515842940 5.415087837 0.268762113 3.309093331 -0.764560192 4.477056922 5.401456971 -1.891795215 -2.048403045 5.624325269 4.527682104 4.367345567 3.788090788 3.564432847 0.962810399 4.315076603 5.070320071 4.092561230 8.321624641
2.778246531 6.757505399 -21.512392704 0.921919332 0.336601253 0.032264700 0.189006169 4.357788194 6.803056448 0.560157811 2.569262242 6.251277372 -1.910407987 -0.238856704 0.105033757 1.684801977 6.257228201 4.683328554 -0.104976549 6.676510012 4.541388606 3.799391261 4.473340540 1.240883877 0.602984506 5.984379141 1.107740680
9.915599990 -6.135630210 -27.502243764 0.911049735 0.040194260 0.405910378 0.060079672 8.577775550 3.040175787 -2.806146768 -0.172527970 5.150994563 4.494360466 3.182361730 3.751492051 -1.918704400 2.641234105 7.453052422 1.225425736 6.524527946 -1.817658909 6.249300831 2.002286039 9.148685488 12.167713743 8.071106237 7.102404935
4.322418397 -5.221129813 -20.395065752 0.934824079 0.331920008 0.122389300 -0.030885405 -1.190958274 1.178707497 0.239863554 3.111564746 1.945107814 -7.590756831 -0.095553471 1.895622306 3.341240334 -1.306349260 -3.959545564 6.628492754 5.069391394 2.318749174 4.744437985 9.118596162 2.316756401 8.227340927 3.765769862 6.524896226
-3.130375680 0.670753856 -27.857965249 0.961989661 -0.016445181 0.225082356 0.153764042 6.945053977 0.164902002 10.685618151 2.433303028 -2.494175722 6.123202111 5.006109560 2.745474910 9.883108285 0.405116070 5.271868727 7.784855300 3.655084000 6.557726163 5.109037880 7.565099171 8.897865951 -0.983896759 -1.469882837 4.521763411
-3.546761081 -2.213068970 -30.955784492 0.956107453 -0.163126118 0.205862514 0.129880846 1.180646204 8.484957659 4.139918043 5.688586319 1.416781314 5.201113991 5.383869496 4.063761659 3.325820791 1.530416434 -1.099370261 1.209435109 0.484905263 5.295072550 2.184233791 2.885895206 5.579160041 4.360065349 3.188802488 -0.214607788
8.488524575 3.374811510 -25.036119650 0.912950214 0.357288877 0.190872931 0.049336493 8.238015839 3.851649071 -2.467417453 8.391585142 1.625310497 2.547247721 3.440850650 7.173859159 0.894268025 0.467477233 7.665452499 2.894124968 -0.688248048 1.219682899 6.051309423 6.296854146 2.581059559 0.872820100 -0.394633155 5.949939793
9.178959740 5.364025507 -29.453592951 0.784737330 0.362876182 -0.499122932 0.058176436 3.790736090 0.259318646 2.955671671 2.652820570 6.252087754 1.877304777 1.739850778 1.222804582 3.503421746 6.727100760 5.333698840 2.510686044 2.044113298 -0.666294452 1.157943931 2.790707923 5.459932754 6.862994991 2.115277452 4.563452976
9.370653824 -3.789121872 -25.987827407 0.968108552 0.243575717 -0.022383753 0.054181822 4.389761277 -1.539877191 -2.584959776 3.822050182 1.037226428 7.336676633 4.454944030 1.833587950 6.999256308 0.455138636 3.776546367 3.254917215 0.530484021 9.547541548 7.198686170 4.812775289 0.301387670 1.614998377 1.343321764 10.015589149
0.019259706 7.421216197 -23.208592635 0.719664972 0.351904359 0.459376295 0.383691373 6.294295358 0.176799373 8.605083210 0.807189134 2.604790106 4.437886035 1.557926952 -1.005979934 2.117539245 2.989172976 0.734551942 3.689182831 6.628571579 1.037539092 7.508730511 5.278109739 10.391600359 3.317863632 6.165793868 -3.599506450
3.911890097 5.864620342 -31.567304761 0.986750862 0.126919749 -0.099559519 -0.017378586 0.881966576 5.030320455 2.743452797 1.079662315 3.195958723 3.730678054 -2.243461496 -1.454891558 4.742142828 6.080444890 3.932871026 5.826263992 3.660404868 2.074906876 7.061356161 1.683159374 3.018055022 8.176914759 0.295835903 7.738607805
2.872148291 0.385233356 -25.478347318 0.951409176 0.204003908 0.223865409 0.055563153 5.701656556 6.542446591 6.616347068 5.951704784 4.599752727 1.676815045 8.558386127 5.304000021 1.562309324 -0.192152286 0.717333412 8.163711963 3.425696104 5.000170094 0.425364982 6.116378989 4.952958658 6.302036640 4.731907019 1.850097654
5.827805004 1.272338772 -34.853240769 0.769240505 0.458747789 -0.435135485 -0.092068564 6.327158383 9.482844314 6.469568344 4.862762519 1.356098597 1.781631976 3.994038187 -1.868908719 5.814099281 4.866259596 2.952232515 1.069587155 5.400046317 7.012371057 8.153779415 1.005658679 -0.561312689 3.399380554 5.779679152 -0.871661602
12.276189574 1.370837575 -21.765291464 0.855243239 0.313410689 -0.290675240 -0.292985745 1.930243862 4.331943861 6.628605432 8.120360544 0.680904041 6.759532001 2.098632526 2.857275573 8.762271718 -0.480913477 2.169644037 5.661246537 3.021285714 1.785190227 1.993960439 3.993652851 5.454499673 3.150283237 3.616277837 4.932897560
-4.247696884 -1.768822690 -28.872097482 0.725164699 0.562757650 0.286391288 -0.274627052 3.815082158 0.636640134 3.484600250 1.699952107 0.916003509 4.240182397 2.632224569 3.978484213 5.410363188 5.914013909 0.230381756 9.682515677 3.486682532 -2.209603200 3.413685175 5.824581552 11.599769732 4.270871885 11.339425201 1.019893953
-1.915502260 1.547154730 -31.931679660 0.954290544 -0.058985380 0.220435879 0.193024107 8.903318245 -3.617712517 3.136230708 10.017320743 5.398604721 6.543291143 -3.503739891 4.671674720 8.201068811 4.697282178 3.652572473 8.017747448 -1.285583958 1.714215805 2.491092089 -2.181004355 4.919606395 2.711256835 1.716470658 4.803676165
12.220199418 3.253701807 -24.680151795 0.866430117 0.073082504 -0.465479707 -0.165186085 5.373182733 4.217059431 2.236624974 -0.434929264 3.265574580 2.466239974 10.410531768 4.856469023 7.150888744 1.870505856 4.016504660 -0.493902303 9.011741557 -2.218640319 -3.068725049 7.794197113 2.140772385 -0.355940421 5.552509893 5.965803326
9.870151681 -6.931685909 -27.995906273 0.996690685 0.043642836 0.049702601 0.047250739 6.220646786 4.171907518 3.225520372 2.531645548 1.522661783 0.055803295 5.435891954 6.872729022 4.616585323 3.304744485 5.732984907 1.141197554 5.270543834 8.748849479 2.755002689 10.703465274 9.224730533 0.273978296 3.505633625 1.750130915
5.723252918 1.245077088 -26.388934554 0.944051245 -0.299653294 0.001999751 -0.137735803 5.365675792 5.864099520 11.078252680 7.608746851 3.754424910 5.746281795 9.905454162 13.767433471 2.041407005 -6.243364062 7.115997203 2.988662606 4.024412084 7.027731232 3.017779918 -0.032724128 0.402189540 6.295563437 -1.451336157 2.230993740
4.646500281 5.015340647 -31.506239450 0.978977019 -0.045876840 0.166079046 0.109165296 3.022605762 2.406642655 4.248154853 1.578685485 3.990577504 1.354621527 3.418806188 0.915338160 5.391450819 2.199641998 0.694228414 4.549538181 4.631713952 3.066428071 5.702671516 0.868724594 9.536312225 3.514553827 3.449850530 5.879101314
2.016507255 -0.009131253 -28.519517304 0.951013276 -0.298410954 0.029989530 -0.075001862 8.231822082 4.751263919 -0.115805447 5.482899222 8.107831011 9.393054005 4.287785348 0.649744802 3.564045472 1.857150299 3.708885445 6.080860770 8.336566976 4.982235525 4.784458301 8.505517704 7.635860342 4.301077722 7.562807940 -0.798214018
7.295640370 2.067798606 -17.306127865 0.712000193 0.306522993 -0.538225217 0.330776353 2.538549149 6.158060241 1.736498689 3.842557759 2.992139667 -5.858174900 7.054933538 2.836762084 2.034886101 2.178081329 6.727211003 3.199397986 2.495774131 1.879634886 8.367754769 4.146646428 2.057733544 9.127464217 3.020017165 1.953018544
8.359615572 6.399077373 -28.438412781 0.846911874 0.334675606 0.212159754 0.354571228 -1.037437671 1.174782100 5.784902277 5.782575763 3.284818068 4.802264005 5.658250911 1.885376311 8.329722418 4.950559870 4.652077070 10.412749053 6.863719921 2.165746087 9.257284917 2.503914756 5.678225925 6.826847247 -1.184461280 2.843968858
-3.546275466 1.179107588 -29.020860088 0.906460024 0.296352831 -0.041601850 -0.297950516 8.126667024 5.583334647 8.698463045 1.792047873 1.307907366 3.676550611 8.214091873 -0.638537198 0.099672619 11.428587660 5.575759509 0.677437180 1.540233996 5.562189493 2.314399399 -0.343490920 2.903377293 1.327583727 9.051854594 3.686520695
0.006011539 6.106437512 -31.401067087 0.973825196 0.198682498 0.094943543 -0.056351360 4.697672958 2.062819660 4.714564212 9.186126176 2.626880190 4.162421228 4.893540871 7.676781689 3.901589903 4.099677107 4.636244231 6.103347214 -1.083230719 1.792178903 2.666411839 4.278423475 7.495121242 -0.617922225 2.708172137 7.678052671
9.996574387 0.382054032 -18.902150580 0.883610892 0.408457001 -0.073388472 0.216815134 6.493597585 1.839083587 1.141086591 -0.742929807 6.927983808 2.763748010 -0.432651399 2.992634139 2.915816530 2.579619772 3.747659886 3.598337647 7.272944773 1.368664620 1.826017842 5.425519297 -2.447392856 -1.171821428 1.655331593 -1.800583743
2.494451879 -5.081350510 -18.156456779 0.955820831 0.156127600 0.145607974 -0.202061946 0.095332785 2.247833254 5.576722477 9.098442757 -2.996181496 3.171266455 5.341776676 2.899012207 6.220315573 7.469518308 1.944549262 0.827871070 6.742121608 -3.988522683 2.974426117 0.811425614 2.957192599 5.859331673 4.682293617 1.221599638
4.333791291 -6.461556640 -19.615352972 0.942225191 0.211783902 0.199993411 0.165414341 4.694904736 5.395867816 8.818215801 9.519249696 6.406231906 3.141831025 7.546591212 5.716033772 2.871370059 4.298239560 11.270057518 3.672355469 3.643842195 -5.397245364 3.036532461 5.734553408 3.058709197 -1.624899579 1.858696223 6.280863857
5.469837491 -3.075986530 -17.678397983 0.948685759 -0.220518201 -0.123292613 -0.190173564 -0.717933816 -4.111080125 4.208163156 5.129311534 7.720006800 2.738859226 1.659860331 6.912161875 2.955584881 3.279250453 -1.191733313 3.032074933 6.532024939 2.118032142 0.693140602 5.601654485 5.757108446 4.411779781 7.443536305 1.642578499
9.838606385 -6.176981760 -21.785296763 0.935720623 0.254815590 -0.237920542 -0.053756357 3.733286300 3.177358259 3.010416721 2.865783120 3.180696837 0.385074974 9.200919535 0.787989277 3.236695214 7.047150557 0.304627416 -0.752072411 7.070401333 5.575770585 2.332794962 4.505373550 5.113789881 6.607004493 7.300450675 5.084899796
3.006248737 -6.951094340 -20.208734094 0.986265038 0.121098031 -0.107232751 0.033431710 0.226208762 1.613368350 5.802190490 5.072468892 -0.038421492 5.203898824 2.864502917 -2.117050444 4.939526057 -2.377659116 7.665219695 3.250302477 5.011572265 2.089153673 -3.446775785 4.623440062 2.906309010 2.042526812 -2.040504532 6.057506069
2.107485916 -0.312877155 -27.652392291 0.928442777 0.232582897 -0.194452051 -0.214680238 7.631196674 9.204059998 2.937292859 8.896531639 3.105679426 4.272796283 3.661190875 -0.003284153 4.001274396 1.247521842 2.836796632 2.978033962 2.737286806 5.590149068 1.828761263 2.660645760 4.654254190 6.160252937 5.032653532 -0.894883958
1.637716479 3.839175517 -30.144893621 0.909494671 0.367781701 0.186656770 0.052108683 5.465047144 7.659198002 8.149691476 4.256936588 5.401742971 11.109574271 7.060535161 1.777889562 0.716011755 0.644075922 8.331148687 5.105239643 6.617183855 -0.834735419 10.470654013 8.868997138 8.104008459 3.746843879 0.686642549 0.428661709
-1.820987753 -3.282176191 -24.234976273 0.873853611 0.486074231 0.002214859 0.010334563 3.404076149 2.931807440 1.821237374 2.673688314 5.543953721 -0.930339012 5.421366525 5.341199039 1.453605838 3.417238404 4.890601900 3.831518439 3.795695404 1.390872552 4.349087857 7.537367910 1.247186103 5.482154577 0.963669274 6.552957481
6.906450413 1.071236932 -33.971752604 0.947714186 -0.021651413 -0.317798704 -0.019313781 5.978435672 1.190667770 4.742733775 -4.593250421 2.669602992 3.287413280 7.465590436 9.536395447 2.209538944 6.378277318 3.489014318 3.962206703 4.615000870 5.189607053 -0.246157797 3.621261429 1.125246274 6.205713694 3.373878608 6.326076043
3.205826339 5.699266035 -26.545554979 0.881531224 0.332272576 -0.107919622 -0.317570450 9.628449539 -0.143728919 1.613786525 -0.910306312 4.877205214 4.242306879 2.305211465 8.150138476 5.824854938 6.453762891 3.515085205 6.958852929 0.217387003 0.637005457 6.198836412 0.221710046 4.004469942 8.425982987 3.042218000 7.177797044
10.454408626 -4.353174641 -29.981150721 0.798196571 0.528612959 -0.286658488 0.035741917 1.713781082 3.120580110 4.856005401 0.197961287 3.052440806 7.935769241 4.834557223 -0.990459857 5.694277733 2.416730401 7.332866256 8.737142426 0.121355255 2.955893173 9.469975049 3.066445187 7.370048698 1.495040619 5.761880735 6.657781588
2.357361780 1.694216575 -25.783683319 0.821203225 0.394598624 -0.408450325 -0.055547466 0.448380499 8.836832105 4.394345092 3.540002403 7.146413935 4.811027890 0.040980218 2.035750919 -0.080610048 3.247315514 2.135285955 4.025232491 5.314249389 10.418170922 5.039786177 6.055655406 -0.170645386 -1.271137496 -1.000125891 4.580281038
-4.642393691 4.142941061 -27.925928596 0.795062500 0.289766379 0.331288491 0.417323618 3.922449134 6.299229867 0.646346623 -3.632346906 4.768492006 5.466293019 9.393952527 5.827354300 1.964231783 7.861196233 5.712279278 5.414077030 3.706994225 6.640363997 1.655998853 7.492968589 4.889479744 -0.146625464 -1.145279535 3.763240803
-0.275174237 -5.020811716 -27.789125076 0.910836432 -0.095040091 0.305262154 0.261073540 4.318437342 5.213290283 -1.996031451 8.292402515 3.362908001 1.567944804 3.452348606 3.869615477 1.638992829 -0.300684909 6.201644702 12.975311707 7.691390981 2.441977449 1.716045343 4.893824333 9.553491394 8.117922091 3.298335505 2.490718230
3.448305834 9.377818964 -29.345661378 0.932645709 0.341648136 0.045555934 -0.106645160 1.593168990 7.766130149 3.075963070 -3.377323636 0.466107015 4.914148640 8.232235390 -1.660889220 6.275882450 6.062108881 5.363240715 0.365388471 10.228219235 7.206844228 -0.300646403 4.530262469 6.816612488 4.191066674 3.687795337 6.028814710
3.068430601 -6.531810765 -20.296230590 0.931713256 0.285213794 -0.207012197 0.087803477 2.642828115 2.498642489 3.548469320 -1.784187620 5.027537577 3.602662030 3.814419858 3.003151514 12.191360653 6.651189732 3.153641101 4.458353318 7.438951099 7.330315600 5.529242318 2.840753259 1.185409802 3.101875410 4.675153305 5.272340760
-2.295476746 -5.643739735 -30.118769621 0.942907805 -0.092821253 0.319852936 -0.001784906 5.018770400 4.836586784 4.325938332 0.250516572 0.062722340 3.132731128 6.919729062 5.287750507 1.422399942 5.985174591 4.359771239 6.853376616 5.979455832 1.089679017 3.171221017 2.122451080 -2.829580122 7.058935593 2.198401550 1.278265683
1.502110777 2.630213738 -28.409976936 0.963107530 0.236716190 0.108781359 -0.067497757 2.887924657 1.001404178 6.874029216 7.281639666 5.337508697 1.773366545 3.520470242 3.864636837 9.852288233 9.691467272 4.953652419 0.201315458 4.329665562 -0.581747305 5.918941466 5.191352613 1.697543097 3.049958223 7.138920475 3.934773247
-4.572293010 1.200746066 -21.313342912 0.857378266 0.178531245 0.297095918 0.380477489 2.711602088 1.348986072 -0.315846806 8.648962754 6.615931278 5.955430702 11.719518164 5.445999354 1.599336677 5.904363560 4.713585380 1.099598846 8.633754588 3.264803458 5.981368882 6.713242082 3.479361208 6.519376288 2.914893987 3.751930630
-4.147545116 0.127535980 -26.205613845 0.985633130 -0.164751644 0.010671792 0.035641863 3.103018428 1.788563694 1.802149704 -1.796013684 6.083430103 3.634470240 5.568975986 5.265449347 4.724757459 3.786633366 2.193878780 4.277803917 2.380231661 2.536460761 3.774523338 6.105113364 2.087616649 8.984287961 4.396891829 2.632751709
7.114177611 3.605602955 -31.357097215 0.992716310 0.105120823 0.041279812 0.041951375 2.495861614 4.105680119 -0.899309449 -3.739909465 3.799017685 3.928841493 4.215514785 5.301066810 5.841850485 3.114795031 -0.930620309 6.894948108 -0.644435236 9.680678366 6.141282747 1.472259140 5.556675437 4.517863960 6.260350637 6.777771503
-1.265301078 0.619064232 -24.863927917 0.947538064 0.039140070 0.214961024 0.233305444 3.698544312 4.497943312 1.616413668 4.058752412 5.318121701 4.777863451 8.241560865 4.057338463 6.426180360 3.237372383 5.967308480 2.384392125 -4.913739705 4.466407088 8.905293375 3.164820179 -0.239918058 2.199292464 -1.640840424 4.598384795
5.253889801 3.550301681 -30.808075185 0.876041308 0.090586204 -0.454725310 -0.132554363 0.735724411 0.510489255 6.784787935 3.582221795 1.852196126 2.454380649 2.713937255 7.454196452 3.550538304 4.029615512 5.234523396 5.640584828 4.152155423 4.650965004 1.974256129 2.250040043 6.415296816 -1.555877321 2.925171928 2.960400417
6.840032085 -3.640363612 -23.958589868 0.961552242 0.144234864 -0.200315079 -0.120363862 1.563530355 8.638848252 5.226647678 3.454853888 4.335440757 4.123880272 4.812898293 0.645375136 3.868448788 5.448773738 -3.047185862 0.957675469 2.673342485 1.797679213 5.379849724 4.956532873 3.191346535 3.296172956 5.490043748 1.135661435
9.603255416 -2.085152648 -26.371037918 0.976599714 -0.017283204 -0.212900460 0.025053623 3.050440720 5.580849879 0.829133567 3.120712707 3.568798122 5.039532306 3.448796837 6.596662324 -0.306294725 4.767231138 2.387685874 7.552198783 6.316810785 0.834664620 5.552870499 3.894037335 8.249061737 -2.271034308 2.444818977 5.878627424
2.707193967 2.246265353 -29.968322198 0.803789333 0.527820883 -0.273324310 0.024932797 0.971122686 2.285520276 5.320693293 3.636362373 8.262621430 11.472657291 6.270710048 0.885480546 1.653086461 7.000982514 6.000158906 10.233786368 0.334756445 10.637780704 8.305406808 3.651308423 5.518270756 0.272486443 3.960801486 5.129776137
4.984079502 5.868705324 -28.002783333 0.986503048 0.137572234 -0.080231008 -0.038060492 6.204432667 2.904762055 7.864016725 5.326755279 8.405690944 6.546829405 2.378145855 6.817948106 4.919515949 2.223134353 10.828022427 2.005675331 4.579407081 6.761324151 2.655424694 4.120301910 2.641655113 6.330606170 8.135865550 2.441144790
7.693503138 4.150016792 -28.938779952 0.827491029 0.535787664 -0.058067118 -0.157538524 3.498631497 6.962792361 1.181759342 2.055268264 1.270454037 5.486151834 7.397082001 1.047520431 4.537267648 -4.486739114 -1.853910607 5.768735673 3.784731302 5.955689123 2.641903455 4.435314321 6.232972887 6.990211547 0.257687000 7.911886869
3.054975553 -8.153884144 -22.531573308 0.984888604 0.048058081 0.156425923 0.056707936 4.870275812 -1.429276384 -3.833690650 9.832024467 4.646148865 3.259710393 1.205309380 2.023254344 7.620314633 2.991749659 0.171318875 6.503420465 0.045317808 0.952580780 3.315768979 4.102881873 6.377659354 0.389395661 0.319380299 2.543368975
8.584000456 -2.257955599 -27.341914644 0.826601888 0.431511534 -0.351065609 -0.085323227 1.499975636 4.318503571 3.199023919 3.767380409 3.068836692 1.635446401 4.618376639 1.637861894 2.294774223 0.116453817 1.012593473 5.766272491 3.003383144 1.461516115 -6.759909249 5.609358358 -1.161337813 6.065864873 3.007366593 9.999927482
4.107591844 6.402685872 -25.522252859 0.892371570 0.442033319 0.088139395 0.022604701 -3.324101530 -3.748313346 1.934014992 -0.508396965 1.864619375 3.967671988 11.813347684 2.505849448 3.130606574 3.511408682 6.726523396 2.266569613 -0.360115891 6.854748891 2.805060849 7.460956769 4.631529946 5.265059605 1.513228631 4.418195960
3.584544746 0.700367562 -30.410806130 0.863985000 0.328682374 -0.381365508 0.007626681 5.195304101 3.655548441 1.843394972 2.601469512 6.087346094 3.083368794 7.840162263 5.829989855 3.889586534 3.254171368 11.598725307 7.292579883 3.332318302 2.180552713 2.263623139 4.258901270 5.976612794 3.886841927 -2.185206040 4.264573414
-2.385343772 4.332337717 -26.320919928 0.883462571 0.449199671 -0.093443758 -0.094772384 3.724603657 5.208502263 5.985578713 0.256271512 4.922943422 8.644670476 0.281647225 2.772762507 2.977645104 10.122720708 7.923507729 7.784076780 3.127490145 9.263699431 7.407731659 6.660591726 3.336074466 -0.937352047 -0.839759035 2.904348008
6.133012812 5.612402544 -23.930049215 0.975580143 0.079034063 0.161407237 0.126272342 5.155247204 1.092589071 4.806369854 2.580891269 1.408709994 4.429091330 3.641828391 4.500068592 6.026669655 3.627318568 6.759436066 3.515157143 -1.915497188 4.101376304 6.237478659 2.119206414 1.343705169 10.043392747 1.255225325 2.568929807
5.957273717 1.817834017 -35.549464007 0.872540658 0.279894981 -0.396957386 0.052501759 1.732239433 2.031641402 8.819411278 4.391462044 -1.281575691 7.285553635 6.667576176 9.249048772 4.982504043 0.671760116 7.527681097 0.290162646 4.967742359 1.083034083 7.082042106 2.851196873 7.048755311 1.604294621 7.708782984 4.909158117
11.444752718 3.864381570 -30.863934623 0.909675743 0.203344848 -0.298970680 -0.204346392 1.229856701 2.165515770 6.621850882 7.993874527 2.196640944 5.796070762 7.276425924 8.308243435 2.186411135 -1.180444461 -0.932480656 3.824394308 -0.697000072 2.209452124 11.311378661 5.093692426 5.490922956 3.163314589 2.734047996 5.123867465
9.364136086 -3.154006033 -23.847083258 0.951187275 -0.264012469 0.126741092 0.097349271 3.967516786 6.403963362 2.855660177 2.408228138 4.682155760 2.588947553 3.717147014 3.421239558 7.443139176 8.969187726 4.971371443 4.772093621 1.097973545 7.166263672 3.051503241 7.458136502 3.598516020 -2.050284418 4.747018757 2.290382519
-1.145676140 -4.243197009 -21.865623966 0.926885871 0.365206394 -0.021014243 -0.084055183 7.506150548 1.394868863 2.896448781 10.861088297 8.458762145 6.560010124 5.813302237 12.061288319 1.547750883 4.436056707 4.489874188 6.579211269 3.478511861 4.060107232 4.582242966 1.529699675 4.389546061 3.679100923 5.432008570 1.667379853
2.917077109 -2.295782419 -17.955804454 0.982162328 0.184679093 0.034655756 0.007054989 2.026456138 3.296535791 3.681176540 4.352783569 1.636022795 5.123451311 6.740472370 5.692214811 5.652981882 2.974051918 8.556595473 5.779722476 1.506990296 4.358585475 0.024044946 6.114745192 1.949008585 6.422938992 4.267265421 2.979398915
3.328781141 -1.460851292 -29.153558353 0.758529827 0.619663534 0.200179468 -0.024037212 5.890585976 4.876289224 6.432712765 5.083107189 5.585207254 6.037592857 6.437474529 2.164301495 3.253219864 0.445020627 4.895428682 5.827929875 7.008619828 8.413765835 3.241292119 -2.966248707 1.602428347 4.555601686 3.361471384 8.063773272
0.623542845 -4.786368161 -24.394262346 0.852669541 0.246184581 0.418787448 0.192262526 2.504504539 0.950561580 4.184549862 -0.689367746 0.299917389 2.254555967 2.391668967 5.465949255 4.133505917 2.654001831 10.904385911 0.850952877 1.794129717 1.973374000 6.819171334 9.101952544 6.639217812 2.845777616 9.309568331 7.805782859
8.785675255 -4.130671135 -28.792555246 0.982228211 0.085121935 0.154508287 0.064102946 3.503765186 2.942695211 4.108912615 5.580171337 3.960721899 2.043589228 0.728360523 7.963401440 5.156181243 5.244163491 0.746549710 5.020059656 -0.834900565 -1.698658306 4.285218118 6.810899229 8.069256644 5.415931609 4.004930077 6.106448371
5.566263898 9.901251307 -27.330501802 0.924583075 0.360888417 0.118965143 0.027440522 3.229214726 9.164462332 7.999340073 -2.085045273 8.021052614 0.195021554 1.175527846 4.091010312 5.500178634 9.318527944 2.455837182 1.637542956 3.060373428 3.987716106 1.680752258 5.439619312 4.889106261 -1.049100021 -3.833755971 5.964589220
7.597883315 0.317749212 -21.229319086 0.943133909 -0.094135201 0.246259676 0.202467689 8.801032677 7.179316618 2.314107331 3.823273530 0.779630316 1.467454779 7.558165384 3.803570736 4.663310640 1.386363265 3.931203178 7.902906683 2.611046371 7.524365286 0.362198831 -3.848859697 0.161333654 6.301398457 4.725829268 3.846952688
5.175543775 5.837143466 -33.384442212 0.924689376 0.284123918 0.181620171 0.176740684 4.538567976 4.402930206 0.924528814 5.818297261 0.423942785 3.114186241 4.376943355 1.268909973 1.382042831 2.457588169 5.409276179 7.316267105 6.069902608 2.532251452 -2.367886900 2.113298489 0.021578738 6.248664017 8.123510374 5.614435184
13.203848452 2.253224703 -26.548062176 0.950186034 0.085623552 -0.251375420 -0.163173241 2.921246278 3.093594511 1.898708671 1.020558639 5.801983411 9.521431510 1.847108898 5.996176038 2.288408454 5.223295877 7.873777846 8.739447691 3.784232129 8.573574671 3.759466284 2.266461664 3.270278254 7.579122618 5.222418389 7.860381503
1.841249089 -7.578679862 -23.611531328 0.929147302 0.293916353 0.222002950 0.031830161 1.177644926 2.136834160 6.999615018 8.462798950 7.265272325 2.114328014 7.469645388 5.184292633 6.277715444 0.990414610 -2.243961092 1.861058357 1.810421077 6.388853144 1.197936181 6.140157075 8.080297804 7.667167503 5.507480621 9.982855125
-0.298225942 6.385124775 -26.582839029 0.919341924 0.203458580 -0.270397407 -0.200749284 5.408421748 1.820349924 5.685651933 5.426243815 10.211888952 4.639880648 3.968833056 1.998697271 5.530422788 4.895059284 3.519047981 -1.632567411 0.255013971 7.775567335 5.664165086 1.936056272 5.912525259 4.118699960 6.212519904 11.646041694
3.206730546 2.327942272 -23.833863621 0.781511468 0.600770340 0.168242004 -0.003074467 -0.148684969 8.171017924 1.471402051 0.343475928 -1.248579260 3.193606302 0.693456983 2.987044423 0.331536310 3.864903720 4.764191148 4.300261511 8.347029633 6.606350838 0.006251524 5.258010546 3.070472858 3.309387517 -0.982564810 4.423939084
0.700245382 -1.354461249 -31.089507722 0.849819010 -0.514739660 0.105440945 -0.041628579 -2.329551680 0.602236214 6.469251085 6.299234020 1.503774396 1.327825791 1.010977606 5.186968959 4.871907312 4.488831600 3.178504097 6.270561988 8.871382568 4.931239440 4.670878598 2.650716564 -0.954774908 4.901204545 6.239064866 5.525173015
6.128870119 -2.900553243 -31.124413177 0.989551701 -0.137123095 0.042839325 0.012226231 4.916118836 2.093477080 9.560670174 9.411953099 1.037021854 0.639921148 5.160712406 2.755853118 3.044467877 0.764431605 2.957822291 9.146432748 7.361803055 -2.665382951 0.375236827 3.846431792 -0.332072575 2.204577591 3.040861269 6.181818824
-1.004491542 -0.298635746 -23.502901422 0.939299329 -0.126391808 0.214862463 0.235745633 -1.676457983 1.355509461 1.973536654 5.109629694 4.998306147 3.754237108 1.618755984 1.586942417 7.135157820 10.033779852 6.721572164 2.876257405 7.281869695 3.950143206 1.842052746 10.443002476 1.153878483 1.348009870 12.797408598 6.738891474
8.660666725 -3.229815271 -27.512466015 0.994032580 0.082297483 0.070119979 0.014475557 0.477416142 4.097693675 3.554860681 -2.748501964 3.263280779 -0.359617150 6.376681849 3.479704211 0.975412185 2.524179750 5.609091032 3.463392449 3.303891847 3.204805487 0.693423319 0.908649434 8.096648102 4.606653407 7.005192594 3.049636599
3.826924051 6.399622153 -27.587499955 0.908155778 0.289149697 -0.155385595 -0.259809262 3.863882402 4.921092850 7.182124390 11.321636521 1.094066146 2.404472892 2.237394018 7.986928410 4.936039759 6.871770104 3.018074769 3.497208149 4.068078572 -0.559165901 -0.791076043 2.975240850 3.801910547 4.484399360 4.020064497 4.766892519
8.554160635 3.515072297 -31.459616976 0.973061905 0.175733348 0.048585400 0.141094929 5.112332993 3.284623482 5.905801747 0.424716291 3.676206189 6.958629500 4.273689285 4.098996239 2.457896965 3.372917304 4.837021081 6.022993394 0.260928145 6.963838936 -0.103114943 4.354678522 5.904561935 4.894472946 10.394088098 8.610552481
5.002692211 -4.146831048 -20.618134408 0.742020334 0.670031720 -0.003817773 0.021183529 -1.540911478 9.020439290 3.141910081 4.812736012 4.532577469 3.229516139 2.358492166 -2.492208513 4.345491529 4.614245336 4.845028891 8.855002297 3.137725170 4.658434484 0.748948608 0.596265241 3.575570133 6.246825369 1.542864278 8.806522819
-1.824347103 -3.861743001 -23.818976981 0.844053326 0.391254221 0.109530580 -0.349995956 1.478121508 2.367657933 1.752899912 5.305858369 -1.131491977 2.324920572 7.026901451 12.478304302 -2.005157196 1.374025722 2.118996126 4.385625718 3.009588407 6.001328744 -0.300901675 6.643761836 5.529621857 4.804883030 3.817492939 8.059050964
-5.200371616 -1.759327659 -23.894641355 0.833365229 0.371289488 0.168401765 -0.373212215 3.824516405 5.589252448 4.774974366 4.084484478 0.313581679 8.601984226 9.785790847 3.658137808 2.521671196 4.819115878 1.705577693 1.482013656 5.875921807 7.042026187 10.524842959 3.356951928 4.419784547 7.906912007 6.020325217 4.153980425
2.121640340 7.044123182 -26.564907177 0.980537992 0.074312171 -0.167821129 -0.069706643 3.320988168 2.941631746 7.387912238 4.031809666 7.371576743 0.538959502 4.448018194 7.876002948 3.895375521 4.050872834 0.096693132 3.533090564 1.670142564 4.257286682 4.242058029 4.582511311 3.071227712 6.717411136 2.199293993 1.221654601
1.848398655 -4.081933187 -31.648552274 0.931411995 0.168305341 0.322613106 -0.008111214 -1.204348044 5.518510082 1.974812446 -0.336508202 3.434168559 1.133599537 3.202378504 5.936067257 2.335782268 8.858957091 2.712081745 1.661514648 6.690958593 7.807916116 6.504554034 6.812371687 0.490820385 1.691120673 6.476486333 8.287973059
5.217544404 -2.018620703 -18.335320399 0.821977035 -0.086847411 -0.540924195 -0.155603009 4.733766990 -3.516815502 3.885302485 4.375224848 2.997942696 6.585541794 7.588299535 3.168750412 -2.661825895 5.636207995 -2.921064254 5.171202446 3.380103035 3.870997097 4.660567376 2.693838411 4.715340478 5.291389606 2.910028571 4.002119071
12.448784565 -2.570322334 -28.714853777 0.982253574 0.123974746 -0.130053127 0.053799286 -1.122609691 0.081138510 10.967898686 1.931919612 4.903143905 4.791404877 7.878907361 5.497279858 -1.750599948 4.578774364 3.998904249 2.873086458 2.683814398 1.511601735 5.982095104 3.507823542 3.971979870 1.884693711 2.909174473 2.556329123
13.094431038 -0.559940875 -23.186116513 0.783545013 0.504898166 -0.328586308 -0.152204115 7.796740476 9.130888789 7.009552270 8.190663151 3.860844694 8.010935940 2.285465835 4.602341514 1.069571718 2.980121160 1.848396838 4.953132309 5.591279750 1.090995975 1.900733099 5.368949486 6.190168068 0.603722102 5.000582908 3.633780676
6.423502875 -0.887065647 -29.133121927 0.907784398 -0.321257783 -0.212616641 -0.165876723 0.646223853 -0.252388117 4.294457530 6.925923422 2.678590345 1.527913093 8.672830447 6.101078853 3.228635953 1.545602562 0.112939481 8.897060101 3.037685360 2.673111139 6.496725181 7.766581560 4.058032145 0.539828601 2.807344272 8.397207661
-2.031453943 4.120544707 -31.210601705 0.989448838 0.105426432 -0.085915622 -0.049947685 5.439453321 2.484106095 -3.734415415 10.794616394 2.641592948 9.801672918 8.813944841 2.171992596 1.080954352 5.611634432 1.316506492 2.801708215 0.050942932 5.617921523 5.949776271 -0.680036801 3.083339627 0.123044139 3.873280996 4.533097190
6.972488472 6.472241254 -31.271493668 0.849863868 0.309229558 0.269364609 0.330985186 6.819401608 -0.097934306 7.460354936 6.479538765 -0.225658581 3.508586796 9.905846833 6.117852283 2.374088505 8.983588090 5.018089203 5.224984823 1.490701324 7.124785656 5.049738716 8.027034307 4.086818452 -0.621612625 9.197125832 2.463871578
9.389899746 -4.699492172 -20.051767043 0.898020056 0.293291557 -0.301958098 0.127911487 4.585227581 2.375037767 8.400742292 6.508539289 9.873345612 6.505109317 5.141055850 4.771755468 -0.374178601 5.774412428 8.708125631 6.042527022 3.498440429 0.845546257 7.181488597 2.785275300 11.798798639 4.421055653 3.653098154 5.198579416
2.820918564 5.813812141 -26.479892442 0.998685977 0.042439056 0.006354714 0.028015432 4.026063697 4.995539164 4.826334440 5.561419276 1.782089173 2.670596148 8.207331494 -3.083852634 3.086100481 2.343166989 6.729536973 -0.523508018 3.977201794 1.357324564 6.107096207 0.667631839 1.569731412 2.093867453 5.794337752 3.442224257
8.262427233 -4.700107245 -32.674437267 0.976943642 0.126702565 0.148566903 0.086344985 4.151917239 3.302063969 6.228696663 4.050636470 5.126074429 5.901543793 10.507163830 3.402494077 9.323610988 3.503729038 7.302102827 1.588574684 4.818555304 4.830516326 0.310721018 3.334028374 6.600052992 2.171734776 5.609759515 4.918886157
