-14.082863810 -5.251898175 -17.536196975 0.914119702 0.131926961 0.378874860 -0.058602805 4.530979901 3.875291947 3.386516668 6.787554731 3.894892773 8.006284748 1.658486128 2.263409182 5.827891779 5.397806664 9.419852716 5.248161165 4.227425524 -0.754276828 4.569156365 4.408197543 2.697464564 9.508064992 2.700072028 5.451431400
-9.305775636 -15.300246307 -25.698025282 0.750202362 -0.388161829 0.457952732 0.277139144 6.495623398 2.139582304 4.755741838 9.822940143 7.951936639 9.444579064 3.842872173 4.887532711 4.986322735 8.835015581 7.333901755 3.723629286 1.346078243 1.179063410 3.623383162 6.476530204 5.051707395 3.412566688 6.240748021 9.185967292
-13.616389809 -14.520949722 -24.600189913 0.719258444 -0.081854615 0.689175130 0.031697832 5.071140486 5.794034270 4.502558034 10.076489573 0.867909504 5.443794299 2.225330206 6.095415006 0.935501463 1.252636436 1.648121841 4.397246013 -2.614945868 5.400080548 0.458782975 2.949303153 8.661575027 9.173241495 -0.749883088 5.263461508
-15.505389074 -1.226937814 -27.697151362 0.910630663 -0.003809275 0.290673188 0.293677345 1.365595691 -1.814458416 0.378673937 8.077459215 6.353734903 7.903171221 2.880000455 4.060371882 7.717984678 1.057208754 5.567951155 -3.203281586 4.123547155 4.072189805 4.065878793 3.648776728 5.986538546 1.663893524 4.998163572 11.255821495
-5.494504985 -4.462589297 -20.832407532 0.983150136 0.014903522 0.181838464 0.011334384 9.840613891 -0.064238867 4.199187779 2.992683747 8.275019221 10.448899422 -1.313331763 5.610606882 1.164505949 2.993088509 2.624905462 3.561782327 -2.605307813 8.253648801 -1.892857295 3.129380763 -1.657191881 2.099813096 1.201637175 6.154473740
-14.470069381 -9.153754035 -33.022018473 0.805119876 0.029770931 0.586694020 0.081766765 4.621115394 1.462416754 0.925868111 8.247830028 6.050323940 3.091860375 0.057341449 6.101901041 5.175185746 4.063443275 2.835219529 4.035262758 8.472777292 4.733120560 5.275779058 2.466193104 6.174252518 1.734764264 -0.415038678 7.155222254
-12.057150085 -11.660630255 -22.646616215 0.963425674 0.078188231 0.187081770 -0.175208396 3.109924526 5.232866889 4.289508096 4.583097946 3.402619560 4.243501946 4.560643925 3.310054039 1.471081373 3.540630288 4.705115143 3.547376265 8.727022623 0.405612256 1.646686530 4.275737797 3.782660155 5.140100343 3.796982792 8.605492257
-8.901257075 -2.777487324 -29.709892786 0.900211954 0.325262484 0.207891175 -0.201504377 4.219701099 8.428228280 5.034795820 0.605519850 6.649874780 -2.584242939 6.278552661 2.901774575 0.394918580 0.646176632 -0.367736696 2.867555817 0.356648918 8.864854919 2.722304225 5.450776825 0.161298894 6.662618177 2.454726382 9.356592978
-19.464392361 -0.188053747 -23.840987548 0.729205826 0.145194964 0.641060187 0.190313225 0.597446669 5.338799606 0.978343724 5.111714847 4.802325659 2.194809567 7.498855835 2.830315547 3.708456480 3.152757476 2.256786679 5.285130469 5.351026083 -0.341819336 5.979672497 8.132100044 4.725968808 6.291191319 4.326896739 9.372841982
-8.281899437 -0.343448441 -28.406565833 0.923282252 -0.074781717 0.283226764 0.248475709 6.172012247 4.904476462 5.565762169 10.743309127 0.499407969 -0.829394487 4.177545994 0.712096700 5.607350257 1.728169004 1.942352121 2.132570342 5.103433994 -3.463502038 5.131257585 4.783267667 0.934057897 4.693099279 3.438764537 3.208710260
-15.867818311 -8.588776292 -26.133195745 0.993339715 -0.008872879 0.099656615 -0.057149286 -2.533257189 4.416378300 1.913005348 3.726397721 4.052430536 2.112202395 9.345745262 0.888194933 1.414592807 1.002207341 1.974808553 7.848196291 6.923216609 3.693118250 2.556180175 1.455061491 6.435625640 1.324561194 5.571221873 0.664451376
-17.145456979 -2.710680390 -31.431418443 0.934122972 0.142445760 0.326746163 -0.018984814 5.380938535 8.376109785 5.458375607 4.870442538 1.797432076 7.721717824 0.507605955 1.069479646 -3.682772644 0.226159775 6.229422893 3.799304832 6.747246793 6.533921040 7.881184827 3.209100688 4.438716392 4.205284288 3.384416599 6.950041609
-11.805715796 -7.187029823 -25.818583193 0.812905752 -0.211313389 0.429765881 0.331409381 4.540980523 3.984150716 5.406449122 8.908346209 3.495524613 8.893594452 7.074839484 2.619229655 4.976899556 5.813180453 4.069356356 7.961105609 0.758988585 5.997313300 2.829663921 3.582526344 2.704709896 9.336098513 5.246498199 -1.640675909
-16.702058320 -8.684309634 -29.854832472 0.963662454 0.173918033 0.063012346 -0.192708683 0.530966844 2.587746479 5.677069726 4.560237275 6.736961771 2.806903503 8.437971745 1.243729720 2.728887941 3.103292815 4.969994989 3.324461682 1.828888574 2.741843560 3.367355821 -5.609502478 4.345571427 3.382871153 -1.334363436 3.123517795
-18.340228822 -0.783949887 -27.871236325 0.917349957 0.188384167 0.191302817 -0.293911033 5.686508165 6.848212145 6.196480189 4.935419911 8.208190292 1.128796897 0.184816208 5.766193416 1.864497695 3.982533069 3.860638191 0.889102567 5.256073255 1.110236739 6.363920728 8.257820870 4.322887195 1.308207046 7.629558965 5.297782926
-9.009434771 -0.541408053 -31.138921297 0.914953133 0.321767487 0.019396458 -0.242796677 1.947920813 2.314980524 4.793194322 9.654068311 6.015021891 2.112652347 6.117862812 10.692526413 1.058642644 2.161043461 6.559371968 1.778726685 4.696823497 2.084459340 2.020488106 2.364615845 3.296327364 5.149020124 5.384437847 4.520671788
-14.473702563 -9.603809531 -17.793203669 0.777856740 -0.156676904 0.465230155 0.392367357 3.324283527 5.614712236 4.359166769 4.495218912 10.324527546 2.838714462 -0.176365575 4.796507329 7.435741728 7.023991648 4.648210553 4.000958201 5.326809543 1.647574218 2.829544019 -0.939408958 6.279252615 4.340093914 -1.408447727 -0.153850048
-18.217978104 -9.307450575 -26.009485017 0.934711889 -0.015214861 0.353431760 0.034178688 7.914350063 4.014921961 5.936135630 6.429661331 6.306948817 2.368512658 3.411152275 0.614641316 7.717743087 5.260231917 2.211479004 3.309787781 10.101211293 5.846753603 5.905567944 0.535710347 2.736558527 1.651414972 4.752253075 1.909582720
-18.052516177 -2.145891848 -21.513848478 0.852416563 0.117278257 0.456942623 0.225466746 9.970776551 -1.196613960 -0.429936307 5.997254305 9.865959212 5.698250128 4.486557772 -0.167545285 2.956228376 3.712886170 -0.135484834 7.003556251 3.765231452 5.766265521 8.112701994 7.615443754 3.670634595 6.482901833 1.787827354 6.466211612
-12.089370722 2.411173773 -24.035065992 0.736391513 0.368186682 0.404134393 -0.398549243 0.758780217 7.226946235 2.049380160 7.726303745 0.957860218 2.774457512 4.699856541 2.680358700 2.079955899 2.024356567 5.337458549 3.853836501 8.159966900 -0.487163374 3.305709601 2.678430063 5.104747791 2.436696479 0.018662448 12.615153879
-16.541247150 -13.179937049 -21.456096127 0.723804109 -0.395599068 0.367114368 0.429925610 1.453115266 5.262443889 6.540203429 -4.219040867 2.663506243 1.861655013 4.636984281 2.156005561 1.230074299 -2.532704362 9.734067653 -1.445137224 2.625066500 7.772186367 7.548529567 4.885372451 8.014516993 1.612698623 4.696549275 -2.086035508
-8.727641099 -11.534739839 -29.584118566 0.950261413 0.045184205 0.247245576 -0.183932760 4.839280919 9.572112314 4.813282734 1.195266894 7.376218511 5.562251922 5.146534006 4.125688895 3.837011066 4.521023955 3.166602741 -1.516236135 -0.415829764 1.532426666 2.902203728 6.078878445 6.376269938 3.791115385 5.324342496 0.654687789
-3.443118947 -10.414132598 -27.755517131 0.780763125 0.281826521 0.553679067 -0.066499967 3.129186819 -3.941955956 4.872068668 5.404767056 12.727056221 7.476925938 5.490670407 0.678504684 5.819963983 1.163748017 8.191286982 4.730459969 8.666329370 9.160640537 9.833499895 10.002361165 5.354549911 1.068910468 5.501068834 7.523647376
-10.816980134 -4.021802934 -30.720734717 0.865993609 -0.126315361 0.405153787 0.264480451 3.855559386 5.967483016 -1.950312447 4.495184133 2.231554403 4.557098497 0.572586954 -3.763170866 6.228379550 0.586489488 2.955401008 9.794851704 4.703715040 5.348995163 4.255028078 6.776004923 7.252683667 -1.569929755 2.794516916 3.517203021
-18.106104284 -4.005708163 -28.690419551 0.927854859 0.161178445 0.219170600 -0.255090410 5.401055893 1.716727238 7.951235862 4.242903176 1.882312535 8.598954961 -0.148421227 -1.103366633 5.485652483 3.293584237 -0.878312874 -1.611170380 4.997947026 0.112622013 3.483837241 5.976331257 1.911261029 -1.255240439 4.360314242 6.686428397
-14.893709456 -7.267983603 -31.827853006 0.716038211 -0.097110748 0.691272955 0.000695443 6.106142643 6.696740426 3.511384427 7.883798168 2.660211922 5.414347358 3.020251704 -1.791126200 9.752561643 7.921830777 2.658056360 2.521440910 7.087702365 0.475945806 0.010456348 1.152820523 3.250348156 0.089803785 4.573798351 6.947628654
-7.751743843 -9.012163002 -31.345934136 0.991907502 -0.014351193 0.119172962 0.041368547 6.558532686 2.275439174 2.383238908 -0.005635170 1.900102598 11.418678957 6.422166609 1.697389131 1.701862408 3.977374959 5.532164734 2.139160188 5.769923326 8.419747242 5.542112042 0.506010947 2.114661025 4.630010819 2.334475215 2.357842773
-12.171165929 -7.284998978 -33.571370070 0.796901908 -0.054321597 0.600994233 -0.028327480 4.697219249 3.636789642 5.591075374 2.548098977 4.963056316 8.390086656 6.883160328 0.341248452 1.220233002 -0.859081139 3.645991706 -3.006322032 5.643777479 10.943941891 7.797169127 4.370261949 1.003262466 2.533827801 4.270429787 4.751935537
-14.095976071 -15.418608420 -21.430359443 0.746093953 -0.097894669 0.658318417 0.019424454 3.041574502 2.269062118 4.817505655 4.125253334 3.492175596 2.616932811 2.830124594 2.514942138 8.895139698 -1.636607353 3.923775026 0.231191920 1.720343656 2.337602582 6.402247605 2.070974722 7.691649617 3.071270589 0.266135998 7.084142064
-12.766700235 -12.505314437 -27.682631092 0.974393973 0.063368736 0.148118596 -0.156849194 6.289766051 7.594172502 -0.085600560 5.361592525 2.433276160 3.387383351 10.707229614 3.760533043 7.206776588 7.396887588 6.549679797 3.117576536 3.792311522 4.722158705 1.921671164 3.324076698 7.629580808 -2.128157238 5.263664016 4.763774343
-19.151002735 -12.924612587 -27.767818818 0.835533301 -0.097705998 0.540030864 -0.026538763 0.990317580 8.814918821 3.551192186 4.046728680 5.662649478 1.806354667 1.363842686 4.655912309 6.157699784 3.727530988 4.957760002 1.798496035 -2.199264897 2.946819146 7.780989209 -1.484076147 7.964325651 2.447338656 6.403082028 2.731293670
-7.219525516 -10.649553423 -21.788753339 0.725486114 -0.072266002 0.683077625 -0.043040468 3.731715009 7.536904835 4.619620317 2.243654881 6.074360646 -1.183423343 5.369373685 4.714687062 0.488085558 4.118871273 1.708579325 5.916356062 6.066280401 10.242661141 -0.111215365 7.583868104 4.583032678 7.769577162 -0.469331986 2.829326708
-6.451103616 -4.589359657 -23.243879803 0.991362975 0.105937212 -0.026036131 -0.072793400 6.261262299 2.993828875 6.052185390 2.827919777 5.381284348 3.774791648 11.336565628 5.012116298 8.114218615 5.220981002 8.939783900 8.028511971 2.631413289 8.431712100 6.012600592 2.874135694 6.305287901 10.342056480 4.911649581 -0.069152796
-9.791447692 1.068501871 -28.346839621 0.827133923 -0.223317244 0.309381140 0.412628394 -1.332659709 2.099124787 2.793597536 4.898645966 6.050957380 5.155529806 5.181844333 2.355596844 2.158549541 1.252338145 5.300185191 8.149470219 0.778385966 2.849286709 3.047778233 4.386672768 5.602083847 1.987793415 8.108637815 3.691922158
-11.630197727 -0.942682539 -16.504551291 0.894100899 0.223509521 0.363798465 -0.135195241 12.047337943 5.193936656 -1.905360621 5.441717081 3.874315648 7.636476882 4.145582952 1.202795428 4.744467507 2.599935187 5.602541070 2.275701167 6.550086839 3.357431308 4.771033774 5.107721316 0.631709126 2.916728639 -1.065877427 4.518458252
-20.254112719 -2.325773627 -23.400636911 0.759194612 0.340781906 0.394580950 -0.389611483 4.448342274 -4.459994040 6.596779869 5.748112790 2.910533641 2.547368492 0.023317773 5.238861076 6.486439647 8.035451661 3.269501184 6.960092564 3.135076358 8.351791609 6.027876734 0.643180315 7.492843821 2.707597901 6.793894916 3.744110819
-14.398596763 0.323864903 -18.255588599 0.873062985 0.062345538 0.475875466 0.086119675 7.239101409 6.783214741 1.543343312 8.099651869 1.522601571 0.383215761 2.951507324 4.812120625 5.074307996 5.392141792 7.431191246 8.266968478 4.315244348 3.547405569 0.887507661 7.227944661 4.321727069 3.393548485 1.670190036 6.335377472
-15.698106313 -5.546334318 -20.507561158 0.868014052 0.144698714 0.403779443 0.250152052 10.355965212 2.409118923 1.707372462 5.304043319 -0.585807035 4.717406584 4.085504445 3.459263445 6.615607280 2.940819890 4.918522792 4.846978989 0.457276758 4.740510352 1.881107849 6.923600032 3.184181608 -0.643006290 -0.453507683 4.868204647
-8.908382809 -4.658688136 -26.716249408 0.792292040 0.306946701 0.375001706 -0.370716558 0.606029849 7.198554806 -0.022919732 3.163337092 1.929052432 6.153655740 3.546008360 0.885917717 3.202661918 5.095056481 1.385463184 4.858975841 9.296810623 2.541604317 -4.320097721 3.634256805 8.644528092 1.091687892 5.181308476 3.918739595
-18.456041875 -10.073886681 -28.377064604 0.715113844 -0.080735776 0.689112958 0.084954434 7.931232619 1.334561323 7.191441667 2.750531018 3.646620260 3.517922307 3.622581113 6.215631566 -1.464822176 -0.603169988 0.510776450 3.706824655 6.369788499 -0.793599067 3.757508762 7.665294357 5.772665168 2.217842348 4.354971527 4.808576401
-17.148822548 -8.548621306 -23.406748490 0.887720897 -0.174282419 0.393520176 0.163459838 8.235078608 2.262339979 3.814522233 6.157705882 1.226986866 9.952507019 -1.389237424 8.363683439 5.734374616 6.484392609 5.127792848 4.143303532 6.538338771 0.690772132 2.785200797 4.596695976 4.664402073 7.649953003 4.867538297 4.657902557
-16.062194856 -0.894222246 -28.711812293 0.913900722 0.209587242 0.205032441 -0.280749632 6.921106637 6.718638001 3.828907151 4.933463173 8.370193842 1.656833202 7.933797682 2.403125142 3.537688294 6.622576140 11.201701070 2.874037193 2.561817853 7.010187887 2.276276504 5.370844006 5.089744758 9.540504178 2.650657337 6.042293042
-10.720542575 -8.623188019 -16.303790082 0.840242024 0.091848556 0.418410667 -0.332399907 3.211712420 6.451543258 3.106607779 3.470632156 2.815884104 6.670364272 6.379344870 0.752859392 4.796119277 3.127552808 1.951847906 4.143647645 1.570369159 4.105441943 5.853200440 2.729117927 2.377460617 5.453120926 0.996907836 -3.456359713
-14.080543938 -1.706613965 -25.336402013 0.895642102 0.132687997 0.340934161 0.252948647 3.215508765 3.388471593 3.574217852 7.253972582 3.693599923 4.578620444 4.428193499 3.326150175 -0.048110811 3.326911286 7.321913465 4.669468326 9.025100354 -1.339760497 1.646551367 5.169455453 7.842293188 0.621834430 6.215368366 7.109645649
-12.895928500 -3.791308228 -26.147749179 0.761865957 0.264838180 0.553483692 0.207549523 4.894042184 9.180155205 4.721371946 5.148036030 3.546771489 0.071387613 3.817539480 10.815231730 2.401873938 1.553939817 6.399078278 6.641817909 2.074431636 4.085464039 2.449545887 -2.160022326 5.300392697 3.795780606 5.743794954 3.995136738
-11.108901262 -3.857624350 -20.775457862 0.739318604 -0.183941842 0.371565776 0.530577303 2.897964650 8.150211212 1.132726636 2.461000803 -1.547892829 7.926692251 2.782795683 3.419317201 4.416345066 1.132438270 1.778714165 7.294242858 6.208542193 6.306350564 6.255571260 7.585693441 0.124649059 6.048749258 -0.472869633 4.432866030
-20.335953256 -2.327432416 -24.298681139 0.716932175 0.249333349 0.650078003 -0.035209779 3.367100586 0.513296966 7.770169094 1.586442011 0.755862401 5.594209786 5.623910180 11.042785754 2.945030023 10.957443940 6.802257086 2.599404061 4.375162570 6.516438683 2.703692032 4.549489611 6.489266609 5.821491793 4.737562033 7.888598492
-18.474043481 -5.443435965 -24.825897168 0.724352140 -0.034200752 0.686166992 0.057612028 1.413041090 4.430110366 7.023253960 1.614185499 0.518910482 8.511621037 3.354859435 -0.787671291 1.051812470 2.580525293 5.181560697 4.358353879 9.945688588 1.773531937 5.468574913 6.307453685 3.982021368 4.600370641 5.611056632 1.538657903
-8.834026924 -9.003699386 -29.794825048 0.937428155 0.184550080 0.188016657 -0.227638879 6.712993502 0.044610038 7.136632570 3.692832890 7.140445782 1.687077772 7.719190452 2.411643051 9.311940157 4.420121458 5.654743955 5.438167663 8.325386952 1.694997322 7.434963081 5.216233267 1.708250522 2.814629606 6.091658341 5.537505679
-17.964788324 -0.337970247 -20.353707964 0.773112485 0.320076463 0.496197908 0.231593998 -1.583752820 0.894303909 6.851827618 2.165946714 3.110840854 4.174333099 1.864345198 0.783596014 5.082898356 5.604950375 6.883951173 -2.333533427 -1.268233431 4.566123417 1.814441182 0.575989486 1.585014370 4.383826707 -1.003835983 0.470318977
-7.034281540 -10.579492362 -22.135894105 0.734687470 -0.341979763 0.484080151 -0.330076614 3.454658965 7.020008278 6.659415260 2.861212868 5.250895004 7.108394257 0.868149627 3.168911964 5.296587115 5.694239807 1.623558349 6.273354867 3.016172901 2.960753195 5.488867305 2.395924401 3.422298341 6.476147782 5.956008722 4.368417220
-9.900818398 -11.632805792 -16.325749378 0.857904169 -0.041789341 0.424198319 -0.286896974 5.175482925 6.223153409 7.469706912 6.709294959 2.568804793 4.183136961 5.747720575 3.259917871 7.988513652 4.790271159 3.786105988 -1.744767185 11.307290454 3.476824434 0.382858938 2.572106225 2.842065115 5.004028219 8.028690325 2.020731774
-8.028201178 -10.037284070 -17.253263713 0.936246158 0.066174533 0.267560966 -0.217888026 5.503364210 1.468102787 5.960946444 7.571697536 0.202409816 2.095549378 2.774005411 1.568665651 6.333882595 1.938669105 5.130840986 6.907073878 5.652664996 5.097370781 4.254203482 6.755293217 0.853755564 7.871475553 8.321183072 4.289064057
-15.730239971 -15.438154882 -25.336790737 0.709513296 -0.287701620 0.516886347 0.382945382 10.055768566 -1.259013747 1.594913011 4.474283162 1.766217024 0.609079410 0.937373918 3.935969383 4.209443882 1.722884871 6.801580960 5.646341638 7.835780813 5.256494241 2.455318685 4.480563227 2.174907246 -0.365988597 6.149084126 2.822585365
-11.730288631 1.482332358 -21.044580757 0.820884702 0.096717660 0.456907402 0.328678606 -0.730609503 -0.280814998 2.818333906 -1.088747616 12.055917687 6.165039157 0.912036360 2.667297982 1.650060939 -0.497838274 5.486793642 4.374885071 1.296320677 2.641878797 8.445562718 4.667837929 7.970115270 0.084931056 3.155299998 4.764071986
-13.753749063 -7.520729080 -17.165986796 0.782665339 0.148125398 0.593450489 0.115370497 -3.447032018 -0.862339549 3.083097346 4.915070332 2.717709801 0.947426823 2.450681188 5.316978945 5.981506341 2.288803884 2.743351357 4.857530977 0.028485102 1.113071041 4.800131801 4.254742654 8.925433106 8.034513568 2.384550924 3.272508272
-18.005496989 -11.139738202 -24.956871761 0.814275173 -0.202335240 0.531959277 -0.114174086 6.741158263 3.900075845 1.609514056 6.424384280 0.729243118 7.032719796 3.004728347 4.039016180 5.790137794 1.470140845 7.779114431 1.247672218 1.176241240 6.869021435 3.530458564 6.208336501 4.716654368 3.572391906 5.660380651 5.399439661
-13.055480494 -9.127927244 -30.161913326 0.938106370 0.255590351 0.065051339 -0.224495736 4.582275193 4.561049183 1.190485232 4.797890767 6.770809210 4.803941920 9.045758435 4.996746025 4.676818888 4.757252957 5.105910755 5.370311155 2.992136867 6.881923570 1.949359701 2.078658858 4.229093993 2.459281740 5.999093693 6.297561373
-14.021574328 -14.463224184 -20.464331912 0.764756317 -0.423389280 0.308556995 0.375075824 3.668707105 5.843235410 8.448493820 0.764057377 1.345373167 6.064715561 5.810610282 3.972215002 4.208544293 4.350985681 4.701846489 3.277777241 1.154576053 5.674972949 2.478522858 -0.704661261 8.411701533 2.061972353 1.015784582 3.633210570
-9.459379267 -13.915737239 -19.746077442 0.891461114 -0.233171777 0.373670007 0.106295485 9.081429691 4.161020041 6.024739382 5.425036166 3.932345490 4.207795331 1.739482016 10.730389608 4.411195736 3.872405839 1.199443328 3.266345541 2.423076953 -1.248985278 4.988973277 1.625607893 2.408520509 -0.615759487 -3.630932914 1.119110790
-5.857476715 0.508084378 -24.508086291 0.853618934 0.338029116 0.230732435 -0.322232177 9.340350936 3.581964257 2.490149646 7.484061319 9.683060561 3.538955429 2.404655207 2.144769928 1.444734445 -5.488008965 0.676063462 6.180311033 3.994719337 0.357781556 5.132842605 2.568155785 1.618394030 3.452699168 4.753570588 0.988057944
-7.630749269 -4.652592427 -16.452888695 0.953960470 0.113289370 0.271749668 -0.057245597 5.867517197 5.164905942 1.222492373 3.186212163 1.039362458 8.290818550 2.782446459 3.464993514 -0.215809372 0.805376068 7.981449673 3.277467849 3.974966280 7.352440699 4.281583254 6.632254558 2.323611698 5.198226376 2.506202107 8.446042250
-12.364543778 -5.703893474 -22.831375926 0.841100293 -0.216817125 0.419866405 0.263159329 5.230853192 3.468879366 8.771128423 2.937458498 3.697870623 1.783255099 4.531588414 6.499917086 7.874797211 5.398288650 -1.069718457 6.370253765 5.070400779 5.487887008 7.330580894 1.377226086 4.619677632 7.422966090 10.599297668 8.759503598
-19.908076302 -9.923506061 -21.711002807 0.853589562 -0.047487644 0.518169851 -0.025095594 5.719755570 -0.731637233 5.106234503 0.467191886 10.516517691 6.471196768 2.321549732 5.064221082 3.140489672 5.615730554 2.309544975 4.061207444 2.967824372 7.104268584 7.745372601 5.870912941 1.890672019 3.435632217 2.865552389 4.996130930
-18.653340937 -7.569692162 -27.144390256 0.849381036 -0.069752511 0.514013371 0.097348330 4.003255907 5.082276753 1.594717183 7.538392961 1.229742278 8.040314587 9.050615274 1.199100447 1.937072032 6.865419845 5.389501119 6.396651028 5.442958690 3.636288894 0.377291014 6.019834064 -0.593045644 0.024494893 0.387174278 4.003256968
-16.936736384 -5.978627132 -19.841409878 0.842081876 -0.073888562 0.370587162 0.384842501 1.748019058 7.718158343 1.958709142 14.492387375 5.314417468 8.728541866 -1.539748867 1.935383423 4.756134316 3.993567492 5.050550418 8.622454850 5.362566245 4.748862725 3.289377038 -0.191054078 0.163242927 2.558462282 0.632418787 4.513662371
-18.404102417 -4.952856219 -25.881507930 0.931215176 0.130174355 0.217333712 -0.262028606 5.546563744 1.582336122 1.659919623 2.027520189 -1.804046165 4.569220541 1.142961752 3.839579030 8.903655870 5.222639392 4.022103649 1.553301003 -0.381438949 3.420104965 4.095913348 1.116228999 4.784793282 7.002132589 5.265216420 0.657206741
-20.233757864 -4.876472799 -22.821723647 0.872167008 0.131303417 0.471245609 -0.003420297 4.081493108 6.059958575 7.722329947 2.994476292 2.701824675 3.324522451 1.464808065 6.916113280 3.283210452 2.784264682 9.553828547 6.229733379 2.080780343 4.839083726 5.844715126 6.401735979 5.929213042 0.519501236 6.330437436 4.167024079
-4.802404673 -4.292670160 -25.828993369 0.833912786 0.161305681 0.526495193 -0.037050699 2.453381953 7.753195829 4.027273329 4.926658732 6.717720170 7.111553004 3.521093863 6.153329985 2.486253070 2.375374583 4.383558500 -0.146084785 1.672274870 6.775614087 0.705456671 8.605382409 10.239152751 6.049404863 2.685841308 0.286766997
-21.264242041 -7.573487642 -27.766705492 0.740082041 0.109175887 0.611253518 -0.258318282 5.740597161 -2.198510121 0.491803146 4.393336497 2.113937192 -0.474492464 5.616406537 4.444474349 2.804246616 4.885692564 5.049704762 6.488913024 7.369231912 1.606691745 2.874226153 8.897549167 4.775339156 0.920138321 3.510966496 6.155201549
-12.221973516 -13.115202542 -28.834215150 0.846550813 -0.078727176 0.519298562 -0.086502921 3.317877799 -6.101220591 4.930718289 6.991275008 6.013049957 5.071815320 8.198064882 4.660892633 7.494115674 5.482452586 3.279069217 0.910441352 11.609434810 6.309474862 -3.120362041 5.719413988 0.908297063 5.072979097 8.167383698 4.248827305
-13.383669981 -0.581678034 -24.427102205 0.867476736 -0.288860351 0.262567994 0.308385894 2.132405265 4.289835169 6.802823749 4.408464815 4.002719121 -0.594366524 3.503613265 4.379090009 3.976734572 -1.874257909 -2.093558032 3.948416554 1.169455759 7.726463864 3.082436891 5.130161603 8.594773500 5.186891836 3.576791085 3.483292759
-10.871855539 -7.994305497 -23.516031887 0.962913038 -0.125388921 0.231332607 0.059676841 2.779197837 7.548775522 5.940557815 1.117921264 5.277120689 7.057325581 -0.368703500 4.844716774 1.243461044 6.208280540 7.625047072 3.552841491 8.837120072 11.013671204 6.489597220 6.439718176 3.016976038 8.590270989 13.497053791 4.769580266
-9.739851488 -2.075731865 -20.751814429 0.825534231 0.441248433 0.316624554 -0.153433845 6.314692208 2.025501894 -1.928899694 4.721484716 3.360408645 4.001895964 7.157330241 2.650361257 2.502773523 9.658406706 6.177739038 9.036452702 -0.019778244 -0.993013533 9.204601763 0.370167421 3.580588429 1.835560623 5.711781565 -2.751274838
-12.120134018 -3.609848445 -27.086109335 0.982701958 0.042880106 0.179778938 -0.011734248 4.171852478 5.571083620 5.008873578 3.940425816 8.979035115 1.898745869 7.645991188 8.968734632 1.904167820 3.759115986 3.185518085 6.010013811 3.563538142 5.923154151 6.438152426 2.548731140 0.860316468 1.647768040 0.090499643 8.244426356
-13.588790875 -6.101691374 -17.706218954 0.818362406 0.154092417 0.535743609 0.139704274 1.707696244 4.873218227 8.994121491 2.270263099 3.974209941 3.813283326 0.157040037 1.649267636 7.909922195 6.271098363 2.026272429 8.466148229 12.353027288 4.555415025 2.348637395 0.902237798 7.233469398 8.304143673 4.243246216 6.277071644
-5.238409222 -3.571342133 -20.280186828 0.981255917 0.034471518 0.189566503 -0.003616804 5.295704452 3.830407634 5.952501553 6.761093375 5.258297277 -4.164016536 5.109221602 5.839413083 8.761661466 1.072837291 7.779344856 9.884508450 0.097306230 2.578057469 4.153166275 1.810173442 2.810512313 3.906898212 -0.530137644 -2.743902680
-8.967352844 -10.170624099 -30.278506635 0.958262776 -0.138109310 0.228296002 0.102660638 4.956292850 4.998157544 1.091517685 -0.197929979 3.275281807 0.787787545 0.698504477 1.562948809 9.572914978 -1.859388161 4.644519970 7.111391323 4.233022410 5.040042033 2.595280529 6.038090108 7.880142618 8.599050346 12.384993251 4.311833577
-14.477684798 -4.704225683 -19.509417356 0.877062312 -0.031207297 0.454373178 0.152750843 2.726464252 6.484819312 -3.148368771 0.819809320 3.824858728 1.930359635 2.907719168 -0.363732763 9.507814002 5.151368355 1.244720915 4.998825132 5.456029698 -1.027287638 3.513782322 -2.182178831 8.128930894 -0.187156177 5.015284917 11.220279505
-18.246260307 -5.067133959 -24.569746541 0.714255353 -0.173165984 0.518077602 0.437548205 1.968187971 2.368119640 0.699632745 -0.552469661 5.151054033 6.607523348 1.124676408 1.605118868 0.753335494 5.400592451 5.637066747 7.875509342 -0.084824461 8.369493356 1.691070299 0.434437456 6.668473410 3.864308964 1.387442994 8.019974060
-12.333128798 -5.832811728 -16.823243190 0.872636381 0.003918955 0.486792126 0.039036061 2.143734517 3.769088130 6.887112917 4.784754053 3.832325533 6.526286488 0.040642668 6.706568831 9.154882095 4.275887236 5.620771107 2.389557893 7.109708428 0.967727547 2.142273863 5.586257771 -4.091121151 -0.029531236 3.421396075 2.311539893
-16.369792959 -3.008782368 -31.492561159 0.777186710 -0.210013828 0.465460258 0.367725112 1.699652472 1.120596260 2.597904173 7.869748928 3.861531541 3.253919578 3.037423678 4.666420703 3.873552617 9.226467736 9.746736173 8.886831532 1.420438436 5.724791833 8.105763807 -3.632614571 1.698741996 2.730867386 5.129288081 6.851386249
-6.808296376 -3.275585524 -23.515561226 0.849234016 -0.134611382 0.509082435 0.038941439 5.160217062 -0.264745380 3.006887131 0.861620929 8.339591068 3.803721253 3.482194251 8.185779327 6.307340212 6.077563110 0.321777356 4.694000470 5.231394364 3.384825492 -2.358398176 5.656371357 3.561888566 2.744304359 2.738888637 -1.351992545
-16.528136667 -4.195921122 -31.680234502 0.801846466 -0.100682027 0.439200719 0.392438660 6.146272600 2.515316281 8.628415723 0.240356980 2.593628353 8.134802961 1.831170928 6.376144795 0.385825321 3.835144845 6.492513667 3.422739980 2.438962148 4.169356200 0.944197964 2.524767627 0.361996904 -1.428944778 -0.936668610 5.304718762
-6.435717201 -2.737135877 -31.558488364 0.886281148 -0.202324020 0.337905638 0.243701659 -2.492061956 5.949421559 6.447118136 2.171994473 3.857784772 3.367136874 2.610113021 4.548726337 4.349553351 10.227390248 2.847190843 3.101234128 5.492340288 6.163507773 -0.270860748 7.601065393 4.482684182 5.163949101 8.879460740 3.057475823
-7.576162887 -0.797678280 -24.272864813 0.922698943 0.229086015 0.159666921 -0.265805819 7.969634714 5.678005663 2.662155724 2.718820870 7.490220345 2.929600095 6.189997055 3.696947956 4.185238629 5.085841130 2.567762187 6.379479188 5.593001527 9.205953336 3.166419757 3.959326495 1.388671431 2.167303160 6.098999797 4.924600337
-13.296262214 -2.267247827 -27.244946947 0.970218381 0.162004772 0.049506024 -0.173147050 1.183666949 8.849329864 5.534701353 -3.419013529 6.204849413 2.354237914 10.269977954 4.187917120 3.195083590 3.481658498 5.123619733 3.472768283 5.189745465 4.155509870 -1.094164479 0.446419247 0.285936220 3.722982285 7.794682434 4.094300925
-10.347899838 -9.995584008 -27.041847996 0.719581635 -0.278903873 0.509884443 0.380043096 0.228209649 6.718602242 5.123067956 3.559785644 2.033243571 8.335459695 4.326979619 2.603134717 0.076263663 2.487283448 3.795761755 5.808044566 5.902327158 5.151569393 6.008377817 1.347986372 2.503304763 9.536945070 0.108297552 3.760467294
-17.383919092 -9.418773512 -23.127750061 0.846966419 -0.028335180 0.527786216 0.057329869 1.209235256 3.189185176 5.848655274 3.004029961 2.712903505 4.909871101 5.925886595 1.193071357 6.015909141 -1.534798288 0.742123408 2.638782602 -0.467244724 4.277523879 -1.598488854 4.593067064 6.419546849 2.850797312 4.249138237 3.273083223
-12.794257736 -3.837022637 -31.254470353 0.851722441 0.163872591 0.469490079 0.165208118 3.414807505 0.528381470 4.384342017 8.007062175 2.551570094 -0.442384773 -0.188182092 3.880484756 5.264794534 5.033805626 1.502652963 3.410407405 2.281665157 5.506711629 1.390014327 6.353698445 1.424773390 2.332250782 -4.623933330 1.814667188
-12.378915733 -13.649449577 -30.948873455 0.797348220 -0.131812666 0.588907757 -0.006992279 1.302548780 3.379239511 7.640626684 3.165729346 3.836740239 7.050294812 -4.383955198 4.170578742 7.984154060 2.363365150 -2.011374877 5.816055364 0.439550584 1.158902368 8.201150939 -2.968311091 7.926357236 6.093149285 3.679982701 0.994489082
-11.873965406 -10.108207885 -15.136446878 0.934744889 -0.142024489 0.311816010 -0.094084071 4.469731512 3.484519610 0.737407517 5.240836028 6.676903146 2.899460517 -0.181303404 6.667821080 7.401930268 7.310347258 1.831805705 1.371091405 0.474514509 6.286723336 2.052943718 5.555093474 1.611361444 4.927461454 7.045265254 2.569695499
-6.547793958 -6.365940960 -26.363981624 0.846744414 0.271613103 0.325379681 -0.321524932 9.022969976 1.025628995 1.178093823 1.339002050 8.660525598 3.184967024 5.412521738 3.433229385 5.989140984 5.040887807 0.997469888 3.249797563 7.027637972 5.824969096 4.530956228 4.710086073 3.745721515 -1.374342873 3.007554183 3.235027437
-7.987308625 -14.465587040 -19.970525605 0.983430979 0.005286699 0.146841977 -0.106174360 2.083148128 -0.948049546 0.203516423 4.516063648 4.522318037 4.491132311 1.292604479 3.331924333 9.242489639 0.009159192 4.536642746 2.772570326 3.524275278 0.820343496 6.537375280 7.793911187 7.965502513 4.582890894 6.139391920 7.864550047
-16.561119192 -8.016363553 -18.853834080 0.965163193 -0.094003181 0.241947435 0.032937097 5.498337159 3.057101105 2.723446719 3.976972792 1.033762198 1.015118017 7.339957977 6.584102333 -1.645795282 9.146253625 9.301935786 3.917861295 0.952368621 5.932785622 6.833766625 7.103019856 4.631343849 6.557537610 3.035992742 4.490564814
-12.828797206 -9.263415958 -26.766291995 0.934722391 0.164847066 0.174459630 -0.262075055 5.105039641 4.656709422 3.719262896 3.684226019 7.875233847 5.922978002 4.304660950 7.113756173 4.154958537 1.405432823 2.525784522 10.662891846 1.738501273 1.429570887 5.400285911 1.475482541 10.047035542 5.682626912 5.098296241 3.678300006
-15.092958352 -6.372500038 -25.703144141 0.980544463 0.052301343 0.140344974 -0.126887409 5.859181164 3.058917724 11.003156221 2.240608890 10.082524739 4.110490404 2.811691742 6.469693546 3.415706898 4.272897549 3.897663333 1.428902318 3.884363822 8.562477888 6.904476138 3.889581510 7.694730628 0.055580373 1.367496849 4.374775521
-17.578469500 -7.985297312 -19.069238450 0.896442823 0.087568041 0.335215247 -0.276320180 0.967398314 2.812120635 0.620526063 6.933123498 6.234521875 5.840713938 2.246687400 3.562567292 5.629098878 6.984606657 1.971652090 8.457451919 4.102150875 2.263097335 5.620195885 -0.915649416 5.641235327 8.360666510 6.015392090 3.132230518
-11.647347959 -3.103213179 -24.504156937 0.722521909 0.224805330 0.624512979 0.193411979 10.005516070 4.047955200 3.580671631 4.222265985 7.934198897 4.559215834 1.432399708 1.046061270 -1.182315124 12.227434757 2.651240029 6.367196829 3.298472368 1.274667673 5.717903768 3.948807862 5.626270143 3.215871564 -0.361429252 -0.187539076
-5.328426420 -3.640767993 -28.594708048 0.994978423 0.067791680 -0.041762517 -0.060647482 6.105924924 2.399151075 4.420182067 12.192045873 5.338662557 -0.308834214 -0.625778083 -0.957684093 5.382190055 8.381281416 9.292316759 7.733485961 4.260448429 5.186990805 2.191693897 0.886734976 3.573899427 5.102274136 5.523858989 4.722689946
-13.769330083 -8.374827750 -20.147465342 0.778157858 -0.296420205 0.543413188 -0.106336809 -0.381612108 1.131936913 2.788884822 1.008341313 5.492919484 0.927869268 4.063748698 -0.444401693 4.113205826 2.001451789 3.366754668 4.383974862 3.481070976 7.463616312 4.376485432 5.803390573 1.451219234 3.995253360 5.977318044 6.476054936
-9.014446129 -9.044015690 -21.906766078 0.818666675 -0.245184625 0.346692950 0.386617866 4.006144044 0.546602743 5.763216627 1.673056147 3.911113800 8.512557839 -0.425603204 0.223239945 6.046682096 1.249191894 7.298550651 8.119921130 1.585864763 4.926619484 3.693635373 7.534285238 4.136540218 7.284123683 9.582843262 5.496678137
-14.637876507 -8.115912196 -27.647429894 0.856425322 0.050653469 0.504520712 0.097101729 5.794396277 3.433914379 -0.510860953 5.314565621 3.181889751 3.327017878 3.347362965 0.317962249 5.343742257 2.167816993 5.063560599 0.652957327 1.756945446 4.098310907 0.331534428 6.227242839 -0.181241604 -1.805046549 5.409886124 1.210378941
-10.973932632 -1.899965027 -30.091668644 0.879510925 -0.248724486 0.338889581 0.223048235 4.401810368 0.677183017 4.414523834 1.475205136 1.791989851 1.131286120 6.344710746 1.273521606 -1.322151837 2.453193628 6.724857977 3.547474645 6.178622672 0.068014107 3.160980356 5.220573661 0.069340020 3.541002574 5.967158593 -5.289340439
-12.863132756 -10.690820007 -20.706883105 0.727516906 -0.492765747 0.296919286 0.373818148 8.103586177 3.291943552 -0.749070579 8.346910914 -0.365568650 6.124263299 0.033920050 3.979400129 3.731554598 -1.336081606 2.063519642 3.751609382 5.622975404 1.729162754 4.922673709 2.240421280 5.545083840 4.740115259 7.226292933 6.368726324
-6.789590074 -5.705202259 -21.363117531 0.728312798 -0.267212245 0.627441670 -0.066895700 3.573728935 3.994169822 0.898547231 -1.110157557 4.900559711 6.962050900 -1.755877759 5.813148438 9.472929507 6.297858112 4.328539640 4.716284871 2.933033873 6.653815580 6.906963217 -1.693038686 6.498938589 2.736581029 3.514521095 4.581279179
-12.118466621 -11.303843856 -21.638248351 0.791639820 -0.408266537 0.308306593 0.334023765 7.334939255 1.626473603 6.087972248 3.867473297 6.327540122 -0.662210525 7.833086457 3.987050320 1.939078450 3.836990273 4.669457217 1.929785009 -0.011176691 0.884944374 6.780814429 2.395678946 0.483402957 8.628028424 3.059663729 2.178372484
-9.752159927 -4.623339727 -33.290759219 0.806022086 -0.311897561 0.317947968 0.389817134 -1.299106569 6.148181309 8.627008984 4.711620896 8.088694042 0.664508550 4.548530662 4.156959964 2.967159814 11.981290067 1.622239560 5.146592981 5.671387011 2.621658900 7.501183840 3.075517126 7.710126052 8.893957481 3.380216668 9.399420302
-16.539520298 -7.451070497 -28.176946354 0.712365730 0.090681008 0.664307087 0.207383981 0.038832832 3.067749944 6.126498017 4.676833713 3.376893926 2.988411366 3.669457757 7.647196690 3.331291985 5.313637147 7.852654834 5.028125130 2.786091960 4.553418710 0.779733101 3.839532138 3.318366588 4.038578983 5.129901143 3.815876092
-14.358535247 -12.662306172 -25.171690027 0.969779607 -0.104599792 0.191055922 0.109927398 3.916976789 2.994750088 1.138874167 4.330925400 3.583657937 4.996281897 4.287971009 5.006569188 7.304674735 4.388253908 1.116161939 6.591933466 8.109269478 6.104457191 3.635333473 8.438967556 6.505608834 3.180372786 6.643408633 2.960294537
-14.489817358 -6.182399236 -19.912010405 0.845999393 0.190365423 0.344152129 -0.360007424 6.084654039 2.866527565 0.296067718 6.360857961 2.304318217 3.465072128 8.875668285 3.861293589 5.937631631 10.851014588 0.595305071 3.606660802 6.645346283 6.559801450 2.719339258 -0.100856022 6.895186016 4.842650706 -1.137238622 2.766081747
-11.155460052 -2.945908259 -26.271652136 0.906854536 0.088012268 0.404608575 0.078489438 1.788274939 -3.285892936 6.695016155 0.291234821 4.041619538 6.789661801 1.798401881 4.274543968 2.914471264 6.732858542 0.802784318 1.178872810 5.417509480 0.664720491 1.268461427 3.531544015 5.698490567 2.541405750 8.063318345 2.337795954
-12.679086047 0.208471707 -24.672506384 0.861176578 -0.201277320 0.279856791 0.373553903 1.204650054 0.067863201 3.048177426 9.430748667 4.254224476 -4.251068448 2.266064861 3.437579858 -4.138845130 4.265879213 2.878392110 5.610572873 6.411170865 7.447457187 4.438365859 1.209559629 0.884078385 8.467008543 4.950128081 7.306066123
-6.267139175 -1.287448259 -23.733068158 0.765743307 0.092397730 0.624296901 0.123908139 5.557071390 -2.613724348 1.795358451 9.038999124 3.405793353 1.149147619 5.347994164 5.064331222 3.293543934 0.255190940 2.997632981 5.747098756 3.678200613 5.263913856 1.614440317 5.382774544 7.722369168 5.643117723 3.958739955 0.746346431
-8.648728342 -6.572341806 -30.917359809 0.860681813 -0.018921968 0.500897261 0.089278835 2.680540225 2.643815688 0.987747571 8.279746133 0.458484973 5.601924232 3.264364155 0.542540464 4.820327839 1.424067786 -3.815811972 10.846148649 6.343318275 6.059907841 0.896679612 2.678489587 -1.383467778 3.694651794 3.116119429 5.680671215
-9.467194978 -11.072329740 -23.283752892 0.848397918 -0.433916491 0.298811641 0.051468964 1.923929070 -2.442109522 7.696782827 0.652068760 1.110957866 2.418859638 3.428229325 9.352812813 4.423908505 5.116084302 9.380472754 2.490150198 4.181986766 2.352561209 8.451514348 7.420753498 5.627062790 4.696621538 4.406882410 4.347582098
-10.989257733 0.569015536 -26.035749712 0.959061781 -0.126023995 0.168816969 0.189259833 2.921184117 5.842516723 -0.977467646 9.314757536 1.780734105 5.960188854 4.850424366 6.667207361 0.004509503 9.520722571 5.455480728 6.015362186 5.239914206 0.432429950 4.251584311 7.704608798 6.157289371 3.248046647 2.978938583 1.552126552
-8.880687674 -14.118075100 -19.842061211 0.816321352 -0.219033861 0.359445770 0.395527945 2.821687465 5.252894888 7.858734414 8.484199495 2.287960183 4.765069577 2.260189336 3.415962775 9.473419004 4.246158870 7.055631273 1.132656371 -0.858748041 5.493553495 4.495227580 4.883758118 3.027533988 4.850020838 5.562427829 1.857842732
-8.630610983 -0.688817490 -23.725531243 0.893687329 0.285660144 0.247141738 -0.242161520 7.275744636 6.369349678 5.765887284 2.374697022 4.577941181 0.530274121 0.035088774 0.121677892 7.198541993 3.283340764 1.205020522 4.815690012 7.323521565 5.814610946 7.458113997 2.279334365 6.106637646 3.817001975 8.552142428 -4.734279909
-11.071307452 -6.591061721 -16.123548084 0.855559457 0.185192928 0.308450241 -0.372263407 2.275955698 1.952048548 1.754439474 1.311663464 2.931577325 1.891948659 14.753128779 5.361150280 1.409611859 3.309501520 -1.409219145 1.523135580 4.173902788 3.707029877 5.159693443 -1.637088818 1.856448621 3.965152652 5.237631579 0.295640588
-18.650247077 -8.276648458 -25.348072395 0.918228145 0.138546253 0.238735814 -0.284019752 5.538257437 0.649091665 1.339361605 1.630068902 3.745850651 3.825936514 3.822739217 1.011802243 2.167938141 3.444747045 3.518704667 8.418016346 5.674682085 5.607764433 0.250717761 7.647003695 7.773530725 2.649477507 7.715618885 4.108669145
-9.266240257 -7.746120184 -33.895945396 0.830839694 -0.099258668 0.544107129 0.061648612 2.076270409 3.913663536 -0.194054516 2.924504539 6.531583293 3.493823171 6.316604104 0.912550699 11.753409265 6.073318820 11.200087833 -0.202920531 2.712409818 2.555535648 3.597222504 3.098015788 6.012452024 5.536509305 8.228015657 2.744249920
-14.699297988 -5.356792481 -16.522573494 0.890001809 0.115937640 0.386920195 0.211537247 0.134723502 2.770255902 9.959909096 6.272073246 8.137426504 6.128418626 -0.245980196 5.093677013 4.041943269 0.219335596 11.768712716 8.189991169 -0.173863136 7.081074612 4.685214809 3.960601378 7.276321574 0.304202051 8.999085449 10.566531815
-17.962902297 -13.222991143 -20.001442377 0.854804279 -0.157755532 0.372284094 -0.325311221 2.239579607 0.796778924 3.527304647 6.806708791 6.658604085 2.349923645 5.430083536 5.960757606 4.719940144 6.162118971 3.689594340 5.291649182 1.128142091 -1.922534584 4.636977313 6.357743637 -4.556512930 2.751765950 0.548755391 7.137058950
-18.329627231 -7.815449190 -20.703888626 0.746729777 -0.061033064 0.654668958 0.100390042 1.726934100 -0.239309750 6.332781433 6.289170019 4.485700247 7.217362123 0.715841715 9.378260653 4.318804707 2.533329489 1.602767290 2.543291142 6.032487901 4.731280538 4.313548905 2.095828521 3.528847881 1.541064923 3.292979159 6.524575803
-12.382712516 -16.278777408 -26.167341556 0.922285814 -0.320191355 0.181185407 0.118482998 6.412018885 6.496993717 6.692207366 3.010619960 5.910760233 3.209755183 8.024223604 4.008410336 6.485537302 -0.574388050 -0.085783470 6.251167804 3.243791029 0.320011311 3.318004763 4.245871167 5.041625853 3.794580639 4.065483568 1.732982176
-21.534209090 -4.564166353 -24.589204436 0.716124040 0.310408331 0.522742264 -0.342860836 7.638424934 11.837202546 4.464486898 5.176146296 -0.745944031 4.929633839 8.093144912 5.168465234 4.881395180 5.390744916 3.485081593 0.480629208 2.557633457 4.533343268 4.179470299 4.650191847 7.557466394 4.147390609 8.609953544 0.287146068
-10.928321081 -1.054790529 -20.118972385 0.902074151 0.259217023 0.149960737 -0.310774094 3.840814234 3.876318917 0.911201903 1.811893789 5.137533282 6.472392185 4.270153811 4.071644173 2.576987502 3.477757031 1.954928350 1.782377470 1.377548281 4.328662111 -0.211189803 1.335740022 0.727604134 2.396315978 5.226630395 2.391541128
-11.323136577 -9.829730958 -31.584917832 0.972236451 -0.180879273 -0.044213727 0.141718450 4.906765107 5.584989043 6.681967437 0.888619331 1.977445644 6.303057144 3.322414198 2.765102475 1.410932392 2.122875635 6.508160360 5.992159523 2.176990324 1.886831781 6.239574650 7.822387626 -0.395027555 6.124249942 9.002621380 8.729445634
-14.965243067 -9.021366184 -25.872782656 0.949492738 -0.008949660 0.312340800 0.028751832 4.678980568 7.393768848 3.941133623 2.303549772 3.509660189 4.155328704 2.744716690 2.182335564 5.153246276 7.136043824 5.182861675 2.858141359 2.711864512 8.484873731 2.602137446 7.775753285 5.505429855 7.261973682 3.492191295 8.196685377
-9.493386752 -10.708914903 -20.185891683 0.791549328 -0.130227237 0.596384017 0.028576775 2.956656083 2.252837890 3.784427180 6.112072839 2.544845722 5.950696322 5.141936176 2.428365171 4.530251400 2.598448013 3.028024830 4.101166297 4.673809493 4.494992184 1.184959963 3.862625944 2.578074054 -0.288528451 3.427732978 3.338981581
-15.518268449 -8.465446790 -26.270153049 0.986479863 0.017474807 0.131459238 -0.096283850 2.575498747 9.398162357 10.128238454 8.799462336 1.544840481 -0.325754443 -2.970761207 6.688776817 -1.574384737 5.507810737 3.005128920 8.035786700 0.305727473 6.653271607 3.853917706 -2.600195555 -0.974363737 2.246299991 3.382096973 3.905199493
-13.926849169 -9.579673240 -17.806107987 0.837188694 -0.173311818 0.518344102 -0.019937316 7.889873771 4.688218801 4.686034951 4.894320535 6.645329272 4.259320179 2.849441141 2.994186969 2.303657843 1.644710784 3.365401427 3.731753742 6.191476475 2.514480170 -0.355622257 5.696280764 8.482769541 1.464401678 3.761095309 0.724203538
-7.818353887 -1.182484503 -21.831700413 0.842926475 0.361169509 0.063136039 -0.393758027 2.117807386 10.486364683 4.675021040 2.736440707 11.084121782 4.396899461 4.479252593 4.199191025 5.013404281 -1.949530423 3.076423734 7.567833210 3.647819024 -0.487303462 1.513544281 9.702703976 4.627008657 5.275473194 5.721352445 2.760088283
-10.567609240 -7.542537406 -16.547966323 0.823085101 -0.063618389 0.392555154 0.405443051 8.950487861 7.769359335 3.844925895 1.014653262 5.498565139 3.540165512 5.653306940 6.228373114 2.859112013 6.599310940 5.657875768 5.085010321 3.273068350 4.631783049 -0.403930773 0.932722144 2.742890264 4.723487514 4.365267112 2.720956487
-13.376339904 -12.813107954 -29.166615665 0.994898528 -0.007301466 0.098809782 -0.018979855 0.846146932 -0.098013215 1.951418354 4.586991483 2.201322556 6.107934550 3.727931075 3.390259038 2.372559799 2.897278152 4.403605904 4.509845742 4.155768590 2.991559077 3.167661250 6.378636298 -0.417972689 10.244952583 2.805965648 4.141588063
-9.202915980 -2.217509966 -17.192622181 0.935663524 0.172769195 0.199808302 -0.234011148 9.467077743 2.998244380 5.455177420 -0.793476862 4.762478101 3.273894155 0.192305591 6.470874931 0.627889959 0.289689728 1.207903832 6.202794842 4.596391224 4.847670597 6.990414942 3.294990507 -0.329949916 6.813239754 3.637450688 1.597444952
-3.811986151 -7.998451710 -24.688394858 0.942954551 -0.316861607 -0.012857541 0.101341606 -2.131891850 10.855250111 1.785483081 6.834748604 -0.759391744 6.353851555 4.726116729 4.897948933 1.720642456 5.578773579 5.688350005 7.805035504 5.091757522 9.162343265 2.671391105 0.221178544 6.827601469 2.075761082 3.581529220 0.983186575
-14.569530479 0.212211833 -30.061877505 0.922455065 0.266130476 0.007478611 -0.279634211 1.763813431 3.736335021 4.768220384 6.667842262 1.168813563 4.579333471 3.012202185 5.098574802 2.131061244 3.170063021 4.074750805 3.919036899 0.358182785 9.542279874 5.966335642 -2.284045811 3.131233921 6.674880711 2.419791747 6.642631406
-12.605300058 2.150190561 -22.930440014 0.901961348 -0.001361109 0.424138354 0.081058814 6.037033699 4.225746871 3.411769299 3.160722868 5.865524629 2.781990147 6.806675931 2.357721983 -2.136083991 9.405216091 2.665111422 -4.038125900 2.016216666 1.017873011 6.927049064 7.723640072 -0.994913407 4.064991956 5.824633787 3.852312615
-16.475366227 -13.398694547 -22.394053698 0.942549635 0.000066731 0.281707108 -0.179558585 3.082558649 0.458697331 4.049368081 2.090295017 4.489756530 5.008816138 6.884939962 1.962595579 6.623548327 3.707397886 0.437627303 5.375268781 4.783703728 2.721130896 5.050328939 6.575659303 0.605433892 4.161617052 5.260156292 4.735123634
-16.789516753 -8.286905259 -21.055295293 0.809964193 0.150384737 0.405688262 -0.395928620 -4.590147305 6.662163728 -2.391165844 2.794097036 2.370704080 5.818311125 4.309180416 4.444669774 2.953569433 6.869085736 6.443025094 5.953710979 5.913922352 8.295771210 1.716957305 -0.101188645 -4.737270454 3.210328845 6.600160071 -2.170813546
-16.579800123 -6.759108900 -21.176075826 0.849432587 0.180364614 0.481846173 -0.117290889 2.680328223 -0.999686763 1.223268197 6.376259307 3.268719698 6.854952759 3.538800746 6.010644722 5.712325366 4.285496369 0.947361253 5.088526769 2.893471667 4.789231514 6.439684922 4.048385539 1.267574266 3.364212141 0.867160701 -0.375527877
-17.436089473 -9.318039008 -31.584322496 0.778848841 0.180736519 0.575498678 -0.171843141 5.945953722 -0.640026432 4.120071715 6.204710349 1.845158063 5.950920520 -0.779639017 1.134733966 8.436753110 -1.024590135 0.264926691 -0.125502087 6.460175486 6.335068014 4.830592620 3.819658469 4.147091255 6.649887286 2.276876088 -4.445926234
-10.758634379 -14.364637877 -27.970284372 0.888166480 0.007320380 0.455550260 -0.059838747 5.170497673 5.047410754 8.221197134 5.298821426 2.643420028 4.985880186 3.252495346 6.574017202 3.888000043 1.783362705 4.262400022 0.013811464 6.597219550 3.859717444 1.720440084 0.272641993 6.953500211 5.318776726 0.307515787 7.758955237
-19.396908617 -9.927097463 -26.341776430 0.920367464 0.123458113 0.266469472 -0.258216666 6.158154785 6.680710862 4.243965742 1.935497325 2.760610769 2.178373388 5.870911956 4.051498559 4.256875244 3.517518122 2.761050440 -0.390905167 0.558074694 5.174771636 5.259962856 4.623493124 2.933463127 7.340970574 -0.843867991 -0.942890294
-10.774612174 -5.194182853 -20.517435128 0.721019155 -0.177703042 0.669335258 -0.023309221 7.115015870 2.291562843 5.256565922 1.465686410 -1.976685995 3.255999131 1.916937622 1.484448564 1.952803013 5.322525440 3.728128853 3.235413649 4.127111192 5.918997950 8.604504368 6.247718628 3.550573032 -1.155955961 3.656752649 2.521778727
-15.488019438 -2.804563106 -25.809451115 0.729084243 0.194101029 0.631915526 0.177323788 5.914296749 3.617757539 5.946284581 6.037269875 3.047874282 2.885956045 4.906462982 0.276515339 5.190315580 3.889047521 0.772198977 2.280325980 3.130848309 3.781904138 0.701765404 1.611484476 2.850758135 2.753577031 -1.337163198 4.065384757
-5.500936095 -9.382785967 -24.873295585 0.757917162 -0.300293879 0.504757871 -0.283909588 10.533959252 5.529879691 -0.970893897 5.615150289 4.892725174 2.199273872 6.484619598 8.534449975 7.151480116 5.684858522 9.791936519 3.393009400 2.915615232 8.471535688 2.728705342 8.131983002 5.534613377 6.443065614 -3.212477162 5.847430477
-10.259718564 1.695695430 -23.402636641 0.807248535 0.322510748 0.437445924 0.230168814 -0.858045854 3.764560605 7.536871087 2.790553788 -2.350809615 4.266848128 2.821108791 7.168904025 6.830347310 0.708827830 4.528081421 4.037821917 4.469628790 5.865676346 6.178119913 3.356737248 10.846783028 1.702094630 5.966562093 2.854816383
-12.771540883 -10.699863389 -17.501185105 0.798151093 -0.068877402 0.592479255 0.084729379 4.961507248 4.521486384 5.803323591 2.905732380 2.876409663 2.620658012 4.526645403 3.140234952 0.386392501 7.240655147 7.814407386 4.834617154 1.949720507 4.410692727 5.077636352 4.407425947 7.372063224 6.216112846 3.226069147 4.839757189
-6.051966909 -7.166390230 -17.645461724 0.812030867 -0.166995363 0.380966161 0.409369275 5.533117757 3.242425776 3.448041336 8.175906514 2.456922696 4.530274890 2.061295619 6.577551959 2.520161413 5.232632137 6.294624244 3.060037412 5.064901169 5.872771086 3.498792599 1.773746136 4.547952114 1.573291231 1.549657523 -1.945799675
-9.537072378 -8.101882197 -26.422927574 0.909853554 -0.084503378 0.381168690 0.140485297 6.039523027 4.625711254 1.226876042 3.762663091 -1.638700012 2.725960313 0.878273529 0.320345076 6.726418851 7.040980583 0.675765282 0.095346425 1.287922736 4.779066333 -0.170441994 6.272206082 4.552592968 2.867442232 5.530784212 3.187033768
-5.417165898 -8.707787275 -26.577174394 0.933540069 0.233856305 0.083761490 -0.258453440 -0.882355918 7.028002769 3.918429300 6.643061890 1.766287188 1.415535072 5.904897213 3.991819081 6.205450193 -1.882751193 2.454932881 7.487091864 1.941811200 1.855385708 2.590739958 2.826327505 4.505128725 0.555203013 3.183880764 4.824683538
-6.259932118 -6.643242947 -30.286257239 0.914540326 0.258315833 0.182989184 -0.251801272 7.129921385 8.659722549 6.647795819 1.222555775 -0.120772404 2.822789901 1.026320377 -0.550092518 2.800367780 1.320290384 9.543791458 -1.294161935 -2.316063097 6.523865815 2.419217589 0.976715425 -2.526983474 6.394967037 3.973638489 2.369641292
-15.869303763 -8.705086873 -30.532126353 0.899895230 0.234630229 0.261693039 -0.258174328 -0.426330326 4.734793269 6.378828912 2.080371723 4.822274559 8.150365215 2.334133970 7.367611111 6.362212046 2.158532354 5.922265861 0.367168640 5.726314738 9.353802198 -0.702017901 4.950964124 6.202985275 6.044983243 3.752611783 4.184469589
-12.817828355 -5.025339124 -18.563885839 0.825121781 0.213268028 0.358635903 -0.380881981 5.619938414 0.371411343 4.049740743 6.444236332 0.264170664 4.267115614 3.321045202 2.239631128 3.416442221 7.869737696 9.149526171 5.728747140 5.662500499 4.355643568 1.861740674 5.977061627 4.782031499 2.301945175 0.450629281 3.874270729
-10.336397570 -7.347519880 -33.503905683 0.932758842 0.223931101 0.168664031 -0.226645647 5.231847156 2.219480391 6.188289346 3.420995938 5.503797100 5.177969095 6.326208823 -1.735717977 7.079544292 6.270625114 3.304859726 9.126449348 5.799090790 6.250408390 3.719635823 9.656354402 1.563986553 -4.168798051 4.230688014 3.480015122
-19.769409151 -7.440870312 -25.316928160 0.825579709 0.102739224 0.539252192 0.130651708 6.046627159 -0.314328567 8.140273528 8.881865971 -1.418136239 5.092669386 6.388973768 2.029294331 0.059532114 4.308548068 1.485647805 0.699187200 1.167131137 -1.461395934 7.587901378 7.503608938 4.267678361 2.526422706 4.933827832 6.924661367
-16.666076102 1.205173110 -24.584367517 0.962243890 0.105215796 0.245131087 -0.054102514 4.696929494 3.249098613 4.003674258 6.967538762 -0.414653811 7.052871292 8.310782289 10.211662594 5.979704219 6.407095855 1.902830601 4.435503621 6.134728509 2.391043354 2.060117392 5.310199194 5.555892500 -0.970161253 4.250178264 6.785005946
-9.714978822 0.259319540 -26.992478649 0.769630034 0.222092638 0.530622242 0.277100174 2.683689018 0.682333474 3.704053264 5.422295237 6.344295281 7.897754295 7.193076210 0.800778067 3.861253882 1.328107937 1.518062462 2.058577555 -1.006911791 7.813722826 6.941801772 -0.385894337 -0.712062146 -0.718414492 3.421895664 3.975602529
-7.671541190 -5.546707960 -18.670691531 0.789590854 0.057921439 0.599890030 0.115426781 7.215709985 1.037861741 1.287661575 1.736099382 4.497530910 -0.181013151 0.703266385 5.923832842 5.011679201 5.137398553 -0.396940871 1.848985026 5.094036522 4.400640072 2.797347023 7.420289096 4.854504471 -2.612589110 -0.325087309 2.547077583
-12.652975814 -11.035706619 -28.159674110 0.822284329 -0.122797929 0.553151306 0.052846793 -1.653612881 3.944912917 2.437504759 3.634253223 1.399370248 5.921042275 6.384801922 3.850922471 4.145049111 9.680151334 1.817331623 3.725637443 6.536937575 0.821996471 3.134900343 4.391334736 5.957203798 5.573226960 5.279478652 1.330065503
-9.790789597 1.013714129 -23.486820012 0.727088193 0.216862067 0.601061801 0.251074321 7.793439281 2.043167939 7.988432888 3.305755078 -0.288251697 6.054852564 5.924858648 4.914693290 3.053874290 1.027553746 8.172773007 5.341512710 4.912561551 1.817099636 3.581126401 2.121432298 7.061194400 6.940158951 5.266035065 6.358014107
-16.004614166 -10.268969412 -32.514517142 0.955977586 -0.223052916 0.170085250 0.086169939 6.931241561 4.304739133 1.756878402 3.470039667 3.600578404 -0.597262510 4.648322911 5.408070658 2.237094244 1.458151693 1.542845994 3.212459912 8.371618802 -0.643594622 6.573577418 3.774379303 -2.654998359 4.731973862 5.371346687 -0.657150308
-7.768654766 -14.079742268 -23.246222190 0.993509436 -0.073687092 -0.023887136 0.083298368 2.184661713 5.854376258 7.531775331 4.800704202 3.484104437 -1.360372721 4.065311872 1.008965437 5.210186078 4.845778083 6.300578471 2.388784752 6.716682816 3.608442209 7.053185698 2.850228106 1.007005025 3.444700096 1.184096930 2.958516762
-13.581209129 -14.043209421 -29.393069511 0.961569818 -0.050899992 0.267031686 0.038558464 8.227692700 0.487930852 4.268655212 7.325710259 6.164277685 3.223308781 5.620146675 2.601741777 6.367539672 5.571851835 -3.294338224 6.169688310 2.544076469 4.169886640 8.800166840 4.530212223 1.701697544 2.081816948 3.663933659 0.307122692
-13.641217108 -5.343762177 -16.340173304 0.726270139 0.116275222 0.451086440 0.505502504 1.819535724 6.647910161 1.954829929 3.128309983 7.699919355 4.131375186 2.184656813 2.546860514 8.687823526 4.922982949 9.070204180 5.248687160 3.403615688 4.053829639 7.523804542 2.539131055 6.758174381 4.576531040 -0.372672584 8.602070303
-12.659863266 -7.199463747 -31.421301663 0.955854838 0.234330157 0.013993208 -0.176734537 4.599811426 0.805055639 0.640657987 2.198415247 2.602800957 5.524884456 5.160486582 4.112048916 6.085876626 1.136264743 2.611251346 3.396392684 4.649040542 5.376550242 3.460155155 8.108172327 5.660723088 5.318462548 2.532376432 2.089173076
-12.885366402 -6.881673799 -20.934614644 0.969893443 0.080458561 0.150874451 -0.173407120 2.627354151 5.745739132 5.604172692 6.249807942 10.055733019 0.664488176 5.490852473 5.101450261 -2.265301861 2.727736587 4.443630481 10.073478637 -1.182956966 3.630757882 0.835226338 2.628967626 4.208053497 5.575707962 4.472546966 4.138317047
-15.893293271 -8.734549401 -22.407468980 0.884098568 0.039187850 0.447980900 0.127071431 7.920269655 5.721015282 4.404437011 2.807387910 -1.113571825 0.622814836 2.397770398 6.020436930 3.936775307 1.058891677 12.085626015 9.397674015 3.055256761 -0.264059714 -0.181449633 7.541606568 4.355573376 5.286290105 -0.909153748 3.683487805
-10.159745985 -2.084894724 -31.126180201 0.875411401 0.310098421 0.217400179 -0.300384771 1.515501471 8.591878563 3.253904767 0.051315296 6.464996451 1.022375456 1.790690794 3.131794876 6.497033988 6.194083369 0.550670280 0.878293836 4.106218734 6.225024891 -1.151379087 5.538366359 2.049331370 5.750170808 5.285448120 -0.936798876
-8.851460026 -9.826701755 -29.330727231 0.838297838 0.433138534 0.238541962 -0.229663835 1.799272893 3.284011232 0.146353606 0.277185847 2.819129985 4.572467964 5.094004775 -1.155043149 8.665743807 5.871697392 0.877040125 6.403980799 0.574275182 8.874258807 5.998099440 3.417307112 4.559273076 1.452945388 10.191068647 -0.359056434
-7.685924289 -4.243011326 -18.004153743 0.896309027 -0.146182189 0.410682386 0.081245766 3.925839490 7.468747618 4.218332642 7.376853968 7.081016224 3.955426768 2.281307385 2.355245617 -0.271480510 -1.119311407 0.694551466 2.708340717 3.923788375 8.263148649 5.050446095 4.261214387 2.799847363 3.015914990 2.970586669 8.561927501
-12.566917333 0.804691698 -25.784631882 0.923343682 0.054010532 0.271738471 0.265852425 4.606114307 2.962572137 2.298683334 8.801948034 1.735527506 9.699627523 3.873019180 11.290005372 3.025774968 9.563576047 3.451373464 -0.939996248 5.311259625 -0.781645328 -0.069998350 -0.696989890 2.545515564 2.837868014 1.470483158 5.523660361
-10.819203640 -13.280331699 -23.873200039 0.833184005 -0.442369175 0.247689055 0.220825857 6.503379987 1.942756295 2.268350845 4.028648433 9.203303115 6.569143746 6.391788977 1.748648136 10.134941354 1.757540347 3.760228072 4.029710877 6.105940288 6.042957602 8.937883682 -3.608754268 7.135170898 3.993844000 6.276378899 6.237879210
-14.817625853 -8.389410633 -19.171863201 0.934564334 0.078815590 0.305505139 -0.164451267 5.440472702 10.170783374 -0.842410561 3.696637798 4.361049228 5.496940736 6.678291889 0.501017625 5.909036789 12.070189440 6.674498181 2.834751926 3.558829400 2.216955956 5.960925459 2.752138642 7.611237862 3.806262596 3.030130777 -0.151815567
-13.707960121 1.175794352 -30.073964186 0.822172690 0.135293825 0.528101221 0.163819257 4.239171301 1.659378015 4.188523197 -0.163354981 3.961883598 1.471459492 9.558474868 9.008921270 6.769145394 9.322139138 5.091435737 7.712110860 7.023372612 -0.351209375 1.529558984 3.160646959 3.878495453 8.410708810 8.238727399 3.890378150
-14.319859139 -6.700482978 -30.975713494 0.995476294 0.077038191 -0.021059939 -0.051464004 10.172462772 7.647274742 3.312013753 5.901814853 -1.715818850 2.219157817 5.841073740 -1.911424213 5.297108752 3.398015023 -0.266002334 3.303629939 12.088760541 0.070156671 3.076794898 3.459160459 1.758099281 7.788812013 6.163116115 3.926904366
-12.643219896 -4.545474804 -21.690138202 0.734591917 0.189869743 0.618014322 0.205870091 -4.354078659 -1.171866961 3.237890015 7.557038412 2.451751786 1.612387523 1.042846826 2.872591336 4.450769124 0.317229924 7.357416320 1.015852259 3.247279237 2.419053604 5.016623262 -1.217716664 5.739191267 3.180732658 1.765139954 -1.897035945
-10.800579234 -10.642072671 -16.442697116 0.862004659 -0.261316664 0.361896360 0.240192826 7.968276173 1.631270973 7.029230466 6.903440427 5.732243305 2.340405794 1.039551062 2.984991140 -3.305424451 3.822397385 3.332653914 9.707550398 6.259644343 4.439292675 10.920625483 3.601463224 4.729627845 6.414826786 5.033750731 4.677574383
-20.320859013 -2.908045591 -24.604704907 0.902710673 0.043074714 0.410098768 0.122788481 6.936705314 4.158951799 4.810742131 3.185126717 3.701242213 2.419699020 3.428535020 9.179898027 0.258650739 -0.503744276 5.251250166 0.130720294 -1.061348976 0.922050862 4.335757498 3.299944559 -1.227960801 -0.771446063 3.312356759 0.743240044
-6.016104729 -2.452673833 -21.187890619 0.747379855 0.574590852 0.324567747 0.076970662 -1.696200425 4.284345082 7.016161276 3.676545037 -0.184844296 9.417558055 6.855645161 3.226092522 5.570977817 1.214573232 -2.687837274 5.800771453 -2.314137665 2.164063206 4.608133352 8.264649800 5.222535790 4.164549714 1.254021879 7.507693720
-13.015706237 -12.221212582 -28.013307247 0.725638396 -0.332875732 0.589331701 -0.123817654 4.668731776 4.511197132 4.532623393 3.912795570 -0.860469908 5.496400839 10.128825586 9.861473886 3.258019594 1.337812642 0.925263547 3.591895288 8.460077678 5.965813784 -2.564025038 1.613465270 6.654183990 -0.509398634 6.754060220 12.114124589
-5.350621706 -8.354088657 -18.458127695 0.756501379 -0.409035273 0.466707770 -0.206348410 5.541514420 1.485859024 5.691385392 1.904323827 -0.658130022 0.937758550 4.336899537 5.201998170 1.924149634 6.393103346 6.407393325 -0.781527545 1.873917434 4.094421183 1.383561111 11.289418838 3.083075056 6.892600688 9.899949619 5.667886048
-9.800709535 -6.760905727 -26.000135642 0.923692682 -0.267124659 0.239915511 0.133704127 4.946038562 4.859194246 5.502853464 7.859890130 7.010586135 4.831306369 6.282927021 4.972492462 3.225365078 4.323783868 6.223384788 4.829733597 6.956180429 2.521341721 3.034032812 6.615028630 1.613546880 0.812308119 7.053530638 4.987073850
-14.781646849 0.115597944 -21.130269180 0.862828493 0.163843555 0.393281814 0.272050906 4.735018323 2.330778922 4.220315209 4.950068526 2.364562725 4.102080077 1.768547315 6.834344690 5.194753954 -0.025002954 3.445278692 5.436399971 4.951836030 3.596938834 -0.901803247 5.273575714 7.867659957 12.048242059 8.028068646 9.338720309
-5.902041169 -2.107718793 -29.155207103 0.966131028 0.244568504 -0.015864378 -0.080779980 5.202854807 5.456954927 5.101933176 8.147810840 5.252519597 -2.437999646 4.259178381 1.336310021 2.086061979 4.870092154 5.401442061 5.649947642 6.317698110 6.026746319 3.371207749 -0.040039932 -0.175895544 5.540264969 7.860884032 3.518711296
-3.396205014 -8.502040194 -20.763332365 0.814618229 -0.035519486 0.570976277 0.095507062 4.680774204 0.179137386 3.684164100 4.875140839 6.037550108 2.214562946 2.927526072 5.215629892 1.531025182 2.474421143 4.983438988 2.037030353 2.485750125 5.941996981 2.421882726 -1.907151284 -0.468061563 7.639905437 6.184947839 5.711288195
-4.709817062 -7.144118245 -30.700875923 0.928342717 0.284093266 -0.005598646 -0.239665330 0.122712005 9.971325079 8.089599829 1.844400625 2.243117576 9.841407472 8.096505993 5.633675612 3.347562123 3.426783244 6.123766274 11.850418001 3.608135435 -3.829915217 5.180545081 3.630806022 -3.958046018 1.900752189 0.952280062 1.286799165
-18.583177606 -6.445652827 -18.044134778 0.738127352 -0.127247671 0.369148987 0.550186394 3.530565748 2.978825253 3.738531419 3.544965627 3.590475267 -2.187614389 5.029194249 4.771152662 7.375804438 5.092565975 -1.075830040 6.189976585 6.610388060 -0.491136687 4.828167328 -1.068363122 3.790779947 -1.780624875 1.970029610 4.643440766
-14.290702619 -14.446487082 -28.767075994 0.868014112 -0.415262802 0.220990264 0.158970468 3.260270256 1.059033202 4.902813527 7.529964763 7.236688409 5.630175281 4.544405064 6.704933360 4.182528679 2.463363561 3.931082296 9.353054931 6.584908905 5.529358115 7.141464462 9.147228332 2.201787785 10.251233721 4.150760017 1.249503150
-5.526227190 -7.986626093 -22.132835231 0.944118762 -0.256258447 -0.018745300 0.206446082 3.470338845 1.728008690 -0.326956272 2.270374914 0.434490556 9.746709616 8.129752777 1.570062552 1.315630825 8.740291676 2.217818223 -6.155029508 1.125327556 6.142367924 6.151383888 8.291009086 9.603990573 4.506617634 5.836039717 11.966600790
-17.195188619 -13.582488591 -23.355140335 0.962789444 -0.107267276 0.219385212 0.115759865 3.209123161 7.333400142 1.316208943 4.602941159 6.426726036 6.681935135 3.702242669 -1.253586968 8.249676194 6.176062254 11.489441183 3.915501687 6.415654640 3.901784642 6.389798919 8.325857461 -0.029927607 3.808835045 1.154370336 4.711463407
-7.694874823 1.048237000 -26.459579965 0.767189179 0.164736991 0.587849451 0.196762574 2.609867347 5.259597890 5.131921087 0.587337805 8.723954540 2.405592804 5.024649163 5.441437304 4.427593963 1.983909811 -3.083867041 1.073394787 5.176188299 5.659590386 7.918671412 5.615233509 1.820833533 3.441523452 7.277346113 3.603484243
-19.128197180 -1.558633249 -24.980552819 0.748024924 0.224527282 0.556088305 0.284274531 -0.749954637 2.774856588 3.738201047 5.679044973 3.417202030 3.114445296 4.589378064 0.966724945 8.662337646 1.390715042 4.231390687 9.057081726 -3.194389944 -3.085215636 0.862267645 4.604367504 2.391703681 3.705753547 1.650423174 6.602656703
-8.348240123 -3.881117181 -20.836846181 0.886104762 -0.264488528 0.374461767 0.068136290 5.842887230 0.398711801 4.049309476 2.675292647 2.334256272 6.214763527 3.868741703 5.776534512 4.126920321 -0.492223953 4.511899450 6.225219810 1.387963218 1.353094312 5.204926800 4.669343134 0.581499529 0.734889959 -0.223632565 1.324206897
-21.041028796 -5.736469694 -26.647541087 0.975008078 -0.013728794 0.218221861 0.039369889 1.119177331 0.275785968 5.560278134 5.130801919 7.567186540 -0.875210936 0.868800145 6.446930565 4.738773564 2.140108733 8.886949095 -1.153541728 10.370707218 1.657472744 1.775393692 3.897925103 3.074529645 4.002222245 1.710955966 5.196908045
-3.296088228 -10.042202693 -21.721421928 0.790039806 -0.091626819 0.606124197 -0.007422200 -0.348898920 9.411200502 10.259811248 6.420212166 5.073408745 3.325189201 6.004560853 3.640596046 4.319597648 2.792924652 6.506115196 1.726099063 6.878663545 -0.393378120 1.925387741 8.625623664 3.175274824 4.656477974 1.091063548 4.117618398
-11.891412956 -5.898549647 -33.315307780 0.937691669 -0.248700153 0.151072561 0.189893782 6.419583725 2.201497199 3.360982987 8.353156998 3.055409854 5.273824294 1.134799652 3.516634986 2.009038059 1.672895329 2.569938950 6.347780921 6.277278235 4.404704786 3.998330464 3.345844835 7.410193529 3.051700849 10.179528273 2.511661549
