-21.465417196 4.364696507 -31.962976009 0.957235873 0.186109204 0.065188393 -0.211691570 5.100846063 3.200333447 5.476382806 2.357968410 5.331551786 6.322891625 8.352895673 0.707665063 7.678151052 6.318361774 2.687668020 0.043649244 10.968656438 3.825484891 -0.531351050 8.730360830 8.977556702 3.066200947 6.975654416 3.111211588
-12.817918365 -1.912306488 -28.054996975 0.951261000 0.045196731 0.293063762 0.084695903 10.086268938 6.571733991 -0.333148351 1.228714386 2.978202967 1.606061158 8.769384310 4.376844413 7.567991943 3.381418499 5.009675290 2.253664925 6.771106131 1.628616466 5.924702809 4.412114227 0.289714136 0.203255402 3.260180574 2.990544432
-23.103954558 -1.351201187 -31.065799525 0.883225605 -0.045130545 0.458578442 0.087072255 1.456134256 4.712340077 6.899340154 3.300301453 4.048643497 3.636873553 3.027620808 2.055707080 4.916235672 3.130629351 4.514416762 2.751457986 5.115699826 3.979774123 2.708428516 9.440261855 4.023727395 4.689200118 5.051527308 5.533214702
-13.616070678 10.693909778 -23.225354737 0.792732435 0.609458103 0.010426531 0.005233886 3.309063770 4.591409297 4.073779017 5.841208220 -2.082478893 3.162824475 5.013160012 0.668267303 5.544850428 3.698029561 3.364957560 6.488934233 5.067135860 4.516648290 4.470928241 4.295605956 5.044516474 7.070112563 0.637249166 -2.599474947
-20.786990371 -5.070815090 -23.329937413 0.708315558 0.261552645 0.542236728 -0.368590035 5.853379417 3.464178580 3.542775530 1.394436925 6.438832987 4.719273395 5.437652446 1.907507414 3.963232446 2.646245708 1.716464381 2.931922648 0.363639294 3.378470864 7.180667794 3.925957526 -4.815358451 -0.288922033 6.650124304 3.705213965
-19.951561347 -2.006305431 -27.919000691 0.940600301 0.203991943 0.117792980 -0.244505981 -0.409610386 4.425168412 6.458761637 4.390449804 4.173262065 -1.328559302 7.880685684 1.923567558 -1.097579895 2.774465822 4.784258661 4.471993211 0.734496063 2.755504812 5.723850359 7.099896217 7.821400314 -2.093427356 8.807907031 -2.338848140
-17.996528583 7.491883167 -24.802868596 0.803322139 0.386227747 0.393365549 -0.225311371 4.609531949 5.657916178 5.772788581 5.579998802 4.617632160 5.824227990 1.396688310 5.688134815 4.046810244 7.286540199 5.299436788 8.184507569 8.469788274 1.642938744 7.073455107 0.489723184 6.877233190 7.222298339 7.129219939 13.254112451
-21.523183417 3.042535354 -17.306669678 0.737135034 -0.082879875 0.670016386 0.028998466 1.824295291 4.299582542 0.814946066 4.175452377 5.807894596 5.665651586 6.132111466 6.439925126 7.215464522 1.985847252 -0.589798779 3.231886530 4.092133778 4.764176734 6.282393772 2.151118344 2.141257672 2.240991481 9.614922711 0.862532979
-9.870178020 2.595943186 -24.965070381 0.926430267 -0.358735684 0.110009182 0.030555690 4.081874105 1.475888760 2.237190442 3.329832051 9.331998802 0.565777260 0.677709775 8.275885831 5.734791905 3.707169953 6.063879765 1.214412346 3.212104717 2.328513649 2.903078502 1.907088145 7.409855355 4.908816295 7.825296003 4.428162324
-19.413968209 -0.537260542 -21.167206820 0.874899312 0.219953635 0.428589144 -0.049829091 2.741171219 5.142281469 0.705574158 4.679580751 5.862522837 12.616228034 -0.853035921 9.690940402 -1.297166431 5.872023758 12.267357498 8.637299041 4.269678655 6.634740745 2.658889600 7.452115719 2.251970642 2.606229173 7.045487743 4.870397504
-13.417750528 2.895366529 -24.230115111 0.947393835 -0.028492190 0.301680297 0.103063643 -1.186032056 7.428702888 2.768236140 5.138714625 10.351351580 4.290048982 2.078905696 4.294112162 0.581801667 1.053245701 0.847023067 7.086701201 3.655895905 2.408775205 4.769434607 6.291319018 3.169047953 4.778863537 6.293454906 -1.037620416
-14.551616589 2.334141331 -21.870115175 0.857330707 0.389075414 0.322163131 -0.099072186 -0.123301864 7.614006971 4.329937180 8.435891060 7.787445101 -8.516773944 2.201873153 3.056599296 1.105452759 0.973271637 3.242963833 0.874724233 8.109179377 2.816549435 -4.930183462 2.709002458 2.906574598 5.890914284 8.328024123 4.312243488
-15.052529360 -2.618035098 -28.977189416 0.851982072 -0.306708292 0.366117266 0.214510417 7.423121093 2.860715336 6.777342589 3.009681824 -0.487901159 1.120375186 1.126453561 6.482846396 7.655588496 2.106252770 0.054016712 5.820286067 7.585973524 1.479934924 3.360061038 10.814697746 4.742509364 2.464298342 1.986954202 2.141071141
-18.761552019 1.338211999 -29.235999083 0.754101716 0.055052891 0.648697276 0.086554176 1.331148861 8.429182085 5.078519961 -1.088131262 4.419248787 4.731281873 8.566069712 -1.076990998 5.320232924 7.643503015 3.219803512 0.853065976 7.292785125 -0.490712622 5.493612515 6.873913789 -0.040833748 1.784383604 4.290510894 1.949351197
-17.394264411 8.964162677 -32.079894917 0.870681591 -0.016715894 0.351388546 0.343744435 5.008077364 0.251679077 1.383150041 4.316366682 6.978344808 5.125222975 1.844934994 7.836101167 2.314484699 4.661097947 2.161360312 4.625146984 -2.035363650 1.466260305 4.004177479 1.472198680 7.799570389 -0.642566936 0.241272234 1.170801921
-25.207792511 1.439088101 -21.194724978 0.800137029 0.241982529 0.456079308 -0.305314353 2.939073463 -1.131154328 1.755459099 6.330400430 1.533963229 8.322561094 4.578932277 1.971892477 -0.619936517 3.792259283 3.833522703 0.431035024 6.315640077 2.017037468 9.845467488 4.692407529 5.987284215 1.191320013 3.107466329 4.801024481
-17.211102656 1.105416258 -21.083658584 0.763322506 0.134927979 0.414064112 0.477162555 -0.108138574 0.831481218 6.202845379 6.160434723 4.333702271 5.654441488 6.646031299 5.143284597 4.008072387 3.866616530 4.970811867 4.907023667 5.223469887 6.852343366 1.213152886 4.223635489 8.217497723 3.330564175 4.002659397 7.060914647
-17.566553917 -1.183707338 -26.217394546 0.897031213 0.205564552 0.258051651 -0.294087679 2.167058895 2.692872520 0.739518113 6.564319413 0.409326449 2.511768654 2.794789476 9.670283284 4.122845511 6.719661041 5.596772301 6.448751274 10.529510953 7.757661504 1.674718591 0.646808499 6.175224820 4.549637951 5.650038716 8.157312402
-24.089816387 0.776573031 -24.783825263 0.894020835 0.141081715 0.412606578 0.102851871 3.627421854 7.346989903 3.208161124 2.307192368 5.836915695 6.881578924 0.313417763 3.731974694 4.681434004 5.080937086 7.241372915 5.637822661 5.410626127 -0.296753934 5.938388961 2.694449708 0.149583786 -0.756072976 1.015981957 4.866061490
-17.628287245 0.973360076 -19.418661008 0.950671006 0.056243338 0.304991205 -0.006456849 4.503208264 4.693031314 3.275345324 2.045823747 1.041444628 10.763834882 5.613472390 1.867427116 6.250458131 4.104249730 1.607873657 6.346197441 3.817046042 0.964058150 1.967898167 8.445924730 9.516514519 3.034109128 3.421124651 1.699710484
-12.866815305 -3.322262051 -29.321068918 0.781445395 -0.411004732 0.413614256 0.222129358 0.328640400 1.113962545 6.965426766 0.943726178 5.445016902 6.821042540 -0.212159563 3.541261005 3.619727481 4.123846281 6.034221233 1.266394933 7.555293337 5.394936837 7.117873721 4.144319966 5.167864420 3.144244766 9.735432200 2.854040259
-22.692149098 3.250613645 -27.368443121 0.924426557 -0.104210250 0.360569470 0.067567905 5.386422655 -1.674543627 10.095574857 6.553478732 0.777681915 1.486311082 9.446271705 1.660005746 7.066936998 5.277966236 4.211162509 5.146407064 8.578751002 -1.984014475 6.417610422 6.713011613 7.751752705 5.772184209 5.163002843 7.262380016
-13.424776612 10.092981266 -22.707358283 0.945787569 0.112216143 0.222925058 0.207840877 4.133513889 6.559451929 -0.769182115 -0.248464722 3.164688458 -3.098662140 5.750760677 6.040627019 -4.379440635 2.098151473 3.710393271 2.132897654 8.045973427 7.098227338 1.402226125 6.330363420 4.891588129 2.425288154 1.683553486 7.199895012
-20.596616421 5.916500502 -16.468239088 0.734302078 0.075794422 0.642198880 0.206485500 7.886166447 1.823368686 2.376539185 3.733242708 6.604089249 6.942204586 2.854763982 1.693947408 3.984044903 2.425063885 6.542912729 7.623085682 7.370141730 7.409688889 4.673625415 4.141663467 3.484160940 -1.029713761 3.050643858 9.115136442
-16.185700386 -6.720883258 -23.017784474 0.896456376 -0.433964014 -0.007829950 0.089330243 7.253960843 0.947738690 8.248110346 6.707062213 2.573807028 4.078965676 2.680051619 8.181599291 8.013830155 11.519814727 3.685868338 1.815080475 5.850063847 -2.583570881 0.850604436 -0.820532319 0.115306041 5.570112200 5.862928777 1.894868062
-11.794494879 5.053918884 -19.193396077 0.717066205 0.350518579 0.481302643 0.362354177 6.889430597 2.514297946 -0.515342993 2.196735995 5.425609524 -1.195902500 -3.018807773 3.388239402 5.224862157 1.499863630 0.623551042 2.775613128 7.482226626 0.761526863 6.548507531 3.178453333 5.638116257 5.235918212 4.879600415 8.845745554
-26.104808120 -0.185233272 -21.965359263 0.724276517 0.072707000 0.681381251 -0.076529797 0.201890339 2.854673195 0.923633834 4.637660224 0.566069084 2.177069114 3.117483224 4.305104283 4.979893317 6.549252010 8.168726125 6.257307377 4.729182087 3.266028054 2.524430172 13.821051845 2.140081935 3.840090442 -0.411398270 6.036671659
-16.539360849 -3.450798735 -19.147501742 0.878056501 0.111568772 0.414785889 0.211002030 -0.680422028 1.911570184 9.020066501 4.632430597 2.382928173 -0.657583168 2.274613800 6.624087823 3.039927284 4.104236448 5.116738744 0.389817731 5.302700279 4.897517160 1.261839982 4.442333507 7.194769711 1.724179727 10.036595179 6.274130501
-17.705202160 3.902941162 -16.158625699 0.771485902 0.273256644 0.568543375 -0.083058656 2.487226404 4.803870840 -0.314682987 0.596369512 6.357601008 4.006470137 0.650487890 2.749222666 0.942244538 -1.629658611 -1.567530348 8.154010920 5.318497645 0.924251350 8.472227439 0.075714953 3.385535067 6.728949547 1.479753975 6.002868325
-16.970900166 1.188113785 -22.465242793 0.799151822 -0.026335032 0.430659258 0.418563538 4.563651554 4.821972132 8.160096332 7.712441410 3.097791246 1.726093180 3.056044391 1.929055754 4.003217779 1.913632467 8.917060084 2.589833588 9.883318938 4.941339344 1.902730830 3.882294622 3.345643059 5.506225713 -1.073894261 8.769742688
-22.628219485 8.972585250 -19.477175465 0.872351689 0.144569139 0.395396878 0.248522846 -3.286984730 -1.156980999 1.252677493 7.215264791 1.224479415 5.472363962 6.651865281 7.963946199 5.092170806 -0.828807988 -0.930961536 4.806878357 6.651496969 8.954954422 -1.121370404 5.475582669 2.848475309 2.815686188 6.539855920 9.862364413
-14.694137637 -4.177850842 -30.076350051 0.810192482 -0.375920278 0.300464860 0.334653485 5.509057948 3.262799838 5.065376976 1.192645475 3.598138612 4.618086398 5.657154146 5.207393150 7.175204315 2.501909544 6.079325779 -0.852213672 3.939096242 5.717080416 7.609860608 3.199683012 3.238035889 3.441051714 7.160877760 3.916777425
-16.082325299 1.405536524 -15.744487569 0.824162685 0.198096621 0.341412801 -0.406141475 5.927419800 4.262235004 5.284084484 5.781003692 1.564385595 5.810917016 6.426252153 -0.659692632 8.104858472 9.560292114 5.185264834 8.704765611 2.640150875 0.429588350 4.714727241 10.445508700 7.548766670 3.924909984 4.936134662 7.720154985
-13.291733716 10.708654408 -28.674731529 0.797965114 0.491091068 0.344768540 0.056708853 6.918900808 -0.236338491 4.542667845 1.382209066 10.160243618 -0.142652724 2.256069764 6.011634382 2.785987729 5.540507692 8.973091121 7.370969934 4.854157160 -0.162405451 3.633145586 3.113942272 -2.659270696 13.552504264 7.699803966 -1.982883975
-19.177432015 8.909848613 -22.634957249 0.874183848 0.058763999 0.240696011 0.417630007 5.801884933 9.883988644 5.569564006 3.624261511 7.297760864 3.091074446 5.655039640 2.849768795 1.787206421 7.370664925 4.013724275 7.209369532 0.136560729 12.084237361 1.701470189 4.084991283 3.369006990 3.888236203 4.204304417 7.469676252
-12.946532414 8.450448308 -24.307520462 0.957564273 0.201384113 0.159612619 0.130533194 2.269700525 0.045007714 4.245880308 5.229266226 -1.720874630 1.040895564 6.018374143 7.108731583 0.334000201 -3.590616195 3.223999085 -1.973182435 2.866406578 2.535708444 1.866125619 4.371945794 1.237783658 3.852823825 7.009054543 6.402346015
-19.077886998 7.871674188 -22.171364677 0.740251386 0.314433173 0.540652061 0.246688090 5.561678357 11.473048362 5.194077895 5.675897321 12.530351089 -1.704615777 1.737240871 1.167438233 12.368189731 0.757247193 -0.469437450 3.988669367 5.514746710 0.046002839 3.138988788 -4.304948435 5.327885304 -0.220964831 3.769507469 3.743558611
-21.182620600 4.689647691 -16.765809115 0.861898217 0.261775672 0.308961471 -0.305201197 4.747496545 4.609096802 6.928064088 6.387832121 3.315822471 2.733486690 -2.060420940 1.106717048 2.988195517 3.511801025 0.247997822 4.881001586 1.322584274 0.709257837 4.134284482 2.177685139 6.152082719 4.635993860 2.422729355 0.490087859
-21.637849872 -6.118019231 -23.821887388 0.823548645 -0.020739974 0.566846879 0.004701004 -3.726726953 5.554405058 -1.153049134 5.654518874 9.114874285 6.215102636 3.296875223 5.497120149 1.764366822 1.427656477 5.151508293 2.794928365 4.573063855 2.749881654 1.948872980 4.742644555 5.119382942 4.275438106 4.373278077 3.913773886
-15.718584170 6.292849526 -27.114715907 0.820967389 0.082070951 0.546515028 0.143520834 9.514394175 3.017730737 5.501124120 8.891537771 3.025177013 2.066781292 3.600876059 10.691582078 5.513220998 4.798574586 4.350744078 6.579228618 -0.009472033 1.480980035 1.787769217 3.615691119 -0.924105198 2.595876085 8.552055769 7.299630693
-13.675905188 7.919133877 -20.534108541 0.857874865 0.013726938 0.265635608 0.439658972 1.257852678 9.451482227 10.140172604 4.462970783 2.037542241 4.992401857 6.730555977 3.201683782 0.836290525 0.745976617 5.217039771 -0.830962913 5.034797993 3.142173540 -0.307725726 3.762692089 6.360684689 2.977630742 4.712204580 4.687866320
-14.060570158 -1.766564870 -32.439550178 0.834094043 0.066909043 0.530979705 0.133681937 4.290645847 4.376163142 0.907937953 6.384635807 6.211656992 4.889638898 6.958296944 -2.747928737 6.520239625 7.595176809 0.114635068 -0.054020358 -0.691809457 0.223897992 4.993631435 5.436401758 -0.622747835 4.751510297 7.290361769 2.490235008
-14.529324029 0.425439801 -28.284665698 0.795553510 0.447597335 0.293075844 -0.284355039 6.419444707 9.440538033 7.652337251 4.682398006 4.587117582 4.514652931 6.112672099 6.048192627 8.433253724 8.833982328 3.725305830 -1.736634048 8.337277983 4.546287086 4.732675066 8.805229709 -1.584495199 5.386451478 5.285471488 5.981312340
-24.016309261 4.336128422 -26.894953019 0.821602553 -0.088779120 0.310240289 0.469934544 -2.333690132 2.334965292 3.855529112 4.968492130 8.046260430 1.336283526 6.052551003 2.916912885 0.667245028 6.084433705 2.666896677 -2.613469254 1.750941898 4.573046375 6.307656906 6.148977300 4.559692913 3.728237260 10.662626844 1.829220460
-22.930522353 5.314971705 -23.677043967 0.829553706 0.177868461 0.437986916 0.297272468 3.766373446 -2.066618835 4.745561650 3.291174033 2.943492111 6.814204506 5.363719857 3.583244898 1.541358639 5.293289117 -1.112852205 3.748369854 3.703957257 6.034627680 6.381489872 4.303047146 2.084160622 8.677533121 3.208294557 4.814811437
-21.311855076 7.726767767 -20.434584661 0.837138462 0.290397373 0.340211491 0.314840758 2.675870279 8.210501449 4.869299052 3.553983910 2.780728998 9.221765490 3.831206437 4.530024311 4.402161520 5.803122495 3.026126235 5.564966309 7.415697764 4.131092608 2.674887215 5.773949156 4.031794818 1.964239197 6.440600108 1.584829166
-17.691182866 4.027670325 -24.799086499 0.837309937 0.301250789 0.286803463 -0.354829262 1.227879187 3.932870596 6.190063889 2.158823740 5.813964968 5.454740199 1.343566788 5.734903228 7.611779790 6.229391012 1.610028779 8.676806843 2.247544231 2.393410664 2.923477479 2.076620223 5.004495002 4.457168756 1.554707970 3.299537401
-13.720564208 7.409667927 -16.621023539 0.831681653 0.347181565 0.214511759 0.376504044 4.852454562 1.808150125 3.987014489 -0.489717387 5.657757477 6.476820886 6.887833904 2.569060614 -2.023188591 -0.546250667 -1.502827630 2.217524463 5.488629749 1.852418843 4.837095164 4.385732424 2.092844336 5.299915223 8.454622469 2.410970243
-14.112921556 3.309401521 -27.922245278 0.778201090 0.464963336 0.218764692 -0.361045939 6.838263339 6.069231690 3.397052355 0.451077571 -0.391209542 2.703692309 5.715917610 9.210807577 5.161642327 5.898617559 3.991728609 2.114945385 0.582838294 3.618763814 4.880250740 1.730392224 0.789440924 5.195325623 6.685064563 5.967908827
-12.952437969 -1.094737435 -28.097198202 0.795625390 -0.356531340 0.318451793 0.372094205 8.229343587 9.932651475 8.047344952 1.476328302 1.176410804 5.598555306 2.960108135 3.615933064 5.093437503 1.785675272 3.296191274 5.038467284 -1.355475567 2.665868604 1.870302416 5.343884537 6.719295568 3.184134788 2.526937932 2.568226079
-18.682727865 -3.039985784 -26.825745828 0.918909506 -0.140227455 0.360355972 -0.078007401 5.046951478 2.885322936 3.225699969 1.690039427 6.649201811 6.397090294 5.643813331 2.193765338 8.664976148 6.848731414 1.875709612 3.910558057 2.471413895 2.704797334 4.665695093 4.244577569 5.676375163 2.781926271 4.825304492 6.659347597
-10.588075085 0.486203060 -22.292898913 0.731455943 0.536079841 0.417631582 0.056342424 0.208182414 5.332877213 7.777321495 9.607980817 3.122942491 3.485412061 8.429324739 3.331255568 5.791629851 2.839789453 6.670256186 5.134507053 5.127913247 3.409906946 5.338499609 3.113308660 6.789020725 2.014865837 6.436487430 3.474904468
-20.575180719 3.193190651 -24.266327466 0.719930199 0.282140507 0.594126983 0.221608599 4.053026141 3.252584007 -1.331634164 0.935166919 4.591902925 7.567018452 3.312790561 5.637151530 0.524016895 8.594734255 6.441784283 8.561956075 1.620874623 3.629743382 -0.169792885 4.047541818 6.849282543 4.202317554 5.148246584 -2.833532872
-20.489979567 -4.671063911 -19.916708437 0.955266621 0.053668645 0.290769642 -0.006194813 -0.413956965 4.959883879 5.567390700 4.526616265 7.387993737 5.229612081 4.713890653 4.504295195 4.451233574 5.687708149 6.158077319 3.607007088 8.324494038 3.397197612 3.406922366 6.285223561 5.252500583 4.506588018 4.095340898 -1.597236988
-21.434757702 8.983474354 -29.218949794 0.855770787 0.442743434 0.248390991 -0.099682125 0.460510107 1.862206011 0.623772876 4.465802394 2.522767980 6.794534891 6.433134524 2.018448231 2.138963387 3.860312013 2.947661068 7.742066346 5.913730712 4.701738535 2.523317512 2.171893629 -0.229432581 7.204079121 2.710870698 1.071256865
-10.878860725 9.717486395 -25.182553631 0.947188794 0.166654143 0.214867981 0.169975104 5.279839642 1.692941605 4.584585232 1.873159693 5.573022596 4.263526560 3.704733541 -0.737499484 1.975713511 5.013010751 10.589880957 4.328197983 -3.467815042 3.297483456 4.743046677 1.228613659 3.206891882 2.947874579 4.969488549 4.783966781
-14.677738438 -3.821720906 -23.234195428 0.784272729 0.269156894 0.466639492 -0.307763605 6.342994147 3.529434186 6.949499007 3.825965689 6.430539874 -0.439446340 4.483215219 7.420170876 4.669964049 0.814143047 2.085974053 6.373283987 1.712523107 5.121079165 5.836731671 8.209548361 5.389872224 12.594163044 8.163060896 5.270932568
-16.950904353 8.297837309 -25.362623677 0.843329165 0.523386086 0.092292500 -0.079655627 5.215187318 5.434713000 9.984676670 8.748918799 3.185494571 9.415708009 8.242076317 0.150248543 9.312424808 3.863859826 4.994570933 2.034187186 11.082853463 -0.707413293 2.502343866 5.836579623 11.959396776 0.886217854 0.993965374 3.663933693
-15.820524642 8.387271420 -27.646626043 0.812307478 0.376525526 0.200770396 -0.397588151 8.731048214 4.970722644 2.940819687 -1.985911373 7.793374021 7.905935610 -0.853743252 3.057257835 1.031873718 9.556222971 7.528731785 6.057325088 5.652948951 8.553489680 3.268792670 2.762206484 -3.521617287 3.978950379 1.192917693 5.175179056
-13.412596656 6.179431919 -27.727499409 0.941372846 -0.162280070 0.195663724 0.221806336 6.167474290 3.374246679 -0.600885186 2.058915729 -1.967250596 7.941083602 4.899325572 5.352817742 7.388438579 1.397778980 0.632700323 4.259875764 2.704566334 -1.933464493 2.366164867 3.608246103 5.118021631 4.662338828 -1.681726492 7.979857305
-17.944732761 8.191167618 -30.795861536 0.770859573 0.521967512 0.263599058 -0.252667711 7.711314366 8.195863827 3.914736224 10.400176332 1.471869753 1.110324600 0.301514930 6.614499514 0.234659926 4.864931527 -1.168290449 6.686830825 4.272598079 4.298810257 4.436074778 1.733261533 0.466681719 -0.237198241 3.805569610 7.784917996
-16.463872906 8.466240887 -22.555842696 0.893102487 0.179946205 0.327902432 0.249934601 5.943238969 7.101673586 1.655594936 2.778112618 3.440950515 6.098473599 2.387455312 7.423094995 5.403860937 1.451835170 5.919621793 -3.410839822 2.796329469 7.614103957 0.852545991 3.429877460 1.662692352 3.578361377 6.899821004 0.104432286
-25.107499071 2.899173344 -25.298104409 0.840488388 0.159592102 0.508197202 0.099223154 6.394502019 3.484415991 4.201204857 4.062310936 7.614351574 -1.334253857 5.887747973 1.421882406 -0.516173244 4.532211145 4.820807459 4.556863285 -1.924489629 3.610071109 -0.172527298 6.484120132 0.275468561 2.401354910 3.723469224 3.430525413
-14.448504881 0.929650847 -23.393262702 0.792198016 0.396756678 0.206005891 -0.415413066 2.236264428 5.411661912 2.637280070 2.684955227 3.097574848 7.916836110 1.319893623 3.542716939 7.281174078 -2.994338319 -0.212907779 4.684199710 6.438819708 -3.676142228 7.269615356 9.480547813 3.519796831 -1.260296382 10.122619951 -4.051082687
-12.348075619 -1.425627993 -27.169373155 0.842275333 -0.201250054 0.297315771 0.402087069 2.322398793 6.446675994 7.435197960 5.613680993 4.725483088 -0.469871573 8.473096867 3.256728049 4.595167852 5.008993939 0.541802259 10.787104874 2.044474234 5.385236524 3.861782628 3.878583051 1.091007100 8.085839270 10.557487842 0.569495867
-12.278074750 10.629349813 -25.247538189 0.829163574 0.348298019 0.372437510 0.229055798 3.809795165 2.718658909 -1.550715889 5.095387620 2.348019470 4.039668445 6.010973897 5.290875575 4.868676609 1.229563456 6.624505044 1.003643734 6.422624506 7.943702600 -0.673775199 -0.865428038 9.251613614 0.808116643 2.031058589 -2.060810809
-11.799563680 5.510636150 -22.688581612 0.930093345 0.348419129 -0.024156808 -0.113784571 -0.145080738 1.126867184 2.955032349 5.759292508 -0.534432963 9.735123124 3.841509822 3.603708729 2.654805927 4.294770492 13.726807289 8.459843696 0.443863493 7.786553140 3.272854120 2.413186863 1.022678142 -1.457260595 -1.634828039 1.651102976
-17.874877138 6.867683567 -25.534262344 0.776836020 0.409522189 0.278107108 -0.389196366 -0.353914273 8.002210615 2.581424204 3.564645419 6.143173654 8.679204443 6.303711932 3.952219770 5.496103927 1.258813063 3.757875298 4.040655138 9.212137459 7.564508872 3.546734331 5.529882448 5.284787641 4.355191678 5.396474241 8.736306445
-8.327128560 5.552794800 -22.218636036 0.764203034 0.418784611 0.218518142 -0.439161694 4.583406863 10.308515482 1.498862288 7.998244848 7.507934317 5.077578133 0.709832082 1.080526087 3.701366238 6.516784183 9.135806883 3.525747996 6.903827000 4.875178031 2.167674222 6.470849476 2.926177959 1.953459803 1.600438056 3.499112496
-18.839585336 1.784839658 -27.625405475 0.750878196 0.016060599 0.658582150 0.046835286 4.669173482 2.979377156 -2.876985181 3.890736421 5.944219498 6.513216445 0.053334649 5.093607510 1.596494613 0.517269291 4.568606471 3.764191635 0.562047931 3.233287514 7.421825493 3.724192126 -1.092225147 4.611657404 3.270090411 3.748114102
-22.132708220 1.055041030 -20.085761461 0.873314603 0.091331254 0.439107619 0.190170201 8.420458560 10.525540585 2.416837715 4.704697674 4.188872454 6.265927927 -4.402339002 0.162099214 3.811391198 2.847108428 6.169158987 -2.102559654 1.908173248 4.855713202 2.822526615 1.776682287 3.188221842 0.642758149 1.968748413 7.735174672
-23.630764834 3.462663208 -30.394401377 0.730773715 0.286665635 0.578239977 0.222331103 4.679315100 2.106978316 6.637470144 7.494457393 0.105057351 0.045512016 7.227305595 7.759772406 0.884650062 1.193987708 1.314225854 1.965029246 4.836301222 2.729313616 5.289208403 3.088768039 6.575483021 3.346974938 -1.789717939 7.429357161
-19.256092386 3.618845879 -30.145596968 0.902606851 0.061825873 0.418277472 0.080761318 8.666669012 3.769536634 0.646780305 0.454582943 6.866007006 1.459680724 4.006762293 12.437903120 4.827095065 1.971090997 6.267394409 4.793421522 4.519563619 5.172527562 3.085148519 3.718791881 5.727592220 4.774632298 -2.780590418 -0.358378166
-21.179921244 -4.624783691 -24.199031420 0.773581630 0.069692111 0.603872886 0.179030751 6.475770003 7.468933321 2.901195978 -0.496752866 3.750017113 4.174558093 2.666302968 5.714658357 8.148569217 2.204496508 8.438042197 9.564955302 10.232736935 2.023423332 3.290120431 6.328273019 5.095028532 8.311826968 8.959938873 1.187631737
-20.959696811 -3.700701219 -23.716950003 0.781702578 0.172738484 0.547382289 0.243875224 3.709542575 5.596976866 4.829278447 6.626167583 4.632531187 -0.485701294 -2.434565809 9.862762621 3.836583365 -2.504233518 1.013571375 6.387838844 1.780778497 2.839812320 6.262636826 5.897781355 -1.525123622 11.263524939 3.674345911 -0.883773386
-11.387025569 -1.225831974 -27.692037080 0.979170651 -0.003530885 0.202219078 0.017883318 4.979866581 3.236836662 4.569717035 9.732028314 4.905630717 7.507589553 4.900198251 2.105575025 5.398293923 9.318153021 -0.377816414 2.115318195 3.391565474 5.626212291 2.752518575 3.800423237 1.188726310 2.381756142 4.478173086 -3.063586873
-17.212660923 9.115961432 -20.560258985 0.872052041 0.264900439 0.195266368 -0.362248588 6.693529385 5.043767430 8.618721915 4.862361859 3.106280969 4.038800398 4.065626237 0.470073955 2.557322621 8.281295101 2.534758401 7.809206957 3.490093317 4.797741027 6.899947481 3.015545612 2.140682217 4.434411949 5.243230187 0.165862618
-18.826141489 -0.152911515 -22.465604382 0.823268746 -0.418443161 0.236682116 0.301853390 3.938654741 4.923225035 4.027485847 7.728853086 4.787494053 5.642544683 4.867298313 3.272877355 -0.708387267 2.374228072 5.609623504 -2.333689286 2.536833874 4.342742769 0.416099668 5.064611200 -1.575718477 1.999018208 2.416158311 2.117862113
-15.467021378 -2.186934180 -19.056028015 0.814660357 0.101663101 0.560558345 0.108477920 4.259914273 5.771724251 3.105301383 3.723272840 2.385078981 6.623287854 3.740517629 6.498168126 8.462715895 11.181740923 9.084459986 4.389057756 4.535133396 3.448715153 3.466481890 1.891476741 3.892096399 10.122115976 4.821382649 -1.682791419
-14.873060388 10.111655324 -26.820364685 0.896577190 0.117831866 0.273090676 0.328156176 1.820677138 3.789861214 0.875023918 5.352506204 6.665609815 10.687088438 2.660046717 3.763285602 4.693831061 5.945720813 1.554164877 5.107821201 -1.749426381 0.203997620 0.576356938 0.278367267 1.354247114 5.187931804 3.964730630 3.895773378
-12.578302510 1.817749201 -20.618819427 0.968990106 -0.199826497 -0.145285452 -0.004436629 4.942022879 5.936826293 6.523778534 6.259262640 2.351709951 -1.174875711 2.033822329 5.591068389 7.528115834 5.552435461 -0.357999954 2.286640419 4.384891777 0.369467518 7.078380376 3.578372010 7.119982599 3.983865487 2.530955515 3.334172242
-10.215958210 6.624060080 -20.429373457 0.728362860 0.457725895 0.141006740 -0.489991478 4.168117103 3.828748567 -2.008995718 3.325920335 3.370044366 9.217831956 5.418686831 8.656492605 10.016782501 4.117150743 1.963440645 5.346288204 2.322448328 8.556533174 8.304533898 4.256622322 3.952669257 7.532507890 -0.190897848 4.843317188
-12.434725066 -2.023952477 -27.652604136 0.881952814 0.057634002 0.465061428 -0.050551201 5.674597373 2.318186640 6.772422465 3.785799442 -0.407090582 6.318147418 4.331912621 3.265527771 5.534360453 4.570027308 5.653215525 4.084686536 7.532772693 2.888035641 -0.491535798 -2.539790680 -0.037459536 8.038115163 4.194949999 2.185097215
-14.316057666 8.402448103 -23.016297123 0.803037574 0.449900404 0.280747782 -0.271847317 6.154341049 4.885622020 1.146585012 2.044038047 -2.166331442 4.979881425 4.974043256 2.628651296 5.904254531 5.083858934 12.189346116 -1.188923541 3.457510241 2.754046973 8.103782641 3.887190998 6.100069313 8.686941521 7.257822149 3.176814846
-25.091822220 2.589883297 -25.585253724 0.902912860 0.217165707 0.190688739 -0.318159123 3.969921130 6.039546914 2.703652928 3.146465888 0.654632365 8.419095821 5.844744236 3.839725733 7.396684423 9.754770230 5.990608144 2.430923930 -2.107708459 5.438354500 3.507605730 1.355272984 2.600962159 4.323119934 8.635983679 0.544960052
-16.959831232 -2.261746776 -27.627146133 0.978084116 0.195229440 -0.070514639 -0.016266965 -0.524894454 -0.319318502 5.754886964 1.929569112 1.030277198 5.016166513 6.125285270 2.497768010 -0.987541463 4.418339098 -0.277235555 3.687986478 1.494573239 5.898445712 2.896453431 1.823779291 10.678261557 3.678148618 3.187728872 6.377016809
-14.166560722 1.212645911 -31.781850542 0.729147453 0.189524086 0.600680450 0.267595982 1.109360511 1.677950550 0.013276782 5.621214542 6.156542383 5.793478518 4.954233021 9.626529848 3.373996466 3.050357116 3.663706323 7.097629402 0.866627133 3.317937046 4.200094150 -0.414684552 4.184807352 6.717500770 0.588423471 -0.862707891
-21.606063205 3.810557783 -22.200377387 0.907160006 0.164912909 0.284768570 0.262242858 3.764580959 1.918981284 6.572361091 1.953691295 6.223848819 1.616102736 2.888712578 1.211668750 -2.091625369 1.267346884 9.778503348 2.600613616 -0.025553368 7.744388453 0.380016154 5.759380963 4.174079221 4.499020959 1.998526870 8.135487848
-9.746539661 -2.891996742 -24.294460887 0.726444661 0.303871557 0.611177044 -0.080017825 3.606955278 6.851236196 7.660810461 3.348858923 11.174868616 7.315406989 4.261788998 1.455091508 0.074598530 5.577843493 0.168255119 4.864498657 7.293927499 6.197719022 4.829499336 1.502105295 9.673431909 4.186654140 8.858907852 2.959450710
-9.514035480 -2.853776695 -24.261516180 0.961471075 -0.247084247 0.071580313 -0.096948467 5.788612200 7.913385159 4.006163725 8.072994206 1.249503792 5.535981456 2.108995108 -1.603909186 6.010501122 9.775452604 1.390262453 1.858432968 3.742074202 4.665259848 7.503702687 0.354040872 5.594103143 0.980623817 6.671576682 0.266038874
-18.247556104 0.998765464 -25.619406035 0.891495680 0.260127411 0.198920077 -0.313049492 3.315689788 4.191875142 1.976837117 2.054173440 3.245918575 3.521206165 4.149393740 5.660082720 4.597982457 4.493648632 4.941329193 3.999659762 6.961421461 3.126646027 5.022787056 4.990519699 3.222661636 8.174062453 2.803617046 6.129051567
-20.654174737 -0.257756409 -32.657996352 0.783864639 -0.099891407 0.608244429 -0.074944310 7.827575446 6.681659512 4.571411818 1.466680344 4.426698513 6.424242580 2.526960196 0.788222696 3.807073425 2.513391513 4.784094188 8.980300752 1.347211486 2.580085602 6.009527963 4.153381033 3.235016098 -3.065618601 3.673217860 4.037356657
-18.489997195 -2.405268717 -20.019047457 0.977260771 -0.068466970 -0.164056208 0.115582091 3.132781010 1.055053096 6.066476176 6.139737313 2.988906423 -0.524373052 3.374764320 6.826796890 -1.845299976 5.439977341 8.629106467 3.485075071 -1.832642162 2.326649548 7.433095600 9.359138276 1.840084899 0.940178844 2.547658998 1.339068483
-12.706372778 4.635565362 -28.139026397 0.732867717 0.534446709 0.379374515 -0.182610520 0.122401927 2.221881868 2.556428669 1.313303525 3.289474562 5.250371511 8.096201250 2.131550082 11.079234936 3.965494529 6.737016062 3.819661288 5.542265389 8.527424517 5.129425979 5.906568506 10.651478292 2.428927309 4.574304189 1.872722286
-15.177546838 -6.112741035 -27.459546152 0.945776489 -0.321380945 0.046886017 0.004777384 5.106491703 7.863373158 5.756948766 2.783390512 5.050734226 3.117936126 -1.939360198 9.069105860 7.218003477 -0.812950222 4.547714670 3.491907231 1.157631687 2.829409991 2.773709306 8.308404680 3.653880371 6.095573950 4.780245827 7.407425275
-17.688569525 -4.682424163 -20.280198252 0.992534571 -0.020436241 -0.094233151 0.074683317 5.296383204 5.759821351 -2.036739918 8.510970582 4.906249134 3.743604396 2.979866654 9.630883191 3.866541294 3.060536445 4.866959143 5.295417436 0.264246539 4.439265586 4.711600759 6.516171380 6.608247274 1.751354829 7.413722223 4.415833022
-18.415506871 8.894095312 -28.615021673 0.826314399 0.342571756 0.443831901 0.053500926 3.552463806 6.189100118 8.348715647 2.539377215 1.846994304 3.622234998 -4.160590816 9.835886504 8.761401307 10.351673871 6.524351862 1.187016037 1.592521358 4.311142791 5.779530101 4.951721497 8.606812110 5.882209144 -0.952184030 0.622232388
-17.418533244 -2.395496469 -16.361739242 0.880591256 0.108878131 0.441758125 0.132492836 1.930165923 2.027426040 5.851292160 -2.669951645 2.738180529 6.203504569 6.019230532 1.637732870 5.007036920 2.011190849 6.969201469 4.131424692 6.056477948 5.339110507 2.135623839 5.536280204 2.801362999 -0.091290322 4.305660829 1.228926741
-14.939068357 2.193642068 -16.071928806 0.908784417 0.121562295 0.382813322 -0.113081614 2.984892599 2.133885029 10.301595543 3.385919947 2.937852177 7.404074062 3.623922626 4.444424757 -0.365320515 6.005540358 1.231830256 4.854825838 6.164281313 6.410745334 7.338818109 8.139857188 8.272449299 2.504892117 2.913955933 5.195748940
-10.368218123 4.426480205 -27.576745105 0.745492636 0.338938290 0.519190763 0.244545532 5.418327768 5.206452492 5.662479593 3.940101366 -3.006519611 5.864410576 6.092131076 -0.790775622 5.578053739 3.545740867 5.088765567 6.027633029 7.535949889 3.754102346 -2.479305562 4.479111291 8.084137224 5.154788970 4.258916087 9.621838578
-13.017446349 7.952996281 -30.098271829 0.925785250 0.310948496 0.197883561 -0.084111831 8.124675846 7.201308627 6.118440756 2.002524114 10.953146614 3.674290319 3.587704363 2.597577379 5.721004417 9.325150221 6.480204874 -2.891636489 1.856143219 1.462173721 1.094622896 -0.623851496 11.315585762 3.925848044 2.355721598 3.182335527
-14.783196659 -5.983989910 -22.141597402 0.974138564 0.091403848 0.154702077 -0.136991469 0.090999744 4.386159471 6.884715659 3.964632555 3.130852549 2.867346917 -0.900418248 8.666093138 8.175982468 5.022138293 1.744616234 3.748437572 1.089997925 2.891070470 6.212934897 7.455263079 5.874562301 0.116835885 4.138088388 5.284330572
-21.093368652 6.602295615 -22.715484822 0.789115542 -0.129838710 0.337116811 0.496780461 6.344778141 3.290250118 6.660347295 6.810625774 3.875661251 8.256741965 8.412009106 3.228204242 6.189032363 8.290347132 2.116582473 7.076411663 2.450409073 1.164933063 0.234312531 0.867745189 5.996098842 2.684882531 3.039616230 4.707328785
-19.294442471 -2.756371687 -18.689629040 0.829667720 0.271866599 0.485248126 -0.047689438 8.717918480 3.149265237 3.712094871 4.583423726 4.376686761 1.772900678 5.988176256 6.087684191 6.489869800 5.338574473 4.018742449 4.765879927 8.395275350 4.816431436 7.658215348 6.883193499 1.061151416 3.669907826 5.532987039 7.895746297
-25.586141772 7.147125207 -20.191502320 0.926729234 0.258998203 0.103803426 -0.251630097 -2.358000433 9.239812222 3.441000108 4.859949946 6.577012290 3.696631472 3.344634740 5.334607312 5.840585100 -0.504221671 7.155347010 9.321574583 5.398200270 7.445977313 -0.995433836 6.459656183 2.913296521 5.563349894 3.900921786 4.149008863
-21.210993717 6.795792149 -19.810745353 0.788953192 0.284872334 0.343143676 -0.422673672 5.879486358 3.737802620 4.561498337 7.007280528 2.361523045 0.681470679 0.747423411 6.922499914 5.809844749 4.039191183 2.266864369 11.959114363 5.056126731 6.673714687 0.101131221 4.226415048 0.817245558 1.086251988 0.601958896 4.360971582
-13.246039275 6.832120746 -20.612494262 0.780265563 0.384484260 0.184684222 -0.457437693 6.823280703 2.933615014 0.287111603 7.951240963 2.861458042 -1.386223121 2.893151662 5.213878970 6.903770146 7.512558870 4.440693490 6.846621144 7.913673446 6.385582172 3.585082445 4.312227322 3.053200038 6.229622546 0.010440167 1.871583523
-19.376460337 3.933563463 -19.041654938 0.721722781 0.043249239 0.478197303 0.498571028 8.426933665 8.296659923 4.254476608 2.505168922 3.425998387 5.903186339 2.691537439 1.709360614 2.733546759 1.236599457 7.566064956 1.764595249 4.578708065 6.076606161 1.327127016 -3.491033506 -0.413338753 3.433557205 -0.066029711 9.623481339
-21.766334982 5.997230345 -23.816794467 0.865367473 0.277217867 0.413796420 -0.055334556 4.912863825 6.189204642 3.100366276 0.263170285 9.451477407 2.876507392 0.821212909 1.804090061 3.305865104 3.082598070 6.522121376 4.071713957 3.150928046 4.487378611 3.905600007 3.410864088 5.189931646 4.438782381 3.302313483 0.108700283
-15.869068302 6.572494407 -23.566226005 0.762274808 0.363504490 0.470878758 0.255097623 3.101524859 1.036505307 6.835467825 -1.209913121 6.657228851 4.678671336 4.017878615 5.435026979 3.371134784 2.761472090 2.220781955 2.917987387 0.691917175 6.885709830 5.222220598 8.585142461 3.893894239 4.388410606 3.247134104 5.510145351
-9.678032733 4.536919826 -28.374853832 0.950093678 0.239395512 -0.025430439 -0.198406359 -0.017912366 1.474628646 7.648434655 5.492053840 4.933658078 0.931329526 4.084954565 4.446709724 0.405112736 4.053572534 1.818064807 3.808334423 8.377289021 2.844876113 4.187468658 0.478159509 7.614344556 7.786982259 4.913092592 12.007790067
-21.997347038 6.050778513 -17.999037703 0.791905709 0.274632833 0.535030652 0.105850633 2.194099055 -1.293117883 5.223930064 0.034912394 2.217647264 7.227476251 1.380187046 4.735521653 4.560607455 1.800167320 5.165578496 4.375964649 6.622686171 1.210604961 7.883909519 4.014236646 4.803881867 1.383966176 -2.617910113 5.210269851
-20.433158840 2.125458393 -27.940858573 0.824354196 0.295016693 0.482946398 -0.012964870 4.302962614 10.601471740 -3.725240242 6.775689107 1.394484016 2.980366692 1.976377375 1.979644219 5.336755807 -0.498901124 4.255302423 7.973575500 -0.657589308 3.559621357 5.100744643 0.192025050 5.761287356 5.264702170 6.450768154 6.513022925
-21.897535559 8.236441215 -18.909002965 0.736288200 0.175245588 0.622190162 0.200120146 -1.904788295 4.687933909 5.818077078 2.966865705 -3.136377178 1.910730958 -1.420940145 8.304266695 3.151665724 0.561782043 8.199562663 0.643698448 3.550818848 1.273760906 5.177377019 5.986637054 4.844811339 6.138758348 4.848688958 4.544160380
-17.081547415 -0.417333151 -28.255732515 0.887715205 -0.452798822 0.013653367 0.082149417 -0.817287222 0.427230444 8.638604359 5.102786724 3.512371748 0.244187796 9.330366050 4.546248972 2.829503732 8.316199868 5.017131610 3.615197027 0.207869973 8.212350333 3.884692844 0.432130640 0.022187221 5.648631899 3.587814310 10.000726891
-18.475067197 3.144960453 -33.536687859 0.963728815 -0.066059947 0.241756998 0.091740987 4.259280603 7.116519381 7.487282539 0.841592323 4.293299570 1.255302284 6.149346428 1.108332206 1.266646598 4.671620270 -2.337929031 -1.799692599 4.522789650 2.095573281 0.615468578 0.885022620 0.841002111 7.570910270 5.404422009 4.454161249
-24.160219021 -0.354327822 -27.352405712 0.812829207 -0.126577293 0.474863344 0.312716602 0.146554413 3.167028064 2.175422085 1.292235054 5.401937416 8.102759089 7.316642744 4.537776397 6.074032527 7.312002891 2.990462282 5.219571351 6.372168364 1.020964933 1.646356442 7.436131729 2.556435562 3.217774388 4.291855846 5.878278018
-12.676165606 2.187111824 -29.308500178 0.803413434 0.488882632 0.143957935 -0.307890792 -3.200990016 0.266381993 7.180771266 3.716537127 6.010266781 5.679037091 3.359887851 4.846894234 -1.243952469 3.479282032 -0.233110722 7.739829055 1.559598618 10.020309980 4.692204156 3.304947930 8.723152254 8.325038287 4.026870853 4.035651337
-10.571539160 2.677679427 -26.728610535 0.816124688 0.278996911 0.458263981 0.214698256 8.056835799 7.432984159 0.827437556 5.847391915 3.100669289 2.255565801 2.270111918 1.099969131 3.591141617 3.215754294 0.324259449 3.269230921 6.083529339 4.807581751 3.681637628 5.215433534 10.420476644 7.888620649 3.319170930 1.751642962
-22.992751942 8.291876489 -22.843747679 0.868281595 0.111546560 0.231402099 0.424378965 -0.229996673 6.297757812 4.787652789 10.013205910 3.107016287 -0.352656419 2.028686776 3.949999752 5.456936798 4.383876467 0.201492828 6.694750661 4.535638489 8.119871928 1.501545851 -1.765448863 4.058816768 6.321543509 1.426643688 2.008620613
-13.503724153 1.187819246 -26.491980617 0.879814466 0.324799123 0.340056981 0.069233556 9.135254406 3.843660334 13.171338849 3.798228896 9.271920883 5.592452134 0.766789122 7.131588664 -0.040344508 -0.232886569 4.583632979 7.568011983 3.514214653 0.566756549 3.867084983 3.464498908 7.490541115 1.345831288 3.725411867 8.531838832
-16.734515440 3.988921175 -23.615708740 0.778787963 0.072357679 0.614559294 0.102813178 4.686105442 1.226825821 6.793316798 2.482515108 1.856028985 1.811393097 3.499663185 2.494523071 4.590132707 5.480525411 -2.481630772 4.020135498 5.393856368 9.860143972 4.268630158 6.059984240 11.473585279 8.343889426 0.881542858 10.116757011
-12.939484775 5.752391027 -24.788109362 0.944692171 0.129237311 0.293843534 0.067159482 8.385443631 0.056847295 5.718400956 3.462247109 3.700898916 6.542676084 2.057899892 3.902644877 5.599469062 4.601793632 1.488830191 3.889824131 5.944227239 3.589340263 6.227820169 5.362306785 -0.627226074 2.998931128 4.830771134 2.411359706
-10.079938533 0.036111838 -22.147228588 0.975725534 0.207936263 -0.024912772 0.064043316 4.945840691 3.395771750 -0.057793952 -3.854512863 5.887032509 7.593865230 7.133582949 4.425576959 4.341298475 4.660838610 4.725165407 5.859442341 1.995322222 2.112618248 0.685760456 4.830716850 6.803162091 6.289690477 9.281755736 6.560311080
-21.376887469 10.464031679 -21.028614781 0.936798881 0.245452296 -0.095232914 -0.230416403 3.894589159 -2.446185108 6.501945267 8.527122560 7.064383439 3.556099484 4.890224087 3.247163667 -2.497829332 6.428144741 3.018166471 7.059744405 4.221715825 4.097392177 4.917429749 2.161257854 5.747667043 -0.069107437 -1.376738188 -4.107309830
-19.120061569 7.877508873 -30.252461676 0.916237916 0.270222456 0.041005747 -0.292927352 0.793584344 4.522931749 1.643338410 2.189190704 4.275424531 2.765654427 3.485129244 5.268501052 5.800485011 5.395913604 3.894706008 -0.022917376 6.259959928 4.005098645 0.762022266 8.277370446 9.680519869 2.608626279 5.992839096 3.160523409
-21.639058941 5.594268550 -26.769672527 0.709088647 0.185818260 0.624386288 0.269827035 1.888486851 10.575868977 3.465915417 2.100004965 3.702360304 2.656615614 0.235792465 7.739599968 2.171036401 1.056192012 9.097633734 0.968841553 5.052532630 0.756595305 5.660317298 2.009535785 5.202247218 1.942636354 6.214579239 2.471090985
-26.683564987 2.549933071 -27.016045418 0.719175337 0.049380701 0.675730315 0.154067914 4.178898946 1.800550760 3.731381776 2.408453588 -0.087344458 -0.709098492 6.241737450 1.415606064 4.577114519 11.097437476 3.372734202 7.308798967 4.883657984 7.859741347 6.912370500 9.508682847 5.509920475 3.441514555 2.740920916 0.495687609
-25.567156120 7.351851169 -25.653947038 0.841632593 0.265148034 0.306248508 -0.357159557 -1.026251997 0.752178784 3.035366044 5.383719641 1.929980744 0.030769441 0.533793077 3.066886639 5.451478812 4.376870659 1.491483964 1.934711410 8.674722252 0.286281062 1.655387957 4.554601638 5.645386924 7.584563059 3.121695943 -1.222436641
-22.087674151 4.786577594 -31.928092867 0.773583028 0.156884126 0.541490615 0.289386564 3.968023938 6.548738097 5.137763355 6.601548868 -1.895679648 5.592180438 9.756686010 2.919662868 10.583530849 2.387517456 1.519087871 0.824065394 3.807511336 3.651117763 5.608835374 1.235863615 9.522808953 -1.677363490 4.832049541 6.713869096
-19.767266142 8.186343091 -24.344588273 0.762659751 0.390120962 0.515752300 0.012462135 2.935412994 5.530155728 3.938896662 4.407892268 -0.691094266 6.506449820 4.882404677 4.994480637 3.669267140 4.586223687 -0.009045060 0.674423712 4.717480583 -1.684413278 2.578434768 0.960430512 -2.695487871 2.829340171 1.115524379 5.601015658
-20.054246049 -2.066474077 -17.171496354 0.801771029 0.243111794 0.453902723 -0.303368078 4.343289664 6.141613198 -2.283904147 6.102636608 1.686655493 4.902155673 -1.486918099 7.079851531 5.277541048 5.821467679 4.325756191 5.928085730 3.920706566 0.637414594 7.834203174 10.735293234 8.028163479 4.388944116 9.698986528 7.916180769
-18.096813808 6.712014829 -23.075462161 0.933196318 0.130524909 0.245422987 0.227761799 2.593138987 -0.762135622 2.170387783 2.229844763 7.137092590 3.331740807 7.838240112 9.169623918 -3.081188351 3.485705329 4.749763597 -1.069476894 5.333178775 10.097242247 1.852853779 -2.699705505 5.623690306 5.801447114 2.619582055 0.681038489
-11.978049042 10.399069866 -22.683240691 0.770442288 0.415670221 0.403946516 0.265450861 5.165725250 3.982785592 4.726205624 5.255804578 7.476669130 6.711357378 1.180276879 4.875779496 3.137979886 8.352400554 6.818746034 1.318570574 7.196920771 1.326634319 2.875893838 7.056311791 1.889612593 5.246206492 0.872934717 1.085804153
-13.656680096 11.019192759 -24.344695841 0.724458512 0.317235171 0.506860558 0.342949100 4.351807633 7.167083651 4.089759789 1.887407777 2.134169737 4.424530729 4.233835757 9.131152388 0.484765725 3.469972001 6.398266985 5.892034336 7.020363374 4.134391441 8.194070898 1.377412135 5.148117519 0.914500743 3.994968425 0.764876825
-12.705851867 0.609339450 -32.288685252 0.964113664 0.177772079 -0.126256968 -0.151463228 -3.374210924 2.881243167 4.280964221 5.582617620 5.355481245 3.493205455 5.095567207 6.456103940 4.058921628 5.201994551 5.915768235 3.416179873 3.051352849 5.558939987 7.068898727 7.699581420 4.206580807 5.898680957 3.872360298 5.124915161
-11.147400834 4.115804367 -19.164954187 0.863308468 -0.378069986 0.307452503 0.131280356 3.063486926 1.232198092 8.048348663 3.683735248 9.252158270 3.325694872 1.736632736 0.197737508 3.690360702 1.185680401 5.691700008 0.146630423 -1.209288187 2.375401541 3.668159817 4.936886650 3.698422083 7.538979781 2.018582063 4.325180321
-10.271284080 1.590690551 -28.748535921 0.916000701 -0.157836011 0.366608515 -0.040357217 -0.232315432 1.650649839 -1.409363208 0.905684362 5.689811629 5.693156059 5.431991534 2.024949937 -3.808321002 5.074446845 2.983273873 6.253292118 7.642943887 5.561060332 3.902408784 4.047470570 6.322637509 3.879808441 7.242366623 1.103374722
-23.059345173 0.146752723 -28.392880507 0.991643957 -0.096851766 0.076458256 0.037631555 -2.687745958 7.640078525 6.289988983 3.826355208 0.899055627 6.436360223 6.035536043 3.516985674 6.105248982 2.512812109 0.828700657 6.350498700 3.425471065 1.956342468 -1.028564034 -1.826496359 -0.697678117 6.741330441 4.888165565 5.871262876
-17.804177056 10.082068988 -20.891971183 0.723647822 0.433067188 0.456511147 0.283521097 8.639646713 1.259911841 7.911416790 9.190106174 3.291819618 4.859940331 5.433229076 11.113665694 4.267517066 8.338361192 1.420938015 2.650115938 3.866039406 2.561517300 -2.875167621 12.274212211 8.116306735 5.378603808 4.214961430 3.067969916
-11.830755638 1.429922437 -22.712435454 0.860858110 -0.030833766 0.366186875 0.351965576 6.689589362 1.859808345 4.520859523 3.468436750 6.606044150 7.569715727 6.377808820 1.474340202 2.522425173 4.161975528 2.058284251 2.629667523 0.981786567 0.736948483 7.489695986 0.980735939 6.025175641 5.705333148 8.821786824 -2.471145803
-16.063231026 6.509642508 -28.770989332 0.869899029 0.374502555 0.070507822 -0.313132821 7.016616348 2.852338616 8.024732200 3.124962333 4.438566372 3.684806258 5.522635473 5.234370347 0.306316498 7.084674862 4.537108054 7.984138225 1.685414214 5.931237719 0.064525701 3.410350278 3.169451980 0.134250113 4.422436151 3.015650137
-16.689736369 4.113463048 -15.306460949 0.729116578 -0.048906720 0.680884496 0.048922922 0.377132698 1.291183774 2.152943284 5.168243243 11.438700267 5.083617398 7.311797950 4.324842416 3.316173057 2.462479948 -3.359223176 2.109069299 3.964007127 6.630263780 7.210295615 3.646952278 5.143125452 2.820343699 5.784263944 2.880589779
-18.166355312 5.813683444 -28.970570361 0.922173551 0.252545367 0.074144061 -0.283406841 -0.119816030 4.843327772 1.100014236 2.928674160 3.590999133 2.997656760 5.596676989 6.998528786 10.618899032 2.585238155 5.842053341 6.850512336 2.798248248 6.304897399 -0.203609938 -1.126771675 -0.408865453 -0.252466207 0.110867191 6.501060085
-19.464451114 -0.762538178 -27.536862873 0.710175011 0.145525552 0.644162323 0.243984976 5.649025684 2.516993186 4.201869944 4.494721029 2.581024426 8.363653747 8.656247705 4.721601386 4.641698240 2.324483517 3.459645994 3.208359635 7.295352510 2.008786139 -0.089089286 4.530109419 4.661014279 6.557213814 6.283426938 1.515519761
-10.011129332 7.728000349 -27.774393127 0.957265160 0.108040545 0.196891662 0.182220547 0.956182963 5.442416881 3.496363423 6.842504287 6.114552122 6.492096533 5.433588269 5.403724215 2.583574547 0.543977909 4.978227311 7.398208353 3.343082508 6.552250494 3.076026006 4.170048535 4.783545065 4.108277363 7.506511463 6.544123654
-8.547044562 2.699715314 -24.703242710 0.719176470 0.456350212 0.510335001 0.118692357 5.761341849 5.884814428 6.744656993 4.953198190 7.066676789 3.473769626 6.642420919 5.323260131 3.723655813 1.455359517 11.198218622 3.612837471 5.267163636 9.034139458 2.834324863 4.422331845 4.047986470 -1.229900700 3.141300661 6.276032727
-10.234039221 0.853521029 -27.285546333 0.977135396 0.066174200 0.147191167 0.138427434 4.509642455 3.353744441 3.160955312 4.600823432 6.835371004 3.482762323 6.192389577 7.235444243 6.205728657 7.058884197 7.391819727 2.918113958 4.242996418 2.592940255 2.755722885 3.985342335 5.162128091 1.328339588 3.944192668 1.293678506
-16.462497131 1.154807698 -24.868531513 0.844458469 0.284531844 0.261851385 -0.370628352 4.408162883 2.633588147 6.040442756 4.241684128 -0.112259773 3.891270361 3.224445601 -1.407701675 5.607901644 3.406684842 0.218109257 8.951119444 2.034479532 9.097776073 4.227267443 2.067365441 3.581300375 4.965451353 6.831721615 3.745561448
-10.172196462 0.104142677 -23.008638985 0.731566657 0.371807392 0.436540727 0.368784061 2.644364227 10.735334354 -1.035896347 2.546504194 8.997794813 2.731730472 6.984608553 -1.452501740 2.714173759 5.154811568 7.292835381 3.818320961 6.452084661 3.794607560 3.055668203 2.678981969 9.606794773 10.149659596 4.040921102 4.057830384
-9.811354401 -0.453506256 -21.737586936 0.770590633 0.201995478 0.569760048 0.201894505 0.649619363 7.775403176 -0.210684474 1.231531898 4.372410124 4.258942746 6.240122445 9.268895340 1.066837625 2.607308763 8.447667848 6.191181842 5.250579658 1.739403206 5.379268535 7.159105155 2.769523284 2.212381427 5.953883989 0.388622391
-24.624892092 3.760900463 -23.658345533 0.710189172 0.196429289 0.641489348 0.213397028 3.303010522 3.378865166 4.396199691 -1.333521925 6.144543186 10.476458229 3.474415201 4.656417994 1.101038632 4.751697878 1.918156191 1.906522506 -1.667105537 6.103615073 7.491306394 3.322522048 1.081142576 0.198530401 0.346665172 -3.198459927
-12.603337942 6.672393533 -28.093550971 0.824245978 0.403978276 0.065112361 -0.391382805 3.013290939 0.732604962 0.695645284 5.151782848 0.843599552 0.499716357 4.329882048 -0.906443798 0.253440797 3.388589168 3.391846142 0.095049633 5.614178470 12.389556658 5.507248785 -0.017358809 5.155513399 8.350715934 1.828084131 2.733658974
-17.856374105 6.742621609 -19.180168569 0.862551152 0.283421592 0.222116821 -0.355445958 -0.264954177 5.028910878 3.299349268 2.008649095 2.953028999 3.334146234 3.491425471 4.446710012 -0.212245373 5.546402334 3.658222545 8.047370864 -1.860296040 0.698762832 4.952519666 4.774613374 3.846875689 8.532402615 4.531024099 -0.220128429
-16.691247135 10.666954607 -28.493186008 0.906786341 0.331140663 0.246124470 -0.086643739 5.961304026 0.281790172 0.750516316 3.947447616 0.154294288 6.782065691 0.867046318 4.630263892 0.170128189 2.534522708 9.764111054 1.147054866 1.515065268 2.381792502 9.789742166 2.379959117 5.641498063 2.865670502 3.750790924 -0.171539196
-10.227677148 6.567209613 -28.027018018 0.725801773 0.375084998 0.410177469 0.405311577 1.582790631 6.642924538 4.028571318 1.293624002 2.857234803 1.248231972 7.704839932 7.612430838 6.551683507 3.430037612 -1.352782445 7.135343645 0.322945845 4.358536228 4.995989654 3.365054750 4.968786311 7.771299737 2.093437310 -0.340763275
-12.935160012 8.035009073 -21.203451992 0.886444243 0.373873812 0.253915385 -0.099809585 4.166468090 3.384186776 4.628202512 6.068377478 2.412878809 6.660636415 3.148764093 4.310328497 4.096608023 3.815809189 -2.764134065 7.998815950 6.319713611 0.696065742 2.835283058 2.345563167 3.415038813 8.597895590 8.059706271 5.580910689
-22.268708548 -1.691447717 -24.383456166 0.810706554 -0.413297143 0.259132337 0.323714051 8.931720600 3.074208706 5.979443554 -0.313664485 7.452054209 4.360924074 4.857007433 6.740930976 7.162733907 0.659448318 6.404996242 2.146868737 6.628666620 5.496245466 6.027271471 5.052965894 5.031432864 3.440509135 1.173533822 7.968984849
-16.691037882 2.177498813 -15.635585276 0.883063370 0.207821856 0.286707180 0.307909328 3.579840102 1.668998771 5.207114683 6.075065713 7.493891433 5.463800224 0.818715319 3.509754593 1.157498478 -1.474672100 3.166162807 9.043569518 -0.999829974 1.298466205 2.447240663 7.727160999 3.317469824 6.101516767 6.829054789 4.057268086
-21.398198643 6.144879285 -21.164165497 0.788278019 0.085778466 0.410290783 0.450467860 3.561093797 3.505884387 -2.379919888 7.199123307 2.100535286 2.764891504 -3.034852619 6.906996448 5.984302497 1.258446551 1.310979090 4.183065794 0.114135764 1.470204390 5.511292443 0.713391231 -1.031879562 6.852870282 5.760111949 -0.325895129
-12.730284265 -1.110318477 -22.603764520 0.792031204 0.113815708 0.576998850 0.163721967 4.366433503 0.097944919 4.202518526 5.105901011 -5.606272411 4.736701484 3.752357984 5.546986772 5.984102284 9.854664248 1.236060883 7.246459962 4.009872172 7.120644276 5.870233867 0.356388074 5.506406997 9.291926951 5.732907256 0.534703823
-10.612421381 -0.114850354 -30.776418987 0.940372314 0.265681437 -0.201846779 0.066114762 4.909307337 -1.536970355 8.065290810 9.160282396 3.952248503 6.190108510 3.476578888 2.292685465 3.585567558 5.370293581 2.050077153 5.688496986 4.355911997 5.512257243 3.608866753 0.536544142 5.080654306 2.002633466 3.237986880 2.897739474
-17.803445961 11.501430013 -20.636489400 0.749711745 0.387917604 0.329014675 -0.423322070 4.497027712 -0.150994380 5.160867494 8.870151404 7.347287785 13.744800986 5.122609495 1.060207551 3.755116364 2.306549094 5.138084325 4.301092974 2.719052360 5.174130381 6.206010321 5.203280923 1.868746818 2.604631535 -2.926153201 4.521335937
-9.039857335 5.409350432 -28.876708374 0.990976416 0.097017991 0.089326313 -0.023959597 2.324598322 6.545700508 -0.991577233 2.451615230 0.829763694 0.741379539 2.464408830 1.511306249 6.207207283 2.776703988 4.590378144 3.448363521 2.160867610 6.343564136 1.119355363 4.369981844 4.472185845 1.691930620 8.875650227 2.895444287
-11.984975381 6.291822159 -22.533205010 0.932314123 -0.013863665 0.355809318 0.063228981 4.131069486 5.071901904 4.144928911 3.519182684 1.312538724 6.035808950 2.657350291 5.178420512 5.289865557 5.973442009 3.693089029 11.151763186 5.555184311 4.964666600 4.814861901 3.949424087 7.673861025 0.443090901 1.669425707 2.102355738
-25.671424456 3.934211833 -26.006206691 0.712811006 0.046812552 0.692184324 0.102907323 7.240120764 8.983453315 5.287335482 8.159472422 6.128992333 2.694847927 2.358360161 5.483484576 2.540518541 5.754379272 3.491495159 1.889098836 -0.660890693 0.595182874 0.944593958 2.054484673 4.556964217 5.531463473 2.905360458 5.339595325
-17.150694092 2.506728851 -17.879060135 0.736238145 0.205442107 0.456364912 -0.455497532 -0.897994584 4.289652971 3.232938634 4.925372731 10.535726409 5.461552369 6.067187383 4.577578887 -3.752056234 4.063321037 -2.111865471 1.950713865 7.772949707 2.445837612 6.570325943 7.277388157 6.229703601 -0.793154755 3.347759898 2.666001179
-10.378031336 -3.527438131 -25.042057822 0.917585967 0.198097397 0.245078431 -0.242342687 0.108948630 2.407132526 0.971539182 -1.328739660 3.808749620 -2.589055499 -2.354332060 5.385295069 11.828254089 5.588656988 6.924492265 0.308767390 2.459205724 5.634568074 1.198578819 5.263382050 2.835090468 4.755319935 2.659031992 7.023620072
-20.394052892 2.926041361 -21.526750700 0.839169572 0.278311321 0.237053480 -0.402669698 8.066658252 -0.027772023 5.147349616 0.770171489 4.912942382 4.536815707 5.153555258 4.334958800 2.913710203 1.160948312 7.870076757 7.661129387 1.639580039 9.243306661 3.496054945 4.683988868 9.312112692 0.130613505 4.346157429 -0.950738653
-19.467774297 -1.695555742 -27.473352371 0.737162023 0.163319645 0.635662458 0.160785837 8.937758352 5.871825429 2.786755161 3.580341134 4.625540753 6.507485194 5.013117952 4.030872367 6.898121417 6.062744718 5.653319963 6.387549352 3.878460488 5.933837077 6.798534428 8.900973283 3.470737176 3.468115356 11.066327505 7.708097304
-15.914993507 8.561078904 -18.325965540 0.715167166 0.462033163 0.435388051 0.292401309 6.171448005 6.094405893 -0.022186787 3.916098138 0.220242193 6.590094711 2.108906862 7.165441897 0.109973199 -1.328879190 2.642365758 9.135135432 2.438922618 7.093598612 1.385039716 0.609500148 3.580724626 3.348731468 1.836962162 12.421595131
-13.688048523 -1.050603222 -22.735081952 0.789885509 -0.598149432 0.130625680 -0.035143581 4.232901115 -1.065948768 1.203114987 3.129555852 -0.209846563 4.173174003 7.989575880 11.629701132 6.362181489 5.775656093 6.515888309 0.167461400 8.178322801 4.646606146 4.362365876 -0.899352410 6.264863218 5.683658756 3.200337899 9.478805931
-20.990539885 -0.398779622 -25.689615688 0.779799995 -0.113712003 0.460917701 0.408088742 0.278600753 3.694939496 5.115541606 1.942942477 7.217731368 0.714246684 4.545090694 9.257458997 2.683497385 3.314152949 4.502076015 6.884066923 4.481158788 8.688241813 3.168334929 3.641771016 8.353655646 2.190284945 7.188291321 3.860983749
-12.824719081 -3.423968162 -27.013526891 0.853023669 0.379007828 0.190188453 -0.304190793 2.102038989 -0.903737737 0.029016734 2.338827151 2.344523786 3.310311788 -1.355344319 6.075354967 9.322462102 4.098329653 3.456049904 5.521688845 5.677323207 7.156202954 -2.109459235 3.722920009 7.428317241 -0.694786815 2.348954311 4.337056840
-20.818360369 -2.019102855 -24.574821446 0.810656209 0.172718137 0.549099596 0.107212820 4.082280428 4.669372395 -0.519134761 3.188791236 -0.128185468 6.535266250 7.534814855 4.078380614 3.148212550 2.684337591 3.941284653 2.831332251 11.987779832 3.032453891 -2.959037049 -2.220700471 7.533477688 3.628940641 9.091775910 2.924010212
-20.550419245 7.227283883 -21.124533053 0.982949892 0.117090590 0.045300544 -0.134339736 3.435713334 1.576916195 10.543756467 5.780264936 5.142888878 5.475651742 -0.185541771 7.455033907 2.449656715 3.837541404 2.432630035 3.951562635 1.575847202 2.314622677 6.220960112 6.046740396 5.117739661 5.671026184 9.614128174 2.624598696
-22.217969599 -3.408881871 -29.582592280 0.824623689 -0.457966732 0.196712717 0.267518879 6.680726123 4.160482137 6.227631122 4.273708785 7.719749246 -2.518355968 9.116979456 2.721031675 2.924584754 1.071983228 4.104361555 1.890621353 -0.038079934 0.914503535 -2.494860603 3.539366074 2.625713198 6.204477058 7.947861728 5.971594579
-26.157899131 0.701883658 -21.292838939 0.875572552 0.158367190 0.373802264 0.261848061 5.080733425 0.915210336 0.480945201 8.677665696 4.085394728 7.590504656 2.887454135 -1.413525457 6.508168562 3.957578423 5.202484305 3.478938611 7.023576768 3.550171811 0.835160804 6.045706427 5.723868168 0.041236920 4.895084846 4.563932994
-18.605180223 7.109406204 -31.274085592 0.934444197 0.037302552 0.349125642 0.059446181 0.686589963 0.352932989 6.405032821 6.491425710 8.024454101 5.636354755 3.342683360 4.303073987 4.030208178 4.946752949 1.921178844 0.887358960 4.058656656 1.669037733 -0.408202945 9.138288874 3.321951879 2.087063986 4.935455994 4.866960381
-16.575851006 5.187635717 -15.326540744 0.897406767 0.138030357 0.404212885 -0.110547083 5.134835845 7.369997598 5.412063229 5.775105025 8.897387455 6.980932509 1.636162602 7.347455841 4.245164621 9.604960062 7.609131528 2.268837307 5.706952937 4.371941306 5.993069628 5.547823880 -0.495598575 -0.884316134 5.045204308 5.509170964
-13.883499989 -5.334142036 -23.983274079 0.874906262 0.071535481 0.384432437 -0.285715610 1.598924464 2.134269087 7.714041912 2.598722984 -0.320153622 6.373282918 5.677298443 10.860858420 0.268375266 2.514621560 3.298956836 8.043432801 2.540293704 0.269272972 10.295604845 -0.721589285 1.817778544 5.681889568 8.131628737 4.073062239
-11.755608054 5.088423169 -19.570064668 0.862699540 0.185758079 -0.465347486 -0.068521226 3.333082281 6.180874888 2.596821051 7.683629321 0.971889969 6.928144759 3.698864847 4.701906187 3.505974372 7.614468994 6.742637506 -0.364217629 0.724309869 8.044377131 7.906101638 1.131492619 2.496565984 2.069319250 2.003666705 2.903620282
-14.749480819 8.099205356 -20.818983451 0.815735456 0.000305077 0.408849310 0.409167221 6.159903501 6.828072824 5.044389263 -1.870754694 -1.449660325 1.669179162 5.268966796 2.442500513 2.342150381 3.803811260 7.139964094 0.931869893 1.036605369 7.793664990 1.547323539 1.861587299 7.086330977 -4.844159456 5.527867189 -1.896925729
-25.181694499 4.604693209 -19.243246002 0.837005772 0.311783707 0.443118921 0.076536786 9.786376818 1.205256746 3.615837917 -0.916070245 -0.670164548 2.990813359 0.736023291 2.479332797 6.316957877 2.697906858 4.117410024 6.222015143 2.145036782 1.485635392 -0.830462711 1.103548010 2.985557559 2.174675846 3.156843333 -0.334048052
-22.623883631 10.804040506 -25.843218328 0.784376653 0.368120047 0.304715977 -0.395460580 5.643367632 4.395274989 -0.734751952 6.878830606 5.366732137 2.815209209 5.838609709 4.819629906 9.515171235 8.814982041 3.798022595 3.650287149 1.065741211 1.727468190 3.798848444 1.407500372 3.516986568 1.931931611 6.376632844 3.940588280
-12.577586922 -0.734051051 -17.035707918 0.819751931 0.042231326 0.508781162 -0.259547715 4.750128943 3.907823950 4.808079275 6.015178574 3.390530544 5.476067975 9.330241622 4.712275349 6.205473485 -1.777649130 4.519920008 6.196547436 4.429744815 3.769121820 10.077137495 4.537508184 4.537335704 -1.664713196 5.635380738 4.551388392
-18.671627870 5.011553827 -19.199435399 0.912170624 0.253578665 0.272452884 -0.171499387 11.998735805 6.649478989 3.075163943 1.701350589 7.594222382 4.762826103 0.261940368 1.275027044 2.777575711 5.695893766 5.408487734 4.796656406 3.528505685 5.733806608 1.873422532 1.189985803 1.292729518 2.330674447 4.247337507 -1.854648875
-15.330766533 7.335785634 -32.422712664 0.994456531 -0.081380339 0.056413408 0.035369146 4.834154168 5.532726324 1.695926465 9.429750755 7.260474506 3.759907640 3.253141486 -0.742150585 4.559414524 4.589179629 8.344381691 5.879262473 4.249214526 6.424501800 -0.963192875 2.788795822 0.927532309 7.204728722 7.194109443 6.014170325
-20.338572689 1.997275132 -20.058308024 0.733831798 0.328856629 0.388324287 -0.450053838 4.962785688 4.396871368 3.956954562 5.404636109 0.984816665 5.179551189 3.438876483 3.036980301 7.502847800 3.426582766 6.372333779 1.529774146 2.700634304 6.523836259 3.938223738 1.764814828 -1.117455091 -2.483843399 -0.048474173 3.633467523
-12.808866241 -3.431626778 -22.964014910 0.864670705 -0.127092336 0.406972804 0.265641201 5.120888262 -1.036149010 4.875756288 3.057017845 8.463365658 4.786642727 0.021273564 5.018808358 5.659789105 -1.522372119 6.141353098 -0.401813469 6.799123253 1.691342144 3.595150433 2.634958188 7.789765348 8.047860882 1.757579027 2.896962138
-16.329691478 -1.421722420 -28.567648008 0.935637958 -0.084384134 0.234878909 0.249585312 8.752967470 8.216043132 3.650855775 -0.567352079 6.914579865 2.594313714 4.796912628 2.155486886 2.589234420 -0.468186207 1.310154828 8.459923415 4.963292315 6.503869468 9.480049540 0.981855226 1.413665416 8.759009394 -0.116711578 1.299623987
-22.145451534 2.477376821 -25.564865419 0.809806763 0.191142842 0.509044107 0.220344089 2.388778558 8.460540751 5.944968604 8.470096387 6.968021578 6.057042229 3.078126784 0.318014897 5.295303328 2.697294039 3.855157941 6.228506569 7.291870083 -1.063716594 0.470313852 7.884566668 10.839966735 2.157040580 0.036577624 1.507765021
-14.107534631 3.340683174 -24.162862910 0.971746798 -0.075685638 0.223354597 0.009621296 2.513328399 4.741284808 6.106556409 -3.914254152 6.889993150 11.036838038 0.561969662 5.619135357 4.228327316 8.959188158 0.681989855 3.816259907 2.480495996 2.431979478 -1.979028650 8.444747995 4.211376718 -1.212782493 2.832306251 1.244680065
-21.792249022 -4.109395830 -19.165706950 0.874063190 0.171287541 0.291662140 -0.348722403 6.342901860 8.306098257 5.647794801 5.882712771 5.343280298 3.431097343 2.521866571 5.446054550 7.152643562 0.019456776 2.784117959 4.941104500 3.825831887 4.922583172 4.202476578 6.115925167 3.350049572 1.905559015 8.486136638 4.146572993
-22.263839202 6.913206950 -28.563452878 0.741940705 0.393624677 0.386977843 -0.380567672 0.099407157 0.548131397 4.758768148 6.139389313 6.276021117 5.287565464 2.934224441 3.699515394 2.037079115 2.590199573 4.253933007 5.781200552 -1.381728515 4.107346500 -1.492587472 6.995440226 4.417966444 6.305990099 2.542357680 4.772836633
-13.602644868 -0.094211046 -25.275938061 0.850911343 -0.215708420 0.288779318 0.382133837 3.193609022 7.951070726 6.699339865 6.454957614 9.335406228 4.522252023 6.775438883 7.224029541 1.884381862 6.109407072 7.166072010 0.739121073 2.370393109 1.870767189 10.337503514 2.390070881 0.954373369 0.116982140 2.374360823 3.285340306
-15.850578968 6.740938409 -32.614984958 0.938680474 -0.314297770 0.073275427 0.121353166 1.490813814 1.867311794 4.975025802 8.711426760 6.721644044 9.505256696 3.119425878 2.100341973 4.582009012 0.721116185 8.425296909 4.348675287 4.862520149 4.064601534 6.744473819 3.511850863 4.314305205 4.618936294 1.413354369 2.193185422
-19.293578381 -1.488520831 -24.777406155 0.909189451 0.067489149 0.395091426 0.112794153 5.346543473 3.704184554 3.618201364 1.610062724 1.231545965 4.406063803 0.055893419 0.858626860 0.977079009 -0.466907524 4.299963400 5.191163699 3.249838999 6.176730022 2.717147718 0.965951426 3.058871602 -0.825336088 2.593660512 12.299331567
-8.899934015 -1.000845265 -27.235406628 0.931820772 0.019280080 0.359675067 -0.044409161 7.391266599 3.526920146 2.390157178 5.235675876 3.137509474 2.266387124 1.266068956 10.427705364 5.563917438 6.885102856 -1.284620202 5.107412937 7.479784856 2.400749694 -0.921739223 3.309543639 4.300234447 4.844159873 7.497126312 1.621484061
-20.889474154 6.566611232 -32.133088242 0.999285095 0.035978791 0.000225203 -0.011609296 -0.015263735 8.673606065 2.266408349 5.366333733 6.716754366 3.366720095 1.596779132 2.864176074 1.560006193 3.827142781 0.926607936 5.828541908 3.323858772 2.220864753 1.760736432 0.888136766 8.801308657 4.771277242 3.283877557 3.892456257
