-23.606277370 12.911995614 -22.919292134 0.828447304 0.312173383 0.455961457 0.091224961 2.052437040 2.433907188 2.506717782 1.377497731 6.115522744 4.142525690 3.465280543 2.243033084 7.719316495 5.869413891 5.664985790 -0.453289117 3.305995789 5.323903012 3.775468172 1.996335208 6.319073167 5.257070127 4.567149734 2.675094188
-22.830668404 3.773002379 -14.617796231 0.745331134 0.120500198 0.480180441 -0.446528775 7.505911124 2.246824685 2.499911523 2.371669344 6.049707186 0.817793738 2.937918386 5.294425947 3.972384861 5.228459520 4.098827075 -2.971027131 5.974231106 1.019594994 7.163356036 1.092646778 1.442018382 -2.261094601 3.387870758 9.669066304
-23.708733290 9.362840336 -20.311748340 0.733806288 0.412065387 0.464486450 0.275649751 1.597648229 6.578101455 1.158145932 -2.240556793 -0.662101140 4.244786625 1.776387982 7.537047733 3.491689232 -1.661948304 11.534140105 3.991457065 7.237951224 4.078031798 -0.753765789 3.277933829 0.368082334 1.996633367 0.939324872 3.927949879
-15.857742275 0.212729264 -20.976154376 0.721450776 0.355650662 0.422664288 -0.417583864 3.958082477 3.058572652 0.443274284 3.764701303 -3.137831147 -0.635950480 0.442022919 5.266748309 4.670810483 3.763531211 5.465537484 0.942681309 1.512924050 6.680606856 4.676620424 7.759692920 2.040349688 4.836974788 7.911918211 7.495909647
-22.323905431 10.724768839 -23.027468293 0.738570242 0.139007566 0.636736944 0.172502055 2.467136352 4.892318428 -0.359629346 3.195398779 1.424155072 5.315217621 2.081263462 4.482111042 3.005406427 9.996699678 3.990817603 7.799104311 2.603229576 3.382327207 2.270830688 3.036178828 0.396446758 9.746801532 4.170825775 10.928456134
-22.048371675 -2.942927531 -14.259062300 0.811012352 0.114041408 0.443396806 -0.364215315 2.672944511 2.417023518 1.319180645 6.823078451 6.899884253 3.284170005 7.261587259 1.348703206 6.459213761 5.290306175 8.241409019 5.473682419 0.114976656 5.471597051 7.936184096 5.706946212 4.909049022 3.042324435 0.222385798 4.944561488
-29.348142917 5.793495985 -14.979960124 0.722021613 0.214766984 0.462268969 -0.467832592 4.607131067 7.521904820 -0.071625713 7.693205141 5.788715703 5.128942686 8.692494894 5.611194938 4.221022746 5.164897262 1.980922145 1.097138324 2.709220468 6.567530253 4.811273467 3.974221557 -1.038702892 5.026907932 5.625054353 2.857006046
-14.482022475 2.315738189 -18.343817047 0.707276345 0.375067610 0.599233400 -0.001947449 5.502071236 2.266216318 5.557018303 7.658388977 4.698649776 3.268095122 0.197201695 11.212771084 5.051877655 6.623289085 -2.988801133 2.817039963 -0.617930340 6.639114567 7.744451250 5.390871802 6.731927168 5.011362164 6.365691280 5.864446395
-19.142181415 -2.991584712 -24.004333938 0.827729071 -0.200947207 0.353437802 0.386738316 4.539239598 4.232680528 1.317373576 1.519405853 0.245140503 5.477932953 4.310884467 5.122978285 2.244943377 5.985745738 6.859933834 5.513135532 8.499717966 6.010959329 -0.833347309 0.909904082 3.647977939 4.725217333 3.647096536 11.062842462
-19.162189299 -1.911047259 -20.417403959 0.707378936 0.286364189 0.458419912 -0.455479721 7.824433560 2.640317572 0.020217117 4.285589420 3.660235337 9.335480540 1.108733642 2.179846525 -0.507449799 3.973272220 5.390082539 1.711516811 5.813393890 7.831166788 7.988948870 3.232578434 5.424902903 0.350232587 12.022841531 5.109631412
-20.684098423 5.773667840 -26.501773968 0.789750495 -0.047396150 0.604635653 0.091997215 6.010684910 4.535463460 -1.284754734 0.516082853 8.991958620 4.238728366 3.785224375 -2.567255500 2.784419928 3.931922413 8.514113842 6.131381253 -0.499694424 0.694026322 3.935149495 -0.734585065 5.095875801 3.953270107 1.886486416 0.583531068
-29.531295294 6.221058761 -19.355839338 0.871685367 0.143217857 0.318859326 -0.343485075 3.269649439 8.275189638 4.924308891 1.416523806 4.088384815 5.289319718 3.830345436 7.706348519 7.875292510 2.121061166 6.830172590 7.430755259 6.730699758 7.345988138 -2.699449844 3.412367913 3.959251212 5.792198227 7.903608917 2.879628207
-24.559300256 7.116790662 -17.213445620 0.825630711 0.264292028 0.418374179 -0.271010514 3.013313976 5.376070194 3.731733884 6.762679432 7.243853760 7.285540372 3.053246091 5.254268398 5.280608962 7.313134852 1.959974053 6.762342218 0.951559720 4.065571810 3.087483223 3.427122302 2.192291728 1.771388084 8.842387871 5.346507345
-24.279429690 7.826397180 -14.053428423 0.759397892 0.170733228 0.511535682 -0.364000348 7.722836806 4.768362230 2.890361534 0.635160752 0.034280448 4.379309272 1.536032798 4.901472706 0.728898224 6.072801677 3.737580624 6.301391871 6.293021486 1.550648350 2.951516094 5.352164277 -2.150534266 1.247134458 4.642085876 1.593356304
-26.266132560 5.314313928 -17.806055076 0.797295461 0.223846902 0.386119384 -0.406354936 8.182766115 6.400808380 5.369191484 6.029070400 3.828767572 3.803764644 5.042630529 5.341367701 4.811463089 11.593868206 3.690242345 5.297971898 6.640105930 2.324092162 0.113757495 0.980473287 3.997935898 3.240507398 0.050753439 6.112513151
-23.709420114 14.463883903 -19.428645188 0.790473453 0.334771108 0.502969913 0.100505180 4.970376922 9.380324406 3.148947797 1.759864979 0.510409364 5.135305106 6.912506453 6.118139007 0.209575711 2.686025760 -0.859278735 6.489263840 0.787509846 3.605406716 0.031180652 3.188293834 4.577059724 3.842693776 3.522924644 0.289026791
-29.391477240 5.421183505 -18.665631557 0.923003906 0.207900411 0.323791436 0.000560771 3.452080114 3.437405444 7.872081304 4.419256308 7.904176921 3.177077875 2.857736518 5.981793840 1.446993515 2.494575619 4.221315096 5.147451346 3.426657707 -0.902163298 1.159185518 6.960728037 -0.362503538 5.460359666 3.313922978 1.931647394
-26.287755011 9.062375931 -13.487840881 0.810365426 0.149298243 0.397866799 -0.403385574 4.778251008 2.603143069 -1.276185790 4.264981369 -0.167215672 4.731277264 4.284210952 4.725256818 4.434934075 -2.418488134 6.291917331 -2.536054477 5.602169982 3.380726743 0.112015618 5.703596222 2.808357927 7.145295960 5.495118503 3.227398935
-16.536384383 5.250384025 -19.324700776 0.763341882 0.270772601 0.499823641 0.306867557 4.950118307 3.571211343 0.095273814 1.330376890 8.228327257 0.598824464 1.017785697 -2.449873914 7.323509467 7.521889234 3.018177232 -1.122263405 4.761438751 6.195477889 9.761287126 4.874845870 6.006794940 5.589932287 2.302411178 2.907810505
-26.187303914 9.226235325 -20.530673365 0.936659190 0.151183294 0.304590777 -0.083890596 2.635528815 4.650239444 6.223425480 3.018347265 8.374448406 3.423549785 7.503630849 0.800793672 5.663775686 4.398700706 0.718738743 4.286598475 3.010905417 1.028778079 1.481052197 5.494701073 2.847947024 3.513952345 2.725095285 5.653623307
-27.139748123 3.486183434 -20.158480533 0.733000061 0.253421785 0.433591507 -0.458788311 5.285361375 3.840882193 3.509261342 5.733873338 5.895918348 1.586423518 -0.089394468 1.889563218 3.894705293 3.946943092 0.780750115 3.237708752 8.826298889 8.215856505 5.534943695 5.573106492 10.005804524 2.091008661 5.024067171 4.619978044
-19.767886445 -1.612518261 -22.569557289 0.880373060 0.222557514 0.230017971 -0.350004517 6.411350742 0.877879458 2.647409702 0.831805124 1.538727314 -1.490748286 3.018158916 0.979465199 3.571118520 3.275239917 6.149435575 9.454714884 1.101434677 5.037460456 4.438059842 0.766346866 8.457390558 6.613667879 3.017246561 7.700380579
-13.277778017 2.194922347 -17.128930567 0.880393385 0.119574729 0.435992312 0.143248299 1.915110317 1.100501860 6.353513514 1.060339253 7.309707412 1.896244978 8.767484677 7.582682604 3.066321639 4.668906865 -2.632640603 2.281636576 5.494443603 8.485397673 6.700473880 2.573556784 4.825094181 5.664933040 7.728383539 8.737299089
-19.769151729 -2.257521202 -13.872669530 0.778676201 0.228283727 0.568710270 0.134605134 1.382102553 4.697575766 1.106563346 6.304973253 -3.438197708 5.900151590 3.981623768 5.468674851 4.106344898 -0.075499453 1.782826313 4.305096766 7.465052050 5.916499810 1.569982579 8.891901292 4.582307080 2.307637422 -3.187629717 2.216292307
-26.169987137 3.170152183 -18.561848337 0.727582176 -0.237628508 0.378871643 0.520204909 4.187902314 3.788102370 -0.787528358 5.409663862 5.994152307 4.998654927 0.920557254 4.849066391 4.128244799 5.806094484 2.998498666 -0.341459071 4.084959845 4.992343813 -1.276828042 2.265460676 -0.814315753 1.420098985 6.536141089 3.360847707
-13.781844082 8.980893659 -21.954832469 0.879078607 0.136738684 0.289367074 0.353256326 6.273834113 8.766195582 5.457686874 2.249618826 -1.922387776 4.245831392 10.277801559 6.850621712 3.474019881 -0.272296464 4.959498854 3.277742033 5.045039550 -2.043471923 2.281933154 6.961536085 3.182781906 1.391184098 3.399141357 3.945475131
-17.372702597 4.719843568 -24.748534505 0.775222548 0.218789372 0.576407054 -0.137535886 -1.438228012 1.620145164 4.001483070 3.409410257 3.889989052 5.444067209 -1.654883418 5.692217927 3.834864735 -1.531781951 7.089288316 2.336077707 5.625482824 5.266877898 7.364549326 0.183573174 4.605665890 -5.202730256 3.105591697 7.449192927
-25.662732273 -1.624465058 -16.357725256 0.909853737 0.147912391 0.377982282 -0.086124883 -0.636728054 2.971170795 2.760365106 0.880798663 8.323776998 3.757572472 7.060443595 8.766259124 8.846805652 -1.087165883 1.054186308 8.506600421 8.945291540 5.014421622 4.879675371 4.356137824 4.300031950 6.057921239 3.058389063 6.929489882
-14.044916979 0.577857222 -16.684247600 0.998448303 -0.003562683 0.047076329 -0.029531555 2.382121691 0.376934243 5.176938834 5.620991001 -1.103062288 4.155511784 5.450764850 3.494104664 5.330234322 7.074598276 7.466193829 6.302979746 3.819223234 3.952215159 10.752064384 -0.175756348 8.803050832 5.848405352 6.173905280 5.580537783
-20.328426238 9.870866882 -21.538768583 0.739569201 0.411192330 0.264147491 -0.462800570 6.000058435 4.295356994 4.629957091 5.413175253 4.057065501 4.154214769 5.903479219 6.325062241 6.395588602 1.237322425 6.752940686 1.321575362 -1.326904218 3.702653951 5.853269637 5.058758137 6.527535207 2.671501183 2.596066975 2.611127270
-16.391080843 7.573475870 -26.572918204 0.838154704 -0.113282494 0.402676125 0.350022437 4.545174091 8.159761570 1.312973162 0.078701344 1.634986346 2.573580651 6.987254914 9.965626267 6.349208329 2.537409644 5.126141257 4.113788921 6.904477010 3.378880374 4.366280719 2.546288648 6.484499486 7.769758698 5.009036987 5.641244980
-30.335140368 0.802328097 -16.874429162 0.822748820 0.187400146 0.536380930 -0.016157429 2.150623372 7.803248359 -1.344748256 2.180495220 3.930324596 3.495117780 6.577342654 4.819452757 7.197970907 -0.705146832 6.144656085 1.450322482 9.794157099 1.681476024 5.276374649 1.951024629 5.289096924 2.065856290 7.702169412 4.350366517
-23.827896045 9.514844192 -16.394636381 0.882516981 0.140828713 0.417537327 0.164297390 4.227506222 1.652522054 7.399073792 7.181160859 3.989615735 7.147546149 7.196015240 4.031649879 8.413804870 6.507955027 2.461652357 -0.522662348 5.811897889 5.185659519 6.751634044 8.724671417 2.661151154 6.678854111 1.595909078 -0.397145074
-15.211818258 1.669864667 -19.996904862 0.761215556 -0.092864100 0.352096087 0.536614836 3.332623257 1.511444423 2.806621198 -1.632828196 9.183172549 2.920343020 5.279376421 5.991953798 2.437949494 4.893691745 7.208430556 3.851567448 6.906320465 4.708420401 1.522280217 5.169411967 3.419088389 2.935715934 2.315078872 1.566461388
-21.271068079 -1.293427575 -21.296784192 0.854673015 0.141629281 0.470530596 0.167559368 3.277542952 2.375251681 -0.081893569 0.258233244 1.821415527 3.200915010 3.207814090 6.249853582 9.141990743 3.958243265 -0.220760661 5.646817651 8.664869363 9.187511704 8.968937213 6.830710892 5.426932899 5.364593466 -0.086705530 1.633459839
-17.694128168 -1.872014529 -24.745783641 0.806702186 0.214443235 0.493841863 0.243651176 -0.842488626 2.073219697 0.917359164 1.353807839 2.346070014 11.459162083 3.847787102 5.719380791 5.091232391 2.535922474 5.223238522 2.673712754 1.847861982 -1.882527730 7.285454117 1.930635041 4.232328594 2.198762913 6.446696817 2.877293206
-22.967814500 0.321258805 -24.505885206 0.917113965 0.269091844 0.210396545 -0.205486856 0.811917321 -1.701206620 1.860223625 5.640987617 9.492810245 7.119663131 3.896765547 0.609389170 -3.357726462 3.356744780 6.669029410 2.412112177 9.804107197 7.839574538 6.956622764 -4.666688046 1.099580926 7.276385288 2.270469830 -0.833291175
-14.402489611 7.525035168 -25.044286742 0.795770298 0.417034569 0.100931989 -0.427369320 2.511881525 7.713071051 3.920753955 3.876054354 10.617915428 2.741532167 12.476496582 2.519094825 3.549492902 1.450202322 3.450857221 7.551121537 2.345965454 -0.903636577 11.145706531 7.248628186 6.020147013 -2.899233501 1.875065072 10.012396057
-25.894204903 -0.267692945 -25.580156815 0.828252552 0.252867044 0.332022623 -0.373921042 6.409899458 9.310971455 8.617501103 7.381633982 5.631419171 -0.047553469 2.777151676 9.751929195 2.993096818 4.301730598 2.461551006 5.589212359 -0.384087026 3.293526972 6.596440868 6.033712090 1.731791554 5.911372494 5.833353563 6.419224091
-21.691530713 -2.340098563 -18.570801597 0.772198229 -0.168370130 0.418517582 0.447442095 4.080627728 7.890693823 2.987881429 0.542250371 1.593799625 1.817610025 5.313565777 3.732242734 -3.144169899 4.088013133 1.030758563 2.428972672 11.891035984 -0.245071581 6.254578637 1.860464351 4.445873964 5.414456323 6.245198555 3.504368878
-16.659265818 3.741473046 -26.052157970 0.770471366 0.116848093 0.608852310 0.148388887 1.143203672 4.224130344 12.064766164 6.477615721 9.242625629 3.118672078 1.998019952 3.032801267 5.991993552 6.402303836 6.706716959 2.755569402 2.536800690 2.492273339 7.183565836 2.699857765 4.648343855 10.642842012 5.709400460 2.398478831
-15.325274074 0.937502331 -20.540869576 0.753341777 0.291799015 0.589069596 -0.018069659 0.993013405 7.968741550 5.406156054 3.651319368 4.975641595 5.783618715 7.795905400 3.304506565 7.102943046 3.598005804 6.196085522 3.699272272 7.432897065 1.223205828 -1.475154542 1.281929938 6.074315384 8.571567724 -1.164659730 10.479150309
-19.852461847 7.322872053 -18.799847094 0.846083251 0.217784549 0.292241453 -0.388983234 2.535489613 4.819854364 7.758822020 3.913968692 2.896545436 2.885328422 3.025805277 -0.611468756 6.611149304 -1.470901611 3.722415322 0.687353863 -0.257258144 8.332816605 6.018892053 10.054895707 2.385666295 6.096082494 0.124791660 -1.278789563
-19.348343510 9.489022745 -10.769321347 0.858879643 0.383291818 0.338587358 0.027780249 -2.517954929 1.533390429 -0.320102636 4.382249831 4.931968073 2.405570195 3.730855436 1.977609424 3.803124293 6.166466958 2.824576762 2.180522599 2.434907617 8.602376490 9.146673722 1.452421631 3.894082857 2.882114259 1.393178449 6.462222137
-14.523151297 1.776931376 -14.249306475 0.761748348 0.320227783 0.443152327 0.347576806 10.019553767 4.052436147 7.951976902 -0.155105527 -0.996185533 1.136213307 0.723734475 0.544213623 5.310562077 2.998170779 2.237529927 8.601119240 3.077897929 3.626572562 0.731049918 6.629926541 0.898131688 4.647484924 2.758722775 -0.867834023
-23.930563812 4.979387691 -10.669471113 0.928391455 0.082245252 0.319131932 -0.171696928 4.337617385 4.359582233 1.622696398 -0.844542616 3.444909371 4.943961816 8.568047854 -1.324139402 -1.181258240 4.799830126 0.701882115 -1.177659774 -0.297715397 7.591357949 6.436427003 3.350272195 4.111410196 1.068521487 -2.287264743 0.979320736
-17.746969313 8.885185547 -23.731523033 0.848388933 0.137760424 0.327798989 0.392181217 1.432024639 4.108561899 4.389270637 3.542714971 3.064219347 3.100225901 6.593560187 6.610249931 6.724847915 0.415585661 1.107177608 -0.803417605 7.679169556 10.140411328 5.847860248 0.101866808 4.160281054 4.693724443 6.069716984 4.547849156
-15.840594596 0.417219692 -12.423613086 0.829894126 0.367039213 0.322314002 0.269576780 0.347781791 -2.689918649 7.648175705 6.813099721 -0.006010899 2.295641698 6.768246085 0.105368014 1.763262080 5.697129329 7.734962865 2.522048266 9.352123781 5.193375194 0.295930108 1.304426253 -0.350026601 4.079052219 7.496352751 -0.874605188
-20.309553910 8.338002475 -27.150442167 0.818281385 0.198648157 0.432668848 0.322105809 -1.768391250 8.429913144 3.983432175 6.052867029 6.634499619 3.697199227 4.964222829 1.184855090 3.905139998 11.690045541 4.154751799 2.508464162 7.684805036 5.010116220 7.332940509 0.301782616 6.183748772 4.518397151 4.513617879 2.118246426
-19.871195646 2.424905125 -23.319449063 0.766250783 0.268763386 0.583212407 -0.022119432 3.723473111 9.368375201 4.908173858 10.201138696 0.798813738 2.755700298 2.951393342 7.404528951 6.300754964 0.150131900 5.481040326 5.947849318 1.022663643 2.360605474 -2.591597975 5.985004630 3.617487546 -3.061817094 5.597929154 -0.582403793
-27.494991626 0.246113242 -14.300405634 0.785621594 0.052366158 0.612327036 -0.071498935 4.605231762 4.107233670 10.977632340 -0.261291439 -3.017097609 -1.880421818 0.466487524 -0.225183095 5.856393648 6.577642794 3.826842926 -1.771784934 6.104140735 2.532433333 3.013561853 6.953023664 1.763366760 0.782605263 2.894619780 8.015482311
-24.037308958 0.878428921 -25.971078962 0.815762696 -0.135453984 0.562031015 0.017452228 4.396417707 1.353672810 4.550870305 1.110725681 6.838154915 3.082254975 6.684471403 0.475693002 10.028977065 1.040503218 8.658759222 5.011979659 1.647203969 3.143795515 2.429892053 4.668554032 5.013107715 1.056141126 10.355607453 -0.880505131
-22.956464588 6.250546687 -27.174924294 0.797304745 -0.201257318 0.333443091 0.461103395 6.042918673 3.986598820 2.307354895 -0.636849398 3.047471945 4.880886887 4.543525539 2.646748600 4.027746631 4.027259178 6.311904288 0.445176029 6.848035339 1.535375551 8.404025659 10.939134172 1.787230579 10.868567337 2.818467411 3.987402347
-22.020128723 13.231309584 -16.173550928 0.712174243 0.356868314 0.308824713 -0.519692361 5.971767182 -0.602984187 3.988813158 1.310509955 7.808489132 0.726655966 5.845547391 5.300884030 2.401503586 4.989548647 5.405399705 0.462324704 2.768403016 6.813585486 -0.720811580 -2.407210733 8.589419440 4.297911450 9.939414260 6.743662172
-17.110294531 7.466347973 -10.665284803 0.863086910 0.130456201 0.397322833 -0.283190274 8.200649071 -0.462123005 -0.967531633 7.571087177 0.706748348 -0.559415194 5.095515616 3.823641384 2.836792583 3.664663084 -2.951095390 11.569433711 3.628781791 2.492507363 0.586174815 2.798278463 0.063567522 7.590504438 5.055247978 3.539463041
-28.332316777 4.385971422 -26.016615095 0.776021084 -0.067841999 0.620459712 0.090655870 3.263128536 6.471671552 5.910345448 7.622865265 1.420159124 5.103987627 1.454718824 5.692859383 5.400049436 4.836548465 6.176396822 0.179142091 2.581534320 -2.229120927 5.174778287 2.105315287 6.750893479 4.789841860 4.638613242 9.900997254
-16.616518895 0.299651864 -14.119181674 0.852758367 0.199846409 0.371167197 -0.308382057 3.217176068 5.187861203 1.649085979 2.953496751 4.474644423 6.381262162 1.133269619 6.890772261 1.004198612 3.484247480 8.366777078 4.746629622 5.670238671 4.086801313 5.720437487 3.136973342 9.102529386 5.463957986 4.832427171 10.687114241
-20.564746442 1.114200225 -15.808790628 0.718052752 0.129176693 0.452426024 0.512858967 2.563796591 4.127872163 10.022614556 2.840348696 1.281891671 0.926817512 8.496846233 2.986476395 4.589979618 3.272897886 2.474505593 3.984178489 0.758907539 0.296004421 5.328762949 1.523081810 3.040036946 2.470474202 5.117620707 3.911619551
-21.801099920 0.546231025 -15.536001625 0.754407767 0.238531460 0.421545357 -0.443025028 7.394252783 1.561637499 2.498640134 1.778177148 2.163355815 2.268949533 8.957813201 2.312056335 8.419557884 5.056031557 6.828955977 4.913525714 1.965456869 8.130322293 4.951326525 -0.314588548 2.978820109 3.884482637 2.247063589 2.383070983
-13.365701883 0.009090785 -22.257978203 0.929985165 0.174101530 0.201722986 -0.253227343 8.310857418 6.524187126 9.095810548 8.083087153 2.617574995 6.373186185 1.041504979 7.579507084 2.803430389 9.521708443 1.951392395 8.741051608 5.902200791 -2.320422905 4.908908415 -3.922086582 2.912776268 3.876911786 0.972226805 4.266656405
-23.267706129 5.623388629 -19.771524903 0.821476498 0.221310615 0.418482492 0.317915679 1.062315579 9.493439657 1.783654825 7.551338939 6.298661662 1.659411758 3.478801511 2.585919152 6.542435888 4.407442171 4.778276243 2.907419612 7.734956058 3.271318549 5.512919903 6.582419688 5.648087173 5.842718807 -0.374497521 2.725208319
-19.613656725 9.078992777 -15.109678464 0.816197347 0.306725119 0.380249332 0.308467237 2.974402029 1.953461254 8.107151872 4.916952190 6.586367069 5.531131719 10.089592003 4.615108875 6.442744337 2.371813922 5.157680722 1.018126170 6.810917011 3.091002056 -1.351545647 4.382294027 5.671540381 -0.244850189 1.499972761 6.830853360
-17.167415697 9.880988184 -13.655281566 0.805497424 0.341944182 0.483946440 0.006627233 6.813260157 0.136862038 2.116436509 3.338331794 4.011319712 0.182768143 2.148828214 8.609450491 -2.471776598 5.040610936 3.854815912 6.794244076 5.544295964 4.703724840 2.633124392 7.123402905 5.996220853 1.738118942 -1.225675489 1.755750238
-17.014794504 0.183956515 -21.822387877 0.784696987 0.058125635 0.554171008 -0.271599969 2.662164808 5.950912097 5.233067635 4.135499693 9.179656693 7.001214473 3.313278261 1.379753447 5.270356314 5.247123036 5.986235121 0.741174437 2.614140717 4.034380355 3.841691091 6.187134934 5.257652705 0.585920015 -0.099424563 2.457710054
-18.673433623 1.139006649 -21.305294182 0.792162320 0.298655200 0.346748556 -0.403793722 6.050591762 7.828271333 2.679391222 0.258470139 4.189348515 5.861898804 4.306383415 4.606341990 1.820804549 -0.318210967 -0.904268913 2.080642404 -0.532627632 4.815123153 0.420310761 1.232719095 1.595212273 5.161361661 0.398893486 3.305426827
-27.576670884 8.259905083 -24.383721488 0.728068520 0.307773344 0.434980537 -0.431258313 2.003876586 8.040579651 0.793861772 0.920801441 3.828466528 8.516207488 2.071560764 9.911992180 0.825621028 5.449120555 2.294561192 2.647155655 0.113731712 10.078510078 -1.552460584 6.164933957 7.253304240 6.880223932 2.592131618 2.022725100
-23.435326005 2.290078220 -20.170630180 0.922382088 -0.096372050 0.367640745 0.069021692 7.532108696 6.520007578 0.932203487 -3.310887869 9.368911150 -1.029238418 2.190971898 2.774569480 3.887609048 1.494223459 -0.447905328 1.418383390 4.719923604 3.410805841 3.645162693 4.420520646 6.338309266 -2.550985900 2.962263866 5.248115660
-18.929865696 4.040896732 -21.476137443 0.714437028 0.319533505 0.568143655 0.254343978 2.440450500 0.098907600 0.724097554 9.938759605 8.453146860 6.626532716 -0.292372847 4.626654162 -1.514803542 4.361964387 9.279184285 4.541708876 7.834102870 4.944220196 3.381523008 2.310201948 4.377709423 5.575429567 7.551131929 2.819148871
-22.758109828 4.663198677 -25.756889040 0.848129624 0.261868548 0.241877843 -0.391913401 4.281904074 3.249726419 1.903138035 4.216009685 5.484081809 8.354519995 -1.829035776 1.850988981 4.795720472 6.113875420 7.676114303 1.832296693 6.417801643 7.279920394 4.542261602 7.487977383 2.062302172 1.997430822 2.646632891 5.092910415
-24.614557711 6.606351140 -12.105415989 0.794243717 0.194506824 0.419756247 0.393889205 6.177515987 2.324400048 9.018827988 0.185462198 5.721355045 3.687266772 1.231717573 5.432802498 3.824990854 4.300937715 -1.021960760 8.091895214 0.206620072 2.346963700 7.607885578 2.351407358 3.105574515 0.909981845 6.959630048 0.045094389
-15.494747351 3.082847861 -21.165343538 0.849457342 0.223893057 0.407534999 0.249418016 4.747831260 5.180675367 3.600881671 5.345343456 5.554482911 2.021570684 3.476572799 0.188469108 1.613001272 2.895361409 3.582488052 4.294133921 3.190738017 7.751356049 6.518833196 2.228482445 -1.433660283 -0.554700577 2.773812997 8.387573780
-17.952468282 2.943025947 -21.458092171 0.907754061 0.233786396 0.186614363 -0.294111485 7.891135346 5.133682193 1.778086322 2.321377199 7.033809440 4.589421377 2.883868259 1.660901684 3.431225014 1.843193261 2.867391479 8.313599675 2.377385250 3.367605106 6.340525231 9.060479381 3.885744127 9.578725343 8.116932549 1.024812290
-29.143500729 6.947821484 -14.761542455 0.764994630 0.055071576 0.630133290 0.121170845 2.938213795 0.568530379 1.886807257 6.352008210 4.514414032 3.672580956 -2.498839257 -2.008364557 4.459787368 3.320436999 -0.469044087 3.757593452 0.603607854 3.828588411 5.451821043 4.405506483 -4.620485976 6.220030070 2.623650582 3.739172234
-22.609687608 13.601885749 -17.878465099 0.712433958 0.280669521 0.603687856 0.221863578 10.440150375 3.998319390 5.508833272 7.420788471 1.675673784 5.055627086 1.411856506 2.207085934 -1.553653069 7.687697509 1.476613160 -0.114825947 4.395131054 2.354659723 6.752836506 4.270146721 6.811482669 3.212787048 5.899112454 3.782148684
-25.627676833 0.603451340 -17.940783139 0.765196379 -0.078632861 0.469690206 0.433223367 2.978476571 7.903004255 7.278874603 1.720653068 1.596249269 6.314786047 4.722460387 0.035155618 0.368587946 5.022165576 4.099562972 0.518148621 5.360706828 3.420610884 4.865468794 0.873501225 -0.449750728 1.583708454 4.010599912 11.890042984
-28.826906709 10.715243820 -22.398956613 0.838853953 0.064912559 0.270064179 0.468162091 3.175806530 5.254645395 3.945769554 0.784561398 -2.563303884 1.822907756 4.928483727 -1.723707004 7.092938005 0.580222731 10.822516818 5.393885597 2.162201393 7.331496938 2.991656728 3.293106197 3.262322430 5.998491838 3.886075149 3.406545256
-27.836695041 -2.312051992 -16.375121562 0.896338227 0.076912713 0.425323563 0.098803256 -1.283155759 1.502808570 6.427457855 3.326544320 6.756376289 5.156943189 0.927845185 4.352805850 0.206304841 0.410260782 4.605117281 4.001378118 0.997434069 4.183903955 4.750471665 2.612517348 2.781836298 -1.828864063 0.819491131 4.124423218
-19.863456271 9.201768161 -23.295471642 0.748348307 0.407740340 0.314034341 -0.418455564 1.863345443 6.203169834 7.692622157 -1.098004701 2.564655618 5.325587963 0.204115830 3.903559685 5.855627434 2.280233936 3.286616643 5.798630898 5.575521790 3.877374594 3.797792767 4.021313545 2.114875336 3.105868557 3.271819332 1.078797005
-28.512276335 -1.464241487 -20.720131637 0.707782429 0.120422974 0.692757539 -0.068039207 3.210611327 -2.228925715 5.071814642 2.750280996 5.087709660 7.295713932 5.256744239 3.117479089 4.278080926 0.765578368 2.389230040 6.792375297 2.071273709 10.274706374 0.582609916 3.496998061 2.241617583 4.695991359 6.232947710 3.053511559
-15.396181091 -3.182930987 -19.275509080 0.774047424 0.202879845 0.573445071 0.175644828 4.761689441 4.572374956 6.319336588 5.612305653 3.962712320 3.776144252 2.092093416 8.981890833 5.474013622 1.949411718 2.039099018 2.912040445 -3.162809142 6.713534278 8.120708983 3.566900305 5.037402162 3.409213525 2.441315705 2.944905782
-24.703569867 5.130701281 -25.164951983 0.839987279 0.248697551 0.479308211 -0.053240382 2.636864186 7.393601645 6.544255940 6.621812680 6.461648842 1.380771077 6.589257364 3.731294988 2.962538430 3.330776494 5.972040306 2.034516961 4.639179094 5.749456640 5.753010352 2.295659031 2.776524434 -1.053877074 8.732304812 5.056122431
-19.837214537 5.153036803 -21.714360305 0.878703862 0.007397094 0.336660034 0.338356066 8.935567930 9.405540369 5.782708878 1.897894613 2.803543493 0.159225989 5.549350621 4.373165256 3.942979349 9.418021353 3.256883210 2.907385934 5.363106904 4.956788944 5.055531287 5.169565230 4.170804902 -0.663139903 6.626580516 1.518890780
-13.766075769 3.902435078 -22.699153223 0.933144412 0.219784230 0.108026135 -0.263185775 0.913977832 5.019789173 2.898570469 6.662475745 3.444241249 2.192873210 2.826745705 5.383037337 0.100444840 8.233454472 3.730325649 3.654400483 5.275613767 1.696389970 3.328160772 -0.629055498 3.289203579 0.640397055 -0.532549564 3.407898611
-27.411619375 -0.830917466 -21.670013140 0.852666690 -0.011538058 0.366929462 0.371738025 5.995171351 6.492919089 4.272313374 0.146529694 5.201921568 2.510726193 3.467238517 1.122870631 3.673933139 3.274873879 7.130294451 10.666146708 5.688229464 2.194021325 -0.263978453 5.325339927 5.264345810 7.993302882 -0.660190527 -3.200397572
-19.275663036 2.193030940 -27.748598745 0.768512607 0.201012672 0.561015541 0.232903072 7.618531926 6.597962791 3.832718810 2.769932091 4.759243960 6.532586078 6.526957111 4.532148704 5.061549902 6.858897484 6.967093362 2.023069471 1.973925191 4.703623283 6.894147067 0.009260513 2.323842110 5.792712673 4.408052856 9.795401410
-17.119611622 8.306633598 -14.136980250 0.760638251 0.306938701 0.480439074 -0.310477667 0.968867632 5.673686139 2.797083218 1.512649398 6.159531285 7.199477340 0.813623933 -2.447949219 -0.013987711 3.291614945 3.348146127 -2.901309300 -3.318539367 0.574964182 9.828741313 11.017173540 2.327211841 3.034948692 4.129850893 7.581559869
-26.065009364 3.151722425 -26.645718784 0.707797378 0.349968636 0.517275608 -0.330107211 2.326169273 0.253083323 4.372624920 1.597958675 10.845202338 5.718162953 3.278010453 3.701009643 4.284799865 2.514722777 1.615432380 2.829416598 4.086255317 2.829262313 8.334343838 7.360210152 5.013962000 1.077285171 5.405007208 3.509264106
-28.068218030 7.547060762 -22.474527302 0.809430272 0.192791497 0.444238682 0.332123572 5.906249770 4.618006422 7.579136130 4.584983306 -2.368032617 5.464773228 8.781479942 6.799884947 8.163592615 10.921140823 11.327179219 4.729346683 6.004105318 3.387420239 8.094768902 4.162069247 -1.803168193 4.680373939 1.918913003 3.190916782
-16.894777665 -3.267241373 -21.191406476 0.958891304 -0.079662305 -0.230470196 0.145137425 3.696383850 -0.145106920 5.104247678 2.926182967 9.305202356 8.690838440 2.477953590 8.163698401 0.538261941 4.144318556 5.978962331 7.078994104 4.686913376 3.793099191 2.008726034 9.741146894 4.352266411 7.748664240 5.080440540 5.368362697
-19.147079222 6.034323064 -14.034169733 0.848367289 0.273046296 0.357855169 0.278672461 6.125973550 3.608196336 2.756729260 4.627194393 4.568826580 6.162486273 -0.097401898 4.225370218 5.013461223 3.506931150 2.653164728 4.106541004 8.405088866 5.142049713 -1.304506266 6.639703754 3.073879837 8.876362592 5.666178908 -1.218466606
-20.398720344 4.657203657 -22.472071787 0.900875513 0.176294738 0.386972428 0.087153982 8.335266547 5.949371886 2.950636833 0.095769933 4.335543241 2.039283653 0.330819991 4.548874874 1.442808207 8.156510776 3.018597640 3.178558424 -1.935944267 8.762260451 1.159764409 3.264623158 0.464640336 0.692140241 2.981092856 7.002557554
-23.837306933 -0.080179427 -21.263817848 0.899651068 0.158819309 0.257772194 -0.314575711 5.338186128 -0.266904721 2.367126508 6.831405741 4.550835569 5.460046534 2.050342596 3.222257219 0.021564811 2.707279167 2.793237667 12.870093844 1.468994604 5.554338905 7.142052647 2.986534424 2.639356483 -1.218714750 -2.268895055 5.921673880
-19.232592839 3.008352173 -20.222133709 0.840450104 0.171111609 0.474462468 0.198115637 4.787911734 4.735497511 7.753941774 3.632565611 9.005834051 9.247419931 5.503855401 1.874911150 6.905583356 1.473138481 3.337747852 4.450163748 6.544844746 4.572637268 -0.685502159 9.012380807 1.314881407 3.767032669 5.672126266 6.012329467
-16.463820055 4.178637286 -15.293823825 0.776849112 0.349738933 0.523621632 0.002919160 4.998822810 10.323969745 6.307274107 2.862765529 2.203881463 -0.018269174 8.151431553 5.065305773 7.136534475 4.122575512 5.652837931 3.998321522 1.066087816 3.447226102 4.586519568 2.834075926 4.447380529 2.572489952 3.132574305 8.925962355
-23.372373630 -1.756446203 -24.762869056 0.856853266 0.218120279 0.314190135 -0.345703027 7.318650849 0.203946086 4.072751609 8.465057235 5.684150932 5.214740011 6.159300460 -0.766993544 1.323831448 6.947526492 4.761421747 1.198066117 1.531561656 0.769665356 11.841746466 8.822776618 9.210520098 2.655219955 1.154175748 4.456183688
-13.994058389 7.767893053 -18.800609163 0.848722966 0.304339375 0.226448240 0.368467184 2.671652803 3.182303443 5.142725995 -5.209458933 1.257386399 4.836036239 5.450614382 10.382981704 4.083884997 -0.338306212 2.589760584 6.762297604 3.763743599 -2.758615685 5.596709675 4.880978036 3.475137090 6.978617858 4.130744209 1.728013954
-20.067859525 13.877862604 -21.760681393 0.863350558 0.305210780 0.169941525 -0.364131942 0.615308771 4.893470209 8.039649760 5.245950666 1.694230471 -0.145496818 4.236563872 2.323866922 5.124131745 2.695451971 0.268568228 -1.988162701 -2.696738175 6.171656758 7.951831215 4.098841980 4.279150456 4.344548332 6.258422887 6.983359067
-24.065538342 9.154529163 -18.551633909 0.787282932 0.358511802 0.491849012 0.098688515 8.998974154 4.324193337 1.747921208 1.466065974 1.493432085 3.297208495 6.836252217 2.225403628 1.932385039 6.993882641 8.516373473 7.508468127 3.080455243 9.634746384 7.643736705 -1.403979596 3.054790554 2.468514911 3.163269222 6.394465462
-17.365947938 5.218089047 -16.611748458 0.832065487 0.202778860 0.502453860 0.118692362 8.337688418 2.305554663 6.716698332 4.945448302 4.770330368 8.914391264 4.607337095 6.377880869 0.034766364 3.671782375 6.705853181 8.060115124 5.275104385 2.975449474 0.476451731 3.447292847 2.123818935 4.593200078 5.085500617 4.136695990
-21.903650804 13.204142410 -21.975719861 0.719468468 0.500244218 0.480092428 0.040399338 1.148118726 6.615922348 0.079798958 2.260970892 7.730084051 2.954485925 1.867963842 4.907274019 2.724264068 4.297177605 4.424020371 4.887480537 1.654392840 3.202571656 1.059583324 1.492418229 6.556315742 3.269614943 5.454833036 3.719753087
-25.277234819 6.803069322 -17.944106513 0.778925386 0.327861696 0.524274978 0.104487791 7.435833653 11.423666946 -3.780080790 6.807249836 6.797669885 1.127386134 5.108457144 8.138360860 0.912754463 1.297552282 2.601598525 -0.904723285 4.672052382 2.355333766 3.242207896 -0.586257646 0.440386022 3.373011233 2.810010541 9.474715310
-23.991218474 8.346920350 -18.271011245 0.785979074 0.194270991 0.367163777 0.457915317 4.954684384 8.221692099 1.333173454 9.897056423 2.253778563 1.758876339 6.035326302 1.841490758 1.892817144 2.716574464 7.477021672 6.817181798 3.943905206 3.182176462 2.534670277 0.829801734 3.771141259 5.998539674 1.485575532 3.412673856
-21.536954721 -0.693700941 -23.741911159 0.804322495 -0.058525170 0.319465405 0.497576109 5.824712666 4.867195690 6.754996718 2.284389319 5.951248459 -0.318420115 6.621801171 3.548444039 4.060225571 1.135044651 4.018377202 0.486173224 5.431731653 5.829747422 -0.282882152 4.820512922 3.285879483 6.552384973 6.618806237 3.938547732
-20.507923463 11.926699280 -23.111403610 0.935454540 0.206092939 0.137595275 -0.252027865 4.443447147 4.098491695 4.936186087 5.917475808 -1.598474037 0.947384415 4.064659531 5.705832939 1.595954505 7.088253441 2.556691254 2.310357405 -3.420030902 0.531579169 1.034041431 4.622805964 5.334893797 5.231045530 4.633060417 6.675485380
-13.503496555 -0.709618311 -18.578282600 0.837598957 0.142985005 0.376682193 -0.368908932 4.322896958 6.098659031 -0.237680035 4.501913106 6.019891352 2.285812045 1.314026048 3.766441610 3.372476930 9.489748109 9.346901004 2.040828245 5.122730939 6.129710471 7.006915602 -1.249233151 9.480319058 5.000665600 8.401491830 5.165842889
-18.317250279 10.598445254 -14.394287915 0.790086363 0.430079170 0.435653390 0.031647605 0.690315324 2.474308176 9.565143362 6.141344396 3.320222729 1.703388492 2.454194504 2.237297052 2.832928463 1.665838881 2.874162372 3.346608218 4.806914264 5.758384520 4.527832917 -0.014677242 4.245867614 1.300798118 1.940626035 8.282478394
-17.593040494 4.292229408 -26.687242357 0.709095136 0.257497349 0.576873649 0.313202805 2.913680712 7.151850018 7.238839349 3.192287462 3.664507450 4.755295317 1.491029029 -0.362656886 0.509127408 5.073443214 7.552535632 6.284060885 1.957706573 2.953114426 8.556882715 6.890721435 4.340406593 10.392349537 3.807966978 -1.928401228
-24.765141085 13.097238682 -15.886946656 0.795286361 0.323112377 0.401572002 0.319151881 8.834275454 5.357978710 6.194171965 3.046709785 3.064036430 1.648288642 -0.504629217 6.609862407 4.701498218 3.529001640 4.336455879 3.263322579 2.553371396 3.619578394 5.541304834 2.724024386 8.587071695 5.519078296 8.621538334 3.812775882
-24.550119352 3.336122690 -19.047981497 0.755620658 0.271435544 0.422968394 -0.420068929 6.694296763 6.057666405 1.106696634 10.490055246 3.533356282 5.522040066 3.949130646 2.481790700 4.380145114 1.586500158 7.483064912 -3.902435690 3.764919233 3.494039084 9.177078654 5.237650742 5.480480992 0.153373178 2.012165856 3.692206406
-17.816145454 6.299850186 -25.060377379 0.871898408 -0.025270873 0.481984581 0.082737010 2.300140754 6.827894715 7.096656435 4.588246353 7.868157030 4.312250025 4.379460394 -0.658750115 3.233656041 1.227383292 3.003660158 1.789973036 7.919711788 -0.027457565 6.532806466 5.620895435 8.499861133 3.838802618 4.132159470 8.958080775
-14.770006556 8.809689462 -14.893914444 0.842941065 0.334940642 0.251058617 -0.337986241 0.119083315 4.795572194 2.867319989 4.085869564 0.549548533 0.250329239 0.407428619 3.962067131 1.732743806 1.369888828 6.485776396 6.405292847 9.167026604 5.053971141 2.095700575 2.462437652 -1.034118347 2.742576551 5.902103013 0.518403251
-13.673545481 2.762859004 -13.444696299 0.751891731 0.195326780 0.397283752 0.488540575 3.192522204 3.767707028 6.851958138 5.316642510 0.380799237 4.842255782 0.101682309 4.859120494 5.066979530 6.037524205 6.502581960 -0.386186312 2.375973050 2.314652468 8.260792316 8.523022091 5.940353065 2.143512322 5.252926034 5.362293238
-22.684431613 5.369161229 -18.771842982 0.788933806 0.264220254 0.544260321 0.107479342 0.977934168 8.579194311 7.455824913 1.479415927 4.620631651 3.080067861 2.668585419 14.205297474 5.033139441 7.509374377 5.867107205 5.017831099 0.554789837 2.094826855 2.253214891 2.273301644 4.006322552 3.782739730 9.338591981 3.205719056
-20.456453067 -3.892743665 -17.247810861 0.850092936 0.178721854 0.495095180 -0.016770843 -0.064343390 -1.763898285 1.574265151 1.674063314 4.898646818 -2.987344363 7.842915321 3.433824959 -2.237911183 4.218120723 3.333892776 2.679551607 8.275468505 11.861813238 3.661234551 -1.005796312 8.676902515 3.934983472 9.138418758 4.710921115
-28.380536720 0.197438458 -16.281353715 0.819153351 0.040211084 0.557901519 0.126951768 7.129583329 5.051990499 7.973679607 5.218887027 9.509125568 -1.760980767 0.218074715 3.146316364 -3.307621613 -1.358726654 4.713989647 4.478953120 3.336699314 8.115175106 -1.452991589 4.401297615 4.087723083 5.902861502 0.809693083 4.925532215
-14.753395045 9.263275725 -21.819678798 0.943304162 0.298485189 0.138356794 0.044059583 4.903757797 4.241777576 5.365207747 4.157304247 9.113290972 9.090929295 1.378543253 -1.089442357 2.563407303 1.695147753 -0.295887988 0.446021355 8.464589446 4.893896702 8.421135548 -0.109211130 1.456686271 0.701698536 4.456709119 -0.526548638
-23.048959296 2.807978017 -14.788656443 0.802674288 0.285895493 0.512899382 0.104460413 -1.045786155 5.885883896 5.716234418 4.904493194 -1.681548556 -1.236214513 5.780837899 -2.572038777 -2.623303681 5.111795068 5.981956859 3.861219184 6.567413388 0.713444343 -0.219375410 6.385650512 6.818379172 3.580506801 1.224292324 4.794052464
-19.564647450 12.813941422 -18.727942179 0.929521639 0.237329843 0.082740491 -0.269848252 2.453514746 2.844723324 3.364255678 3.901957726 6.647995752 5.858665012 4.222734161 0.096190827 8.508666526 0.836531581 5.253223405 -2.667817446 3.745863892 4.209340023 5.545551188 3.651706320 6.898770196 5.689063509 5.015364565 5.052874325
-23.911367477 9.357453382 -13.252926612 0.751065037 0.366911837 0.343986577 -0.427726839 2.819401333 2.628999543 4.136668818 10.302921349 1.673260400 5.730622297 7.726743013 12.137317621 2.242155897 4.547051856 2.405020669 11.817102499 0.727369931 5.661955505 1.053783685 0.560156243 4.204450954 0.662980162 6.426868099 -0.577855973
-14.306351139 2.462068669 -21.623792623 0.945971630 -0.313783448 0.080206878 0.015635841 8.486661346 3.040102488 0.211148496 3.934052184 5.561774583 2.713283566 2.210611198 6.768874178 0.672528110 7.440386193 6.556782771 6.971028447 3.040629550 7.190137603 9.478829005 6.582870022 0.484166155 4.800087066 0.509144491 4.451653959
-17.259069945 3.384791962 -13.347879411 0.767195053 0.363714681 0.411581594 0.331246092 2.534411698 5.455877776 1.484433684 1.021674689 -0.356034292 4.568877577 2.035808412 3.194071257 2.340668389 2.841145782 4.595763822 7.681579817 0.886393907 8.651141090 7.940221911 2.258564377 4.196711426 3.483311155 5.440629373 4.034071043
-25.405362911 8.333582966 -11.075829834 0.797691774 0.297206795 0.524678716 -0.008258278 3.935501294 4.697473324 2.876584699 3.228026594 0.640923237 4.516396631 3.213126519 1.565759406 2.568027406 2.471943682 3.852431501 0.836342562 0.543003967 4.144334885 2.986691041 3.129596690 8.639810013 3.511371372 -0.578423063 3.720158250
-23.462717887 2.582881621 -27.071865719 0.835567900 -0.093889487 0.539540534 0.043669904 3.930914926 0.720690848 4.800024142 2.130494043 8.721287079 5.752637649 5.741101342 1.613092394 7.251851362 5.327555263 3.745649984 6.517283894 9.896368586 0.197278433 3.068402527 -1.482415423 6.051547927 5.762650154 0.707678091 4.503119282
-20.016154991 4.817555804 -20.011715438 0.718222710 0.381513001 0.366422316 -0.452038334 0.380883092 0.119758371 10.029020043 0.196959552 6.549905339 -0.047815279 -0.389661025 8.532071547 8.066657243 3.909145723 4.812487410 3.282240866 3.907604773 2.188281517 3.165372324 1.580865871 7.251879606 0.451712939 3.083416695 2.956371142
-26.006685119 9.106388389 -16.931243997 0.775464315 0.286469842 0.325340146 0.459068530 5.671164333 0.977437785 4.040851692 5.739964401 6.417283720 4.966716611 5.087326226 5.935364569 1.920045215 1.988674385 6.431414534 1.091889467 3.679804845 6.209879519 4.977438831 3.190167157 5.645029389 6.141107879 6.380112675 1.675086402
-23.677407082 -0.443696995 -11.103609909 0.962372457 0.032211741 0.256141317 0.084813229 1.898557256 3.095086734 1.217482349 0.516425844 2.879080879 2.482201689 -0.648050341 2.354763578 4.525244641 3.220739914 4.820477854 3.304201788 2.938676678 6.329094006 3.172566821 5.808734613 2.786307466 3.114185979 0.257230003 -0.195720997
-18.366628516 5.581413654 -11.479077352 0.788862538 0.183813503 0.271449536 0.519830397 2.277420084 2.312842967 2.564392329 8.090266564 0.675741417 2.116448562 2.615287791 5.310781537 6.391726677 3.509758175 9.478470753 1.813106796 1.214404721 -0.788355101 1.013677980 6.842711909 1.450610989 1.052564266 2.150635946 6.790581274
-16.925866379 9.081169682 -26.180287210 0.937688645 0.226867394 0.260741334 0.035848949 8.845981616 5.155925214 2.364714093 2.919167195 5.708221848 2.741591610 3.327061920 0.317800845 0.011048639 3.763553852 3.172322873 6.550156079 9.147586286 3.142217010 5.029592834 4.238084868 2.356782798 3.834830689 6.135930505 6.946424673
-20.187728975 -2.437350434 -19.298005359 0.792831859 0.070206659 0.594447469 0.114546386 4.130007557 0.272146266 3.441451558 2.093799716 5.890919611 0.552770348 2.251702885 5.671124180 1.343124814 2.384619196 4.990099412 2.011887502 3.141337055 -0.536234884 5.151834580 5.355832380 7.042260361 3.131538935 0.926510491 2.720454508
-23.332224114 0.267233267 -17.534921213 0.905285886 -0.012092797 0.420556173 0.058683346 7.294445383 6.668671424 -4.065486287 0.475926377 -2.754845240 5.329290830 3.114046261 3.673715994 0.532174674 8.651238979 9.361950559 5.832883004 3.943093804 -0.562281051 1.731363401 2.071066151 10.762086034 3.867492330 8.581220015 2.685222388
-22.267696244 8.430590984 -11.064453827 0.851686827 0.153731975 0.419834929 -0.273376407 8.237464356 0.324882026 9.464544093 -0.842569658 1.774296982 7.638304998 7.436264798 3.018830744 9.041961145 6.312990293 3.712600161 0.425085108 8.761348119 5.696402328 3.277108949 2.907173904 5.300596198 8.723384701 1.314196544 5.908314667
-12.369649994 2.006542497 -20.069121415 0.941871875 -0.333607812 0.004111399 -0.039576436 4.240211327 2.798277708 5.642243419 3.403464642 2.161687767 2.248132909 0.074557959 8.687599658 3.680294664 3.374334735 6.587005493 5.742568255 6.104264533 4.734355180 5.277925042 8.271092836 5.488010216 3.457431613 1.430653761 3.211945649
-21.034104304 11.471578565 -19.147488324 0.729818913 0.463914603 0.411002922 0.288486037 2.922941430 3.200938734 6.158651398 6.503499368 7.128399886 0.814196771 -2.931732493 2.016036302 6.834326843 8.320392230 2.038008914 3.905061993 8.035989666 6.712210613 1.555057550 4.738284474 3.623163013 0.699579565 8.615289150 2.605910915
-23.641475899 1.753729291 -28.170559555 0.759413310 -0.151962854 0.481256197 0.410598573 8.830794264 6.159891085 5.684431168 5.650328019 8.749819110 5.879153604 5.646570988 2.103918276 1.488024785 4.982258116 4.614266645 0.041611651 2.444609230 2.999711460 3.491515333 -0.418691060 7.762952447 2.757415710 2.188910071 -0.790452002
-18.966849773 2.405164171 -23.404332304 0.917805810 -0.104849823 0.381947052 0.027485604 4.848241426 8.793302574 5.774337530 1.491429226 3.854448914 3.931306384 2.379978298 6.170580149 6.058594605 0.781957505 6.704084737 4.635257341 4.821852838 3.637866812 5.503045967 0.847747431 6.032260006 3.698864167 -0.605169530 1.288944530
-20.997533250 0.299471757 -24.218994024 0.743844957 -0.194926316 0.639207556 -0.010588257 -1.511632144 2.275830753 2.454027619 2.558461078 4.120857552 6.050253687 5.311252970 3.939869956 5.911154869 6.463395866 3.662567273 -0.484568286 11.098399242 -0.255253173 5.614442318 5.492453611 1.118779134 0.942252865 4.520874779 5.295855617
-12.847737269 7.087885781 -22.198173758 0.857940608 0.310661259 0.401137043 0.080725260 2.990920201 3.442073534 -0.303343409 6.819207595 4.377431381 4.427912477 1.947499739 2.919610198 2.388281968 6.213307176 4.351618092 5.589397340 7.034027547 6.313745902 4.405404822 4.126194312 4.382903969 10.738558266 5.773571190 3.509698333
-18.186944469 8.037385146 -21.843404699 0.901014581 0.261901747 0.147305269 -0.312859965 2.049935185 2.860316914 3.344337549 3.919493061 5.055149378 5.177247653 0.492001709 2.518884099 2.192711117 3.611886649 -4.027202876 2.732870534 1.347685586 2.115040007 1.448652481 4.298393160 10.429632975 1.346361111 4.391232854 6.632802529
-21.109130064 13.249730152 -16.363248039 0.808266097 0.298056349 0.282716100 0.421829273 1.792648534 4.780588057 1.540599753 4.662535846 0.309576061 2.235047226 5.465001007 2.041712467 6.317276271 6.309763069 7.720184276 7.906577204 4.712446886 4.347800127 0.428536663 5.243065856 3.014714110 3.111333267 4.568263050 6.610528476
-28.348878128 6.313896322 -14.567815473 0.818778786 0.217947940 0.501160956 0.175891134 11.597223041 7.401740439 -3.162589951 5.172621223 4.930199498 3.062132970 0.541906624 7.757468883 2.987474072 1.660326327 9.074862891 4.786226520 6.456049777 7.868826725 4.744791285 6.059190624 -0.646762348 4.344331786 3.294760165 8.126704068
-21.452217571 5.541272453 -14.329950210 0.941327058 0.178923250 0.286137441 -0.003899348 3.831151841 -2.357259114 -4.043833321 5.883535558 7.277396970 7.268018571 -0.367348869 6.372227807 2.569911928 3.419401381 7.613895065 4.232794434 1.885943617 3.884900434 6.651485181 2.373614335 5.321670198 5.772795492 -0.570847930 4.539925982
-24.632495459 7.024009603 -22.626171377 0.847215093 0.132770751 0.489107572 0.159286838 4.405033792 1.587284366 0.694177266 8.266832430 -0.677414529 7.587414952 2.825222395 4.801784580 5.315552512 -2.537651016 0.530314722 0.108168936 -1.108669640 8.292204667 3.206712381 9.856807610 1.131181803 -0.111499388 3.354135315 0.223419862
-18.281799050 2.424933517 -24.786414887 0.800717465 0.084655071 0.581973026 0.113984457 1.675574647 2.452106782 6.810962773 1.389085037 5.541212450 4.850658182 -1.336129541 7.625152529 0.373282834 1.081438892 8.536925670 4.796978490 7.856101942 3.179777536 8.412179179 4.479265298 3.004789201 1.506807845 1.279367816 0.623663546
-18.239680723 8.067155718 -19.558660854 0.856721180 0.160491625 0.408714707 0.270598497 3.588564127 3.086430693 0.807447902 0.644022499 5.996971604 1.976315739 0.549751432 7.001748859 4.757725816 2.484379258 3.700027794 10.778531623 2.667845497 0.456645603 6.271313960 1.121644262 2.292077307 4.007319882 3.849578062 0.187280130
-18.698921489 0.835663456 -26.373463883 0.821760069 0.010415369 0.400343599 0.405372559 5.721876450 5.322595827 6.051179413 6.628031462 9.256309093 6.495508142 0.373727809 2.062852870 1.032576922 2.337056258 4.797827133 3.114247681 7.752496164 4.677387934 -0.878969414 -0.366262873 3.160328672 1.754224927 2.632052772 6.202499601
-28.123525102 4.313746327 -13.578581743 0.830880913 0.162219120 0.376641709 -0.376115526 0.754159019 3.284905164 5.278765050 3.591320565 4.230822329 3.440232981 5.428283485 3.120610308 2.285277101 4.247924109 3.630581709 1.500570758 2.955660647 2.932996650 8.840833037 0.577683636 4.226656368 9.699851982 -2.236115022 3.628667935
-27.214504769 -0.307085079 -14.491934549 0.784348266 0.026670173 0.470992215 -0.402806198 6.519874451 2.014934355 5.810125618 5.801375322 5.738586582 1.423126247 4.002932804 -2.879492444 3.004114197 -0.819941379 5.384451071 1.345459601 1.874902419 4.161718788 1.907676398 3.469991246 1.049119072 0.183721416 5.404892482 -0.317827476
-18.482386594 10.710752356 -23.692365391 0.766740371 0.208434000 0.571480506 0.205120703 3.243929496 -0.912129379 3.212384745 6.306200356 8.344781546 6.295917535 2.860167152 1.830722970 7.515770727 4.318063193 6.200375437 4.618172238 -0.748528941 8.398493412 -0.346000441 2.534281785 5.422867313 4.670009854 5.918885415 6.068801399
-22.179644239 0.944262983 -18.738024435 0.748335822 0.249607377 0.572374648 0.223778724 4.113098036 4.382257833 8.142468615 5.304399452 1.771581587 4.624274810 4.184791465 4.316746316 8.875389822 5.807547141 5.689323647 4.851246324 7.836970646 0.085345614 2.923368046 4.772980444 3.706930170 9.720203382 4.384221026 1.807633905
-14.197032937 -0.371160242 -18.047531764 0.764684267 0.431083918 0.469398062 0.095341948 3.222907092 10.156841683 1.803367412 9.376841358 1.019359021 -0.616759434 4.664020480 7.666025451 0.856755455 4.579112500 5.703838655 0.996770022 6.721900253 7.427608656 4.401472448 6.962724192 1.188094653 2.483294895 5.107736304 1.782009466
-24.687038153 10.259167638 -21.355378392 0.814878289 0.288098887 0.493313595 0.098051533 3.230182088 0.106207203 3.646741775 7.246624026 4.263085552 9.021497940 4.153638474 5.856881661 0.733131657 4.796980983 4.844138130 9.261365590 4.380594718 11.195776607 7.071305537 -0.992847235 6.572516179 6.783757366 1.839827849 7.989648716
-23.368433294 12.625908255 -19.130395856 0.774742322 0.295744322 0.307695361 -0.466511730 0.909462616 4.728306118 -1.031769153 -0.602752082 8.100041881 -0.568845333 7.618700745 -0.532316335 7.192890089 8.541269369 -0.143992934 0.797557831 6.389496301 2.627264998 4.170116392 2.023436066 1.057726291 8.378174324 4.254488239 8.702550569
-25.170120109 0.279465832 -11.999585592 0.832256519 0.010528829 0.464003268 -0.303214772 6.217818651 4.332687684 0.684906581 4.181275700 0.889253600 4.421626070 7.697378803 3.622024782 1.410208445 9.934352526 4.400115941 6.467136121 -0.147154903 5.756408589 8.470691203 4.846367564 7.968459079 6.150266899 1.872701222 9.045649914
-23.352577641 -2.015044961 -12.466434921 0.755364209 -0.170436356 0.479951652 -0.412338177 4.234955501 3.162946700 6.687823914 3.233582131 1.579442570 4.655537961 5.361992894 -1.152291107 3.264503568 0.857239414 10.726791349 -0.141527730 2.910418038 3.556575384 4.343339267 2.933289368 1.264941177 2.813834380 3.900575304 4.924176941
-19.391596660 2.945231904 -12.913216344 0.726905127 -0.129646282 0.562048226 0.372696351 6.195520044 8.924271137 9.719098036 4.683138044 1.223476952 3.289423932 5.228121404 0.736988491 5.129486496 3.131807578 1.101867407 5.824671309 7.293416971 -0.085359169 5.224416470 1.643405982 2.247321143 8.123895411 5.630203278 1.365147554
-22.432133422 -0.345174848 -21.187795353 0.899279700 0.222446969 0.376204357 -0.016841880 0.975764229 7.128768204 11.956482808 8.593865126 1.846203545 3.962270976 5.840627918 4.031718781 2.468601816 3.371036482 5.281194305 4.381266181 7.651292429 7.254631966 -0.304284031 4.395569093 -0.102893162 6.604605496 3.713400795 3.085393822
-24.840952896 13.767022369 -19.673112835 0.710756171 0.341983024 0.614616092 -0.010969786 3.122924011 3.917953715 3.564498357 3.527852688 -1.261002288 5.940787388 6.232386854 1.374767356 3.535393510 5.538221449 7.420732961 4.753474082 0.632552465 5.012998554 3.141036696 4.740335246 6.196394207 4.155593104 0.652067887 1.893660470
-18.431305025 7.153330730 -22.521249043 0.710131002 0.325702371 0.574774000 0.243447683 8.150532861 2.791347043 5.245212936 1.159148765 3.655028772 4.690986957 7.380342199 6.526089243 3.634305376 5.259989537 7.107765090 7.343412737 4.710971630 9.416982120 0.593609274 1.817235078 2.224873596 1.800841569 -1.232909426 2.817824342
-25.761270267 0.921270854 -22.943583216 0.763227323 0.195223692 0.591023701 0.173386127 5.465985718 7.363834021 1.653260330 6.308322837 0.186561769 -1.640192604 5.111744807 6.113618366 -0.927058163 6.069215632 4.875763645 5.983835717 0.710786645 3.233816108 -1.293543370 5.229378708 4.362810761 4.664539403 0.547873903 6.097786972
-28.805033327 3.346101284 -16.986848334 0.744993730 0.233843280 0.623764670 -0.034918450 6.785217708 4.456531107 -0.755601014 3.469512907 3.929116053 10.499970246 4.184763489 6.202745235 0.806445072 2.699829588 4.651640419 0.341419377 3.903230385 1.957771723 3.357575831 1.164483312 -2.780957096 4.118675227 3.784767212 1.228846594
-17.857764324 9.331592271 -16.191460676 0.858842633 0.165594214 0.221736408 0.431046230 -5.144428704 2.120480602 4.500611676 5.010972005 2.145538352 3.816561787 3.478025093 7.040072754 6.004396504 6.426460366 9.338972503 6.099507252 3.444559537 5.821571974 4.141162277 7.274277147 6.732006239 0.470351760 2.060779408 4.896886347
-19.402041593 9.841105241 -20.484934254 0.769405264 0.579410626 0.196552754 -0.183482643 2.697413068 5.023309079 5.294179173 1.862372895 7.623357431 6.816194847 -0.274894036 4.100659350 5.431647369 2.420395238 5.943806403 5.660045867 6.622428310 0.281311552 3.508563059 7.139465368 2.376425606 3.385779327 8.539998762 2.630527753
-19.665812252 10.041432328 -18.075805067 0.885580713 0.247587975 0.228457687 -0.319771920 1.691133602 3.686914258 2.139114930 5.216590763 7.558381654 2.291081914 2.745342426 2.058874345 1.524495221 3.886380515 2.521153614 -0.829630386 0.629405966 -1.108663512 3.164058065 1.411216142 8.550672415 0.090667301 2.908645791 -1.380189549
-28.926967379 4.673429680 -20.764716477 0.835884038 0.012325019 0.387349054 0.388724427 5.602592504 4.193664618 6.858477535 1.467081305 5.672368987 3.134564485 2.799910196 10.069276988 4.265968191 1.548901161 -2.005328895 3.562169768 4.064688028 6.498533490 3.842504888 6.050158007 1.082462302 3.586243213 0.677106432 0.153760343
-20.218347815 -3.179290097 -20.569398361 0.824201881 -0.050800018 0.558350815 0.079718161 -1.017377554 7.743639159 5.935823868 9.638204539 5.202652725 -0.634741442 12.004087696 2.426883899 13.145278041 -0.168292124 -1.529092667 2.354235420 6.635599600 3.518742039 4.313724656 -0.038036079 4.716854609 3.606605851 2.702140772 7.784239982
-22.007462003 12.851029468 -19.339125137 0.768999835 0.324043032 0.438545323 0.333636581 4.688593422 2.794249204 -2.010844742 6.341189703 10.322541442 3.926904013 7.069657650 5.159658140 -3.422803063 4.752307759 4.682638101 -2.741402865 4.803306951 1.597183547 -0.720410056 -0.020145706 -1.502286886 0.341025319 -0.413027811 0.093493533
-19.092780175 12.575716234 -13.945521691 0.924049798 0.247606268 0.223759585 0.186426274 6.505718778 1.663951040 1.815485161 1.852375769 0.883338862 1.767256232 4.936597004 5.590337619 5.329810637 5.798953836 6.820600000 2.750621958 0.121372664 6.424457239 3.361683020 4.976742051 3.884562723 1.825270767 7.935171051 4.493702157
-19.705884836 13.430879774 -20.900442077 0.821078614 0.181416412 0.448146410 0.303451463 5.681160935 3.172673212 1.611786172 8.139855370 5.761892715 3.768243942 1.601612920 0.834190814 6.646089132 5.473042004 7.003921619 0.131305923 1.859524016 4.449896428 1.826221615 6.401225233 -2.943012554 4.612422171 7.386451950 2.342553918
-16.693342750 -1.153061011 -17.576405983 0.833827358 0.236961649 0.291199944 -0.404701997 1.798118406 10.198072441 7.485300177 6.817274583 1.439168147 2.942919052 5.165692825 5.856789604 8.060487114 3.605107580 9.454403729 3.450883572 5.594753686 3.991072742 1.194347949 2.550069307 10.054570059 3.493416894 2.386565398 3.258292865
-18.610971527 12.704524215 -21.781025303 0.863475234 0.192988027 0.371281984 0.281630664 -1.941926032 5.530601066 3.207993462 1.311214347 2.815610261 3.695915044 9.760643789 3.914532585 4.523123273 3.710724188 -2.639240772 8.523668598 3.820150665 0.129280541 5.543858515 7.059117526 3.828073813 -0.345286929 7.283598912 10.188885156
-22.298339280 5.055687610 -28.426869000 0.856778213 0.278913837 0.206014757 -0.381701566 10.485495902 3.672010697 0.909826953 4.414233534 4.742926738 1.735599401 0.097410017 4.870776701 5.326532538 3.868987794 6.481844107 6.157804811 0.491066470 2.529250368 3.087215129 0.258192203 -0.879665887 3.321799836 5.536835864 3.583405551
-18.383208037 7.047047929 -26.545019470 0.762656265 0.179590340 0.534802438 0.316368589 5.396618288 7.712682968 7.117321588 -3.398830577 6.383988175 8.260631738 7.150420776 2.406315505 3.792929018 0.598921137 -0.395707139 3.687317306 6.113525136 2.673890792 3.939246345 -0.591482922 0.027053990 -0.952962113 2.464821183 6.494525520
-16.800869080 3.491139888 -12.341659835 0.894220764 0.212921037 0.373259895 -0.125343160 8.376065105 5.185332689 9.088559524 8.682261192 5.043014467 5.303400876 1.004890380 5.934056018 4.203098633 -0.502641402 0.141390982 6.940203497 1.583187390 4.723629710 4.687633910 0.673321810 8.993425825 0.389517056 9.165499291 9.378141741
-25.621789366 8.307297899 -16.846019307 0.783022662 0.261135810 0.334043187 -0.455081035 2.655954815 8.543525369 3.780752787 4.890855615 3.766545243 -0.113424228 5.373542653 4.450363865 7.060941685 11.548404920 5.314956894 9.715323209 3.709342592 7.017196087 6.682195565 1.899215468 3.331501143 0.576701206 6.223028496 5.092079227
-27.894579691 3.632131482 -13.464944459 0.788445509 0.264366745 0.553983518 -0.039574811 1.181961847 1.236769839 1.035288179 7.105801294 5.250079896 1.453550759 1.358424861 4.093558511 5.394018567 4.975096876 -1.858697449 6.144280655 4.870845139 5.727025239 0.819411567 5.896670104 1.838562582 -0.182786891 6.550130385 5.346008143
-16.057928731 6.359495067 -23.828908456 0.919898756 -0.009703552 0.275321805 0.279087843 -0.983017633 -1.367722818 -0.805851736 4.663918556 6.371301204 3.800389346 7.908231562 0.446253868 -0.746634885 1.625199635 1.899590770 6.653803260 6.220928617 1.770286402 6.847265390 3.898183175 5.400142266 7.712289300 4.801265574 4.626944121
-14.005172322 -0.229962315 -15.685667521 0.900185259 0.192933122 0.326698313 0.213802529 4.876279485 0.494233826 1.288637225 4.569323183 6.169624699 5.186424986 10.164896670 1.122171299 9.241543001 6.654397239 -2.113248313 4.776225237 3.180847651 4.147465202 5.392906765 1.520344366 4.308863411 -1.176612917 3.216169302 2.588914308
-28.183697954 3.177608791 -17.177738642 0.854473256 0.147646257 0.341262840 -0.362788798 6.419797843 4.861282370 4.225585000 0.293415649 5.748302809 4.351474481 -0.844464961 11.597466300 7.752379529 4.568116631 2.687701825 8.242715630 10.865180836 -1.261822547 4.541923015 5.941961712 5.104282944 7.939791792 9.875811503 -0.675378581
-19.306892226 10.147742066 -19.016584376 0.815755403 0.363415348 0.388755310 -0.226587104 0.146877361 7.681374479 3.313698456 4.553819476 0.108098764 6.379509372 3.628667880 2.510454086 2.228438162 3.306412190 1.481255140 2.503914955 4.847442015 2.971860480 3.322934106 6.572182535 3.822432952 6.527745486 7.312865853 5.051424064
-25.388589523 6.537121477 -12.817341223 0.934853214 0.192228900 0.298490254 0.001042396 6.558252528 4.670420487 3.581876642 1.610618464 5.822486431 7.876702526 3.065828951 5.623756609 4.898345046 5.593153004 2.773431770 2.640594436 3.251044950 5.667487558 2.260096479 10.153669621 3.084494497 2.585165804 4.469858874 6.572874389
-17.748706245 1.634012382 -21.653605539 0.729679159 -0.479448465 0.337384834 0.351950236 5.257988155 3.153612230 -0.484226593 5.753217373 -4.235409676 4.683251877 2.530209206 7.503492676 5.805653944 2.622757269 2.967627581 4.926204507 4.709387934 4.797940471 4.879567813 2.601194722 -0.775485463 6.897169555 6.743559357 2.675908341
-21.278042352 -1.269415181 -20.025377307 0.777200861 -0.162837366 0.591338817 -0.140574594 4.423560310 3.628315259 1.696899190 2.425276701 1.431146150 1.911319917 -1.836438912 2.715936700 2.829277460 2.896208747 6.831406993 1.935110916 10.226893196 1.434687732 1.213357366 3.166896175 4.377499941 3.071539571 -1.556264984 0.190997794
-16.730649979 5.769679518 -16.018616115 0.845483925 0.198065339 0.221285344 0.443801589 6.147569048 7.821370130 2.851279656 8.825919593 5.380131069 9.052692428 0.794448918 5.853240057 3.139720522 5.636192158 6.221755064 -3.020737804 -0.458451085 3.852598934 1.523078228 9.351002112 0.930126334 10.337994407 7.102404685 1.847553639
-22.653359434 10.351891557 -24.090948701 0.830112608 0.135750283 0.349371164 0.412825276 6.701860476 5.013598412 0.646887010 6.756683626 0.794464034 6.144814376 5.056395971 5.070954711 1.418316919 8.724304513 1.910118123 8.035362137 5.778099371 9.213161757 5.191130946 2.879022985 1.998093501 2.509784896 -0.733775013 -1.229104275
-25.238719837 -3.678922897 -17.954059844 0.887722464 0.067256299 0.360727475 -0.278030765 3.182027047 5.700615217 11.327220029 4.741826490 5.511810264 5.643760063 4.631168636 6.634141557 5.023863541 4.200094210 4.005046327 6.543472705 7.672163278 1.539247203 1.185072058 2.082792093 3.918752081 5.329560840 4.228556040 4.203479008
-13.551655948 1.029389396 -20.892600057 0.767522187 0.167800705 0.616816408 -0.047855356 -3.733163806 5.485371211 4.913578538 1.577288618 2.661551708 4.806438377 5.281334796 3.277389627 7.413308478 2.852689184 6.185382414 -0.061048415 -0.381260337 6.541050219 8.016277298 6.001523283 6.454591296 -3.035296684 7.639818851 -2.190789321
-26.584914125 4.349716199 -23.478537617 0.819014507 0.247039038 0.508055008 0.100334743 3.759160407 4.533372870 3.397634801 4.607722722 5.591556239 3.237211625 4.576442928 2.677067364 11.069241222 2.801557366 6.524318804 -2.295420761 2.070683254 3.238181378 5.323078162 2.069750414 6.361736668 5.224468997 6.930789057 4.033874750
-25.819855156 9.008302235 -23.300832155 0.711012933 0.267887738 0.604892087 0.238332397 3.629837092 2.386830926 4.444256274 7.382848580 2.702754981 3.518290528 0.395861989 6.026468704 6.994983257 1.862499580 1.762518382 1.801608873 6.346828814 3.774845171 0.606578619 0.444076173 5.491869264 -0.509333934 6.588066613 0.539984671
-22.544144582 -2.811257687 -15.346642473 0.851638955 0.159478366 0.478893935 0.141203187 9.683081958 4.990361087 7.360310847 7.220689502 6.006030741 8.991337375 2.155436602 9.100540505 1.376240741 -2.479825428 3.504952875 4.882099858 2.905745566 4.805073756 -2.006250298 1.093164710 -1.640365899 1.832585351 7.306348115 2.021855141
-26.109035038 6.443595762 -21.894484869 0.879616924 0.219245427 0.420603128 -0.036034972 4.156036159 0.492600347 2.848928999 6.731551541 2.216181862 2.537329643 1.945050620 0.898649262 8.519912207 6.815157846 4.493221152 5.658935153 3.123927050 1.767198543 5.791395202 -1.882475485 11.659408805 7.425010382 9.381614972 3.670874276
-14.328664304 1.965278996 -17.268961008 0.980536258 -0.142216345 0.056152949 0.123166573 3.245357914 4.911503168 1.949674554 3.422606964 2.858092869 7.868606634 3.299760976 4.974612393 5.573538707 4.823778357 2.883521189 4.640262446 0.003392982 2.924485300 3.274736985 6.377506085 3.610134120 2.407369529 3.619815202 8.028944138
-27.518688336 3.303860558 -23.065484962 0.893846156 0.192981081 0.400530056 -0.058077755 2.592419333 -0.520777590 5.954214890 7.137656038 0.977088973 9.315995283 8.517699593 1.072882577 2.975499640 1.871707532 4.751936199 2.929578630 4.303689625 3.726877033 6.187802127 4.545361562 4.791053138 0.702693996 3.827736368 3.817113002
-23.185835374 5.157848219 -10.190952943 0.852269126 0.210411676 0.465795914 -0.111348243 -2.861670834 5.528444687 -0.250193455 -0.369741316 5.295269132 3.265651604 4.556512089 3.304156411 2.669267375 5.540599498 9.709833741 2.222989299 4.671373096 5.657918760 3.305549731 0.358245116 5.669988400 10.380820681 7.298735058 2.540450172
-18.111160465 -1.260253884 -13.470214537 0.892816711 -0.181791996 0.380286345 -0.158783772 7.896765860 4.046034182 4.297917969 2.740433103 -1.616288971 3.554642887 -1.716857058 5.788337803 0.929307262 9.106435480 -3.233895656 0.091428311 7.699367551 7.034460135 4.896920152 -0.124605017 3.623910843 4.242234741 5.289167161 4.282527782
-19.713954097 0.779682656 -26.392082877 0.837541726 0.335815679 0.211712323 -0.375405886 4.114963461 6.043768433 5.215376516 7.417684762 3.231144718 3.402345256 5.273595537 -0.334910000 6.252138482 2.744073590 7.055327635 4.773713392 5.098003576 4.021460699 0.075847221 9.008451669 1.849633003 3.329544008 4.307344402 3.101881121
-14.600559491 1.522548945 -16.465609050 0.743562990 0.343074287 0.514467852 0.254434555 6.114924390 2.038133383 2.868926517 6.046498509 7.916444584 1.979924830 5.853346107 6.440218446 0.966515545 0.676420794 0.332850143 4.311421549 2.017979256 7.222310270 3.342086771 1.075814455 7.182013547 6.716962412 4.702513467 7.148997630
-13.286892545 8.238696919 -18.043252894 0.739351547 0.384864986 0.408019042 0.372503280 -0.487005471 2.345511920 4.158448217 4.980547560 2.550677584 4.975852713 3.857980078 6.271187775 6.280565518 -3.130564746 3.618059920 2.060582978 2.703524830 2.005382114 2.850891195 3.409286361 5.259021388 4.181462874 2.928976307 4.646933932
-21.070174405 1.565811176 -24.869233817 0.887865095 -0.029756754 0.454160710 -0.067440036 7.332962728 2.707079132 -0.581801366 2.820951318 3.103817065 7.192001780 1.020291907 1.677582807 4.334776987 1.806260845 1.588906609 3.848524807 3.334095563 6.607731540 -0.158573738 1.683500901 3.920137232 -0.151467658 2.183948182 1.123895178
-22.167635480 -1.729765609 -17.321129697 0.800248963 -0.272738194 0.525201655 0.096843674 2.719488833 4.717820532 4.061684374 -1.516022371 1.749578673 3.558106526 2.572849336 1.415286331 -1.055097197 3.031669244 8.122964800 5.378530388 1.083902720 1.153565841 0.873215695 1.907300865 -0.006182867 -1.280069943 1.803656789 6.752212523
-13.576704367 5.953554563 -20.065451200 0.820155978 0.419459529 0.344853343 -0.180205566 3.370207523 5.922125508 9.103147260 6.842456255 10.058528399 3.085995091 4.870811167 2.283111289 3.460633304 2.072435735 2.304201992 -1.857666004 9.312774067 3.260907068 3.085619606 4.509708673 0.566515106 4.306744825 2.787291365 -1.211027069
