-3.734779705 -6.288455606 -31.793484541 0.969520132 0.027758077 -0.237528007 -0.053297734 3.824492188 2.163986442 2.000087530 2.781520438 0.257619669 1.275335926 2.620642260 3.175049607 3.815174432 4.859464328 3.563654802 0.271032068 5.177615561 2.176972010 3.478648443 8.072905468 1.965226774 2.081825743 3.916994854 -0.237094733
-3.281379097 -9.586076561 -25.392028937 0.832981307 -0.271605550 0.405150415 -0.261200513 6.260740355 4.974738321 2.996134384 1.661520997 0.839941700 5.211990526 1.155708221 8.094771582 -0.434996532 1.482899695 8.607798318 5.921509330 4.057728169 0.478160081 1.324291801 7.275554032 -1.251470167 4.018944259 2.202146270 6.485656747
-11.349241872 -14.761645527 -25.429176541 0.922220179 -0.293084209 0.055449568 0.246042542 7.002730194 4.498415249 2.915390801 1.739131559 5.797922608 -1.512443885 3.997341581 5.067184047 3.100472809 4.403493635 2.766619957 4.917818596 7.228248354 5.360504751 4.943262276 4.986964306 1.889948195 4.224870949 1.726350770 0.561890333
0.869817118 -11.412867109 -31.598630158 0.949796077 -0.191959835 0.243115596 0.043973195 3.391875787 7.459658510 12.212825400 4.734074449 9.379558574 1.997513977 8.202253693 12.424814780 8.370275167 6.043776206 3.869427569 7.918543545 1.352611258 4.985656430 0.177741368 0.384911824 12.844423373 6.415551176 -0.891381745 6.309389752
-9.149116233 -7.660647003 -22.494454219 0.712752537 -0.249450791 0.517952719 0.401849605 9.251938218 2.691161221 1.248376016 3.855560875 10.311385789 3.922634547 3.875157274 2.636304215 5.923169350 3.323710045 5.959595834 6.360621757 1.586690185 7.348979332 1.734972339 5.180137843 6.968147901 1.299831411 -1.185344351 7.732235949
-7.534247638 -4.862974456 -23.886240009 0.731769097 0.103052133 0.659740710 0.136515357 -1.551926098 2.148200929 4.834076975 3.584544572 6.428497787 4.517294673 7.688928286 1.406427252 0.276667535 3.787795487 7.696164579 5.933734635 7.286833699 5.900503122 9.270361690 8.092104334 13.447303224 3.043304473 9.345662649 3.076869649
-10.464430497 -7.609430221 -25.051866885 0.984507507 0.050934847 0.140917742 -0.091064816 5.918040746 6.841114046 6.969677486 3.391645492 -1.665802056 6.126753710 4.070903324 9.010566603 4.945375199 1.271354055 7.885713264 4.594409298 -1.361357367 0.030610213 7.147692710 0.857211333 4.413093465 4.756283022 5.952246907 6.434791258
-9.965993385 -16.936684774 -27.811239898 0.743316656 -0.236993572 0.623920962 -0.045133451 3.990244141 3.303256451 4.185408235 8.410145397 0.791415626 0.102859407 4.206011545 10.902973312 1.402167052 10.415474096 3.042174648 4.475550733 0.799439236 5.498319874 10.702290349 3.354851976 6.148532649 1.373984736 0.949758739 8.738226567
-10.092022162 -10.076520549 -33.355230541 0.940959572 -0.158882459 0.290004800 -0.072447669 5.258772093 5.208796072 3.930874894 2.924643880 5.673571070 4.636853872 4.389468322 3.513737925 4.431990705 8.047424447 6.387395785 3.187933974 0.881383576 0.465567854 3.857003245 1.933637477 3.149116803 0.881416345 4.459643554 0.512274372
-11.885210121 -9.235627606 -33.630876405 0.812798586 -0.316755029 0.411510910 0.263976286 -0.724331122 5.542612145 7.125164082 8.496003808 4.992302726 5.866330351 3.266158096 -1.331609476 6.939589481 2.294378106 4.756802748 6.724589071 5.045586485 8.873831596 0.841333178 3.635079573 -0.018943886 0.928979038 1.365870852 1.024769181
0.491005436 -8.046421824 -31.365299168 0.948005485 0.310469967 -0.045051434 0.053519786 -2.508469661 4.282006782 5.908984977 -0.279866310 8.823134172 0.173542411 3.697728455 0.735513535 7.336747276 3.260811831 3.791095698 4.574883101 -0.457346746 2.071220758 -0.237999453 3.727418505 0.488636621 -0.403448051 3.861900508 6.798353633
-0.116689828 -9.093798326 -23.691847985 0.993843365 -0.036557804 -0.103285972 0.016459086 1.918583976 6.388450085 1.497306564 8.924723652 -1.278369666 5.345704878 -1.945392726 6.028309551 6.486127430 5.029370953 -0.897802442 6.629323207 -1.003763285 1.641538292 5.378471164 4.461737767 3.567396829 4.179605931 4.925422481 7.372916710
-13.780964711 -4.717806976 -32.632026901 0.858103145 -0.144723027 0.413459492 0.267890811 3.489970826 5.664534198 3.027557777 7.913410800 2.141319645 4.440946209 3.566327770 1.764853283 -2.478496398 8.493398654 4.270245504 4.641702930 3.310177125 5.771897553 6.289008716 6.324207275 3.692391586 10.000849552 2.172196395 4.638673550
-6.594665781 -6.325218551 -25.549102281 0.833197457 -0.154451400 0.305232197 0.434465267 6.977601258 -0.057076465 7.986039960 1.055083233 -0.367051727 0.556349215 7.676886050 8.505023920 7.535044476 1.188419793 5.403958635 8.014913349 1.975367114 2.286992457 3.123816533 4.633071623 -0.462401800 6.674481140 2.422260683 4.618956389
-6.163290316 -0.840956376 -32.751266503 0.867825747 0.196564595 0.428822108 0.156052658 9.353673661 5.871340440 3.407755340 6.481118907 3.756720603 3.238191548 1.964870703 3.288952112 1.683057959 1.669059135 4.109057713 9.045405417 3.433692473 5.276403625 7.271247284 6.374471137 1.254953811 3.706489589 0.226287587 4.396218756
-3.595231254 -17.139266651 -25.897103453 0.819300021 -0.455540742 0.269097352 -0.220945068 1.496814012 4.973050832 8.974629778 7.544988151 6.344833171 5.978632325 -0.287875862 7.933548199 8.529925951 2.738887303 7.071676955 4.492494555 3.051707809 3.129511702 8.042311894 3.280451475 0.789536504 7.033769857 4.258096967 4.106233528
-8.443718853 -17.969262136 -27.752411764 0.895673892 -0.416200357 0.069751886 0.140286195 5.163609011 4.132957115 6.577025771 4.793334922 5.702927617 2.158481380 6.774404015 7.028264170 6.633055336 -3.461103904 9.545030478 2.832816179 6.118527479 5.136428761 2.285618631 -0.021738801 8.896477824 7.695038118 3.805297752 1.056754526
-3.825795597 -12.184345127 -22.183639131 0.778119261 -0.611498401 0.142042282 0.020593952 2.674993193 0.757287805 5.825928177 3.887738783 2.185381568 4.482267162 0.028205182 2.095009152 1.826928244 6.225576480 -1.467796909 2.129694746 -0.059084813 -0.074167924 0.628257615 2.808901975 3.771673501 3.689488499 0.495396074 -3.270702660
-0.275885007 -11.936025748 -27.750186138 0.940041030 -0.251512459 0.198403960 0.117047911 7.528087634 4.229744770 3.178242579 4.465679919 5.540003311 1.787583442 -0.862095575 7.835364419 1.980925903 4.502428914 4.474462412 3.098353479 3.842988244 1.563785103 5.787166709 7.110800457 5.978356350 5.959128863 -0.521898934 8.667573908
-7.942553312 -15.398123162 -26.512081264 0.866009348 -0.252436735 0.424547033 0.077867326 1.852686349 6.888606848 2.146221356 4.400798551 0.385897426 -0.167817148 4.402596134 7.170490860 5.981244685 5.230648266 4.120251299 2.991689797 2.547319191 6.939959442 8.726303820 5.418242933 4.206134362 6.944222321 3.663324876 5.972568289
-2.827507785 -11.942857309 -19.788822553 0.744266233 -0.660051815 0.002252200 0.101952458 8.479127174 4.299569890 2.189389878 1.508784974 2.443179456 6.310627639 7.113161939 5.261232578 0.165283962 7.516904787 -0.548295824 -1.655723056 3.487093749 1.207149886 5.746824617 1.378680847 5.442127339 2.772055459 12.969170149 7.430430921
-5.120263018 -3.207478667 -29.537384479 0.827511732 -0.244574841 0.409729371 0.295853551 6.096341443 3.212776602 9.692231099 4.507707871 4.579579253 8.714382660 6.000578859 5.222350114 5.528591832 3.647356539 3.711221251 2.437419757 5.441074206 2.442728591 2.538596443 2.668468962 6.269978608 0.840940931 2.790178259 5.737962721
-2.858860007 -10.645196838 -35.338929084 0.959962979 -0.253138554 -0.094429400 0.073993512 7.320727319 1.932854229 2.719363841 6.686323525 -1.783250849 2.416660686 3.228580222 0.532054742 -2.569428924 3.987787469 7.323203448 4.038551361 5.148006812 -0.453741660 6.185773997 6.840021902 3.901748505 6.195151000 8.295016400 3.381822569
-6.104118206 -13.329966295 -31.608962965 0.867774779 -0.187557398 0.458172167 -0.043213671 1.314260333 -0.603685125 5.154389714 5.096144065 5.116716151 1.766165069 -0.163268787 4.483138706 6.064083761 3.992788847 1.963853330 8.588668688 3.184882656 3.262861392 7.165685592 7.518804969 3.995689700 4.959629276 5.499911477 2.126669002
-4.486890850 -9.357710604 -31.656701494 0.838212337 -0.339923021 0.282175833 0.319733040 2.844226428 2.283108080 4.061894622 2.877370200 5.207284701 -0.603528904 1.016973983 1.045297350 6.439833718 5.503735089 6.053847573 -1.039675791 5.628890467 7.335901919 9.425535334 3.341533578 5.123075985 8.461929962 6.072851040 5.664127565
-8.017443446 -15.770132543 -32.474461473 0.873347516 -0.053931995 0.394486426 -0.280599208 7.346342850 3.506973359 5.377230756 2.633047777 5.365907569 8.043383918 3.596166288 2.115176281 5.281737147 4.704033278 -0.421835148 2.142846218 1.079071299 3.851078118 5.357915855 -0.520239136 5.046799304 5.522222103 8.070533516 5.118538890
-5.799468420 -12.991994698 -33.988039484 0.898408581 -0.089794535 0.427708703 0.043176702 0.865554212 3.154957770 4.370494300 5.256336314 7.203504133 -0.433977718 3.319468879 10.644852500 1.173307558 0.732918200 5.821173836 5.020948133 8.353564932 2.212336402 7.407515998 -1.302009403 2.797355561 2.108000795 5.107463848 6.270691538
-10.353512204 -0.867678708 -25.713493837 0.778749328 0.172361688 0.581653841 0.159748998 9.448557265 9.448902110 2.913774375 8.866638198 -2.250896886 4.126479995 9.155444226 7.347220556 5.758240990 4.187197216 3.452818179 0.968961530 4.178872745 5.652756161 2.561479822 0.638099107 6.236221979 -0.041084083 5.640660338 6.780779643
-5.493995769 -3.763133826 -23.143083846 0.721430064 0.283004573 0.591810848 0.221826497 7.010382356 3.973792652 5.086935246 3.562538566 3.173055657 6.562034761 1.692457001 -1.692762438 3.333853296 3.145511284 5.809655437 8.769873162 1.534950234 7.759953793 -0.933864227 9.374529193 5.953332227 5.655355502 2.937469731 5.444816575
0.134082124 -15.359744105 -29.581900689 0.925182037 0.182471840 -0.325563250 0.068926017 2.319013674 4.748375812 5.931602276 3.769358945 6.250024267 -0.862335020 7.102510224 7.903649223 6.181392293 1.245720513 3.947782736 1.662076111 1.233177699 3.854184786 0.621620620 2.505803895 6.958044611 4.989746645 10.367389108 -2.341892818
-7.152231193 -10.651808233 -18.819078071 0.841386461 0.041905522 0.520110649 0.140704170 1.052356816 3.337055814 6.293060981 1.975196462 1.636208185 8.937482789 3.077590617 2.414218759 5.970913728 1.508489856 6.396684688 6.404248806 3.696088447 3.700612745 4.236444104 4.940760960 5.858515808 3.153011831 4.308803306 1.658758587
1.485627052 -5.631090801 -27.524483663 0.965354274 0.113294760 -0.228412445 -0.055526377 1.722138472 5.512160465 4.978387383 5.325522553 6.600581998 10.638880655 6.026844166 4.124057823 5.594246667 6.540076145 2.801739853 0.815910748 1.492797151 5.549027681 -1.998442694 8.301737476 4.057709741 -1.794495125 3.144902069 2.799642106
-1.048141587 -4.977525100 -27.626423681 0.798547466 0.037746856 0.582034962 0.148769696 2.311639957 1.802474645 4.336750763 1.704404619 7.527068155 2.369849679 -0.307571459 3.044527157 6.135952863 9.052285031 5.083396220 1.784089900 5.061779532 5.747500853 5.771799665 1.255699246 4.844725600 5.704786369 2.299175017 3.872298869
-8.454399283 -4.017490514 -23.489628892 0.946192665 0.165145399 0.141591131 -0.239579610 8.668060451 3.764121592 1.633320505 2.501200450 0.378921987 -0.371622153 4.507006952 6.573820961 2.376577021 4.668299039 1.436015395 -0.298677681 0.726329016 4.564761567 2.495739700 0.415604977 6.309006487 2.127705877 5.739321987 2.721096730
-15.421136497 -8.111868009 -28.225038350 0.811677343 0.209191490 0.386450429 -0.384804987 2.506530063 2.743879136 0.991154732 2.989238921 1.574124661 3.595036583 4.600514019 3.406158644 3.023110993 -0.010657441 8.273100412 5.654568408 8.466572857 3.422687359 12.393183021 9.559273590 0.857484637 6.764493767 2.597334318 0.851848486
-8.002134544 -9.196849453 -18.088548971 0.843587967 0.233572865 0.472531933 0.102550627 3.982995252 -0.779356545 4.641566801 5.165708507 6.887072358 5.847010639 3.902469484 3.187548633 0.084056399 3.121064164 5.050621224 7.337556654 2.129641480 -1.412268875 7.786328822 -1.409424821 1.548884942 3.979025408 2.280173125 4.079259183
-4.791880767 -4.192771797 -30.469022392 0.713122343 -0.018910571 0.693882240 0.098113975 3.799723289 6.618689397 -2.890906593 2.951075110 10.466187523 4.578639213 8.643779902 6.282296383 8.064392983 7.690770088 6.217539526 5.107814402 3.477780331 9.778455064 2.103738953 -2.137471035 5.022671093 4.982730216 3.938739513 -1.710752539
1.806346881 -5.053285201 -28.722557822 0.936874095 0.107011127 -0.310126676 0.120983441 -3.265136312 1.756116112 5.993323642 2.704601224 4.930338293 7.782030344 5.883008524 1.898999666 9.887939409 -0.633358863 4.106509181 -1.485539865 -0.047899057 2.174342250 9.180083121 7.353382829 6.662653310 4.696969990 1.850374801 1.508595590
1.255877187 -9.119651139 -30.355002021 0.856863991 0.510604865 -0.043057160 0.056682034 5.968862013 9.087801550 4.777341210 1.007313135 1.452298876 4.797740336 3.412759592 7.863538117 6.503583192 -3.228399114 3.103941623 0.403921856 -0.148818752 2.812226819 0.818364058 5.036361772 2.933440858 8.070922039 7.585799854 6.443105054
-4.892743148 -5.111818186 -33.458801998 0.944162644 0.248073036 -0.212702995 -0.042120153 -0.344134981 3.061934780 1.532670640 4.792011943 2.574921772 4.047495987 2.910517105 7.422384003 5.103239113 1.760542884 8.186727659 5.189211589 6.683992799 -1.531712237 1.599410917 4.334214481 3.268473142 9.588020498 3.238558664 6.050393870
-14.225999820 -4.279679862 -30.587981109 0.859570905 0.306976803 0.350975863 -0.209090996 0.507393347 5.648153754 4.449803492 6.085607542 7.874779842 4.187722321 2.741986368 6.744996022 8.252848176 4.999142722 3.394550432 5.446911562 4.398486410 0.407266258 3.448898738 3.243577107 2.511099505 5.942237689 5.031582771 5.021188569
-10.856678543 -10.537026105 -31.907376864 0.935041787 0.174949545 0.259860358 -0.166018396 5.960738491 3.424096695 3.598100941 2.581766171 -0.802441752 1.478570319 8.543014225 7.328996472 4.767291551 -1.660321457 6.315495664 2.268027008 2.380448864 4.940842282 9.136757010 5.102016479 6.334643690 6.261554740 7.094737363 1.303410191
0.759154040 -8.697151891 -28.401076634 0.954991111 0.000230431 0.256006158 -0.149842489 5.532642097 5.844305210 2.699354181 6.198973172 2.695012625 8.141827062 5.222987193 1.233823961 0.936164512 7.566467266 4.221056409 -0.047457673 -1.261835340 5.065876605 4.166994759 5.718543700 1.408069419 -1.809047256 7.306353457 0.049968191
-6.753104068 -14.005033251 -28.190882896 0.991430873 0.104237497 -0.018546479 -0.076520559 4.955249261 0.125561201 4.260599742 5.786196919 4.079029383 7.749779171 3.003934177 3.392487865 8.122857305 9.893399707 5.061627993 5.474761116 4.636202211 5.189309188 3.914827923 3.990017110 3.439053649 2.728512203 10.074286529 2.809745646
-10.315345667 -12.543881065 -32.224961972 0.905285364 -0.010142533 0.420592943 -0.058797230 5.730746678 4.978042105 2.855692492 9.495238320 5.550623723 7.959446598 4.489103810 4.681141861 2.131611205 5.421999988 10.384267960 7.941193417 6.530602690 2.326563377 5.973086364 6.296302223 -0.672121824 6.088814712 4.088172176 6.760942626
-9.544564730 -7.162674066 -19.782386877 0.780815444 -0.143090273 0.343566686 0.501811068 2.411190143 2.585226650 1.729959299 2.267341912 4.593485043 6.464427257 4.228431900 4.275236583 4.289650311 0.905746388 4.004334777 -0.316760440 4.764027461 6.748698043 8.849001085 5.138936415 -1.643356745 11.282881736 2.677816373 1.073687347
-12.159746007 -10.212416593 -19.526783436 0.884988220 0.112298724 0.324948272 -0.313995968 4.023496527 3.410029513 4.601115902 5.931712631 -4.120240008 3.655165641 2.235019113 -2.730319625 -1.216145896 8.011112841 4.436100364 7.641320247 9.550786594 2.897961666 2.783874509 6.966536859 5.826802993 1.004756867 0.390088726 3.306629660
-4.484551967 -8.732488682 -36.143695701 0.975988623 0.143414833 0.142577687 -0.080932049 3.266493348 2.247528333 -2.196339973 3.991971654 -1.296822463 3.045670343 4.208278197 3.949037148 9.338813434 5.056401771 -0.856986805 2.663745681 3.535863349 6.235450920 1.894365557 2.402969929 7.411581654 8.587610186 6.355954580 4.589256774
-11.439043089 -4.651657464 -31.525692083 0.994041397 0.017550524 0.107580251 -0.000412416 8.196592303 3.357517876 3.985314969 7.984625946 5.728151535 4.434185689 5.514244000 2.459312179 7.113835120 5.646021626 4.519544428 -1.055249349 -0.590678884 7.686387585 4.921726015 7.412322785 2.227899802 5.470672397 6.068667330 4.069133047
-3.701483770 -15.987788608 -32.286972146 0.841087605 -0.245044070 0.424071171 -0.229540161 3.260574064 4.386797724 1.493364596 0.115223025 0.385853245 5.065652525 3.068820949 4.992041405 -2.618258166 6.157624807 6.192361413 7.867500006 8.835856227 4.372299415 4.123428217 3.358507815 8.337116987 8.094443498 3.079506687 5.843423207
-5.674032379 -2.993012419 -23.670198772 0.945053479 -0.077483273 0.312196827 -0.058338719 3.133501958 3.590533184 4.309309453 4.582158272 3.509973216 4.241417581 5.882180676 2.632765384 2.085889284 2.465904306 1.858828874 6.223164921 2.017737269 2.872002809 0.763353081 7.205480708 0.737858856 4.422810171 3.120395694 -5.047289621
-10.244817958 -2.454890111 -26.948263383 0.806322556 -0.326608017 0.416357462 0.264230206 1.232427113 2.733913213 -0.267552336 -1.202311560 2.829375818 3.120501369 2.970794922 2.632172660 6.779743107 3.745238832 7.673778387 4.122371548 4.046451479 4.246270705 6.795054756 4.949798769 2.886457473 5.229849950 2.610096264 5.291626544
-10.397560010 -12.482027219 -26.630053899 0.959063891 -0.097463624 0.260539613 0.053069813 1.696735240 4.672936889 -0.488747840 3.937408107 2.849933007 2.919355620 7.923726456 4.648712972 1.073708277 -0.785449036 -1.837487555 9.219939299 5.784644714 -4.398522689 6.270584472 7.168283753 3.607578414 1.717274490 2.414939872 6.100467715
-8.322676645 -5.460407266 -28.878352343 0.798680476 0.287314215 0.444407114 -0.286465279 5.226657144 3.943792614 1.444273120 4.301950963 2.275036975 4.385220299 6.085565190 1.692497918 5.081369438 4.710341404 -0.827699917 7.823096317 2.051052656 5.965691979 0.919255518 4.736524617 8.221602071 1.118336125 -1.675288868 5.943255291
-9.102608092 -7.088656339 -37.092239347 0.992188201 0.065066194 0.105727401 -0.012275252 3.989442281 7.546532637 3.703632920 3.147758024 3.443984764 7.117102946 0.835458355 6.823363957 5.881723146 2.410429049 6.500912171 4.015623525 3.228795802 2.747690052 5.296930926 3.692084016 4.849707230 0.197624602 1.305406011 2.768653739
0.430167087 -13.364727958 -29.844665830 0.949359263 0.301016743 -0.045854184 -0.077480995 5.783750609 8.309221120 2.733697436 9.659467971 4.654988507 4.617155409 8.757881945 7.907786307 4.893178151 1.014358685 0.976070052 7.355813991 8.090228181 2.429945998 4.270054006 3.833280155 10.605287279 -2.769327813 8.660132388 6.018274209
-10.177519485 -12.432072144 -23.523416469 0.789817166 -0.262563498 0.369994560 0.412738754 -2.551298132 4.927836265 3.144680671 6.758345115 5.629355077 5.976475133 6.873764776 9.566264536 0.740249185 5.159323010 1.049590907 -0.060723465 3.066048413 2.712205174 6.109931250 5.275715821 6.894052512 0.205193205 3.080245376 8.179937935
-5.578766534 -4.869583217 -31.181982851 0.939009237 0.296034751 0.126912099 -0.120492313 1.823306716 -0.479461691 6.858994866 -0.946425651 1.627951974 0.663881729 6.236059946 4.698096513 6.076354950 1.780413839 3.065461968 3.729522173 4.117930461 3.347559774 4.470825468 7.597431286 0.473326458 1.510654820 1.022711721 2.039291098
1.044507954 -6.254766392 -26.868502617 0.980692790 0.138528865 -0.065690389 -0.121392662 4.185032343 -0.229254898 -0.082041872 -2.955586111 2.163441551 5.404870915 5.380923689 6.205020109 5.409726028 2.401620722 5.494965993 4.112328720 5.282894171 3.838133881 0.750449648 0.806513876 5.560934603 5.587411264 7.643977807 5.853188825
-3.807922163 -9.295705926 -34.846134934 0.995430113 0.010846976 0.093161390 0.017949601 1.593009485 4.133635479 1.193320235 5.540823173 5.977228250 7.810624225 4.924458525 6.155310548 0.352882983 1.498956222 4.140840411 3.931940178 6.873779766 7.087269089 1.239800887 -0.492173972 12.401715903 0.939723764 3.761974116 3.356882670
-0.896304849 -9.441527762 -29.407235286 0.915192625 -0.236991375 -0.286100878 0.156217270 2.192200290 3.872925098 7.410260264 -0.190550074 4.919261923 0.822338732 4.681890139 6.147538648 6.154216937 0.323886597 -2.275806481 0.144150360 5.132025976 1.321547492 -0.898294240 2.747145150 5.057356678 3.334461920 0.781598945 3.043472264
-1.334306575 -6.464339082 -24.349002856 0.944988172 -0.240765662 0.136693161 0.174195955 -0.967192835 7.588530925 2.113124910 2.678998939 6.158864117 0.778327575 2.061390437 3.356775016 10.408157450 4.730706645 4.292346558 10.227831388 3.767824508 1.267276836 2.835256385 9.718402184 3.584336407 1.697473648 3.426052417 -0.523894590
-8.391513709 -18.905667439 -28.685450196 0.827829862 -0.431312201 0.217942675 0.284900851 -0.563073656 -2.136611382 11.978169014 4.764358636 -0.157283527 -1.090260891 4.010663848 8.556494803 0.036123307 7.725656818 7.543677216 1.676106537 -1.986180283 6.445492333 8.112611159 2.566648636 2.155686559 4.198944201 3.618351112 6.976483842
-3.392020930 -13.592494843 -30.102694516 0.947640930 0.226507030 -0.221344307 -0.040962551 7.676886050 0.866158792 5.508144546 3.708959775 0.027914213 5.272555517 2.995327914 7.218772501 4.134405817 -0.600796498 8.866195127 7.232870452 10.327733107 8.656107288 6.780306564 9.413505281 -3.303867153 6.492810028 4.286783430 -3.343881224
-9.198638386 -4.382906360 -19.788157652 0.878069943 0.099112063 0.225819434 0.410092132 1.270380922 -0.953990377 7.730768231 5.870209379 4.130252907 5.944952526 4.833724419 5.897258631 2.621339321 2.129351023 3.132032585 4.546344258 5.893421969 0.678403265 2.208205522 3.758682863 3.592573846 1.850305939 1.556706784 7.716645262
-10.386763027 -1.099244111 -24.766352087 0.758493308 0.180789807 0.538984530 0.318588486 3.645662318 8.103715947 3.439426457 6.288037508 1.943638604 5.136453488 5.857424340 8.803191207 5.740316790 2.790035864 6.013150844 3.370510751 7.585076634 -0.786865089 1.512927809 -2.316331303 6.555665756 1.815551412 4.528887130 5.812581163
-6.232170665 -13.515978530 -29.643803782 0.935570756 -0.326763299 0.132253626 0.021025813 0.366176772 2.844697184 2.766276067 6.968899912 0.557916557 2.038389676 2.082398010 2.776830039 3.735727200 7.404047333 5.898945224 -2.291470683 5.427279051 2.878210839 6.775356907 1.631651067 4.816281807 4.004245169 3.342817466 -2.999694431
-9.236484051 -9.377151744 -25.723296824 0.910851972 -0.150981390 0.355213695 0.146207166 5.105173373 1.995040300 8.443973545 7.997220375 -2.420976388 5.650987339 3.577867065 1.882820255 2.674384072 5.579659616 5.477121269 4.290871857 2.946408628 1.177061341 1.812256477 9.455366550 4.585459391 0.098246050 7.563792041 11.601263396
-11.717266558 -8.327279944 -32.515345414 0.832574900 -0.153007421 0.532357286 -0.001866731 5.603821150 7.299655693 2.041821893 2.625778641 0.664236952 5.366591731 2.008044314 0.539930775 0.650499995 0.662929732 1.906193014 4.010972555 2.716114080 8.254487131 1.778504253 4.831620372 8.037656840 2.875855846 5.939469315 1.451709853
-5.301260428 -1.714014902 -25.316232007 0.938493027 0.307717165 0.039863310 -0.151498851 1.763023945 0.366732926 3.827980523 -1.530429311 4.306550354 4.199865528 0.040389554 5.449873520 6.119925723 -3.452185215 5.948556284 1.459560862 4.867160587 7.184312174 -1.884803645 2.568896444 4.828434416 -0.209633332 3.104297618 4.153324703
-3.110705708 -5.625133510 -27.508511954 0.920016458 0.168941344 0.353385847 -0.012123638 2.168100934 1.461932186 2.409865782 5.149803922 0.715942498 4.529018590 0.717116168 6.277223836 3.738370548 4.558073253 3.075384717 0.544884620 3.206533338 4.766284119 -0.925598528 7.522194951 6.169664215 -4.023978572 5.014819959 1.606876800
-3.643638182 -13.125828937 -21.730809448 0.848970339 0.241160717 0.393889546 -0.256791547 -1.644368494 1.536655548 6.059037018 7.660550765 5.761413470 4.024857888 8.670649429 10.363546278 5.332272572 4.287632449 2.302260587 6.569406198 9.656498126 0.059692601 1.199461225 6.766240790 5.288819381 2.295370613 3.583772434 3.605421928
-10.534355580 -8.644943492 -35.797450073 0.980422225 0.129540218 -0.101952188 -0.107690963 8.824181821 1.079052614 -1.535778281 4.782269290 0.252104335 2.216342764 3.200254128 0.173371309 3.530643246 1.648194241 6.062404797 2.773119588 4.748450966 9.413712566 2.798408554 3.336009980 4.276291700 6.553517635 6.127653812 3.268387755
-6.446328125 -16.334182312 -29.185846992 0.886810794 0.065189968 0.366885775 -0.273334434 -0.025749240 6.840634689 3.118723842 1.712462991 -0.831803062 3.579458077 3.656921740 4.271761862 4.424961168 4.250968561 8.073473109 -1.439340831 1.133569557 4.597096715 4.575099267 4.150728992 4.500453319 7.014883811 8.927954537 0.939905749
-1.052200107 -11.818934986 -31.220094584 0.868827538 -0.347527303 0.309071235 0.169818889 2.898993931 0.424055103 1.967956448 6.284101828 2.562426884 3.607842377 10.182914503 12.480572139 2.343406098 10.826364570 5.345023905 -0.475457923 9.595632015 4.465606700 -0.028133032 3.507928039 3.040188807 9.319154932 11.458068888 0.215216099
1.570492411 -5.536782704 -28.248697184 0.974395188 0.139169483 -0.157394570 -0.080080097 4.541514679 6.283926827 5.861655867 7.265220747 1.084372582 1.338689386 6.751734650 3.559622477 5.117697266 7.519366917 3.468325540 7.328637448 3.762361628 3.156069180 8.087316526 5.650459441 2.673016683 2.204153175 2.595842587 6.721806901
-11.664534281 -3.560961205 -22.788592298 0.985502271 0.110955282 0.031884831 -0.124328423 4.661682938 4.344458206 5.276328770 2.296797405 9.488409583 0.737859522 3.228855987 3.645268551 4.779207490 9.461310659 6.637432815 2.405459695 5.569120774 1.766243733 5.633780556 1.024727819 -1.330258834 -0.017152504 0.371419419 -0.931234153
0.024548959 -6.327290027 -24.716460227 0.939036700 -0.272191976 0.192230909 -0.084669248 5.401569264 6.689519418 5.466909063 2.554905977 9.425959081 6.109590992 8.570281178 4.974627213 10.485798051 2.589782946 1.258820858 3.932102979 0.921548042 13.364381404 3.499629428 3.014577459 5.033182085 -0.998357472 2.890738171 7.033023149
-13.930877570 -7.946665003 -21.577403041 0.875078717 -0.062736892 0.333153999 0.345412413 1.252911532 0.253188356 3.208083327 9.170890783 0.415613168 1.223544350 4.176317480 -0.904883101 3.972668946 3.547585430 3.400213528 4.115894308 4.687464448 1.597885151 2.326686128 2.452513469 3.562564401 5.994038523 6.074743688 3.805789112
-4.117453632 -16.050068225 -23.546164264 0.957203729 -0.001486753 0.222598260 -0.184956279 1.788088475 4.700150879 11.254100862 2.705274247 4.536173821 4.417395287 6.597155120 3.176555632 4.747933220 4.606684168 2.755370285 11.349296457 0.936184364 2.552288670 3.867770171 8.503431893 -1.606500466 3.254749255 0.243458183 1.045503949
-5.762040985 -10.365678643 -20.782835769 0.747908364 -0.429440475 0.339205693 0.375703947 6.648196536 6.687588074 5.871217194 -2.719143262 5.554745266 8.066181656 4.112351840 5.464853568 9.866370292 0.612017815 3.270051921 1.119891480 -0.336234063 4.241286858 3.649614369 1.895144062 7.631411589 9.795518763 6.886344950 6.438150432
2.117269652 -5.610928574 -28.296052065 0.927854882 0.141563381 -0.327845353 0.107529307 1.895956832 0.431950201 0.965841631 5.881392497 2.892608763 7.879865472 9.889071602 4.624156876 4.092007334 -0.135036122 4.301542183 6.800620894 3.523497322 6.428975544 0.643351341 5.187241670 3.280840755 5.033533165 4.170951264 6.674887772
-9.056786066 -14.147216940 -26.784290982 0.849019466 -0.037964386 0.438752745 -0.291925815 -1.019062719 2.537913180 3.304310625 7.958722105 5.332872334 1.614718298 10.655913413 -4.246294629 1.119320560 6.229274567 -1.979241295 0.899937608 1.715310627 5.235492915 -3.492864619 2.290088303 2.751653643 1.789571118 0.540667634 4.682801706
-9.406197715 -5.630727524 -36.761614041 0.852655119 0.345889063 0.279984992 -0.273767069 0.486009084 4.923469421 4.883772552 3.609638732 4.459209770 1.143287580 0.278672269 0.216601420 6.098021614 10.876128001 2.744456666 2.564945893 5.653501380 -1.087892446 1.405649547 3.909147149 8.447174425 6.386368673 2.073093777 -4.475257014
-10.142076738 -16.247518142 -30.704608434 0.756215009 -0.290692213 0.517322706 -0.275706576 9.468966653 1.488076589 5.130187148 -0.279225091 -2.200394055 4.745490794 5.598788468 2.862585893 -0.294393676 2.617331839 3.514538481 1.174580205 3.899116982 7.965073492 4.574721778 1.426619285 3.788716726 5.884395591 3.426319323 2.529347208
-10.793570790 -12.101057141 -29.157367110 0.883700363 -0.010588886 0.463443710 -0.064664295 8.539744548 -2.942586220 2.705113169 10.029627564 8.202542873 0.277148055 7.318829060 2.920208531 6.081177736 7.314392960 1.071357559 4.641489611 0.449661068 5.110498183 0.067033590 6.505346893 -0.584830126 6.203643858 10.881257834 6.966770229
-6.019989934 -9.927250363 -37.694633349 0.990073075 -0.086017808 0.099218750 0.050118694 3.738719983 3.774476969 1.861774844 2.845087301 2.250064132 4.257663359 3.674930019 -0.916401992 -1.569544869 3.402393278 6.326297757 5.425011567 5.026472038 0.979376640 4.734915702 3.521187922 0.074560101 1.336068104 4.006445909 3.767684031
-5.284725870 -18.582744474 -26.946211162 0.883122550 0.058453306 0.372486155 -0.279162743 3.054483864 9.726714086 4.299039379 -3.494764792 2.908998798 4.189774664 7.714118695 3.811196283 1.874685657 1.439656690 4.982159407 7.688961456 4.821891104 2.631833114 2.591005518 3.052066646 6.300657542 3.385715538 4.378292008 -1.859004738
-1.889235118 -5.824494536 -25.021958351 0.707744147 0.000641123 0.705691994 0.033115284 4.962024859 4.395751373 3.883796832 6.573411837 3.085810312 0.482855503 8.539528848 2.412107454 4.606443359 -0.851558264 2.767355364 -0.305982469 4.529107551 2.904566795 2.607541358 5.753926425 2.036856769 -2.133386080 3.686091610 6.644805749
-2.118531439 -12.009733103 -32.920764404 0.946444107 0.318271731 0.042094824 -0.034273664 4.103095359 3.367141938 2.686246235 8.329851806 -2.003477235 3.328160582 -0.060944945 6.878119518 4.090876988 5.018741481 5.779009281 7.046704376 6.024491330 6.754747690 5.889502900 6.663803878 11.093562449 2.617502255 7.211778419 5.810861472
-5.394583062 -2.211121572 -22.038682376 0.981744196 0.139869069 0.075870933 -0.104204504 0.276535351 8.402103601 -2.330039091 3.591544348 0.692280402 0.191326061 0.885881995 2.541246706 4.227206617 7.754953415 5.461410373 0.993424071 5.056033968 7.292467170 4.559803938 4.109178101 6.066340925 6.999122131 2.791599715 9.511560118
-13.952370723 -13.275142380 -31.075354048 0.799284640 -0.284900354 0.451284865 0.276256805 3.983209687 6.941652099 3.356290842 10.727102989 3.439779216 4.298353482 0.819570610 12.262515149 2.679643556 3.881410379 6.751184520 1.068702540 0.777246592 5.664573407 1.424096936 2.728743994 3.571218899 0.203354922 5.551037603 3.020321874
-14.585021839 -10.447264779 -28.799625339 0.760628544 -0.391051406 0.339240794 0.391712522 -2.841910424 7.969377337 9.534694719 7.243021557 4.920547792 1.264720439 2.476987386 7.248348760 5.121382345 2.092579662 5.492962960 4.905782444 3.855892951 0.098365509 4.380367445 9.711602331 -0.416650944 7.198676521 5.144839569 4.049666412
-7.885102577 -10.716261131 -23.830784526 0.754463763 0.049106015 0.632132812 0.169650046 1.232584117 5.483046692 -0.209795661 4.089221078 3.005785866 1.994951483 7.285650953 6.937519734 8.294161428 3.842635665 -0.838749414 4.177783750 5.396059523 5.036963145 0.512705871 6.578807963 3.898485646 5.275611863 5.256413116 6.087326268
0.025940960 -12.927752576 -31.001376499 0.943409678 0.049599441 0.326180902 -0.033527526 7.817802610 7.940774318 -0.702300542 1.862703434 7.423403394 3.003700203 4.223426115 2.618395960 2.855475272 1.412390425 5.794638303 2.876791472 4.645611770 4.513783255 3.675154136 3.538713008 5.401883148 1.186091356 4.416362470 4.866421548
-6.914324031 -8.955536651 -28.865232281 0.875451440 0.000502351 0.417161046 -0.244051605 3.262154120 5.049971508 0.804219087 4.756837601 6.051099675 1.974292733 -0.670662972 6.277519867 9.151866195 -0.812985167 5.368638436 3.808217098 3.738840425 6.275756066 5.657525893 5.056088649 2.848434326 2.326075760 3.832194917 5.101825982
-12.884387671 -7.653159993 -31.279609772 0.971003282 -0.155478059 0.169833642 0.064309674 3.964589001 3.150317162 1.751075714 5.266054022 2.346161725 4.209843617 6.185997411 2.404235198 7.101762172 2.015299547 5.019257913 1.489236607 2.185704925 8.509402033 3.250252520 2.814224836 3.334777297 5.024128619 5.336516573 4.140361879
-4.671499635 -14.517219280 -29.086496985 0.922978519 0.151773075 0.250815379 -0.249333576 0.295697537 7.027010096 3.904020889 10.966213871 1.395629824 -0.748133795 -3.641303740 3.552471914 5.539283574 8.705005599 2.076097916 6.587600902 4.509333142 9.671963271 -1.850277508 2.177851166 -2.502974348 3.132506274 0.644971331 9.173576615
-16.515619453 -7.512039445 -29.501294187 0.863704587 0.050633900 0.492408547 0.094786162 4.775178809 5.640021849 4.290511095 10.234407406 6.728571040 9.995482585 6.891539475 7.130293414 6.949555436 3.968454883 5.273618889 4.513865571 4.726481780 4.996726193 2.795295535 9.262005969 3.934740749 9.644514215 2.095433166 0.041903462
-4.797174293 -14.229233507 -34.589689891 0.919784765 -0.237039005 0.297170349 -0.097459123 -0.122450632 7.806835377 4.721035219 5.525093419 2.533974511 3.052704682 0.532922970 -3.614178581 5.374679070 3.374559631 8.975883875 2.231460918 4.250992699 7.537808799 8.547866122 4.348794818 4.392242476 4.123064527 11.945824478 0.538259996
-12.707981798 -1.841174556 -25.600103929 0.757160475 0.310867948 0.574389292 -0.012086114 4.016892801 7.392500284 1.533741812 6.443596001 4.274303526 4.284678968 4.710501563 4.920687345 3.860710408 4.648117998 3.106650477 7.364077980 4.523738169 4.859136007 0.953953798 5.105019785 -2.405021802 3.947734597 3.274077909 3.359429808
-10.976494219 -7.791999995 -21.555284914 0.738376769 0.113954878 0.640895887 0.176256904 11.551098908 8.273093665 -0.091823958 5.489877947 6.831761275 8.421975852 7.479552500 6.737545447 1.543000733 0.191204245 2.138880702 7.146144067 0.298932961 5.808368926 6.211222669 4.474934634 5.223837956 6.783374161 -1.186091852 8.992690404
-9.754215236 -15.354096985 -25.707486178 0.758698966 -0.380497975 0.497704134 -0.178571460 6.990714191 5.026563599 1.719716428 4.203857209 6.005924344 5.181248960 7.830496775 4.773287142 4.599594450 4.803175468 5.024387417 6.111561743 6.468083908 2.597593823 3.031562719 6.001202717 0.225841183 3.771169376 6.105385926 2.474206330
-15.020875418 -11.308131135 -33.219028641 0.803480528 0.090784574 0.540077617 -0.233438149 4.216036553 5.380720085 6.011501291 8.108251772 1.990037082 3.197530009 1.783353821 5.101304324 4.211815731 5.272714697 5.261323271 -5.096614334 4.359313455 2.625868064 7.782096048 6.942003096 -0.420831851 1.176024210 5.872042242 6.212511677
-12.019131813 -16.422099932 -23.289824748 0.898898590 -0.322664571 0.106285301 0.276717065 8.681713128 6.319660161 9.488891804 8.049718586 7.497599067 2.399348252 6.488524819 2.442079236 0.807502050 3.628976610 1.710820464 9.256612266 7.523545695 1.691232545 3.926866788 1.381384759 3.817781376 4.550814073 4.375178250 5.098446721
-11.279889071 -13.188658342 -33.056766615 0.892093993 -0.162268786 0.414592308 0.077138626 0.895761459 3.230501255 4.038450515 6.940306757 0.919950626 5.598403867 4.296336716 5.107702796 7.196906520 1.401585954 3.747601182 10.948808878 5.938790161 9.208849940 5.483553907 2.461719772 5.929627800 5.705857056 7.679015639 2.627562756
-11.983938154 -17.659673382 -26.849606271 0.782925063 -0.357522212 0.328849955 0.388669424 1.138289294 8.629802458 6.054273701 4.883823091 6.667124323 3.520800429 3.624245600 7.293191076 4.098784708 2.424979358 2.570636320 -0.163480754 8.053659033 0.945695675 3.964270935 4.531378756 7.471080897 4.615629905 1.078976900 3.122665632
-9.957178213 -3.437465975 -29.384092047 0.867820319 -0.159125727 0.396218779 0.254121184 4.023579568 6.878320867 1.257371314 3.377000637 5.800344799 6.685133481 8.994337966 8.558691564 -0.923215788 8.605076812 -0.655974886 0.766922686 6.835360182 7.780778965 5.431625068 3.106809447 1.560520725 0.870187002 8.547888847 1.770626142
-2.721959573 -6.710362397 -35.500786541 0.895420168 0.363056645 0.234836140 -0.106134737 0.506339402 0.125253709 6.532007120 3.322088491 8.001584612 5.212929122 1.182592158 2.705033108 -0.932297404 2.605265061 5.568313713 -0.192910426 8.713423181 6.205768357 3.828472795 1.589630820 2.938768930 0.617570667 8.355994359 3.761633398
-14.176390798 -4.354679773 -24.791429858 0.906600420 0.244833854 0.211835522 -0.270661733 4.485444654 4.375445713 6.420515263 3.245083848 7.353604639 6.280531436 4.865028058 -1.927933289 3.802177808 2.705110983 8.672667761 -0.985853038 4.411632001 2.846503944 5.285109019 4.831853148 3.671957125 -2.427508004 4.629730690 7.639933127
-8.885300249 -1.974198277 -21.421398911 0.877596896 0.025092564 0.392094937 0.274691850 9.701015614 1.308097363 2.178025358 7.249030949 6.438363331 3.488713877 3.029130027 2.323266188 5.986929416 1.109974889 5.560169559 11.881887155 11.116065300 3.613952622 6.063308311 3.755337171 4.996615410 5.780028839 7.318979191 -1.936799755
-2.077504898 -0.864259632 -28.708635677 0.968195866 0.241502779 -0.026655846 -0.059687835 6.526817310 2.502146183 3.472750381 4.322202324 6.512615746 8.095096840 6.466467496 -0.955865042 -3.167065409 3.116921018 3.238740508 3.641750452 7.313121420 5.173985854 6.745786316 4.136368056 4.164496461 -3.672332920 2.004615017 -0.421302865
-3.496624774 -13.874156793 -35.376995769 0.876611831 -0.473503222 0.085706738 -0.000866658 5.637506945 6.818854325 2.961057246 14.297731516 3.965306353 1.188409683 9.082739505 3.072403510 9.218580036 10.450164597 1.658367800 8.441328078 7.783465996 2.410194143 2.627522145 4.323423619 -0.004479295 5.042515578 1.433468931 6.650216575
0.114997517 -6.303092705 -23.322242023 0.894284635 -0.225035926 0.320105929 -0.217131336 7.585540645 1.815855629 3.773127156 0.931346867 3.081804402 7.081287965 1.107239251 4.280823446 3.209898342 3.556878827 2.245731159 1.669935662 -2.351056676 12.409792958 2.157180229 3.740035574 5.853448476 4.609123609 4.084775908 3.294330199
-11.141493050 -6.514375624 -20.438152937 0.779608214 -0.015069122 0.446114359 0.439278877 3.158872813 -0.546301276 7.783110216 11.224961566 10.521892324 6.552198568 5.790796665 7.358767521 2.941049217 4.007281477 6.730873429 7.774340731 -1.197681130 -2.290026766 8.315210609 8.706089159 8.881481490 4.511570432 -2.692896357 5.644439440
-6.371561710 -6.308932456 -25.566221777 0.827557386 -0.315590497 0.298130041 0.355907136 -0.882551033 4.168082256 3.906255818 -0.132613800 3.209942357 5.022146150 2.642019055 7.943116890 2.144779406 4.437395420 4.759460744 -0.462720470 7.482854856 5.005164163 3.959550790 -3.640919958 4.436178267 6.317146776 9.677354195 4.047532237
-8.191954761 -2.418618717 -28.014875991 0.881685660 0.316415179 0.094867937 -0.336915280 3.201774238 -0.102896402 3.034056473 0.582203489 4.020219473 6.996141012 10.990491406 1.692930602 6.537486265 4.882325539 8.029133334 7.327980631 3.924620703 2.639743361 5.957855581 2.900607062 2.885205605 2.315249020 4.901331072 -0.525027670
-16.070271105 -9.752467985 -27.721264609 0.813762681 -0.031592310 0.580308429 -0.005860988 3.089004524 7.343747332 -1.310888310 4.434917260 4.087071195 3.585984613 3.887502486 11.966367051 -0.371179298 3.959990090 3.033394244 7.044303828 -0.280955400 9.610971180 4.174938545 2.712452036 8.026854543 1.297555257 4.257685816 4.722662593
-11.400361043 -16.242337004 -32.383525691 0.748325268 0.038318126 0.586026112 -0.308406242 2.529848755 5.104245884 4.661338757 4.895589522 2.809656404 2.039083295 5.165621551 3.009689811 1.792270984 7.232866864 6.587295240 4.318776232 3.440531184 -0.593956366 1.581809685 6.729783071 1.870705705 7.638771395 4.091300913 7.320442513
-7.219939103 -4.725861030 -25.972345981 0.843870316 -0.429588476 0.240103769 0.213744737 2.846937494 5.982330368 4.714740189 7.145691971 5.273023613 3.698515928 1.403500984 -0.728322703 4.995433706 8.736434309 1.570941825 2.570192021 5.364024239 4.499753962 6.036115759 6.656083227 4.609608968 6.454126788 7.933585345 4.312055611
-7.687980023 -11.382957513 -25.737262275 0.746173521 -0.150997123 0.645778423 0.058268118 3.151415669 6.685685003 4.337135267 1.398231892 6.476579639 2.048954898 4.151980984 4.579120631 5.700366125 11.483787494 5.745935301 3.413967283 2.275898130 4.366708048 -0.861479565 3.686189537 1.695332603 6.285543361 8.856850860 2.829854990
-6.465348081 -17.716531177 -29.809836806 0.809586546 -0.217503488 0.506901619 -0.200779992 2.554809236 9.753540013 2.993655752 3.830529343 2.580058987 8.783444571 3.738345371 8.792562282 9.058538238 5.160349210 3.122918347 4.497155831 3.588267185 6.934724883 5.536809471 -1.505428627 9.685477804 0.957485786 9.590749932 3.160403655
-13.188120629 -8.358884870 -31.360704223 0.711998973 -0.072229779 0.692373377 0.091975148 -1.638959152 5.571924708 -1.055531219 4.103755196 6.982208943 2.288370983 4.848161289 2.510199922 2.606198257 9.231065244 6.744782641 4.980848440 5.499603654 -0.274118476 11.285926396 -1.173497216 6.406796655 2.929526025 1.326183287 2.156540889
-10.137645961 -14.719563887 -30.653245766 0.726857502 -0.147798911 0.667407974 -0.066334381 0.960982523 -0.561485298 7.054447884 8.784267063 1.211099397 0.337914732 4.886208578 6.566762287 6.113335462 9.769821648 1.958760543 0.258289133 5.864945910 -2.480448601 4.818153584 3.827061490 3.567111834 0.725110015 2.947384264 4.232097005
-14.123511619 -9.919663440 -32.689254453 0.921447175 -0.228090607 0.203575154 0.239722623 1.642667546 7.383591401 1.590673222 0.452666936 9.954393477 4.187185996 10.550419287 5.853479340 2.807875397 4.737123950 8.992733520 -0.553741446 6.390525827 3.831590234 3.489871659 3.829351732 3.272788131 3.520318649 0.586016384 2.995026786
-7.455118790 -7.594608686 -35.709289315 0.981064650 -0.140762867 0.130993873 0.023207177 4.601841910 7.491182248 4.573921039 -0.089677037 2.244614712 8.383167679 6.695760362 6.948528565 5.892442074 6.943082041 5.619080688 0.234946780 7.127614857 2.934719937 6.657149370 2.901114480 1.492919270 4.503311477 7.027260154 3.045900985
-16.080093437 -11.281464457 -30.355367341 0.991808087 0.078200853 0.040567138 -0.092496767 3.407508202 0.659517513 2.129520007 -2.020126053 3.747044441 2.244181398 -2.285088374 7.290536466 5.861589720 2.880100356 2.137633149 7.746747477 4.954575627 5.422883488 5.668988238 -0.001804077 6.212503364 4.190004729 3.815658508 3.126683904
-2.514384296 -3.531789099 -32.126240815 0.981111816 -0.188267682 -0.033653893 0.029022416 3.441598702 1.192919421 2.829115565 0.491942999 10.459209027 0.824462923 3.006505238 6.288019712 -0.996809554 6.911889648 3.013622038 6.299649658 1.279039052 0.320844362 -0.594117828 3.456800455 6.925995791 2.069398728 2.464596660 7.455763952
-1.009703298 -4.557224781 -33.492700204 0.947389744 0.297468823 0.108015290 0.047934007 -0.959669401 3.089838301 3.573276819 -3.503574730 0.917664573 5.067758932 3.700508024 4.135049324 0.530760292 5.551744595 0.158458893 5.152795057 4.224133236 4.806405893 6.620218561 5.270173491 5.278787567 4.585099775 1.985365125 5.124771154
-9.634558927 -8.444428959 -27.479201598 0.998156466 -0.018780202 0.053279439 0.022187281 5.811472193 3.902271770 4.089764396 6.181824789 -0.969324744 -0.850538790 5.137761384 3.893042191 0.786367927 7.076464320 7.489142959 4.242443933 5.595712105 3.962757255 4.264977858 6.695363387 7.795017530 5.026146439 5.086716276 0.715114985
-8.574151785 -13.268733480 -20.401886171 0.979659629 0.028939207 0.182089613 -0.079201680 7.839282342 5.349707757 9.515150000 3.427275653 5.250730326 6.775946633 5.411962846 2.574014389 2.641228489 5.793911116 0.838061371 7.679114879 5.721846895 -1.753095080 6.595225221 6.459282312 4.923472891 3.533770298 2.158131337 3.070354857
-7.841922313 -8.033018548 -29.690221532 0.936383591 -0.257522764 0.234824776 0.041534569 3.491813789 2.580031843 4.056638325 6.428068090 2.812102224 6.456992606 4.774877541 3.706675213 4.248510430 3.423171727 0.775041910 9.315457762 4.330785433 3.852528135 4.462885763 -1.396484129 4.893480965 -2.126066474 3.561875236 12.120330229
-4.039410473 -9.302365149 -29.004565813 0.877616194 0.206931514 0.360843779 -0.238245528 2.517390539 2.028539747 5.270631742 10.339405471 3.650158952 2.516882719 4.036458999 8.010423790 1.374679965 4.145319554 4.606853654 2.640335452 5.867734354 7.234097028 2.905712317 2.804690600 4.547453502 1.108613853 7.638055711 -2.684161048
-7.858031778 -7.858444409 -32.303968607 0.811023135 0.068256232 0.572112349 0.101341115 4.467289540 4.208020471 1.438308070 6.702328241 4.518672149 -1.603723102 4.290145705 5.846758852 3.622837481 -1.175128185 4.800781734 6.361617177 2.118230076 -2.501419415 6.081495707 -1.637555328 2.037253577 0.443630102 11.777732421 4.552773465
-9.926043958 -12.992708277 -25.445811248 0.920707509 -0.124409307 0.363155003 0.070274116 4.847294730 4.254035988 8.474216007 2.856446839 5.326771610 4.987128212 5.021387284 6.415427552 2.389066493 3.047255367 4.003230625 6.746036333 -0.754210200 6.753839210 7.809295899 3.814834952 5.546622649 4.886422922 3.560020656 3.191925979
-10.201587238 -10.431612076 -23.913500419 0.864366105 0.240294502 0.313927979 -0.310771640 8.202902203 -1.850430902 1.004856348 5.185549564 2.399586338 5.948975608 -0.349766012 3.398005021 4.024887342 2.153374551 1.870022057 1.039195982 5.012472426 2.424072438 6.677086539 -1.250602500 -2.495914774 0.990120843 3.488168416 6.404516385
-0.586162604 -15.663307953 -26.073333699 0.927424493 -0.144140603 0.223502436 -0.262971402 2.277507822 4.582487669 5.193255148 3.831225299 -0.552592594 9.239742683 6.973579779 1.638788886 6.561391296 1.944051719 1.949715800 2.020302963 4.775805928 5.212775235 9.231476564 2.626274833 4.174850963 3.877494080 6.008463144 5.718429050
-3.266755602 -14.864068786 -31.982266600 0.923589072 0.313654592 0.159137269 -0.152575726 0.827208622 4.455851593 2.118100910 2.988343851 0.915443451 8.727555197 3.340918782 2.177839296 4.479316208 2.330756892 -0.864964419 -5.116620282 -1.064977252 3.577867573 9.451612717 6.655308679 1.075248752 3.854991382 2.713866130 6.141566669
-12.935348098 -5.572827049 -29.689860921 0.724468760 0.253096646 0.626661635 -0.135581337 5.161760532 2.796885547 8.135798365 -0.588875103 3.303947998 2.866538955 2.167205231 4.844970493 0.881640664 -0.154308114 10.272983984 8.846072710 -1.697142526 4.979648464 4.384015682 6.201002918 -0.658735797 0.354470732 10.728720590 -0.783720898
-8.554990341 -4.231115503 -34.525268872 0.993298307 0.089745674 0.015662085 -0.071125848 6.286390244 6.589791533 4.366900030 -0.108826345 7.900281970 0.343156547 1.002604706 2.807099846 3.576780886 6.753940466 9.086867663 2.002725849 10.985088134 1.601207403 6.283370054 1.374352455 2.026958458 1.889394501 6.344197182 2.513705296
-10.897046080 -7.654913439 -27.893235282 0.931990052 0.077292074 0.286677473 -0.207933893 3.041107538 1.424256687 2.262964635 -0.029566493 5.877414505 4.090959084 3.505137075 3.637363244 4.847250916 6.288579319 2.279394094 1.076889740 5.371246507 2.183674468 -0.475729138 2.196274194 4.799487502 5.840157562 2.499134466 -1.323494304
1.519171415 -8.074074850 -22.839586759 0.897130439 -0.262541879 0.242855195 -0.259326224 4.175443063 -0.203114190 4.087302385 2.413504698 6.817713610 6.540394628 3.690793588 8.248467930 1.964817161 4.254895331 7.451677216 4.135258484 4.874653669 -0.350525523 2.793679289 4.260349840 4.516097709 2.524064830 3.509864356 1.333345997
-1.988795338 -10.943677126 -34.950255853 0.954479306 -0.211136940 0.203361173 -0.055087931 2.849056498 3.936988080 5.767105125 1.361606812 -4.788938139 1.588230936 1.525310094 -1.029421443 11.437769817 5.007709535 6.672275148 4.726619640 -0.657341515 2.534782882 1.841684870 6.257308206 7.019455144 4.767800428 3.873873712 2.462735956
-12.143791918 -16.571375340 -30.894577216 0.775227905 -0.255624439 0.573435830 -0.069636133 10.682538401 6.281732597 4.143720673 9.005009452 0.384664364 1.256912280 4.977819848 3.295561110 0.847067302 3.692410004 6.067476047 2.829440566 3.583521090 9.297339122 2.793705782 -1.400998049 8.241797690 1.959111100 9.320745188 -0.414178135
-1.726333023 -13.035216127 -31.604966962 0.991559657 -0.119639144 0.028508967 0.041026349 5.960098834 6.110360224 -3.388201400 7.511284975 2.036271456 4.962458690 7.769702805 5.337348708 1.117365471 11.493387899 2.741422378 6.928529020 8.379405480 0.129822667 0.942962665 4.974078388 4.291565127 5.246360919 4.421568931 5.584805589
-6.244714910 -13.952827925 -28.936232582 0.986178826 -0.060214475 0.151009609 0.031963069 5.294099706 0.247009359 10.386682537 5.126051480 2.570492235 -3.653939109 4.762089882 0.911249902 7.798861489 3.307212089 3.722237911 2.995852724 10.586243703 2.796140042 3.015157075 3.107720843 7.036316693 7.493088328 5.072690237 6.062711409
-5.155379974 -14.922029494 -20.090275408 0.801265127 -0.352940758 0.314342505 0.366873013 4.491155091 4.436547672 4.332027531 2.356390238 6.217341582 8.357930250 0.274512281 3.916204137 8.638882155 0.434757066 5.421659092 3.698588584 6.033460561 4.506858722 4.702147070 8.085961951 5.773434918 3.752434993 8.206436349 2.878820847
-12.815397659 -2.848819032 -25.100573343 0.742977850 0.485851078 0.330165532 -0.320816718 6.227220028 4.296619153 2.587687929 3.671210776 7.681555621 5.658687833 2.656919244 4.035294030 10.312374257 2.329954012 1.476035550 3.346781057 0.566998663 3.946918045 0.328796959 1.085075869 7.165544086 7.175382256 0.920171888 7.065993699
-16.534848750 -8.943077577 -26.290035417 0.826688013 0.062724687 0.555738962 -0.061698864 6.096609654 -1.748357014 -1.617445126 1.955319548 1.838406020 2.940203762 7.043906888 -0.261262425 5.044040305 4.102789996 8.094078172 6.371085152 5.906918472 0.579170850 0.459188221 4.120521747 2.621746100 1.585152696 5.606536877 6.520775422
-2.681819241 -7.114959337 -23.486475485 0.835257550 -0.055170598 0.399413768 0.373857823 3.514116027 2.424886821 1.130097523 -0.915901492 7.783864404 1.224330070 1.662510481 6.787704159 5.328891293 5.660434764 -0.905558943 3.078712424 1.099253591 8.884023480 -1.446675772 3.236168952 3.685240930 5.269815587 2.853470409 7.775648200
-13.203368825 -12.408374844 -29.903997006 0.985304271 0.119015706 0.045044305 -0.113937556 6.645334896 9.849645545 5.557528793 6.632608539 5.963717490 6.693712599 -0.186518068 2.510436915 2.242858707 1.866016612 6.637592401 4.664650162 1.422570395 6.619786733 3.075903644 2.533052947 0.674810769 7.091512391 0.849608737 2.656619512
-7.765048007 -4.783393903 -27.620951612 0.974609337 0.102795664 -0.190921891 -0.055843731 2.929158152 7.339609807 0.580089831 7.113540150 3.078733515 5.382883011 2.364288351 8.475321177 4.933744998 1.493068327 5.999712929 9.400422885 2.120141249 2.885682618 -0.857310423 4.834389562 2.414037709 2.025972775 8.130043929 0.248948388
-12.508320591 -10.669219834 -23.889832158 0.861622493 -0.273016503 0.412686961 -0.112951937 1.689762367 4.334286125 8.638876446 6.150622753 2.971022337 7.028206865 0.317668777 3.757988511 4.621794971 5.359413408 -1.084822860 7.176407554 3.862824079 4.200295443 0.707588827 7.660555979 1.246730719 3.727158065 -0.774593881 2.297451148
-2.661468339 -7.361815407 -36.654750420 0.951306016 0.079427136 0.288021227 0.075841726 1.056034777 5.551901492 3.766616683 0.905246333 5.486177943 3.444611238 2.824357878 7.768776623 4.502522153 -0.228458148 0.341213090 4.642847034 9.206640357 5.149784636 3.517131193 8.261937103 5.517927459 2.021233306 5.193591107 3.823480143
-2.892161074 -2.167838489 -32.449447028 0.933961898 -0.246096883 0.162957761 0.201485148 5.125044872 5.257389087 9.798477641 6.017890474 -2.872779681 6.283288886 4.223545041 3.137838498 1.558166117 -2.876730153 2.667269511 6.118082309 5.978932158 5.355301219 0.706216102 8.195336601 8.029565920 -1.133491783 4.060657620 3.988797653
-4.757772276 -5.713863416 -28.131422532 0.920569383 -0.382298354 0.019649943 0.077549076 -0.533781716 7.369336807 4.067083192 3.702312303 8.207684550 2.109075463 3.036425123 2.047116256 -0.711128610 5.731996855 5.725275056 5.043986721 11.308414169 3.699878437 5.688693054 2.916610290 5.464864603 7.915263899 6.190050256 3.897655907
-8.407726049 -14.900312411 -29.375400132 0.731056941 -0.153964284 0.652153019 -0.128635876 2.231956911 5.896465068 8.017926018 9.341057146 1.717697573 2.547606342 5.845310383 1.915365217 2.386131831 4.177333615 -2.599344175 9.400364602 7.299385240 3.788841799 -0.908595589 4.098565976 4.035298787 5.113916926 4.540673273 7.272221445
-1.173852621 -13.101597440 -21.175573457 0.826211842 -0.452930584 0.199245513 0.269312278 2.248589484 0.649292862 1.003696513 5.477378700 0.657002140 1.059946488 6.089295106 3.894342116 6.376266868 -1.534960746 5.648394333 3.804537735 -0.034264989 3.682405472 -0.351050397 7.482747101 3.707768092 0.143361112 4.648159117 0.588834499
-10.554927602 -16.733263659 -29.416715748 0.978452160 0.068470659 0.138305001 -0.137167293 5.581341816 4.825758723 1.785948786 3.463670361 5.729862894 6.934174792 3.998723166 7.129703243 0.403799633 2.867154023 3.481284955 11.510157802 4.445415747 2.977812709 0.704990462 4.308322627 6.249151380 0.995594634 1.645671445 2.326436899
-10.151894599 -7.715162330 -29.511237670 0.928841487 -0.145851988 0.332111451 -0.075383507 1.915184483 6.033229035 4.172282375 3.937654301 3.133694940 3.320364643 4.506391780 2.624654151 8.706484469 5.124407983 -1.519436544 7.658023547 7.535958179 3.740789071 6.281860793 0.676099552 9.201229835 7.089435962 4.900502751 0.510015411
-9.172733377 -14.814456712 -29.222201329 0.734950102 -0.582642624 0.340111758 0.068555903 6.821635678 8.723966378 3.538988868 2.718742257 2.030071530 0.091784005 4.994631435 2.802988714 7.632519424 9.610875072 4.392496293 7.599999076 1.134787557 4.703905965 0.289063310 1.015747356 3.944515551 3.624208720 7.222898217 1.807516808
-0.487820692 -4.884315614 -24.358941168 0.711969865 0.199206598 0.576470306 0.347990847 5.203622208 -0.825604897 -0.359011588 6.242283457 9.601894496 1.215288128 6.163173017 5.037519626 6.741875063 5.483974722 1.134003816 8.540613515 5.255676818 0.894297407 4.554946553 3.749980065 3.599947326 10.483962738 4.455251516 2.357712801
-10.802548763 -15.174696459 -32.403799451 0.783038893 -0.209541772 0.585265181 0.020174390 4.451106904 -2.047526264 1.769832783 1.950457085 0.958687467 0.339321564 5.714509681 9.390181132 1.517299075 6.303488137 8.988968832 2.811203063 4.461021606 6.828264095 -0.798541557 7.602155555 5.150555657 8.646827091 6.067945458 3.550796881
-13.697245451 -8.665941049 -34.563340312 0.802259924 -0.294135908 0.323579812 0.406397820 4.115771228 2.161463609 2.971587950 5.961863936 6.416144413 7.154210144 1.933442884 1.253009618 0.856097242 2.706682349 2.595798837 8.263690132 8.812838725 2.488937289 -0.574033593 4.643493621 8.821731173 4.441900923 12.647002802 1.384221115
-5.080171270 -5.803926624 -34.621872556 0.955373882 0.070932035 0.281485139 0.054731244 6.054581427 4.272708004 6.549451396 0.533042927 8.629190988 3.528218281 6.709119295 5.894760232 4.591745997 8.884949698 4.137989261 0.909850851 0.425750943 9.712708540 3.763136833 1.366525972 2.080835210 3.090021141 6.052229482 3.453287399
-10.427579348 -4.797060863 -29.650863333 0.860745956 -0.393186711 0.287039865 0.148757269 3.525083507 1.943619302 5.392876775 3.378039639 2.144331938 4.120241849 7.284083173 1.951971463 -2.388451752 5.293811338 7.094417067 3.092008557 5.961403878 3.572926008 3.767403407 4.319517230 2.671045464 7.416954743 4.622904988 5.893932164
-7.855166475 -14.071048122 -23.769255710 0.989439416 -0.052973851 0.133529737 0.019318976 2.573935915 5.450061748 1.552198271 9.654420381 5.077772505 0.069696940 4.071599545 4.997403593 6.739971671 3.829294216 0.965600468 0.889618261 4.301418957 4.300822330 8.331528303 2.777821080 2.596755313 3.302611001 -0.088498861 -0.926400869
-1.571006399 -10.456782992 -31.481250755 0.942992220 -0.304407146 0.068971822 0.115519911 6.019482355 1.407388172 4.373053575 3.776294602 4.770487143 5.019783358 4.390758307 0.474383033 6.161054936 3.558665484 4.207190324 5.228894046 3.775043262 8.944298749 1.326574268 0.077048876 4.026059778 6.645505520 2.417939024 1.462133040
-7.907958933 -6.385297116 -35.924668717 0.898142150 -0.374552035 0.208898829 0.097019226 4.374361587 1.664736118 4.057521152 3.729872875 -0.400502870 6.402985292 2.545560788 2.282963306 0.814590891 3.956503342 5.023014900 -1.631471998 4.499081207 5.292479996 8.974908952 0.971686318 4.495961950 2.628644636 6.588181743 2.322773697
-4.092756600 -17.038834712 -30.464843184 0.805681915 -0.450438637 0.355900521 0.146001734 6.095013724 2.663726893 3.873803916 -0.976339307 2.311554080 3.168823459 0.580213613 4.641930010 4.666953295 6.036515952 2.360858403 2.991783927 3.737978305 2.516958886 2.028753512 0.667909177 -1.387002792 2.299142011 6.734298584 6.428177402
-7.218893684 -10.336277030 -29.453568788 0.997160923 0.009425700 0.074682012 0.001961516 0.227747278 1.162726763 -4.917868542 0.059061152 3.503047330 9.034309477 3.575379507 8.308345497 3.123098201 0.489691531 8.116503795 6.170864821 6.558019436 -3.726017462 6.213174349 5.501465737 -1.416254121 5.054096747 6.300052206 2.897804914
-15.343262324 -12.951379008 -29.677731876 0.988592280 -0.082486065 0.097516482 0.079824113 4.699854032 3.675540474 -2.457258141 9.992247743 -0.600020329 6.940786331 1.215716947 1.878534305 -0.475795949 7.394815380 -1.372886221 2.266383796 5.159128188 6.032899506 4.249550232 3.393266214 0.144702041 0.169515260 7.148994352 5.401443672
-5.861740935 -14.484071725 -30.035775390 0.984274500 -0.085187954 -0.146259315 0.050546359 6.678348305 9.567366752 1.726183985 4.940136531 9.873831962 8.597191500 6.394852249 2.820510255 1.402286201 -1.100313708 2.138117343 2.507085020 1.902356566 2.805706781 2.555624651 6.731367275 8.325018663 2.640035051 -0.754401692 5.590324452
-3.841062091 -1.220848544 -25.949719194 0.775804694 0.159684761 0.590745171 0.153779052 10.997351142 7.421221654 5.435984401 3.321458592 6.229249625 4.909827824 1.684061111 2.326930214 4.989116429 4.036476140 3.672417791 4.990819203 -2.073919126 0.568587751 4.645929493 7.711423114 8.622422606 7.568064383 -0.785647992 3.810013321
-2.229778107 -3.803714780 -28.310360814 0.989526314 0.107546246 0.095947338 0.008098544 5.471501121 2.155851172 3.997441159 6.197781124 6.554524337 4.665807207 4.021677023 6.053254597 6.834092685 3.134206878 5.144018416 3.320766288 4.346807947 4.884782012 0.858476776 4.961815163 6.277889413 4.927882007 2.114438561 2.017526168
-7.299897749 -8.305858987 -22.864697035 0.936065890 -0.062679137 0.342763156 0.048635331 1.220816559 6.326170763 5.587387588 5.371681192 -3.557438715 4.957833681 1.981026162 3.618043840 4.707863216 0.238781747 4.327855179 2.279809222 2.441128059 6.347367855 4.748000289 4.894962062 1.378222802 1.390337930 5.621271049 4.761817768
-4.377792947 -6.701841917 -19.456006322 0.995756643 -0.075561463 0.046459551 0.024508858 4.837573041 3.987044645 9.528759747 6.727353009 3.378299704 0.829920922 6.203425186 5.058121052 6.702327672 8.360160532 2.169669123 0.920057387 5.817271612 1.717865522 2.377445197 2.882548224 9.729773326 1.976912745 5.464102939 5.636622598
-10.963132678 -16.049360898 -32.381354085 0.981969658 0.135425391 0.070947657 -0.111184463 4.876535815 -2.357851244 9.502127828 4.481303529 1.706355772 4.840143472 8.378431857 3.152301500 3.247908840 1.792263460 6.564971472 2.622559173 4.104362727 4.808049926 3.217778925 5.731815173 3.695579322 5.259993307 3.488627674 -1.161936982
-8.306940030 -14.527681188 -32.915726740 0.983131247 -0.138206311 0.028588404 0.116338598 9.875330847 0.437650710 1.869433574 -2.218090130 2.331076986 3.999922251 1.822840122 6.793481956 1.938581042 11.086524297 -0.096981637 5.502230039 3.601353522 1.529640823 8.069471960 5.411097267 -0.109127454 2.635602501 6.106142007 3.317937367
-14.874701255 -11.603886997 -26.568746710 0.992245040 -0.034235300 0.110360664 -0.045806639 2.907428308 2.491082681 2.486517703 3.358201178 6.151272720 5.089127626 2.958945989 -0.667335195 1.507719717 4.997016794 10.053480280 3.058050139 -0.265753799 8.177849961 -0.391993453 5.597268257 6.010963893 -1.306083793 1.825307572 10.789278846
-5.714432007 -13.753391874 -28.788607531 0.965964438 0.111162668 0.156629028 -0.173271214 7.998503982 1.613274820 6.139145073 7.346764695 4.601780495 2.967223512 5.780590445 6.835269021 2.186665097 3.799484385 7.964920468 -0.155454592 2.288824107 10.493542761 3.900296466 3.272184416 10.483877901 5.091831051 6.509422318 7.044046452
-5.819560490 -16.867714072 -33.401724501 0.942053680 -0.323663375 0.036545080 0.080257964 2.415920944 3.100486727 5.202248943 5.417781066 0.180654978 7.224568423 5.103534446 3.327643174 4.371157307 4.459471737 1.806129559 1.125623089 14.056906845 7.320725150 5.244780790 7.720309889 9.084252370 4.867563118 4.008736463 3.760539006
-10.019345423 -2.905942188 -27.393013024 0.866417337 -0.406770742 0.170910532 0.233769440 4.411330213 -0.906695874 0.484944544 4.299453564 1.204245166 2.332916342 2.899946927 2.370657410 1.125002833 0.688649730 11.522439815 4.325551128 -1.921163198 6.248487533 7.029084938 5.693439410 6.500729151 3.696023589 5.049493277 0.086522325
-4.691741377 -12.195014949 -27.901328537 0.933959308 -0.322872760 0.080760478 0.130195763 -4.123835345 6.954562539 5.615070987 10.229828502 7.744527717 3.823861991 2.123747945 5.040795927 7.282815538 4.425429555 2.149103847 4.854666086 1.085845230 4.735952199 -0.120373608 1.509798868 0.479595699 5.102244130 3.992208760 6.787098736
-10.547808737 -11.733988565 -27.387556807 0.741831712 -0.519191577 0.395614571 0.153671496 1.624311719 3.186640708 4.182276298 2.781930033 2.487936315 2.647856371 2.323181755 8.152872074 4.005485744 7.648351780 8.083090675 4.507856452 3.142441086 4.274077456 2.888334052 -0.752640266 2.352099973 -3.207362269 4.067713893 5.888640920
-12.082099234 -16.123762671 -26.093445459 0.837105280 -0.454433499 0.248464310 0.176097790 3.049192784 4.799425111 5.187478444 4.560648969 -0.785860999 7.161168570 7.296247186 2.901760469 3.521518762 2.051075244 4.675572598 9.183407868 5.185163611 2.331833509 1.963823859 5.179672337 9.375205625 7.666193564 0.770410222 7.379230894
-1.106279001 -2.538512607 -30.339172490 0.997143868 0.022609578 0.069858326 0.017684091 0.977501493 1.197463920 1.229589425 3.640200403 8.854953034 2.979217729 -2.099961123 11.011199966 5.864297917 0.496003537 5.607639751 8.086058410 5.513842483 2.487300818 7.043097173 6.034251036 4.930711325 8.238018930 6.495053975 2.082708931
-10.757729301 -1.670546286 -27.371477290 0.858409813 -0.048580814 0.422705017 0.286518700 10.568474813 2.808060727 2.844754990 1.584986641 4.850024918 1.823393052 1.941615217 3.523474227 4.290166927 -0.096125502 8.294641534 2.548862140 7.405441085 3.636311421 -0.606958142 0.887802696 2.134041158 3.053104894 6.169471818 0.470167751
-14.668910633 -11.433105437 -26.845253129 0.974043852 0.108239226 0.123203460 -0.156024843 2.219939302 1.631333582 2.694776291 3.266292789 5.778784946 0.639915337 3.878979731 6.021595452 4.989617250 5.556312206 8.197095382 5.227834718 2.703051590 1.059246124 3.273547876 4.059731886 3.405875765 3.931382297 0.172682257 8.229168581
-9.054834873 -11.926849835 -20.737622840 0.906455552 -0.137885468 0.391661254 0.076989557 -2.921061955 4.425878748 7.224211303 7.226836713 4.291505257 -0.219674207 4.396105869 -0.782298732 3.551362335 0.235111967 2.287156884 7.227069998 0.086217867 6.982957991 3.167000553 5.869135176 0.178285435 2.302081278 3.077074768 -0.830977850
-1.443550105 -5.888612894 -25.493849450 0.977444409 0.190365125 0.072681393 -0.055506412 3.413124332 6.412041038 7.035181644 1.705229715 2.187733831 1.455930766 6.907860899 6.912311986 1.608064514 3.430025273 4.930346333 3.545955603 0.322047356 5.658580677 1.377442118 -1.460315444 5.456625234 1.540618125 10.894677618 -2.915737694
-10.365610978 -9.517331543 -28.833820263 0.743523744 -0.579545030 0.268561691 0.197925789 4.318992809 5.044824155 0.885937846 5.080453906 10.538492557 -1.892539120 3.769855041 6.934312491 1.770488872 11.797553552 -0.230409156 5.638040750 5.643198144 10.343640270 3.044730381 4.628148591 2.825401544 2.085861949 8.189061102 -4.742008134
-12.019218209 -2.639895654 -32.910739735 0.845907709 0.154820092 0.509087425 -0.036067720 4.146514482 1.275164987 1.138874075 -1.540603178 5.141145774 11.827202598 5.367263386 3.038318396 6.163055044 7.268207936 7.947339438 8.430780022 3.433410913 1.863738785 5.259722103 2.171459488 3.692577533 2.593410312 -0.621526764 4.193916114
-1.304455817 -3.036825332 -22.545183910 0.942604916 0.234007792 -0.094321391 -0.218723114 6.784264244 5.809437647 0.718687085 5.897297091 1.866271617 5.961309912 5.591435133 2.890890742 3.695444078 3.252007420 3.446599351 0.041251290 5.330183019 -1.186474533 8.952321368 0.351099898 -1.271987579 3.024811245 2.079576983 7.491385508
-5.816184811 -16.842077881 -21.956183583 0.997239672 -0.014852946 0.065152981 -0.032365359 6.962459814 3.449958836 8.809907278 2.906489091 3.600142197 4.728313819 4.857418096 -1.228612227 1.377513703 4.076724039 2.966159466 5.856397879 3.182568599 1.445838221 2.107964715 4.956036920 6.108020502 1.914317689 5.201922101 5.268380341
-9.191590605 -14.649039690 -26.663327206 0.739742323 -0.117030743 0.660597554 0.051922758 0.676602901 5.348632753 6.332016334 3.209343123 4.269575775 3.884905869 3.435569611 4.743568931 6.892037620 1.265803848 2.260387014 5.915273489 4.395075959 1.534873039 3.616019794 3.100946703 4.989742359 4.394727087 3.851418701 4.050913002
-9.942452946 -4.261638244 -32.281213005 0.875277353 0.086109495 0.465420886 0.099288007 6.896441172 7.136260539 3.676580134 4.965142902 2.996572130 4.032436100 3.382368319 1.210245350 3.138225848 4.208407014 1.613839812 4.991617323 2.627534514 9.203635356 6.939460106 3.590670615 0.430041033 5.303759933 2.117815843 0.478733377
-3.553350881 -8.490906331 -20.004959367 0.849319474 -0.502475159 0.159991346 0.024039850 4.395059112 5.299526770 2.024219928 4.403214927 7.382673841 3.139872216 7.708560066 2.846926376 4.023964801 7.066130887 6.727200265 7.697249190 7.703737278 6.611540505 6.489264749 6.820157096 4.126908936 5.841336292 5.346667968 5.508959377
-7.468053013 -7.690068214 -37.710666859 0.738783209 0.017054473 0.659709005 0.136720680 4.740220822 0.052129086 2.128552594 -0.743683714 5.904945195 9.596852539 5.227434247 1.279283419 -0.331624440 3.851252880 9.303897325 0.706772122 3.068720072 -1.023459675 -2.197917315 2.984185192 4.723903996 6.241962389 5.646898336 4.515939056
-1.556143668 -9.550134386 -26.147985605 0.976353817 -0.005407266 -0.180477622 0.118877305 4.981900154 7.563313085 2.477686656 3.811878449 3.163453408 3.840088310 6.508403089 1.580872213 3.535918551 0.554046846 6.187829095 6.166688665 0.599522262 3.034436718 5.158945576 1.211124258 5.783063572 7.204999543 7.205287013 5.458715607
