14.302052218 28.292135338 -17.720702091 0.950558621 0.278807748 0.006587433 0.136605836 7.331612124 -2.472276018 5.114198069 8.494796877 8.345132021 7.171336319 7.890781330 6.410962905 4.650330622 5.633989044 2.926058286 3.924403617 4.539471758 4.435505399 6.037483198 3.410375753 1.814259867 8.818611453 -5.289746710 1.683618935
14.843711012 25.987578930 -4.905548518 0.813120255 0.268352298 -0.299206773 0.421067456 0.121586303 2.893768764 3.388578793 4.679989604 4.702034715 5.405287771 3.640929523 3.333908545 7.793330549 -0.359298405 3.946656053 6.926458511 4.236610372 0.798971449 0.419348421 8.021220757 1.726808816 7.985305381 4.748073183 4.186725060
13.074581694 29.197300558 -8.581976908 0.807661949 0.360476085 -0.228298016 0.406963370 2.288208191 3.876451199 7.772165787 0.967719988 -1.516529872 4.614218734 3.423109363 3.851336610 1.317901984 0.817211417 -0.166641685 5.819829574 -1.918681690 10.454916008 3.463834852 4.639711615 2.026239833 7.215032791 -2.991954397 1.638510926
0.515017410 21.808984444 -12.979779843 0.747968081 0.535591857 -0.044363020 0.389508710 4.734017589 2.533646429 7.744724867 1.081323557 2.203749419 -1.783824009 9.896382162 0.747109494 4.515860463 5.970718361 9.597886939 0.547676181 1.995285781 1.728073767 6.037317829 0.416708340 4.428224468 1.330958965 4.096905367 -0.773915828
13.338980243 32.302894714 -7.593322412 0.792252454 0.373341168 -0.234571436 0.421815910 5.833995709 5.553600629 4.222675251 4.619013125 5.117556561 3.489734708 1.077584291 11.195596256 -3.626605948 6.363030695 11.039313365 8.459554617 5.664851858 5.945014678 4.381270938 2.232808624 4.299293340 4.659878102 7.493731702 8.783115912
5.598627801 25.807013256 -11.743762734 0.946050233 0.254471938 0.053593183 0.193289320 4.613686844 4.066313648 6.437260387 4.848122214 3.265637259 5.662882766 5.571829920 1.653194218 2.773017696 9.571804442 4.834612090 5.363043777 3.439913200 1.924545482 1.288939922 3.400147172 5.047980021 7.797208557 4.619636371 1.364906673
9.485425363 24.482093324 -14.289896382 0.779878593 0.590173781 -0.069762466 -0.196513327 4.352472629 1.614361255 6.027239805 5.261525610 3.862880674 0.337198015 5.492407752 -2.962782514 6.260539021 6.559453000 8.669635549 3.936033861 5.798451111 7.369085198 2.575134337 0.364423105 6.500337934 3.578987199 4.276235023 -3.599568783
-0.407718300 28.516940636 -9.664370954 0.773635004 0.588081800 0.216185073 0.094407044 2.698483930 6.417689361 -2.679900642 5.305369531 0.348912140 -3.125085069 2.498189880 -0.329880675 3.199475897 7.706711439 0.391735612 5.151833405 3.623035383 -0.872936124 1.157261542 3.643899077 7.892718446 9.402436074 2.555056115 0.110286012
8.783777428 34.813739456 -16.605981364 0.898852586 0.412466707 -0.013224062 -0.147513960 5.345048413 5.890119620 5.211752477 6.209752132 5.824200082 1.340359769 4.154782958 2.617122830 7.275100879 2.651529060 2.583661247 3.142169743 6.028891431 5.211247335 5.318015655 0.322010061 4.702104568 1.975140490 4.962468429 5.243324592
0.999291294 22.225133791 -12.903691735 0.931609760 0.227742470 0.103481107 0.263682161 4.514601793 3.104796250 6.444530098 3.728166301 2.687821796 3.819188655 0.336560487 8.937611729 4.044632758 6.566095527 2.688519048 3.358694864 3.331260991 -1.331829335 6.449925609 6.347197960 6.041781180 11.483078151 2.458838609 1.546037349
5.457230484 23.604857772 -19.469316973 0.826535582 0.480990762 -0.184043726 -0.227188743 7.345496527 1.958978141 -4.039752247 1.529553768 6.318153395 3.733798340 10.048232839 0.866057808 7.420194056 3.039742909 4.891513683 2.222901063 1.801017910 3.348121420 -2.612397322 3.361505195 5.442888463 4.167503129 -4.507143137 1.208544689
11.911744023 24.867239269 -11.827767583 0.919383415 0.355118994 0.003547875 0.169150965 4.444500262 -3.123819057 7.154534757 1.530562582 4.720896881 1.658445037 4.189600770 2.527075917 0.190925246 0.832973294 8.778159824 -0.187064978 7.769768489 0.355370441 4.298130505 -3.711016305 7.614272913 3.233962572 1.935737535 -1.819467408
5.140555939 28.150800835 -10.973964730 0.720013149 0.633187132 -0.001300749 0.283995475 -2.427851667 1.554366893 5.848546210 5.629363073 2.477770773 3.789284085 3.523876580 1.590244612 3.991331419 3.183924772 3.169070961 10.928965782 1.125961179 6.132168241 4.295658319 8.490391840 2.724092962 6.166506381 9.090054380 7.128795131
4.670391887 29.399659962 -7.589065563 0.945443216 0.311790248 -0.042655018 -0.084288291 5.611768325 5.239836358 10.697458709 1.150930771 0.691489917 0.827103804 6.803698017 3.692279967 5.265162369 5.472960956 3.757619032 1.308152361 2.994333912 3.557002422 5.234219984 2.700341301 0.823036800 -0.467146523 -0.926708683 5.592070701
1.125581514 23.294674053 -16.081783848 0.735133982 0.515784419 0.094576999 -0.429650618 2.035187133 6.342873141 5.950871148 2.385483509 2.974705637 -0.173351792 2.210874675 8.004090458 -0.294900452 0.867054051 2.424859080 6.904175338 7.222791882 1.913791738 5.001492100 6.552736622 2.569981167 4.567156122 7.567595719 4.877680648
6.436408386 30.533729115 -8.808312945 0.929061272 0.363528630 0.052675922 -0.043787393 5.641941848 2.499419866 5.352719608 3.859204704 3.421901513 -1.076722177 4.933447091 3.195367071 0.984253668 5.092813091 4.308609823 1.725947026 7.378022372 -0.847732880 4.411225843 2.410880434 4.846328473 3.850958544 1.531611229 4.682227760
0.534863141 27.704494474 -8.610778009 0.753994729 0.619396792 0.213204234 0.048821279 2.585779612 4.720313181 3.064534828 4.220578020 1.981962791 4.807889878 8.414302038 1.723855503 2.194433354 10.157465129 3.177439656 3.512740924 3.645135190 7.221376775 2.344851014 2.666862384 5.213521424 7.577995992 -1.065271828 2.483667561
8.935804646 27.673860890 -9.800045375 0.777642177 0.478759526 -0.077011347 -0.400163984 1.406378786 3.924676571 2.343405659 0.795941150 3.561987281 0.340421586 1.283825013 7.699522076 3.116800546 5.813157369 5.051975120 6.594635861 4.922800209 0.018970401 6.067631149 5.743926505 -1.117777496 -1.553212259 7.516645356 0.084620582
1.493808643 21.123143792 -10.354552764 0.779862668 0.609750909 0.078876780 0.117458510 5.156309133 2.607826582 4.910826585 0.385700817 1.085253278 3.696826839 5.950356487 3.236132664 1.516567881 5.513659438 6.384872284 2.139342115 8.144620421 6.545348315 10.919370604 7.754577692 -3.891346423 4.661615255 4.718433892 -0.553248353
6.954763514 24.094464628 -5.405944931 0.967361477 0.243026923 -0.045198132 -0.055738818 -0.829830357 4.224003371 0.837836892 2.974843633 4.593674630 6.807232078 -0.351716913 4.790104794 0.835780911 -2.500988861 3.410811786 7.015431418 7.026106378 8.504536071 6.404694642 4.367298025 5.522421401 -2.369088664 2.674496674 6.844584952
13.750081721 27.329805709 -11.745912988 0.935334636 0.335977279 -0.078128317 0.078513385 6.499221473 5.197541775 0.847621264 5.535192628 5.331734505 5.077481914 6.052733406 4.909418477 6.022453728 4.579159678 7.731427510 4.957903383 3.312270721 3.482629615 4.829090824 2.956315816 5.435539538 -1.792555612 5.148235183 5.709654292
15.067608533 25.017156138 -5.743106219 0.722959501 0.587562331 -0.203798167 0.300942477 2.258371463 5.466526614 -0.230235131 4.914859352 -1.651398613 5.016744477 1.335107992 1.365347760 10.110136226 -1.624414890 3.721936119 7.118374318 5.260545152 8.495648037 2.733645705 2.407831867 -1.158119554 12.005849402 4.847087430 6.213637417
12.193223204 28.961350825 -3.343739903 0.848982841 0.361237130 0.028799124 -0.384586118 5.523353914 1.206296600 -4.405546100 0.755959090 3.481364095 6.790527627 7.132927759 1.250511618 2.231061686 4.099823689 1.500025629 8.630946599 6.101948523 3.224006865 3.242607480 4.262105135 9.002738602 3.684231047 6.999711421 4.607335840
14.509354839 21.518634105 -14.359533113 0.846552685 0.445597141 -0.248678058 0.151495753 3.439639159 7.333474432 3.448853402 -1.164644018 3.938749129 3.823400141 3.081927648 4.041239574 7.184413345 -1.086464753 1.059208879 2.578529202 5.037486418 3.341104723 3.609336209 5.899418447 8.449440885 3.956642656 -0.336757690 5.751884600
-0.759964356 26.651935614 -12.493736925 0.743701395 0.668258696 0.014399194 0.011454827 3.713915087 1.554222776 7.491173417 2.302146108 4.946483806 6.064100508 -0.136581215 6.608307545 -0.491885115 7.595216153 1.021409885 0.471205455 2.650215978 1.508261397 5.014720203 3.767632928 1.584557757 6.872922978 8.490327371 5.760256583
10.584110686 22.058150694 -6.551665894 0.725792076 0.594036068 -0.156057276 0.309827596 4.664396846 3.061756429 7.869377560 5.019845709 6.921805346 4.734027973 5.531835833 5.365317250 0.450899339 3.232996789 0.674287384 4.561997358 2.563185086 5.266234789 6.033990663 3.632727723 0.510580614 3.935753107 8.025917875 6.310047454
6.941784874 26.619071801 -14.787963197 0.707211738 0.487430140 0.012920033 -0.511953600 9.919613908 -3.463398574 -1.058183013 8.724239975 3.726517516 4.023783541 2.882733594 3.687965449 3.803942403 4.643763580 1.568027540 8.085088661 5.382858133 -0.072539488 8.092475930 1.098992152 5.741036680 4.567292849 6.285553965 1.734895854
7.329343823 31.174291198 -15.482308843 0.831829481 0.537236166 -0.050499793 -0.129949177 2.574823052 1.259971032 0.996442865 4.407703772 1.686030540 7.977478321 6.776887902 4.266538690 5.623616221 7.059348945 10.549161956 -0.616029687 3.172438287 -1.974479437 0.971973302 7.503201061 0.301856487 1.635423687 6.031119657 -2.232155398
16.709610301 31.915561790 -8.888349535 0.711333120 0.663454250 -0.072449993 -0.220419257 11.816591328 1.658140986 4.849894241 7.811361465 2.557827645 0.566724017 1.904010120 1.500137236 8.618760162 2.375921357 5.019063589 3.483718814 2.617695556 6.529944984 6.926342390 7.207065531 3.522348757 3.857587071 3.086615812 5.627026903
7.416071780 19.670660615 -9.721504391 0.717135487 0.692652153 0.073597579 0.023088608 8.825657782 8.014982733 4.817921682 7.029982830 8.172698669 3.201750008 5.076990730 0.802921531 1.411734969 8.524326595 1.912024287 6.227284833 4.735648593 5.233660213 4.761704530 5.793403786 7.972668081 8.751407964 5.349546592 4.524696691
17.482264897 24.478963004 -12.143395031 0.929296498 0.293402311 -0.189162298 -0.120584942 7.045043561 4.894942647 4.826318039 2.949572455 2.536742917 2.384617518 -3.567754752 3.834341055 -0.720357711 1.326600809 8.681478460 6.944647160 6.861595575 4.294527002 0.227160539 9.129315321 10.815993966 1.712331929 4.402264811 3.087550361
16.015772130 22.948585982 -6.809145012 0.718479878 0.627149344 -0.169546073 0.248444149 7.666320887 1.853371396 8.890408082 4.225273089 3.212095640 2.840323655 6.036548530 6.748428612 9.772167348 -1.794026774 1.554829351 2.969151109 3.448319336 9.771240784 0.814669043 10.359637798 2.098548920 7.390468506 2.585319724 5.148975726
5.195029340 23.196324771 -6.021916674 0.916206241 0.388879906 -0.096559785 0.003840664 4.118220568 6.281993666 2.930690458 5.423752168 0.759942450 4.101354659 3.008435904 5.922754871 2.951157987 0.661586814 0.067065777 -2.227772695 0.766183964 5.299743113 10.139316198 0.201911930 4.454388409 8.956920919 3.294464990 2.635374975
6.339368505 29.925351005 -17.295750658 0.954471053 0.294974974 0.044437653 0.000261671 -3.678125776 4.901286118 6.219093780 9.767545830 4.290463181 9.046699580 -2.217659124 4.829657983 7.833818971 7.698675270 1.167216441 1.247230702 2.125368071 2.901864669 1.511615024 -1.687345630 1.659886287 3.706813613 1.895368953 0.281352171
16.687606834 26.646594385 -10.970256524 0.865859791 0.492584854 -0.087421682 0.002105689 2.013676600 -0.172937744 6.709170318 10.294998953 6.716275656 1.617583171 1.907636732 6.988652928 7.959109277 8.672964552 8.294573493 4.257355865 5.001767285 3.266306231 2.469632429 2.728271281 -0.515037475 12.265065661 4.719439978 9.278195128
8.904924336 27.818922852 -20.153606316 0.776611745 0.470690378 -0.124638448 -0.399737441 6.738758529 0.636239472 -1.011070291 7.111176378 7.138542732 1.360167698 3.995114953 9.588788119 0.395092506 7.307925590 8.276830832 2.179377814 3.898959771 -0.542810640 3.115988609 2.674041653 4.187600063 6.194352424 0.701059467 1.793550631
18.050825992 26.605280546 -15.289462111 0.846832357 0.452767232 -0.154874366 0.232143755 5.955624443 0.918988975 -0.232478570 6.235964204 -0.851141013 6.362798563 -0.102379987 4.496927540 8.310996043 -1.477754818 4.842848177 6.782786450 3.484158011 8.073084206 3.619978853 1.631010023 6.506710904 7.377154842 7.584424994 2.085375083
0.663278463 28.247119374 -14.935691038 0.891793322 0.382846186 0.055967583 0.234523129 3.316937857 5.801556793 -3.745893540 1.816493702 8.692043651 1.912970210 6.599406417 1.526026436 6.426055772 4.374365088 5.841803205 8.901173036 2.084608173 5.506665662 4.373266355 7.711552291 3.158453565 5.047081803 6.810647932 5.256731672
4.963716407 26.210626386 -14.673651273 0.728731267 0.657453463 0.151136233 0.117743466 2.741104866 3.146529177 3.109231583 3.588638126 2.978462347 2.831780879 2.680731664 -1.620331327 3.913983712 6.811570529 12.172738894 0.800335988 3.572262959 3.643792324 0.288749449 4.098826100 5.248062212 9.358862349 2.760163389 6.067871663
17.360715232 24.358829639 -9.364505537 0.722385069 0.677000389 -0.139679749 -0.017884430 7.034644608 8.205088606 4.570366755 7.167517455 5.056259509 4.364261523 1.235669216 3.393468196 -1.189315311 5.394816330 -0.652089048 1.338512856 4.724095391 5.354352812 3.502647851 0.508461248 2.730747232 4.181346402 6.910486959 0.244279341
4.074901753 33.188901260 -11.589075887 0.729088028 0.464485293 0.055826766 -0.499567245 9.727998373 2.702484942 0.967078494 2.700783434 2.531336688 7.660731120 2.869519939 2.960966847 2.644695299 2.254084648 7.207553451 4.444726642 -6.084393900 3.684538200 5.584976040 4.453299479 1.802810958 -1.140574470 5.680667554 -2.908233544
5.945985914 32.231350007 -14.050523829 0.763976193 0.501777413 0.058106092 -0.401476632 -1.181112651 4.454507285 5.376921303 -0.074699870 1.682801942 5.309781667 4.124914669 -0.912810199 4.567637871 8.595216597 3.437922977 5.360539154 4.628168346 2.089789129 2.858345855 6.809231004 3.777037883 5.923853606 9.319837106 -1.748384240
1.603111619 24.145166705 -7.435295919 0.915070222 0.321315804 0.020065034 -0.242899233 1.530087678 0.176812882 6.493106895 7.776197289 1.316879934 7.691001673 5.513673864 3.321307460 7.520465069 6.994824675 6.428563267 5.202867949 8.696831037 5.820872895 4.401115692 3.864881364 10.607283375 5.157039238 -0.515383599 5.089061388
2.787232501 32.106305404 -16.294227205 0.881467853 0.460771468 0.047852573 0.091728998 5.934225503 8.332961889 3.723884375 -1.479758975 4.411024281 4.040162935 5.975122297 3.674240139 0.350896402 -1.751968757 5.949366703 -0.341123987 4.840253119 0.636164291 5.500727372 4.892667998 2.535329011 3.134971200 -1.704301989 3.360142241
5.109538231 32.130565156 -11.145956497 0.915145488 0.382217091 -0.072672125 0.105534793 4.492093914 -1.075264275 1.746403917 3.461222641 5.236590391 -0.353584297 5.537880168 1.234263573 4.446778945 0.673029301 -1.709788459 8.096674989 4.470011836 2.658259601 10.008765627 1.616007269 7.257893180 5.993259914 -1.828865335 0.607966355
13.367774626 27.470060928 -16.222891192 0.809522540 0.406704982 -0.209692489 -0.367822477 6.845560250 7.654377838 3.831340472 2.708621573 5.131258886 3.359113114 5.421767530 5.570576568 1.674187511 5.582168081 0.380964932 1.351930207 5.613264867 0.475376875 2.464906845 2.911115650 5.386590344 0.469643584 1.228008803 4.240192082
12.284301615 23.075386346 -14.048072368 0.777877311 0.436956225 -0.062211636 0.447331932 3.034536944 4.917596194 8.816134237 8.036315256 5.672711379 6.227981869 -0.782052816 7.217241764 11.501591627 10.545448032 8.635802407 -1.781229428 7.856155685 3.087479283 -1.025288812 4.890121722 1.992316140 6.685369233 6.421694400 6.481295429
1.200209497 23.396254672 -15.127855142 0.886973342 0.440337538 -0.046937511 0.131064921 6.849630672 3.330168196 0.492195329 4.470205982 5.495116843 1.440085986 9.982687526 4.039731105 0.513030130 2.451828009 -0.102773105 7.173026704 5.325573643 7.805417388 5.439570559 0.803639357 2.668329779 6.497669946 -0.158551602 4.285444093
14.080237851 20.472692978 -7.767118600 0.717475764 0.691427685 -0.084295549 -0.007109537 0.977086388 3.705343634 2.757126389 -6.116280366 0.849931445 5.147415293 -6.554122253 -0.209297570 4.930216297 3.359482091 1.028925695 5.427528578 1.689634727 6.294789943 4.979900742 3.028810911 1.027109433 1.275235247 10.938604922 2.590338852
0.867924144 28.633483508 -12.415626425 0.720333585 0.511133633 0.201987158 0.423158508 2.665905071 3.960038462 5.511744503 4.679932912 0.701333617 1.263028395 5.823377451 4.795858979 3.440029647 2.095428150 6.248591521 6.342165816 6.544294552 0.916128272 -0.862281371 7.170443548 5.637410153 -1.044535364 6.581349136 -0.491853423
14.436432143 22.940907460 -13.119119680 0.709797911 0.664481214 -0.076078005 -0.221051532 -0.052435390 1.761025742 6.875783735 5.312428361 3.312716317 6.677219682 1.660353467 1.492540613 3.401577872 6.067228065 4.232769955 3.982839672 3.480232559 4.294802741 1.447278924 3.928638882 5.714434041 2.157509921 -0.103644102 -1.811809553
5.462498051 28.090283558 -12.670143282 0.854700535 0.420141617 0.006206720 -0.304843393 6.880286477 5.747074854 7.461549524 3.115067036 3.326009531 3.597863466 4.614193396 6.071221485 3.132849086 2.078405632 4.583364458 4.453765597 7.892340810 3.555071955 3.037148623 3.222075237 5.640404114 5.651160923 2.778993246 2.664476634
14.166117651 33.575714285 -13.269039889 0.912934963 0.406207939 -0.021911535 0.032630467 4.850362069 -0.110306256 1.622754033 2.561789878 5.392018152 5.184035210 1.683155019 6.518752879 4.654046365 6.314619237 -2.724591749 -0.233525943 5.606348090 5.345001927 6.103994631 1.109295076 0.220657832 2.286508951 7.868911755 6.987604153
9.272960697 17.882716574 -10.181847230 0.898828255 0.395033741 -0.189799898 -0.005666550 6.592345395 -1.426251505 5.572768892 6.220326151 -0.106503851 10.440486495 2.782867080 5.215836589 1.267979707 4.941405335 -0.392886707 4.376284436 6.048950748 3.711275044 4.439276662 4.372244672 2.812185615 3.316183654 2.018047831 2.819607377
4.495340680 26.271516155 -18.353674977 0.863662881 0.409141030 -0.115346502 -0.270897084 2.332682060 2.602418044 2.821595575 4.589169870 6.944225867 -3.909022557 4.009404354 2.240153589 6.619563344 7.072489405 6.704760802 7.693019681 6.691708999 4.072700696 2.670387251 -1.662106298 7.438193161 -1.927932002 8.037342225 0.675775897
9.450082592 21.882778583 -11.237939098 0.711591722 0.663424088 -0.070647738 -0.220260297 5.419024941 -2.340699198 1.108402068 3.570658086 -0.462670154 5.162488616 2.683575817 1.263476525 6.494801694 0.968888305 2.720723455 4.205835638 0.028217424 4.490288355 4.283200654 3.679619460 -0.329017171 6.392550952 2.603967668 3.571255189
13.364165996 30.253128901 -8.533128493 0.897327207 0.414337373 -0.143874484 0.049280398 4.069842296 4.473077500 4.662464246 1.087115210 5.344094740 1.246100892 7.335553522 2.546204106 3.987126582 12.303082018 1.775626757 1.925076170 0.787127731 4.218961751 5.913029021 -0.734326104 8.822302192 2.444823716 1.062589618 5.257790247
15.472632874 24.156017341 -15.321597366 0.957895200 0.221049119 -0.133226681 -0.125796360 6.114652628 13.653149261 2.106107124 5.049108738 -0.599221241 3.590079620 1.987846435 4.854011328 0.792963116 6.609838540 -1.770113947 6.620157396 6.508802661 8.017387041 4.002117563 5.805567883 4.573671519 -2.405375743 3.799998801 2.820332228
8.708390683 21.692422744 -18.372322147 0.838607899 0.536658990 0.074165958 0.056862383 -0.009066802 4.936326734 2.056590945 6.251619267 0.418881213 3.591069278 4.252219656 3.188765718 4.354382888 0.689841876 3.815949271 0.935886224 3.723399558 8.057003764 0.323750529 6.390144628 2.845432203 2.698152468 0.248872673 1.970438658
2.733882427 26.841929193 -16.463308117 0.814629707 0.567616650 0.066737180 -0.098670808 5.041792199 -0.725830963 6.280887662 10.572780968 2.430253304 0.902944187 2.787679854 3.205406968 0.002513252 1.799345142 8.711515561 3.936297933 9.574623123 6.549935626 3.969653786 4.939661648 2.903089256 8.517890510 10.095813585 2.025687740
14.788705274 21.730251155 -13.596224980 0.812311391 0.542602286 -0.211241879 -0.033314138 -0.909359030 3.121501592 5.060855515 6.937015006 6.996654135 4.731963243 4.109642416 2.572257904 7.683832645 -0.125450322 -1.725755868 2.491697771 -1.318974011 4.071458962 2.115989358 3.383173237 5.709816547 0.783912896 1.454358840 3.502314783
10.978990485 26.657879584 -9.033473424 0.760526640 0.529822229 -0.268894369 0.261884431 5.087839794 5.402933275 0.896697858 6.873474835 2.648647083 5.094994983 0.737342709 -2.718282849 3.258777553 3.694133077 2.657527245 3.488025378 1.327505216 1.736403444 0.991442467 0.100377549 4.072243416 4.576948931 2.108286697 1.217919544
10.194846510 26.248579411 -13.282758034 0.751404501 0.620147464 -0.222750651 -0.034504283 7.190539537 8.674526919 1.217678136 -0.569214430 5.556769332 6.691778607 0.556081508 -2.049148152 6.616112711 3.624526818 3.063036313 -1.015772809 3.139741136 3.692232729 7.405254309 -0.255563537 5.159575683 5.430380381 1.179481135 5.661433761
3.228755312 25.106396172 -7.385415699 0.927427846 0.367954197 0.018375337 0.064417752 6.722817488 1.804357897 7.099602402 -2.675407697 5.303857198 7.145645514 8.110963433 0.518276701 5.044819862 1.312202683 6.983247107 1.684061089 -1.789317647 1.244002963 1.585934353 2.301926423 4.639297636 7.884031544 6.699471761 0.495789398
1.726758877 23.566726871 -15.469926224 0.796187579 0.417860343 0.098454435 -0.426362285 2.550251098 2.601520366 0.918175553 9.330179277 4.303771597 4.234544383 2.297970853 6.922685561 4.454683337 4.639306309 2.505643743 3.078093954 3.343786186 9.980079654 -0.195919217 0.617055426 2.065496271 7.667240884 2.972369000 3.311577649
17.425986020 21.491664285 -10.158892552 0.756974666 0.500532369 -0.060171487 -0.415735606 4.667719653 7.603268123 1.105979492 1.874019164 3.613793240 3.057923771 3.403605922 2.391492679 3.916707432 10.872582894 3.246931448 7.327650458 0.352430590 2.952606152 2.185209469 4.857405681 2.965156422 1.835689949 12.959839236 1.487038312
11.265671625 24.867014760 -8.770864163 0.891174905 0.416694133 -0.178694297 0.015544647 2.912186858 1.426796594 5.827179844 4.708692323 4.788682365 5.181653324 7.333223821 10.363687530 7.796384930 2.320944100 4.006142893 8.589032144 0.965317433 2.486434852 -1.711535375 6.182198441 3.657285807 5.533021193 8.024565172 6.380328044
10.523099562 26.689325452 -21.460910343 0.801239747 0.487918845 -0.229340779 -0.259524325 2.282602747 3.466532394 7.716376914 7.380309821 5.278919578 8.203478607 4.361635298 13.762076318 -1.416243838 6.932845814 -0.663011928 -0.119158500 2.292841955 2.449464337 5.654714002 -0.827686591 4.323419774 4.723801667 0.774804793 6.034458921
13.692064886 32.922528920 -14.171508335 0.726149819 0.651244716 -0.050201413 -0.214631263 3.735875992 -2.790721642 2.147403385 6.198544444 0.529418156 5.946175777 6.996292508 4.007915477 -2.364490877 8.049186323 -3.806091596 6.222311118 7.859073817 4.673505366 2.057411475 0.056711847 5.302265117 9.018044104 6.815971040 -0.805126938
12.731027305 28.891321129 -17.587107763 0.850157783 0.332898753 -0.102949665 0.394729694 4.323816251 5.158111308 7.455967797 4.627225577 3.901171889 1.796038144 6.301344072 3.931599470 4.523552211 2.245668407 12.540900764 3.895873259 2.084337723 3.997947311 9.308663914 3.940538695 6.969056325 7.254439080 3.380658852 4.266294439
10.680604194 19.708331740 -12.744962393 0.929005240 0.349889585 -0.056876604 0.106261912 7.507448766 2.286276987 7.391127092 -6.026194158 1.302972205 2.053604054 0.421769341 5.087020154 1.655138731 7.452762721 8.626852213 3.451309344 1.286416910 -0.829841329 2.482857162 1.044373642 1.646345094 4.240206182 1.996968556 4.160911252
3.770150383 21.639785371 -5.622293444 0.764623687 0.612451690 0.188382223 -0.069033928 2.652174908 8.119979494 8.120124209 3.782043243 4.039328842 2.373417712 4.060168209 1.019616446 3.748161904 1.842325593 14.757142286 3.263968319 2.055035970 3.706219181 2.011401395 4.088469525 10.831796401 7.349707690 0.995904178 7.155156270
8.868230684 34.369433377 -16.895956349 0.711543150 0.686018399 -0.032318531 0.148460818 7.586801091 -4.850211502 9.467965520 4.139964614 0.559819418 2.176944068 4.300224061 7.082920284 4.793711982 7.264924435 1.867331661 2.893080647 3.708927271 6.568606497 10.597644941 2.845159811 5.626472991 6.330908277 -1.549331276 4.999139513
13.873108500 20.643729634 -11.334668271 0.895242346 0.303196171 -0.190887059 -0.264906312 1.277603057 3.159454260 0.828594394 0.370350518 2.963434135 -0.957251341 1.548701418 -0.016120857 5.877204230 4.244907139 7.810263120 5.266811822 5.735588495 3.414775928 1.970131696 -0.248692916 6.414567181 3.125742472 6.486598878 0.610610177
3.842170971 18.851704224 -11.733590279 0.847220741 0.420266460 0.034704676 -0.323092409 4.165679490 1.293510943 8.169156337 6.757022861 3.228927913 2.745128767 2.111358883 0.482479926 1.657342997 -4.426015242 4.087542782 6.996066773 4.896806764 1.823391757 5.987623870 2.349966120 5.978845247 4.459748417 0.174645515 1.367022377
11.569962382 24.475547007 -7.058709541 0.943109074 0.284603752 -0.092232691 -0.145048646 8.201725807 4.784446086 2.804494234 5.570855500 -0.449427845 6.705611091 3.926192034 5.572839146 8.890691208 2.563198722 4.652410769 4.802699706 2.591737153 5.289482661 6.619261753 4.288251305 4.952660056 1.536281709 3.342437072 0.483206668
8.386221554 24.694026073 -9.496821046 0.766415086 0.638816803 0.064019039 0.020556548 1.865466122 2.473741512 2.239077946 4.575580031 1.469650667 2.696632314 4.411551082 2.527611774 1.826963048 8.049666951 -0.241154133 -2.001436238 -2.457311372 -2.641587275 5.057846512 6.496888778 7.721799748 4.599059246 5.672953095 6.187879774
7.465708625 32.624955106 -4.647522837 0.880686748 0.326034053 -0.066076820 0.337233602 1.034228375 5.158269769 6.398230389 2.442479469 4.503493380 6.379140402 3.626756327 5.279615679 5.835866132 -0.203517749 -2.383603333 1.841218056 9.000550440 4.924966164 2.283099542 4.571590823 5.900443099 5.883306204 7.134922048 2.659806446
16.260501776 25.675215123 -11.384366538 0.805682113 0.403533166 -0.143639689 0.409151509 3.963166249 5.095638854 1.798102552 2.311304844 1.960638171 6.146055769 6.618880947 5.114447060 6.864727960 7.033103233 1.245694854 3.804655799 4.605682154 -2.441176169 8.005299199 -0.401059628 4.534599718 0.682006444 3.835330878 4.902233639
3.974951182 29.896011460 -15.422834998 0.719000835 0.466374492 0.165199895 0.488100018 6.839064951 4.419157981 4.612512448 4.868578565 6.446375348 8.665429146 2.319466335 6.426916671 0.985528555 1.588348227 3.840519324 1.518265390 8.945604905 4.123731763 5.843059689 4.762043592 3.307119434 5.317078822 1.957338420 2.647032606
6.634869510 21.368345906 -11.688134871 0.837117038 0.532669701 0.092915084 -0.082854338 -1.890957499 3.590474978 4.150628406 1.130097297 3.530664441 -0.988151186 -0.292221521 0.115334870 -0.358997989 2.847819453 8.461699151 6.842793263 4.622955304 7.229708759 5.041108856 1.904299137 5.406764477 4.796203568 3.041480488 4.466601158
8.227928585 34.514314850 -12.200379156 0.906058459 0.383723358 -0.093292934 -0.152022636 1.214048407 7.943394693 5.096500495 -1.023291726 2.280796461 2.913519431 6.879696821 3.374032283 1.988783445 3.404960897 6.281649285 5.422586283 2.657237114 5.532843614 7.666391757 6.857258847 -1.263195979 2.555927017 3.837494967 8.301610693
14.515039903 31.613326269 -16.094493929 0.870004955 0.420359851 -0.173517050 -0.190475214 11.950234849 4.873030630 1.115180635 -0.831011068 4.427475629 3.625301251 6.455289745 6.827966527 2.396014635 2.784610264 2.070351714 14.164250187 7.381093370 4.608387733 4.835832738 2.326508978 1.975381579 1.971247899 8.647863381 2.921295196
12.410246903 20.077669757 -9.426863255 0.954391756 0.265690061 -0.135734883 0.011009535 -1.650136959 3.217733626 6.774780315 5.824714327 1.217219620 3.456519297 4.232154260 -4.507785709 3.211770504 4.195784141 6.596795242 3.217065877 5.528578126 5.806974833 2.535299304 5.865627090 2.289853308 4.856098911 5.614555632 8.055587385
4.991551780 22.325071988 -4.442945107 0.939352324 0.302819040 0.045599660 -0.154397250 7.105224262 0.585389192 1.862988406 -1.734461470 4.176040656 1.539112514 2.693535810 4.160318250 3.552540817 2.890686484 0.377948141 6.691084764 2.620409474 12.146844614 3.917285614 -2.868888798 1.254292490 1.141118807 7.843263460 0.385173598
15.074378424 22.886813253 -12.507550990 0.888494572 0.392595604 -0.114802767 -0.208005797 4.608386177 3.605406596 5.979084349 5.041816652 -3.208478636 1.531833122 4.441612678 0.754437179 7.318527643 0.463456324 5.709845008 -2.382465619 1.067118011 2.361839032 7.830010225 2.398747591 6.690065298 8.957290767 4.030349498 8.666042117
9.058380827 34.448855352 -16.305211350 0.818054668 0.483894426 -0.067721309 -0.303391775 9.849430023 2.248054676 10.674923366 5.212866685 3.060228652 3.752611444 7.501321037 3.889683706 0.986409652 5.581608077 4.202209885 3.337002395 0.679191164 4.297034981 4.898166529 10.398956273 0.295989111 -2.691285754 6.843767567 6.612916838
5.045384294 21.764985198 -11.247803958 0.736479754 0.591836046 0.144685498 0.293928175 -0.639856959 1.070268526 4.658787386 3.269767401 9.246997835 -1.491470832 -0.065876976 8.420181363 7.537473715 7.938128500 4.492737732 6.587745318 2.999989388 1.197675108 0.742349888 -0.328569777 6.949781327 2.571574162 3.994387695 -0.734105500
17.143547622 23.995802663 -10.133199589 0.761662655 0.638254127 -0.111062055 -0.012918559 -2.083215757 6.531121245 6.156216480 4.992378235 5.673913155 4.669809998 5.873947611 4.150787759 7.754646715 7.661063247 2.331560427 -0.374765988 0.391989529 -0.744268483 8.273721349 1.332188494 -0.391262850 7.355890662 10.132695920 -1.807059563
7.677573657 26.042421835 -3.647399934 0.829497476 0.520086128 -0.098689730 -0.178058118 5.767735663 2.125976254 6.912204064 1.748435863 6.181572163 10.665864094 0.297220659 9.330512286 2.664176887 9.257849194 7.923322030 4.313918739 5.880505083 4.410666116 3.373088521 -1.717272176 7.746615962 2.504497693 3.367056610 7.607231484
3.495327525 29.653788035 -14.304186745 0.729283831 0.649353643 0.069442020 -0.204114539 2.224943302 5.310860379 4.192639367 8.549680975 7.987830128 0.483526362 2.763852967 0.377356779 3.599615488 5.722103804 2.792856605 3.435310074 3.179014166 6.291128870 7.784520674 7.432491534 1.855294489 5.148859455 2.623578112 1.378925891
10.174681826 26.502029458 -4.209709412 0.764358848 0.443400745 -0.125237206 0.451073135 4.501645257 -2.298561315 3.561043888 2.566044790 0.943421205 9.280312228 5.693653774 7.822893418 1.757598123 5.342624405 5.243960726 3.695144151 3.821780081 4.123114681 9.470701267 5.333158402 5.535481574 0.063759411 6.933158084 10.308819413
13.041690809 18.091744222 -15.629395334 0.815321097 0.435191315 -0.327012062 -0.197289482 8.223775473 2.434877867 6.469871953 2.970460988 -2.327864866 -0.471219755 3.953272868 2.304267254 6.636924993 -2.215363857 1.965811756 2.333511674 8.179367419 5.887039014 -1.048638106 4.399190543 5.572704786 7.951405760 1.592614438 2.919660186
12.599644901 33.673049654 -7.707926313 0.857484624 0.358683923 -0.022165091 -0.368204661 -0.919119707 5.830923150 4.601638437 2.224227225 4.589218264 5.886564105 0.227855446 4.188884291 2.076537732 0.844156196 0.294214849 11.599168592 0.675063784 -2.989711580 6.641999904 2.100774398 5.396812799 4.136952214 0.410764897 7.658294484
9.902387322 29.368613548 -13.530292604 0.826632895 0.449096478 -0.154338259 0.301943889 5.462527514 7.110284264 1.616254008 -0.812142123 4.922978610 10.766833900 5.425847953 3.856356509 2.237027862 3.677046825 1.217407580 8.601826826 4.904822965 1.413686431 6.288709448 6.260194548 3.466923269 7.197260794 7.330375545 5.244404754
8.215796076 28.654654382 -5.444177236 0.857242023 0.347438894 -0.088023555 0.369694715 4.787960519 5.838597663 5.704087276 -1.966952803 9.379210733 3.247086153 5.458056551 2.362003705 5.285575121 4.395461970 2.739789693 6.193505118 1.824927967 6.282117904 3.383645697 13.629217177 7.632291871 1.205422826 6.680416391 8.618999104
12.972993400 27.332009003 -20.328207137 0.776830272 0.616423215 0.007777838 0.128439300 1.696612177 5.485123439 6.935280988 2.245889213 3.020829094 6.531081633 3.390891561 8.745826223 8.369387121 4.759678779 -3.098154106 5.968034392 2.958028141 2.921823374 4.334254744 -1.210462734 0.393346865 3.370830785 5.440120918 7.858411129
10.721138266 22.899826482 -17.676028796 0.833187341 0.377500097 -0.128821036 0.383011322 -1.426060605 8.857346399 2.147447460 6.446906422 3.969096525 3.960962512 9.750253066 6.599277252 3.900966093 2.109932967 1.901621521 0.411256488 -0.724064890 7.798132392 -0.440520839 4.817439248 7.212512841 2.738848097 11.762535583 2.808067126
12.652504559 18.926236430 -8.349138286 0.755822346 0.599152700 -0.058093812 0.257631000 1.858706163 6.486482874 2.805884146 7.123532485 6.578574427 2.899705556 2.986966881 3.757267670 0.952352230 5.885230027 7.196337124 0.791169676 8.135822807 6.153278105 7.188047864 5.728695700 1.715436242 9.530064669 0.528267026 10.011584091
10.532771078 34.186430938 -10.331228996 0.872985608 0.359247608 0.029751376 -0.328560711 6.465319340 2.990425403 3.425456199 6.337316421 5.417167132 2.693762245 6.634799594 3.083364806 2.540745501 6.197272464 2.994571704 7.860189156 5.454435131 5.470222664 0.400019466 6.813232616 3.583601404 -1.120822807 11.807119771 0.471668613
9.798697283 27.609316266 -17.800590267 0.935399787 0.345663573 0.032948139 0.066770896 5.690769506 -4.251274603 7.117809048 4.842483244 1.896175579 5.961890109 4.500412341 7.830021575 -0.667112936 -0.258940523 7.596316078 -0.947581261 8.528065852 3.610340785 4.707291813 5.221716156 1.026033149 5.338380056 2.172861402 6.158820610
12.790941544 26.704095024 -10.308976652 0.862950056 0.412631464 -0.006179530 -0.291572099 5.429157390 3.850484143 2.627068111 2.963161960 3.294862862 4.016546602 6.407143547 -0.048796092 7.305634224 6.415310037 4.856015834 1.092645670 6.263934354 3.206795562 7.548644437 4.734609694 5.190813792 7.804919451 0.135303478 2.645090467
12.754143985 18.884194729 -8.163597664 0.946576169 0.307067616 -0.087630927 -0.044987281 2.320042280 8.287846056 4.727157948 0.437131598 7.218989941 1.743218427 2.711500350 3.148798832 4.802016786 8.258208075 5.098163004 5.563987485 8.835265474 5.716764269 5.054628993 7.994013813 2.060261785 5.822908581 5.272456594 -0.334290808
10.386186559 19.535531614 -18.383094548 0.810736910 0.522942205 -0.259622229 -0.042818348 8.168758007 4.386359981 2.637770510 2.090236086 7.292836253 9.180304455 5.018408434 11.585098741 2.069971404 3.713658286 7.419850875 6.228697494 4.449419316 6.466997212 -1.428626273 7.347602020 0.810615501 7.148454318 4.038792685 8.067297369
7.039354539 32.720179964 -6.309066758 0.922704017 0.331774470 -0.113669813 0.160069274 0.887059955 1.845753304 6.794365779 3.208006791 4.126586997 -1.860909543 1.732425859 0.907064723 1.475445142 5.085821328 3.348379659 7.072659280 4.364910006 6.125113312 1.087470753 0.221528796 4.279318451 3.552587617 0.332693212 7.783225627
8.154788451 18.197220898 -13.913410483 0.730553307 0.410829462 0.124116121 0.531136712 1.343384736 5.566804202 0.757719690 -0.096982944 5.132899443 -1.015968301 5.703823457 1.533343986 4.140537649 2.124391379 -2.000184579 5.166207205 4.844020962 6.070417017 7.806276989 -5.364345016 0.479869445 -2.016534389 1.248708252 9.189944687
8.984622409 21.257599551 -20.167296846 0.848082767 0.457039818 -0.123383207 0.238005903 0.217359530 5.550406651 2.595471811 -1.963341440 1.815108685 5.641481713 6.117810202 3.436264182 2.008720601 5.183964966 3.844507497 1.952842225 8.832893153 0.805780241 5.775330635 6.867048388 5.305436430 3.814730980 0.658865116 3.108797143
2.013876577 22.968844003 -14.307448778 0.961389320 0.268143506 -0.038586367 0.048381074 4.432201215 1.177090669 2.830333639 7.875866933 3.792703094 0.255601588 3.636817358 1.313757005 3.141180985 4.355636179 3.027761765 0.235637757 3.019031943 8.123422372 9.913729668 5.139113972 3.108972605 4.484160037 0.505610018 6.187316443
12.571459180 19.149305858 -12.426908921 0.911115116 0.378529387 -0.078773404 0.142756782 5.828064580 3.823773231 4.948342462 5.192457277 6.257731664 6.048759585 6.162485923 7.180776913 4.091429442 -0.373248767 7.659383558 5.831863856 6.290570040 7.424608651 2.189617271 3.445189460 0.669097171 4.208707757 2.934785020 1.914148290
15.571950431 26.993099359 -18.639686590 0.789008466 0.601272534 -0.125210303 -0.016104669 9.609422782 3.670958304 3.300649856 0.528482824 -0.567996484 0.670406277 1.145976047 3.816393354 2.132278783 4.128664531 6.501374028 0.317109098 5.562939831 3.640812100 1.646909356 7.065670205 5.027531642 -0.400112669 11.300226402 6.619156528
0.567817962 30.708008284 -12.994649865 0.763984660 0.441772272 0.099134205 0.459714159 -0.589853301 2.909616188 -1.980950974 2.074137734 4.417622807 -2.386763140 9.452844607 4.777582262 7.974711648 0.411059408 5.126102875 6.212028136 7.802939924 6.383941452 -0.322648750 3.982007778 0.879037610 5.684514815 1.576261370 8.219636489
5.244505069 26.791045404 -13.968819521 0.714463170 0.612044605 0.014324812 0.338730838 11.893675447 6.508932692 1.922710619 1.185493846 5.352882326 -2.274461545 3.978287681 3.162909456 6.335236333 4.832993518 -1.885575699 4.972265982 2.786725181 9.159003014 0.781787475 10.055404595 7.506304229 4.787790928 6.613740941 -0.303645603
12.162273101 27.039798103 -15.916332667 0.894431320 0.380396145 -0.165705285 -0.166832687 5.385231593 6.231406364 3.496649163 1.557793873 1.362381533 -0.261788365 5.502803577 0.873786816 4.041951143 1.814037188 6.330932633 2.734340822 -0.926040726 13.824174934 10.259655447 0.863220813 8.069395797 0.771981948 1.405612316 6.529500389
13.453281453 20.457904757 -10.474085745 0.935235804 0.269848598 -0.165599861 -0.158405843 4.708041423 6.349262327 4.815417268 3.979371695 1.821968401 5.205512563 5.538140906 5.408305341 4.594310811 7.206085766 4.808436441 1.450723773 3.742838257 9.587272109 4.751171369 5.723328198 10.987199292 3.262836808 4.826040944 4.514801116
7.047328365 29.411532383 -10.616104379 0.713882654 0.443329658 -0.067961790 0.537783940 1.184259441 0.156823514 1.603576640 -0.291473789 5.542590969 6.478702905 -2.024191005 -0.454394299 8.789466702 4.179755372 3.914314066 8.969533581 -1.215704040 8.881075844 2.949939248 3.665497932 5.766844877 2.254786087 4.734624189 6.019697499
17.933437562 27.747376913 -13.381326689 0.796045898 0.518387689 -0.161192381 0.267585778 1.024040916 6.048996085 2.899170193 6.426256855 5.565680842 2.205094572 9.962469192 4.753225892 3.828516450 1.322843793 1.904598729 7.695175616 9.106160796 9.117819069 4.442845600 6.628994835 6.106353675 6.626074160 4.966429727 5.922941080
6.993655613 23.442638437 -15.933933364 0.739512021 0.600197246 -0.218860916 -0.212096997 8.915104784 6.525843327 4.805931097 2.021251423 6.267720453 2.377421432 2.420238886 3.569466416 4.494120013 9.276084841 -1.989694521 0.943476590 7.852678781 0.702205205 2.525265022 3.430014059 5.703171515 8.510696060 7.048030422 5.092766764
15.526852298 25.043085447 -8.529373165 0.790569491 0.384858177 -0.157113555 0.449665869 -0.320057645 8.232234243 3.440265464 9.450225285 2.966649465 -0.851485688 11.033114134 4.283573579 3.424037261 2.063472609 2.313372201 4.927738477 4.661768276 6.721790912 2.419162339 3.723774698 -1.129412663 0.791103763 2.989590270 1.371326886
6.480784795 27.508229592 -6.002909402 0.908243438 0.356428971 0.080338052 -0.203955982 3.854741271 6.055146889 -2.231358071 6.618708853 6.420449547 5.309957972 -0.697850825 4.384467565 1.357960785 5.287106010 2.503687085 4.609911467 3.343999015 3.383893119 4.924514472 -1.495401119 4.185723960 4.802265092 2.802707536 2.171722376
4.116953298 30.399516137 -16.477757726 0.732712376 0.474393150 -0.028973493 -0.487077254 8.448385401 2.228202942 6.682451960 2.329873662 4.424721718 -1.269550408 9.690106680 2.587009819 3.484598635 7.512893441 4.966141947 2.372645123 4.550587087 -0.661329257 10.401423124 3.580032671 4.400704866 2.244183732 6.051792879 2.450288526
12.134492816 17.989573880 -11.014912027 0.890938247 0.409411081 -0.102281921 0.167779664 1.981123668 3.449850623 5.317202417 5.316721637 0.186438137 2.913271430 3.884046337 1.163361588 3.111701722 3.844194466 3.271304899 -0.473763165 0.908817850 5.366569106 8.168830244 2.951293518 7.808038701 8.092315268 7.461413191 -0.869004009
3.892908471 20.873538682 -15.842988928 0.808977748 0.575628424 0.061678349 -0.101993639 2.032503027 11.449817695 7.747108832 0.277358722 1.426119505 2.246447417 2.993637227 8.097091507 4.604260845 3.286549144 8.791959357 4.035126560 5.845721687 4.509506267 3.134281539 7.844596830 0.769232524 3.519853663 1.168907318 2.148643958
8.585560622 27.243668067 -8.544028787 0.769980936 0.585871901 -0.152009147 -0.201932397 3.426621482 0.658657863 4.435844018 7.126188050 3.411168823 7.908267967 2.979595698 1.726834344 5.837961156 3.653820054 1.042052299 6.036423833 -1.929362038 -5.111450874 5.433611630 6.951846698 8.124205566 2.230661630 4.180019246 0.897683383
8.160008199 22.574100538 -18.949084247 0.729341844 0.470521032 -0.096298514 0.487234059 2.115298822 6.077216646 0.446188968 8.247943316 4.738899140 7.214311693 8.149174148 -1.788464705 7.633491497 6.720040598 7.758513050 5.189819424 7.071187212 4.004263709 -0.018353484 -0.501029131 4.249717644 2.432465837 -1.652739310 7.527412173
12.198538157 33.747238888 -12.191797480 0.795731948 0.553989043 -0.064517332 0.236102355 5.460324299 1.863647182 3.630660133 -1.625739227 -0.084746413 4.826189143 9.485268684 4.635591991 4.409554880 10.043635041 2.623428660 8.017104548 6.319279527 1.466562140 4.813796264 -2.388865721 10.777122124 3.180317045 -1.219826177 5.612491359
9.100329090 21.063432272 -3.744751130 0.887758028 0.325998988 0.112230273 -0.304983128 3.386099309 -0.627493835 4.463572317 3.283217167 7.903192483 4.026870980 11.110287237 2.661229587 0.256821287 2.004142915 1.798083482 4.686486568 5.910132164 0.430681281 2.923246951 8.181501681 -0.072016154 -0.908115649 2.390681898 10.947653287
9.348142720 18.124028275 -13.022780290 0.843319771 0.517887723 -0.061884584 -0.129515905 7.814710792 6.790832262 7.149506323 7.033866223 -0.192292343 0.987694674 4.571899400 6.330793452 6.322382946 4.830884344 3.514660605 2.246295496 7.212493392 3.528743300 -0.273602298 0.840370268 -0.918553582 2.524955146 4.916545790 7.959289291
10.374359798 20.650944603 -4.268855200 0.823806427 0.473847359 -0.279280192 0.137164955 2.629465345 6.908780651 3.284145930 3.097535313 5.039024957 -0.812171323 4.702346879 2.761242574 4.084425170 4.486033263 -0.714053589 12.269583674 5.372190204 4.628802964 2.889718345 5.724289484 0.857469201 7.543102145 9.768470898 6.030602950
10.859580413 31.660837380 -17.801205309 0.973995657 0.213126167 -0.071497685 -0.028244980 4.331718662 4.542995131 2.627773440 5.242893432 4.745142451 -1.004029553 -0.798430459 3.460502256 3.448308657 3.207098800 6.909329661 3.188362233 4.950164311 2.408396490 4.237176648 0.313368091 2.851399018 6.120214995 4.758122745 2.640484491
14.297749310 31.693038892 -10.116313246 0.891848932 0.382872396 -0.067428092 -0.231230756 3.546778874 4.034228468 -0.435413006 7.294647206 3.608802943 4.879168042 4.644559506 8.922031316 3.843290891 7.619648496 -0.226071827 3.162003136 1.229193444 1.336124753 -0.505305270 4.012217666 7.569550400 -0.570542136 4.400244477 4.583682782
6.497082813 22.489747856 -5.456952735 0.890916376 0.446897867 0.079874716 0.013051357 1.603015858 5.218759751 3.306573257 2.524678082 1.691232221 5.011721217 6.808383912 0.876618793 0.862145909 5.502701359 4.543528308 -0.886644295 3.308492135 9.114231921 8.498625111 10.980243092 1.883051132 0.073163570 5.624134355 4.535250512
15.326754088 29.207187990 -10.209304900 0.774674579 0.627045434 -0.081476533 -0.007409077 0.252711529 3.210269286 7.313141874 3.781986350 7.865430359 7.364371872 1.600280218 3.782068902 4.323970718 2.452120446 1.597221250 1.597146438 4.600027337 3.940483918 6.375051355 5.242638461 0.163657416 2.198838477 2.336409342 -3.602772682
4.170996585 30.610731777 -5.143052050 0.897458547 0.331451539 0.022697680 0.290160041 8.043461141 9.509303798 5.080367039 2.974520241 0.770273638 10.004958259 3.081641013 -0.531573838 1.182890405 4.692926450 5.027734441 0.911339212 1.884091561 2.929460549 4.554818807 -1.504272828 5.905076257 4.950513415 5.912189603 4.009039541
7.171935054 30.703814544 -20.455410446 0.972366431 0.231961609 0.024152538 -0.010676630 0.762465466 -2.049361022 -0.919737173 6.274304887 1.759426839 5.519044550 7.487394458 1.849431929 9.697711116 11.289592427 2.250244193 2.341929171 4.542942289 0.783910063 5.214165795 -0.219108627 6.760446041 7.240966311 12.192233973 -0.657649738
0.834104990 24.785304668 -8.333175308 0.805393286 0.405370243 0.094524229 0.421997383 0.521472827 3.727734126 2.581295272 5.481550753 4.927212367 2.315992021 6.409382233 8.763635818 4.149131804 4.159104010 7.859514252 2.269656100 4.605995143 -4.166147107 -1.146607401 5.768965625 3.068020596 6.993403752 3.661390968 2.566428559
8.143677811 29.063959928 -13.370938726 0.809412925 0.421303919 -0.036994355 0.407412743 -1.807920528 4.161915774 5.434598357 4.042890862 4.449356910 2.062365252 0.239402809 2.513285258 10.563248325 8.362039665 6.215361845 2.516555816 4.200359002 4.069645649 8.480460743 8.199010065 1.944782335 6.890758879 4.802571928 0.066537452
1.383167101 23.935232682 -6.857447545 0.803441499 0.555978572 0.192663026 0.090832505 4.482607952 7.250573232 0.701684381 1.015364971 2.627645177 0.700162001 -2.164609941 -3.733895852 5.155382136 8.658401831 -1.232185416 7.332217187 1.728895792 5.250462114 0.298254311 5.108802820 4.457510494 2.203736840 3.676995100 6.390667257
14.215818905 25.370653177 -5.762217669 0.922746553 0.375931533 -0.057160742 0.062824609 1.030891593 4.537666524 1.810465908 0.487313218 -0.031729741 -2.354989702 -2.557264054 7.003322397 3.242373314 1.320954345 8.740168289 6.780354079 3.177077174 6.349234325 2.713640942 -0.356072847 9.316060298 0.186926749 7.059298351 7.393381051
12.573163098 30.037001466 -6.239569977 0.795516745 0.577095592 -0.122987817 0.137796166 2.721969334 4.607168793 4.172922290 2.778996194 4.686679288 7.492307571 3.917201561 3.696238744 7.043431291 -0.121357710 4.539825717 2.918165880 1.099507033 4.978065723 6.399888366 5.363331592 3.941234403 2.983254961 5.033466432 8.420559359
12.947066117 19.552410084 -12.230722177 0.734052681 0.641578473 -0.158628338 0.156143444 4.043574176 6.069462598 4.362192368 2.938920848 7.066765983 3.493948464 2.183320268 6.649626574 8.033966376 -1.594596712 -1.444843973 5.430069005 4.453199123 2.597217024 7.251894980 0.948722310 7.201745506 -4.563517415 2.602364231 11.251050488
9.475916623 31.200811227 -12.116496801 0.892591638 0.444115705 0.029790366 0.071790959 4.431441353 5.801840878 8.641869227 4.014977655 1.111306231 4.920511415 0.339290918 1.002631085 5.390912205 8.853260269 6.843375579 2.526809090 1.308632906 5.382823438 6.584071332 3.705411780 7.397406612 2.273121264 -1.846281705 6.216265229
7.033724277 23.857497206 -17.090143865 0.941535942 0.300847226 0.010965998 0.151263885 8.760010016 3.273835600 6.197260883 -0.537321751 -2.236061030 7.755636593 6.755870124 6.197015658 5.843907327 7.933239478 3.122351038 12.843204081 2.566671401 3.047236740 5.157872251 3.258496368 1.320729725 2.709129200 1.030988766 0.054296631
14.717906681 22.038473644 -7.596482706 0.879395872 0.410174556 -0.237266112 -0.046092585 5.881418023 1.089383193 5.702963555 9.234161351 1.504128037 3.401570458 1.558955509 5.657377335 2.570814208 5.455682465 5.305442863 10.655716793 1.447385267 11.284376764 3.846046432 6.183650645 6.868776517 8.337160986 -3.175895885 8.097927998
1.583767576 22.106570090 -8.987624965 0.732088319 0.621878406 0.208727364 -0.183703101 2.145066565 3.201126554 5.188899118 3.792104802 9.211466614 2.165598684 10.528622328 7.323196957 4.226923444 -0.778634336 5.873007273 1.180048310 6.125334921 7.143406634 3.014384888 6.713587935 6.348707058 3.882734667 -0.549411514 1.960824293
14.234170333 20.686389009 -13.663087073 0.817432428 0.405368757 -0.132417404 -0.387228651 11.733412850 3.834442126 1.422561722 0.069303218 4.470506646 10.307612583 0.815266558 2.818282192 3.799453409 3.926914473 3.821492783 4.611385167 0.739126157 7.799814563 4.225818310 6.832165673 1.599262790 1.407670718 2.784102926 6.997219114
1.614998306 28.625058038 -9.423094689 0.878748195 0.369970802 0.108690293 0.281264351 6.884434829 3.352588101 3.065889384 6.626242156 5.280173585 1.794560220 3.587955623 4.394094167 3.891388363 1.641159678 3.256155117 3.066139339 1.094909519 4.924651618 2.765505528 0.622346339 -0.214046112 9.025130787 1.541877041 1.308613725
3.142758647 20.636968836 -7.965219692 0.768853562 0.591185732 0.167200832 -0.177221650 7.872998053 5.918341876 5.819446903 4.092989178 7.416159822 4.947189899 1.027049550 7.152603996 7.516931589 5.264538236 6.363630013 0.709877054 0.041910494 4.513965274 -0.278613085 0.296105851 3.538984508 5.370575413 1.770128020 3.996704085
12.793533885 24.143820056 -10.861017286 0.720976477 0.601641613 -0.134546116 0.316413705 6.657782373 6.123189902 5.806432288 2.611736184 0.770593595 2.037369496 7.948924069 3.660456833 8.611442904 2.924831244 6.613416537 1.985760363 5.206124253 0.800343533 8.249725004 5.877295067 5.405009799 3.861471804 3.882301334 4.804621254
13.231815760 24.360189625 -3.018515262 0.720420356 0.432935372 -0.207728575 0.500410145 6.140088035 6.754402406 5.089635315 3.832465996 6.598364095 4.713397761 2.582366455 2.599296525 2.296324785 3.211116885 8.777144997 -0.107548230 6.442586558 4.718502700 6.638963111 3.751595952 8.446540458 6.696927409 9.389076148 -1.686499369
10.567514315 18.948634364 -15.314869404 0.856517324 0.483610476 -0.006883687 -0.180143263 0.839317409 4.763080448 11.196315922 8.068353884 3.899725288 3.435518205 6.671582967 6.207768093 2.304598686 4.692874227 9.385442219 -0.798844938 8.316488253 -0.066878538 4.226491017 -0.258829532 2.888799588 4.762450340 4.672151554 8.932780995
9.787864279 23.986877886 -7.445351629 0.737669168 0.544277383 -0.297486386 0.266661168 6.105243210 4.353737941 -0.421180106 4.302272978 1.797698292 10.266635824 13.529472022 -0.722485201 1.101924964 4.976385372 1.287422245 4.405322881 6.395124093 6.154637416 3.975474295 8.425501303 -0.338360161 1.117782124 6.499249949 2.290705267
8.670822132 27.153443936 -10.708579502 0.876435305 0.370944983 -0.016496682 -0.306575988 4.070903323 8.598127182 6.914052525 4.865081127 10.114027098 0.540226480 5.927039102 7.562523482 3.112215183 6.861996181 4.305043681 11.007816570 6.234422242 1.461527839 9.603107081 5.572084363 2.783332621 6.488404836 2.604243755 4.113542592
14.402591411 21.323854470 -12.369012972 0.755288200 0.562385699 -0.331834152 -0.056108432 3.387892344 3.785114783 4.137703402 9.028849392 7.657265765 4.442046386 4.502415900 2.875993721 4.648401253 4.478590805 -0.240540998 2.577376374 0.305061977 -3.995450113 3.695781619 1.533736714 2.343040502 -0.665555291 0.772263171 4.742463513
9.208563005 30.332714774 -4.164228424 0.836586305 0.540801547 0.022720191 0.084503458 1.024067992 1.805063616 12.476345549 -1.675550154 1.891154942 2.863235000 -0.132723736 -2.436097870 1.616454451 -1.282827698 2.985103004 1.666465481 6.713700662 4.676063755 3.357238473 6.760365871 2.232520628 1.734247005 -3.183238010 5.244170753
7.214512368 27.836386874 -3.734921057 0.730569149 0.642264660 0.121457231 -0.197517002 4.364139492 5.091379405 3.796811479 6.404831837 5.537957085 8.973582104 4.555476663 2.239108964 3.408749257 5.084728588 11.695076851 4.174675523 7.561592459 5.945042687 4.097343740 9.500617438 2.417565995 4.111518193 6.051106798 5.354650181
11.664613091 21.569070429 -6.671863824 0.728005290 0.542961113 -0.325802992 0.262781160 -2.482814918 4.039793398 5.222224759 7.507876053 0.794339086 6.686710967 -1.790572471 2.296376212 8.307379471 1.922911931 0.933481870 0.166707851 2.450959295 9.516150692 3.151898434 7.794953632 6.305204543 4.452665854 4.267343981 2.519769342
9.539728358 20.004337126 -13.274803332 0.913152637 0.363655121 -0.183658306 0.013298142 -3.303459245 3.233072436 -0.354647139 -2.529283145 -0.908219802 -0.109146918 1.402661737 6.593542111 1.411834638 1.695690563 3.094801148 4.769850605 2.504563253 5.729997376 -1.648492762 8.215890542 8.901924424 5.014770227 3.434301467 2.193241826
13.607009456 24.878951842 -5.661285941 0.873204039 0.458495427 -0.076537599 -0.146419417 5.591230806 4.896892374 4.398364199 5.439840477 2.787903868 6.665646245 -1.411629807 6.458369003 2.900540868 4.174335488 6.040078466 4.620553371 6.044027744 4.422948211 10.646293676 2.481811847 3.945882762 7.950545180 7.342011580 -3.140446077
9.046151840 23.058830824 -15.643086517 0.882394289 0.467911373 -0.022261936 0.044087083 3.174091639 7.864417520 6.523923627 3.948414190 3.327081538 7.081672246 10.301886180 2.909084868 8.481077562 10.468306082 6.739366491 -1.530176094 2.227128688 6.300423711 7.455038368 6.969496105 2.783546813 8.929372127 9.430358002 -1.718562175
9.455931790 25.889150591 -20.844414287 0.970747247 0.238440548 0.009295779 -0.026635986 5.066600336 4.894177109 0.351449685 7.357153014 8.642440733 8.910574004 6.374507839 8.045408229 2.592921372 3.682331643 -1.376349050 7.330737439 7.442952814 6.379773252 -0.943813473 5.412998065 7.506213581 3.061639503 2.693448606 -2.573113934
5.551401673 29.730280743 -6.949294609 0.773167849 0.490319371 -0.017267138 -0.401870922 1.092949189 4.837621450 6.442143297 5.895029812 13.902182372 1.865552793 5.227859485 6.366907286 4.706104078 5.446748974 3.990733491 3.120468937 1.062070159 7.174830469 8.856613672 7.753396691 6.188220503 4.154969343 5.619744735 7.649868396
14.957223549 22.660837664 -11.278977710 0.803660909 0.405791644 -0.141681664 0.411568452 5.649061857 3.324121152 6.742436836 3.276266784 3.317632603 3.124891342 4.407127957 1.920349260 5.658378072 3.240921348 0.943473012 -0.576153732 6.382447937 4.398962850 1.715216948 4.558446544 2.480708301 6.098661940 3.614934804 -0.615049684
11.759927147 23.284972213 -18.047987829 0.864919606 0.316874099 -0.107799670 0.374010845 2.880583402 6.913192624 7.260859525 1.018165160 -2.759926386 1.959317773 2.575097037 1.391382010 4.517149140 4.406419217 4.810435083 0.410084962 -2.278568855 4.725947741 2.875302041 -1.370531014 9.017066770 7.967028001 2.584729809 4.366137744
17.819199886 27.397405327 -9.860117826 0.916340766 0.327253305 -0.127998888 -0.191940508 5.337760551 2.234536123 -2.040469382 5.106847280 7.115232413 2.389330803 4.355661011 3.008066526 1.037390850 6.694044099 3.387069808 4.281260710 1.310506462 5.306872306 1.589771936 -1.106858340 1.067038468 9.669731139 7.465967404 2.182659819
8.133974396 23.133657657 -6.677578510 0.714799121 0.573076336 -0.282645573 0.284178128 2.992220986 4.580794276 2.989568323 3.451948056 4.474446029 4.729048983 2.871459307 2.935678712 5.622450115 0.987055740 4.906098961 6.473246957 3.866920566 3.112385653 0.849791585 2.258519046 9.091431235 1.530014244 3.056766965 1.003594775
15.607865038 23.780984825 -15.320253140 0.918201745 0.316820756 -0.194199764 -0.137173669 5.790342434 -1.000108818 1.546429447 2.850109580 -0.367950891 5.700662281 5.244719048 11.103738736 3.934098344 6.839351101 1.530767078 7.643843194 -1.557075201 2.411256850 -1.440258969 0.370688875 4.009934973 3.572950459 -1.325234101 2.732848362
3.248453072 25.865666863 -9.017557016 0.749149098 0.639994163 -0.067184907 -0.157064601 8.230369076 2.648837001 5.516410856 4.561620592 3.208596993 3.077664966 4.802609587 2.699629172 3.837948486 -0.657738206 3.335111680 3.272537698 5.638655042 5.737245152 1.966295011 5.191003367 1.739832002 6.382145131 1.225105081 3.434903286
9.532076404 25.108163276 -20.429606725 0.723874469 0.491370446 -0.053662634 0.481332692 -1.164679204 5.533831043 10.693371116 5.999173418 -0.024521824 4.614541053 0.743412611 0.016003767 5.470226878 -0.777982108 10.210569925 -2.023060528 8.018792334 1.143875526 -2.582574126 5.907216179 -3.563884155 -0.165070701 2.670464622 3.920497456
6.489098440 19.151482580 -16.981048993 0.796014089 0.470502987 0.030517314 -0.379548682 4.783464825 2.743595519 6.450579208 1.572482176 3.114348187 0.403627410 3.772234279 6.705047197 3.388141634 0.613447995 2.953350110 3.028122204 0.918704572 1.905105288 1.636842033 4.529278060 6.951952685 4.612021722 8.077983882 5.097080903
12.210396636 27.323224655 -7.203609236 0.727873170 0.431692517 -0.166441509 0.506102207 0.555769025 2.220080315 4.605086637 1.462155036 2.233259697 3.085443828 5.307128841 -0.829367024 2.426202077 7.205062554 0.993633084 1.960979966 -0.480534516 5.257669845 -0.628475213 4.737670588 4.942760442 0.667811719 -0.166094382 1.428447257
7.574974380 31.774615314 -18.921352464 0.842108886 0.499454698 0.013270381 -0.203030848 1.003795352 1.138313087 0.240574426 2.550782221 4.397168390 0.953332287 7.946591261 -0.640593337 7.248705447 6.988795428 2.920659648 0.485887029 0.943412729 -1.174379585 4.880529409 2.469392633 7.865678169 -0.321497022 9.255816331 2.953933884
14.066402163 29.882613443 -16.593544475 0.853149056 0.420580389 -0.027622775 0.307385437 4.277919655 4.426313702 3.112276163 1.847915608 -0.062497988 9.170283364 -2.003915744 4.316740842 7.613050700 7.057074008 2.556956014 1.859907093 2.710891161 1.308714398 4.103356460 3.311843522 3.259942947 6.492337176 0.368018282 2.785121249
4.968887764 24.233379478 -6.430748224 0.873121654 0.462179016 -0.128170445 0.087301032 1.820901648 2.325342619 3.263489523 5.149795939 5.754180704 2.025120024 0.663326945 -1.031611557 4.453563148 11.179345619 6.131346584 6.561473560 6.377279134 7.113101980 -2.307968370 3.443024034 -1.680140171 2.883275988 1.090410267 5.113264988
12.007700030 23.985684352 -12.505154393 0.926517578 0.307516714 -0.126470618 -0.176079049 3.862182892 -1.987431062 11.014566724 4.497206452 0.813376943 6.814716149 3.585169811 4.000731606 1.160165034 10.988981315 6.476800836 6.092900404 2.511801967 -0.721425035 3.550972329 3.427453697 2.474319061 4.605482304 -0.653757530 0.651016875
1.257815313 30.449633880 -14.221713110 0.793399068 0.583039152 0.170214128 0.040130004 3.853922361 1.804679832 7.745881560 7.628844400 0.321236232 -0.300329211 6.270164966 5.198146254 6.161798859 -1.985428182 2.795579242 6.753300197 5.856060916 -0.491447021 5.036013155 5.366674847 4.749080992 4.903815386 0.621328758 3.239956968
5.373518256 33.104983457 -13.637302796 0.742817399 0.634236573 0.081719897 -0.198212358 4.080205909 1.007513083 5.507650890 0.070286306 3.988263970 2.203839917 4.583438340 -0.721735637 4.515175839 -0.657210445 4.318303220 5.392263587 8.088415917 8.061526105 1.722737649 6.671885405 1.108794326 -0.514202375 0.911657502 7.731512002
7.125791796 31.544313717 -7.974196983 0.722061800 0.655057152 0.087963272 -0.204424432 0.546493709 0.135028457 5.917977839 8.323058433 9.461647752 11.060870619 5.049920945 1.245052384 3.892948745 2.272353814 -1.346772593 2.851234621 1.430019921 4.888156668 4.359908732 4.202203786 0.514445967 3.856577970 10.045602241 5.218121590
11.621112110 29.140792913 -5.197217657 0.844022377 0.295300227 -0.211718973 0.394460492 1.535407474 9.573043086 7.185904520 -0.991590115 4.703847262 3.272275873 1.372571015 8.214173072 3.043459034 5.584904414 4.106385243 6.249168394 -0.311594861 6.005648076 2.585271148 2.679798447 2.684366209 8.753142867 0.717560332 2.833411743
3.025209841 33.078961947 -15.550150225 0.751571821 0.583757195 0.115579916 0.284620130 2.965874603 2.271177185 10.352015069 2.247135935 3.491854338 5.276757233 5.301269912 3.802331376 -1.548211741 4.890980315 5.901607681 7.937130887 0.553848846 3.992315088 6.288857063 -0.758685546 2.904867134 3.239390618 5.636849575 6.728285890
5.863221638 30.139940162 -5.203506366 0.708586505 0.662308921 0.134445672 -0.202919739 9.566269809 2.968479003 4.471773655 4.504958115 3.974876532 5.191649600 4.933224172 4.448775907 3.190436351 3.126771207 3.093279550 -0.601510306 4.513401700 5.523122841 6.752667471 6.304629271 5.036434884 7.323930126 6.757893250 0.208959843
4.682575231 23.932768250 -9.596127259 0.836635296 0.541718609 0.015518749 0.079633533 7.505463821 4.201992495 6.719868528 2.345348907 3.700671592 2.217768697 3.505579914 5.252259233 9.359354168 4.543796545 -1.086557105 4.392928646 0.365436092 4.868727374 0.082948421 0.099135606 1.594001039 7.643382210 -0.245413673 8.055615430
4.689191881 31.391256564 -12.322955774 0.718897434 0.432428001 0.038314255 0.542885367 2.264961002 7.342967535 0.211535886 7.684037622 1.267335717 10.401544413 0.684651896 1.826070229 -1.895806626 7.560089233 5.682050644 10.304492184 2.288541009 3.099799203 8.021376317 7.835042925 4.827441161 2.548042955 3.736785418 7.569712847
1.730238641 30.825391191 -6.877381872 0.723679814 0.557035657 -0.117920428 0.389991764 3.059802054 8.873137003 2.300789013 5.703057696 13.543183425 4.095635363 0.346698891 4.966255531 1.105226506 3.897093413 -0.696669478 2.584508045 4.573026120 5.446080556 3.309993683 0.744897418 5.246505314 6.944164839 4.380277727 4.436358823
18.635303839 23.506661480 -11.809666361 0.814482115 0.427065170 -0.339501613 0.197415501 6.189077680 0.181441167 12.441685490 4.633106866 11.707127876 6.558436792 6.893603578 5.780498574 1.923592702 3.603907036 11.201076611 7.591544422 5.233739957 5.695667298 5.436938171 6.706990751 9.940773455 7.913326237 -2.341944214 3.894553084
8.417773015 23.308537565 -13.103192979 0.759684284 0.508116104 0.086280632 0.396551971 2.950355751 1.870291998 -2.471986345 3.539915345 5.797863218 5.303690768 11.270337479 -0.332433685 1.091003045 -1.095998779 3.701636578 1.358385891 4.937925928 0.176918256 3.278350086 7.660897257 8.874264305 1.685406351 2.868779606 4.979015955
7.615443736 29.616841442 -18.610955238 0.853075947 0.474653264 -0.109216323 0.187183071 2.177403261 0.494186416 4.104413590 4.142886299 -3.708094979 6.760426270 4.735860579 1.588689560 1.399685222 -0.078441603 6.192253113 2.298157863 1.499751448 6.254201515 3.554137441 4.885426392 8.935604786 -0.370426809 -0.583987216 8.821919183
13.417370421 19.270312294 -16.380547677 0.846020323 0.489039741 -0.103219206 0.185568156 8.298762053 3.025571187 5.629592541 5.852828870 9.720029746 6.541991067 5.734108294 4.957608814 1.749545715 0.793520881 4.620397062 1.899538167 6.207851790 1.707714505 8.114696116 2.950181517 -1.598855929 1.929704572 7.057267354 3.012471810
0.619187116 25.305072623 -9.281724178 0.905799242 0.395590364 0.148464578 -0.031531985 1.984093839 3.316937414 6.892059470 5.777640327 4.881013668 4.120120421 2.461938658 1.358846390 3.244772533 1.393237452 7.997331622 3.906961360 5.379928284 -1.830678068 -2.612390558 5.855511694 2.305941461 3.347658017 0.222923791 6.219483067
13.979974667 20.411092443 -5.676718901 0.967445919 0.230357731 -0.070709291 0.077355710 7.395824808 3.691532130 4.128507568 3.568446070 2.220315404 4.954876734 4.337374009 4.770702064 -1.497615913 0.139367812 6.884730424 4.846526092 2.519934086 -3.238080666 2.097557526 -2.218197872 4.795800637 5.458185967 3.047047600 7.869573635
11.690424721 27.861283114 -8.366706868 0.776099310 0.616890370 -0.007591747 0.130608183 3.974817713 2.099442906 0.614441630 4.323662819 7.047561178 2.989994964 5.094825071 5.973793749 1.962432814 5.794519687 1.228066591 2.185972988 4.854676436 2.022426147 6.302302496 1.212946921 8.659203184 3.392780233 -2.328448748 -0.249329790
13.548046075 18.009068218 -10.254041497 0.733298558 0.651167103 -0.097915757 -0.169313712 1.648947384 -0.507541117 3.869685429 3.981380482 5.191723101 -1.363666027 5.564323635 2.888028963 6.846878673 4.589135442 6.883496381 7.724325184 4.309401037 6.663680301 6.964489239 5.895810946 6.070690628 1.317913956 6.100770230 3.583757988
3.768095697 19.175452869 -10.614120082 0.887378645 0.334643158 -0.017509494 0.316648883 4.852338103 4.431439040 2.318128894 6.646809563 6.586595050 5.528089405 -0.386105546 4.303985334 4.561375847 2.825495981 3.665362972 5.800145119 2.792305773 5.130545111 5.701689111 3.840366602 2.099314933 1.890036217 3.435023743 0.441162305
13.688830166 23.177572360 -9.984573841 0.941609081 0.274742204 -0.126372614 -0.148050742 4.358899877 7.197409959 7.120535639 3.139565408 -1.788820100 1.901340919 0.665692792 3.297204254 -0.860930604 2.863814476 9.350661736 6.962197732 0.391206518 0.206332298 4.085958917 -3.107684075 0.669528806 3.903184718 3.021953872 6.643882783
8.800218328 19.840697462 -5.834665073 0.956608537 0.208562708 -0.140457063 0.147219283 4.147751043 2.302153340 5.492519705 -1.436045118 0.203274607 6.810067534 4.479606967 4.986788745 0.705596644 -1.872998216 4.317017898 5.158492284 0.054648519 3.256739721 1.931145335 3.407092063 6.378030373 0.639224118 1.163559098 0.525492561
12.512259602 35.233565677 -8.904272810 0.748400116 0.627574689 -0.126329380 -0.173459400 -1.410325647 3.983074797 3.581698316 3.100156569 6.305704788 8.039389120 -0.734836734 6.064386402 6.091711466 5.021683760 3.785791796 2.651446866 8.489726358 2.535354422 6.911170329 3.754398133 3.758695163 12.021119812 6.494789655 0.450965706
12.156737591 31.444824851 -16.803297389 0.881682934 0.471258559 -0.009275148 0.021553337 -0.909660550 8.467330847 2.552489547 2.490930832 -3.434194756 6.062023717 3.318038561 8.375490026 5.459216418 -0.577146007 6.386113291 4.112410274 6.560959371 4.775500045 0.998513462 -0.021312902 5.635234336 2.860307066 3.247067572 4.009519164
10.860265359 29.754993702 -8.320439227 0.932178594 0.292204411 -0.070437456 -0.201737988 10.679041258 8.147589215 1.193097645 0.502429738 2.861095115 4.662497814 0.342286577 0.655063661 7.989307841 2.981471490 8.560356123 7.163289179 4.763141067 0.024783116 0.529547103 0.984185288 5.449130248 5.581654562 5.357227902 5.627376062
17.212676637 26.843174379 -15.454238324 0.847371643 0.432342111 -0.274398183 0.140524855 2.598792407 -1.504380715 1.969816822 2.404181021 0.834879175 3.524327840 7.182716378 0.978834468 4.485011767 6.537693066 -0.454629620 6.720819477 7.515758918 5.663550121 3.223811991 2.918737010 3.741640394 -3.128639215 4.444390553 5.013311461
10.692461379 21.429310348 -19.291541143 0.820738158 0.390903807 -0.228836843 -0.348162016 4.291598964 6.187826970 2.690266670 2.704226347 7.372043956 -0.575931574 6.373958494 2.443447936 6.242883976 3.900703661 0.893644099 5.902022137 2.194950253 8.411350972 5.471523998 1.681423059 5.675667742 8.551149115 7.134197247 6.183293073
5.987353683 21.554529161 -12.703867033 0.853873444 0.397731696 -0.007690691 -0.335634463 3.810387317 6.177257082 3.333750024 5.379278133 7.837836676 2.876546129 5.108972937 6.919841481 9.291491525 4.498958792 7.649271204 2.613997694 -3.042023730 5.571048126 7.937371603 6.171919146 8.452913131 8.899613338 5.501799344 2.537611697
