-2.436387620 24.739444164 -28.257757702 0.841868527 0.511645257 -0.034398739 -0.168205947 6.858349666 9.406661108 9.522572841 0.321354553 6.637227193 10.061776193 2.225416360 4.847455504 5.224323566 0.454845378 6.545584470 4.246159497 4.127039568 2.359665555 2.234076139 4.493700590 8.014068689 4.044783532 7.587519137 6.600127621
-2.647208921 20.822921341 -18.955859142 0.849106812 0.487555375 0.018048051 -0.202439241 5.145174019 0.614645625 5.823437881 0.744038493 6.163629039 7.647438575 1.756724712 1.469143081 4.698333496 -3.736242489 -2.914309240 7.457612198 5.097473810 3.112201835 0.568345239 3.222677724 14.189573636 8.708614766 0.235965170 3.341891717
-2.093162219 14.168656197 -26.033215565 0.754322202 0.647236234 0.056981040 0.094002316 8.289039013 4.078241885 4.420937565 3.903542536 3.875533403 -0.465806745 7.913468534 4.889353588 0.091620909 3.755598453 7.119236165 1.984570325 1.424493085 1.079986819 3.969980902 2.317385971 3.445324780 7.463244488 7.720232468 4.629623037
-2.692134273 20.790329538 -35.485048132 0.971957876 0.138135920 -0.170695365 -0.084139447 0.316245524 7.695118526 6.088970681 3.396784309 1.566426100 2.296651710 3.915771319 5.083233069 5.504399294 2.662746811 0.284218525 6.088630911 4.921047586 5.577313429 2.150881442 4.799997351 1.252174769 8.284068779 2.724876598 4.294563546
-4.068427598 20.572584747 -30.190090213 0.743547778 0.527811714 -0.068996854 -0.404710923 3.031049506 5.338795448 -0.320066947 1.395186866 6.845124402 1.916284232 9.059165958 1.962426364 1.617316199 3.150286741 5.651522565 -1.434509783 3.994059590 0.083378622 -2.647519094 4.806253251 5.495937042 2.860065212 5.407563011 2.090210732
-8.165981170 12.738432263 -30.873563840 0.948887999 0.140705857 0.164205649 0.229891130 1.787490151 5.950224690 5.282596315 3.877906367 9.225922952 2.300667939 8.239681846 1.857645080 5.616127867 -3.841759344 0.655546026 4.875523207 1.599678740 5.024690485 2.446085003 4.833516596 3.159740493 4.395193555 2.919527527 3.866381435
-10.681039395 13.375850533 -28.723507647 0.911959971 0.317376943 -0.009009191 -0.259845574 2.505157822 3.432514367 4.174410720 1.782614009 5.660747664 10.167808600 0.352991647 6.499373939 7.455725644 5.183361098 3.122682188 5.844060141 7.936989641 1.950214537 2.690096893 0.575944771 5.567177691 3.749106268 4.893938820 5.986207282
-7.274953971 16.772621134 -24.709146483 0.808936718 0.449347260 0.279363349 0.256250940 8.841088223 3.483138258 6.731628241 1.664394530 4.628027319 -0.469859327 1.591745918 -0.497422442 3.672709747 3.856173056 1.768546609 0.962060238 3.464252874 4.572805017 0.819742904 3.956054915 8.940808201 1.536589079 7.925357955 7.824065519
-0.195325080 22.255776837 -22.500520916 0.786354503 0.474204779 0.078659752 0.388058071 3.648062976 3.702725487 7.925756046 5.297834134 4.792619775 2.676412714 1.775836811 7.390234967 6.328024226 0.663740715 6.670356747 5.558716870 -1.571702358 7.636480858 5.385285532 2.359095149 3.533131689 3.815901058 6.530867856 -3.940875895
2.299438657 17.483922589 -22.030853324 0.882844084 0.461353482 0.067587187 -0.056313946 5.684013342 2.567270045 -0.511337483 0.952073306 8.136286990 1.860186234 8.112534122 3.129765171 9.007007045 1.804187747 2.913108137 -1.133535240 5.813076306 5.724329736 7.508964066 2.890120184 5.796820892 2.020890053 6.460707219 7.781702541
-0.022562950 11.084271749 -33.890442664 0.981473069 -0.150748335 -0.087387618 -0.079680348 5.503752207 8.635857621 6.875339574 -1.358386189 5.807381920 12.623217384 5.885056884 6.975808610 0.361773714 2.678521937 8.447854906 1.885575780 0.677713719 10.964708203 2.977150309 6.621073600 8.070849960 4.628659429 2.001554574 -0.399606597
1.379302709 17.552878894 -20.356143978 0.990759765 0.072966499 -0.096028842 -0.062043851 1.711495295 -1.115524021 2.997517449 4.034509939 4.935707003 4.951936459 11.267079847 0.883365520 4.529292296 5.828685311 6.467707697 -0.135831721 0.916346351 7.985819505 3.589694653 6.264222844 7.375907571 4.200111628 4.999833853 3.732347219
-0.828584828 11.490291509 -20.057066285 0.824803483 0.373567302 0.091767123 -0.414397733 3.277781413 6.059974992 1.962757715 4.600121974 5.674115073 1.580695377 8.023667980 3.379342156 9.470473385 0.786980781 3.583926276 3.897682982 1.431808406 5.210162145 2.223533053 5.536505657 3.515561246 -1.969324514 0.418819620 5.568036600
-5.578996372 15.343588353 -32.368374714 0.962096866 -0.175171148 0.139711082 0.155452574 4.154301501 6.053516037 4.660052066 6.352290333 10.110519977 11.966123904 6.108042536 3.401707909 3.731310576 5.700900054 -3.653889296 8.243953592 -0.725263046 2.528510435 -0.499118205 4.978218837 5.773634046 2.056894536 -0.850993486 -0.068071176
-6.243345962 19.741124478 -21.788654279 0.824295217 0.443728868 0.152866437 0.316660606 3.157852708 6.948237536 -1.338161511 4.198369804 1.446472641 4.254362805 1.090686565 4.748739621 1.608327301 6.507550732 1.934933184 2.637657654 5.127549271 4.728913852 9.346649332 6.060640801 3.404437446 7.598371155 8.824591513 6.791967408
2.119503986 15.870228843 -35.869032388 0.838098792 0.368752237 -0.245000264 -0.318727271 1.298955400 3.092446685 6.975866073 3.871396980 6.960282932 3.906110847 1.774808119 3.382996779 4.751181930 5.604140639 1.066137302 0.739364053 4.926914623 5.748063154 9.023678680 0.065989345 1.620287821 2.271909409 0.991286566 -1.694323581
-2.014970127 25.774568737 -28.405836013 0.953635771 0.259939874 0.107222770 0.107300306 2.629233512 6.062668699 6.066868301 1.547289958 1.490264318 4.031288231 3.405150372 2.604557153 2.000262094 -1.174449311 7.623697503 0.398372108 6.238278464 0.182196589 10.718867704 -2.044580856 2.238770419 3.385708332 8.939203242 7.662912171
-2.664133999 10.525597257 -28.435105668 0.952900801 0.102907976 0.176261184 0.224325673 2.898937828 7.918589143 2.312935282 1.635714533 4.426564783 6.786483265 6.335691752 6.165240756 4.584346182 3.813234952 4.677917503 5.887075357 -0.635321116 4.406404157 5.150149234 4.669209446 5.935250353 7.685115264 7.665112947 4.771024321
-1.266841265 18.200416096 -22.079744966 0.938397749 0.210263101 0.138542833 0.236653707 1.423377288 5.927211326 3.168634674 1.170863221 6.934012015 1.276048929 0.526440359 4.283744181 5.711901777 7.618386633 1.972531435 0.421566925 6.134923529 6.912683169 2.413173213 6.902543495 3.173869264 4.274004366 8.715992684 5.473795744
-7.096138861 15.448220636 -22.212205098 0.826909518 0.523871948 0.150446843 -0.138363934 4.144005120 10.281913667 2.014958196 5.675988151 6.827600147 2.504693434 6.236084656 2.446607479 0.728798172 -0.409728736 0.481928433 7.794008142 5.771862150 5.750372167 7.340792320 3.727504038 -3.335967998 4.101723851 1.531860302 7.097144133
-1.508206780 12.682772343 -36.185387607 0.914483350 0.255541975 0.265821923 0.166604940 6.742187202 5.435464681 5.941071441 9.029404225 3.836730340 -0.360855002 6.033627712 4.041937617 4.141270249 3.034170608 6.470843264 1.030553963 6.929277917 2.268231079 6.209977979 4.165000550 5.493433250 5.128315164 3.712018659 2.459478181
-7.976108984 16.786286409 -31.243804191 0.878538580 0.406973220 0.244502546 0.052547754 2.543411317 8.636588645 -1.423363056 5.836039917 -3.549466747 3.823311646 2.073681650 -0.909553360 1.687349257 4.763641301 2.243441319 1.363861017 8.924213418 4.095544221 3.826472901 8.898866473 -1.033453364 6.845585573 2.888291641 8.399829077
-10.047771589 16.714306490 -31.660960935 0.994266034 0.061205915 0.066196258 0.057506041 5.975648013 5.631270428 8.608977706 5.087243588 3.185554628 3.231319728 1.019589102 2.903699136 1.217327481 4.874162163 3.857430747 2.102522344 7.850677936 2.671934785 2.645961861 4.954359938 7.022389723 2.198224282 7.072320334 8.068876920
-0.501219100 18.578549365 -26.259749130 0.953284037 0.190966188 0.114841390 0.203943411 -1.922390207 2.180057457 7.350086553 -1.559284113 7.137789122 7.226813056 3.501145528 1.360806736 -1.321217093 4.233087779 4.030867499 6.690426903 5.932313811 9.568036825 4.693070084 2.048958387 5.038789566 4.589322383 5.595128019 3.754415594
-1.182048838 20.151234687 -27.219096844 0.839698726 0.386200773 -0.177969618 -0.337760014 5.236024003 7.635988463 4.024627252 0.819180832 8.023139515 4.303632979 4.867874694 7.033225979 2.210311590 7.014718977 -4.152738070 6.099288108 -0.605981095 5.190106106 6.869369654 5.035838903 6.142838022 5.157185343 0.335835330 2.773124137
0.581914723 13.975836754 -31.547914556 0.736376750 0.579123128 -0.183461929 -0.297837883 3.272337860 9.579462999 5.511054031 1.289709791 5.011847772 4.222679346 2.292737252 2.989229027 4.826217284 10.103817059 -1.345819295 5.278416299 9.968402872 0.778754641 4.615741458 2.519531201 1.061880708 3.867115466 1.036600524 3.642568554
-9.597313935 21.098741236 -30.011080527 0.980065880 -0.144885664 0.095854144 0.096389823 7.066366266 1.795465896 4.381463116 4.265875086 9.444257093 1.030696591 6.659320457 2.278609936 5.181985006 3.481854763 4.744331672 1.246722502 5.497676720 7.974685781 4.473462406 3.842640276 0.718471833 7.582781793 5.623853949 8.962418789
-9.045215054 15.115066392 -32.641912220 0.824986674 0.412857248 0.042805574 -0.383553859 5.916995223 6.765891302 4.271772255 4.821247746 -3.688906591 9.489413726 7.129378187 5.601210234 6.369875129 9.035405838 1.815916733 8.678440099 2.178921483 -0.400409825 3.295712118 5.648517454 3.404472885 7.480147689 5.196496123 8.192978851
-5.955385373 16.678047751 -18.910505153 0.933342728 0.308252079 0.150760140 0.105467476 7.922257925 -1.694960029 0.696274767 -1.839113189 1.065520280 4.616291114 6.547964705 3.605871437 9.147584210 3.997658127 5.842882746 7.094642392 3.200575872 -2.227441134 3.401375504 8.813862700 4.545771248 2.322790376 6.567479700 2.943499374
-7.758534660 11.336426550 -33.811608311 0.931549396 -0.009920772 0.259266331 0.254751391 4.605080855 2.174629437 3.184913505 1.393810427 4.089446422 1.387049791 0.087119066 6.070683054 0.800819710 5.684611663 3.920563999 8.353014114 5.689505401 3.377236701 6.145652482 8.894251077 1.157608741 6.479625453 0.186748495 10.646513010
-6.025506449 17.057548475 -27.783742352 0.830797694 0.506636819 0.168562546 -0.157101858 -2.299974109 4.480983118 7.625043017 2.878427186 11.274812531 1.100879199 2.483136899 5.931807797 5.420649770 9.465560999 3.417465884 1.676568484 1.480806149 4.043371408 5.982150703 5.930632791 4.085593920 0.139721182 7.489787548 3.247375545
-7.421716277 14.473570265 -23.493032313 0.906050852 0.328370991 0.006181383 -0.266844782 1.207512034 2.483110371 6.194719669 2.011618219 2.776685044 8.184639287 2.545627709 -0.507418386 4.316604668 5.918145091 2.323686433 1.386669672 5.194104451 0.961269954 7.492529716 9.473844058 7.370574695 -3.545658918 4.450988151 0.508858831
3.250169180 12.687948701 -22.083268432 0.961660595 0.175091189 0.102706248 0.184400116 6.336620273 9.944627280 6.295350109 2.105249785 4.887505542 1.360394160 3.590337380 6.452962385 2.144244280 2.545360683 -0.024933764 4.135655084 0.304170071 8.305998738 10.002347259 1.941878008 6.597847649 1.222013623 3.668569005 1.686768401
-1.790236511 13.349707778 -23.891125432 0.752664430 0.625382441 -0.048241521 -0.200164467 7.252324712 2.960756203 -0.040914338 9.416022952 6.410056434 4.662536418 1.709453004 7.157462061 3.552039166 4.610167786 6.030202494 5.642491286 1.401266694 1.342153651 0.307444097 2.408102479 6.141263234 1.027959176 6.933823783 6.533212213
-2.340942575 20.734569785 -32.506303626 0.757109443 0.603869075 -0.247951644 -0.025444308 6.875334684 6.352357692 6.985069463 9.362134788 3.087155421 9.005800809 0.110783948 4.091275146 0.975371360 5.483207359 3.222636744 1.907693108 5.958674189 0.450843739 3.747695875 6.133858460 1.992441036 10.091094778 4.199414110 -1.573779796
1.421131099 16.534017490 -25.594649816 0.785563712 0.504140886 -0.161499765 -0.320389525 0.629005269 1.927744507 4.471819026 6.883818038 4.921234802 7.416116962 6.868646801 5.687498771 1.092287044 2.498374803 3.174508537 9.738156262 -2.634340454 2.691888139 3.205324225 5.826030842 1.059383557 6.131499480 1.044581594 1.694512415
2.511769093 16.274929650 -20.326806838 0.843527082 0.524843807 -0.113060460 -0.014777442 3.598813331 7.199677780 8.582806629 2.635682915 1.350826296 4.884932145 8.579453902 6.850355404 8.093389626 5.001781571 -1.790898633 4.993698202 0.498298071 2.122544153 4.242408854 10.326601172 3.112032051 7.878207784 6.456257651 9.770450600
-6.969566480 11.272005113 -33.591402436 0.897257449 0.306590531 0.256341388 0.187671013 4.496542214 4.798468042 0.975612323 2.897953887 6.661788623 3.348193160 0.082524040 3.493662025 3.776567215 1.108835008 6.655014215 -0.636654111 5.382038697 1.175085144 6.886038854 4.221402195 4.064004647 5.848023274 4.699807609 6.545032468
-4.344448355 16.071388966 -22.516891312 0.785559328 0.415732207 0.071001260 -0.452793656 3.433803452 1.881967477 2.459922189 0.300753935 7.965963091 7.230504178 0.252934437 0.913849453 -2.043128206 4.386929881 2.734179591 4.439277534 4.537987200 5.960568948 13.484513965 3.904449120 5.276933951 9.177037812 -1.890873983 0.779070546
-2.955567095 22.844325604 -31.418040772 0.752574646 0.649325209 0.070965570 0.083498885 -0.389533572 2.838647688 6.415510600 4.748950534 0.512568777 7.466461305 3.161420988 7.492433769 5.308713383 4.008305520 0.499610262 4.870377944 4.554266680 6.120802666 3.594278779 4.127009521 -0.872582296 12.168783281 1.249071995 2.068499563
-9.238090750 22.674583657 -23.228070626 0.771822229 0.486422317 0.279684218 0.299099506 11.398484974 2.755214150 8.136598564 0.715503687 5.631580847 2.370061314 0.577035931 0.224252126 3.440480460 4.225395177 2.627819640 -3.719090303 1.683365952 1.563526082 5.110570137 1.775471771 5.105090024 0.512531461 0.601666452 7.280544383
-5.268610273 25.188344666 -31.211672397 0.733105486 0.533884505 -0.058369639 -0.417272893 8.848235747 6.482370728 7.615681385 6.477472144 3.986990535 1.554217193 -0.106761498 1.017955662 8.526308697 6.337521609 2.899494250 5.755405711 8.866624019 1.633287991 6.193880873 9.343156833 8.875732632 3.794636894 6.308393217 1.501032317
-4.250896114 8.104866828 -29.244486563 0.995196942 0.006003062 -0.095985498 -0.018270018 9.293160122 1.898188370 5.952257190 3.037418547 3.247348411 2.551231741 4.708363705 0.723408382 9.565284671 6.978016688 9.779312147 4.628110133 0.416607892 4.315470235 5.012480121 2.610206344 -3.734771190 -0.301519620 3.257616142 2.137634341
6.329646740 15.367558129 -23.803183505 0.830913317 0.463007691 -0.256899465 -0.170908172 2.073487613 11.675076876 7.953246531 6.877911196 -2.327144026 7.954300695 9.034441310 3.557279236 3.435250276 0.004224407 5.125030215 7.713436345 3.073265421 5.282926169 7.994589855 -0.872084116 8.582511812 4.968940473 2.110087514 5.799133185
3.050531394 22.697335172 -21.997957963 0.873681178 0.485976806 0.020867531 -0.008502339 6.081900976 2.276742862 4.677511902 7.620717437 8.151684461 4.642137067 4.822737494 4.144126224 2.342757013 2.135067288 -1.926566340 4.713407189 6.581093647 4.004068218 4.031921065 4.368897667 1.110058699 7.460027122 1.518418464 3.190293158
-4.256564166 16.564989301 -26.716395896 0.988276743 0.024129365 0.074193992 0.131233019 5.670211848 1.992227096 1.622700536 4.850949818 7.825520808 3.283103439 6.413188870 0.963860511 3.018381241 2.093411748 2.525824371 1.554853122 -0.491558470 3.410756949 3.694880761 6.789242811 7.086812011 2.855197685 -0.549528531 6.021761501
1.013980074 11.700210361 -33.049997700 0.761159379 0.508245672 0.232374331 0.329127493 4.609847983 2.463774668 5.610764104 -2.070494697 -0.603541662 2.421933053 3.394580647 -0.803484985 -0.531848389 0.145552243 3.554947598 -1.108093344 6.279667175 0.192178749 3.700479148 3.763414424 3.482776885 -0.981361098 2.241933986 3.465613316
-6.825926093 22.517302839 -26.758417132 0.818421327 0.537348936 0.150032440 -0.137596948 8.232388047 1.745451473 4.765637262 4.954610924 0.904259729 6.844777998 1.109897448 2.155078033 4.725622314 3.395219275 0.209237296 -0.729318535 0.013895483 -0.489968125 4.014001687 3.370613775 7.408707243 1.617798569 3.039115634 6.666542085
4.029050859 17.478462340 -34.783952760 0.742472873 0.571144608 -0.235537212 -0.258940323 4.897080507 4.888786975 3.011133131 5.783230045 -1.087040342 4.100863651 6.462632119 9.043625059 1.304502597 2.829701817 4.865467471 -1.768322975 2.285726472 3.011289525 0.997161923 3.524191585 0.784577009 8.103732781 8.102322510 1.719325878
-8.746053612 16.245400666 -20.512144071 0.810251147 0.396355280 0.054861264 -0.428235698 0.804339086 0.076520071 4.643772455 2.957173220 7.226375295 3.897291451 6.163368186 2.644600954 1.684098470 1.939562100 6.553630967 5.514856895 1.735680539 8.359692929 4.096837846 2.491469780 2.137424123 2.428827941 4.045495525 4.640196564
-6.669481473 11.396381347 -26.783577024 0.709028411 0.658245351 -0.000044759 -0.252965944 4.574087255 6.133437209 2.740842133 5.975544530 0.097232332 4.829003472 1.079889853 6.539148256 4.186168077 0.166827851 4.992084091 7.300104791 4.414366027 6.243812658 4.363922070 3.071239513 1.913418214 8.036203729 1.621892143 2.222505891
-7.671632338 17.907813300 -20.573450086 0.725009375 0.501545867 0.055977275 -0.468700004 7.397220494 0.073771473 0.049566029 4.399709429 -2.153898993 7.360252069 3.511852359 4.287550775 2.657642106 11.124371929 4.841687189 -0.631121375 4.240810869 4.681007799 6.214824418 4.077795095 2.109140966 7.057084866 4.746716683 6.543852372
-7.631066840 17.351047384 -27.506097468 0.871364022 0.380356675 0.303462284 0.062961758 -1.128765306 0.105276625 8.125837022 1.023092897 5.874002626 0.279187051 8.205080369 2.719887379 1.348286526 11.038291796 5.932470290 5.188022754 5.318183795 3.173127878 4.652830892 5.001297279 -4.068805621 6.955045844 -1.511540201 10.532037221
-2.581714709 24.504298927 -32.524821896 0.971966602 0.065397362 0.105574412 0.199645066 -0.591914822 4.602301772 1.434583261 2.584266895 2.187330639 10.672860271 8.347967916 10.295248969 4.039852531 3.920158964 3.701219457 2.805144457 4.191864910 6.485602202 5.228869939 6.267177704 3.698492203 -0.462187900 0.240616092 1.142479738
1.139054849 17.661169460 -35.246915724 0.814718237 0.406887936 -0.156565860 -0.382313396 9.046347502 8.056000878 2.535793546 3.628228725 0.076380457 3.115779395 2.411374693 -0.349432974 -0.555070800 -0.054112234 2.615482250 2.759581546 2.248334201 5.443109199 4.967847566 6.623353295 -0.424913639 6.459526268 6.877860296 3.219895841
-4.656288857 10.208596108 -30.758014495 0.856900265 0.362918995 -0.113475363 -0.348044653 -1.534766465 -2.201981154 4.380126218 -1.613168491 4.379403053 3.064626463 4.144243189 4.824414542 6.602380932 7.536926596 -1.823072051 10.431863225 4.037244724 4.033067207 5.958153459 4.525618908 4.939751494 -0.477202352 4.737917441 2.331052972
-0.159195415 23.116095362 -27.849085721 0.823663452 0.475691816 0.182291818 0.249129501 4.019765755 -1.877665326 2.192790755 5.624578273 10.120256636 5.846908767 9.452357191 2.963757803 6.826597258 7.648498232 3.082097515 4.334921289 3.647325129 0.308520976 3.685062176 0.555128799 3.567214659 1.345356631 5.466829005 3.646529084
-7.753571002 16.590580335 -23.430247019 0.830089100 0.429600959 0.263091414 0.239119239 1.295701187 6.690165041 7.122486384 5.074067148 5.837845013 6.037296285 5.563597585 5.127316972 3.629643059 7.229191388 10.506740047 3.495791072 4.867078774 3.957472852 1.247682105 5.749990429 12.246263456 1.873778031 3.353143632 3.730784736
2.011818759 20.148106196 -26.594420880 0.757895753 0.500055776 0.079175977 0.411423643 6.487935630 2.048348209 6.894023412 0.309487725 4.834450395 2.101544598 2.012062495 3.536169490 4.390377825 4.459409849 9.037126557 5.926839886 3.487049618 2.346166068 0.070086906 -1.028633687 8.255829559 7.270976415 7.033226650 0.218528156
1.669724341 15.869142303 -19.276768917 0.857540661 0.447261021 0.040508356 0.250879787 5.059317368 7.272861744 6.011488267 1.394942486 5.905481543 2.404952777 8.534266899 5.974115809 5.355919964 1.741711288 7.056665811 1.334904645 2.045847074 7.265366148 6.981055438 2.170924244 4.520031908 6.599656143 7.144521234 4.804166196
4.490911666 20.851622149 -23.371660249 0.761742667 0.548625212 -0.098204637 -0.330324590 6.610192549 7.501297295 -1.712982819 2.584746667 1.249113803 3.698693988 1.135739962 3.978965299 2.104618688 3.146511958 3.556609089 -1.054489833 7.812017191 8.076976898 -2.139293196 4.536707859 5.929698811 0.296504607 7.484232858 4.355591653
-4.458837299 18.797820570 -18.828171358 0.866892648 0.337885962 0.099648332 0.352704442 8.123962483 0.407204638 8.621128090 4.044032474 6.497577727 0.457234758 4.668807627 -0.067156884 0.553688339 0.084026109 -1.921283681 2.482520817 5.738122753 5.314105240 1.403234748 4.187041244 -4.219903763 1.504304395 2.099695696 4.292726740
-0.694688893 25.546436292 -23.796592536 0.853308211 0.508614716 -0.017852602 -0.113390704 5.477011560 3.371240385 -0.924006156 6.126831969 2.291488037 10.099824608 3.590232273 2.085633633 4.240953105 6.992305960 4.867923339 -0.842380916 2.414498181 2.088285945 6.078412564 4.437163359 7.379593042 1.627670090 1.464768978 2.802224830
-4.642504271 20.818932647 -31.076567776 0.928873395 0.359402122 0.072370835 -0.052790080 1.795996860 7.902428988 -0.426042767 7.161222938 4.710853256 4.970142090 2.574023570 7.843099180 2.856288635 9.400708350 4.654140720 3.349416655 6.404695088 0.150053613 6.083687140 -0.614351147 7.691796943 1.639162231 5.539145976 2.309588892
-6.202299727 17.378680330 -33.802602283 0.983679036 0.132624431 0.091426206 0.080172084 5.060874177 2.765192258 2.011420156 -1.239156490 3.502602908 3.112888202 5.264209197 1.464558103 5.013884801 3.204146312 4.963413309 2.473174824 1.169540166 3.999592965 1.489616436 4.799991793 1.737966820 0.128035571 2.480106251 5.347872728
-1.687742419 9.109148962 -26.937653539 0.755904083 0.511574613 0.256229900 0.318192821 5.269803198 3.120305528 1.187582609 9.286132076 3.240700644 2.489858587 4.952929231 1.170377561 5.786207057 6.457997118 2.470611235 4.501872287 -1.356648586 6.802975002 0.412189179 4.472091970 6.835937549 7.631325786 6.038627653 -0.556836110
-4.722830597 24.116917860 -27.544185747 0.771117752 0.497165399 0.258124269 0.302615004 8.692377888 2.815722487 4.917023756 7.238017941 -4.463657022 3.757779575 6.954624201 1.958015937 3.874132788 3.337880876 6.613201963 3.659615229 4.391169928 -0.995828321 5.625295929 5.821585797 4.862414500 1.507343704 5.149598999 2.945367475
-5.930009939 23.028685799 -26.642572216 0.761674152 0.456011980 0.356739542 0.290933773 0.206654467 1.080932972 4.939677735 4.878141848 4.196252357 5.148307240 -5.312204617 -1.477007619 1.173565759 -1.052991126 2.881900383 0.598884276 4.869907815 4.038868447 3.520517096 6.879056264 3.654277078 8.026244782 0.831084938 9.689012819
-7.952321453 11.035168576 -33.517277443 0.786652149 0.498453334 -0.120756706 -0.343715709 -0.468838069 -1.007398595 2.297020733 4.992036288 5.142408398 4.394101447 0.805031376 11.010902036 5.750241466 6.582113763 2.781481374 3.534182106 8.005235172 7.101337719 8.070445435 2.076000137 11.624056608 -2.129068171 3.364369089 3.586729726
4.246874023 20.011239849 -28.030063440 0.878132131 0.279246201 0.124348775 0.368025681 9.132433303 3.686979777 3.569959713 2.823643197 2.424225516 5.498554167 4.422557726 5.712902575 0.415794398 5.786757340 3.403923204 2.098886598 6.508872124 4.146217257 2.702127058 -0.020919869 6.855261354 5.213835752 2.058802502 0.874921257
2.837638800 21.465458412 -29.349743813 0.881244549 0.447247554 -0.039189284 -0.147789953 1.112751227 3.838673174 7.344625095 0.641704369 5.397563565 0.545180633 2.654658903 2.456497210 5.491254032 6.616517314 -1.403132641 5.008233463 5.626193715 5.755483534 8.191253286 3.998042271 2.576536337 6.582597659 3.234131519 5.139661016
0.547867102 9.644471870 -33.009208264 0.983935224 0.175118442 0.013824542 0.031841601 4.732828086 2.376038306 -2.413652000 5.324264537 -1.795074070 -1.577346314 5.656274710 1.371851086 -0.868495841 3.406031433 4.632067602 3.847083955 4.817288737 4.610301333 5.767838670 3.253276497 2.878822485 6.778166463 9.522085257 -2.585071675
-1.741098841 10.188004876 -25.023738874 0.949300129 -0.184838885 -0.192482138 -0.166176043 2.859532420 2.916776112 4.175008862 1.571559565 5.370702160 0.686942428 8.221236428 3.543105419 1.012522028 4.140940277 4.278104232 3.905929072 3.198613233 3.298234880 2.894993648 2.989290566 -0.083720545 1.822383864 4.343588604 7.037029745
-8.478414986 18.446003733 -22.270498695 0.886773751 0.375043128 0.270035302 0.007476821 1.773552533 8.481891016 2.152797118 3.911506920 0.276878128 1.864782300 0.937910368 -0.533540963 4.554177104 1.507447648 13.704417180 5.043577524 6.538056170 1.686204959 3.945806561 14.263982724 3.423962318 -0.220773486 9.455867846 7.040623930
-5.111299557 17.158385674 -20.415273469 0.788320501 0.516234582 0.147001205 0.300737908 7.693156576 7.124649431 0.796718237 4.062993323 7.041233923 3.669219113 2.828682032 3.297417177 7.488955660 7.528626064 0.501115000 2.498350138 5.544224528 5.868776661 0.045783590 3.036538895 4.701555217 0.537640465 -0.281404900 3.729593527
2.595429419 15.340379020 -35.525209076 0.722657225 0.654400229 -0.038874643 -0.219124706 6.966659196 1.416494698 8.408195322 8.084632586 3.842489735 5.371156352 2.157562923 8.356565019 -0.166354569 4.798630759 4.720221295 9.070803445 6.281100680 1.516060341 6.452439338 10.358487742 8.566599212 7.254602893 2.541843697 10.367896223
5.975269518 15.766688390 -22.218965597 0.836611904 0.547642523 0.001242043 0.012909155 4.056377641 5.547722168 1.062975579 -1.135365043 0.186150304 3.106670170 0.752912329 3.581167318 5.815025245 1.098299316 8.082378842 1.913500465 6.090760419 -0.528524923 4.238602986 5.149571729 4.334155509 2.197447044 1.463503586 2.249024211
2.261112340 15.386423176 -28.114336514 0.980614928 0.191219125 -0.042469862 -0.005091267 -1.231276249 1.171893281 6.667754834 3.605606631 3.681459479 2.928579380 5.169129041 -0.536957044 2.929786137 0.904860633 9.541105182 6.194264909 1.203058778 5.214959356 4.299380510 2.881457872 8.367810490 6.118112864 8.871092745 8.647484803
-7.807008535 21.052581874 -28.020436746 0.753326849 0.371510647 0.404444092 0.361805850 3.071817013 6.966666345 2.182414628 9.982838679 4.518389773 7.234128429 5.944431385 4.672468738 6.082466134 4.349109141 4.662674953 5.023315651 6.031293947 6.188915395 4.388160871 6.415174593 6.453192122 2.962489502 -4.272873139 1.045753003
-2.457307746 20.657373792 -26.128664626 0.892403310 0.435811925 -0.061067210 0.099775220 5.945147945 2.527907797 5.788246976 5.877989736 -3.458716398 9.016801086 9.152601947 9.511558833 0.961213589 3.757445455 2.691130552 8.735732681 5.788765536 0.537128555 1.759488561 -0.887012821 6.173418120 4.798795913 -1.021759443 0.947914098
-9.295817906 18.548121803 -34.142306179 0.717071938 0.651519707 0.242478906 -0.050337730 7.632129839 4.419116782 -1.026586234 -0.321762250 4.962787892 2.098853897 2.225362579 6.430868601 6.062860491 4.121527812 6.302501893 3.541055330 1.701230819 6.650514960 -0.405906513 5.778281323 2.183271322 4.745927027 2.782121649 5.135346188
-8.463570189 23.752497752 -25.841483702 0.771111112 0.586986984 0.228643741 0.092498503 4.765194045 4.653942386 4.438213097 0.934685176 3.623916124 5.714664473 2.612997835 2.623094352 4.385447341 1.255458985 9.408933141 0.705812816 6.802313434 6.070160599 4.895356590 6.099246429 5.651483142 1.589056464 5.000138767 7.086926697
-0.395962189 12.586529950 -29.392356326 0.975863039 0.147591713 0.122938065 0.103895372 -1.595812821 3.075798656 7.498814135 4.914086919 7.342181396 3.420582532 0.215589335 2.490143381 -3.687066491 9.322918966 -0.448959916 2.809280070 5.859582753 1.910782005 6.072065082 9.006119616 2.181275612 8.247030150 8.884265165 2.512610223
5.653776969 17.837655375 -23.676392312 0.840757698 0.533819852 0.049404127 0.075644508 10.704937340 -0.602375251 4.086514658 7.151250742 10.049273618 3.784235625 5.700169047 3.031997635 2.580092966 7.638527272 7.035620794 5.579793044 6.757714032 7.612700531 3.573992434 2.805367348 1.133634440 9.055091132 0.907636633 0.640747714
-7.572345870 16.908425026 -32.900502334 0.948493148 0.212567030 -0.136833684 -0.190925506 7.206866550 4.861163864 4.565548184 2.002982823 1.424614225 3.137667271 1.113096291 5.952827461 3.436488064 2.721770089 3.544173008 7.984446949 8.004695883 1.982857784 1.105262364 3.343554273 0.667262548 2.001216673 1.963019880 11.278555532
-4.956471048 15.978954125 -34.288140164 0.746759736 0.628596302 -0.032017341 -0.214922024 6.061672274 -0.892794013 4.457173437 5.685567508 4.085486570 4.842460950 2.933129916 7.712593645 8.455956857 6.276058383 7.033842131 2.958237308 2.522440987 6.037339117 3.726787664 0.840701191 3.257570132 3.291007021 4.484585898 5.116505986
2.383099871 19.409664125 -31.446588712 0.912384325 0.286838105 0.156496400 0.246551457 5.707678792 1.682889600 1.430638458 1.966048545 5.104296391 2.767308299 9.125305659 5.893359390 4.414613846 9.018639631 1.959080702 -2.325049973 2.817982842 0.640449423 7.152217659 0.417004261 2.236042009 -0.140618224 6.929424031 5.883973800
7.197217943 16.014918040 -24.981891247 0.887175767 0.371186265 -0.012225341 0.273843854 2.311835680 -2.702890997 2.918468637 2.313731958 7.072484249 9.203930685 2.749821779 12.100854712 6.476589131 6.209335664 3.991253784 0.863174584 4.409906539 5.173966454 4.502955540 5.742515305 5.238804077 4.243243834 6.783490565 8.445445803
2.402147188 18.964230655 -35.687710081 0.800530380 0.319612445 0.370217351 0.346320817 -1.691909212 0.780494524 4.043686971 7.748266654 0.239168675 3.521911220 2.475636738 4.054081811 6.569650148 6.448597693 3.288856922 1.252760893 2.510306258 5.660624522 3.432398898 -0.868363192 11.287884597 6.348890662 3.052759699 5.475600016
-4.681756380 12.624467238 -27.136118232 0.955686046 0.287992722 -0.003286034 0.060939111 -1.821518357 0.606736035 7.843173271 0.973442518 2.920350205 7.419816410 5.194437114 2.088730463 1.969711114 8.053055951 5.474207634 8.158773358 1.618193635 6.441165585 7.527278971 3.456505250 5.593362176 4.683520749 7.183320992 1.130002452
-4.368392120 17.536294404 -27.121269872 0.761918527 0.496372289 0.082180792 -0.407849269 -0.449177728 2.792549774 -1.394913254 5.262175432 0.017235167 2.416602432 0.937242488 1.498695387 -1.148092535 3.095025974 7.198594051 5.801050924 2.644063154 7.012212538 4.405660664 4.542155056 6.674344809 3.405766810 3.377701525 3.554399295
-7.482002791 18.310705429 -32.212952851 0.795010028 0.245852353 0.407408897 0.376209605 2.301612183 -3.168964876 1.186546361 5.249077237 3.583683029 1.442626822 5.727302586 8.440403650 -0.133742092 5.009570636 0.896173828 6.203705817 3.751356176 -1.050407639 8.585438229 5.921115802 4.863931779 6.361642091 4.954109921 14.519541354
5.218912638 12.773946763 -31.156908921 0.999578982 0.022970274 0.005974875 0.016689100 -0.207604817 4.709819576 3.202770089 4.438490497 7.882647557 4.369320396 2.770550598 5.005509649 1.214686716 0.796102119 4.775109534 6.625518307 6.156099277 3.398334849 9.388066100 5.676733911 2.854337968 2.862733986 2.268272440 5.788047685
0.105780689 7.220443390 -25.681345811 0.999381336 0.030435214 -0.007557074 0.015922753 6.249731226 8.944326318 4.393333362 4.208632239 1.114945937 3.255835535 1.021215420 5.139603984 2.353858238 8.116839728 4.584920430 3.923722567 2.727655450 7.429252780 5.545642668 6.544500281 3.919809077 2.822989445 0.118500718 5.477191691
-6.642583528 10.203523845 -22.041822802 0.920457990 0.271957632 0.124641792 0.251516519 7.189252216 7.100528895 8.357422148 5.273482511 2.149335606 2.403627406 -0.140858067 4.361689718 5.476291165 0.729484874 1.989828959 0.949395154 3.306049852 2.635701023 3.568743546 6.806980403 9.432907208 -0.809345294 4.493853630 2.740445314
-4.385520312 21.167481895 -23.776959728 0.965270836 0.123557885 0.096497429 0.208983033 7.836562228 4.742052234 3.281912473 7.833525951 -3.028086007 2.378912795 6.009076625 11.376366996 1.199047178 6.768789908 4.019849336 2.878814835 3.510510421 1.731272835 5.219701862 6.627922384 5.321748390 3.130267623 2.380048310 2.695942311
-3.365952427 22.095088127 -22.043141503 0.767026845 0.432487262 0.142149663 0.452126156 3.222030870 -1.016629445 6.538228815 0.455153428 3.149697342 7.626303707 5.233766788 0.383052358 5.649471417 4.509086612 1.935666880 5.406699164 6.125332155 4.066432680 4.540183064 5.155018745 5.833318660 2.476567591 0.017619058 4.054391672
-1.795712985 13.218323445 -31.583192483 0.975249981 0.210128555 -0.038662547 -0.056909333 1.694019288 -1.795089912 2.086536689 3.209564445 -0.416669522 4.313999482 2.583957707 3.331423789 1.109399022 4.323756791 2.013349750 5.126279712 -1.602698418 1.863940169 3.913838778 4.958104460 8.736573748 4.198695888 1.834120187 5.072847623
-5.745027829 17.246319872 -32.642887418 0.925479782 0.264919410 -0.136876598 -0.233601531 3.962019334 6.789215182 2.306642539 6.478670599 2.080750407 5.181667610 -0.915330061 5.119822649 -3.402330869 -1.168237343 2.960347079 1.780723707 3.550677898 5.585542776 4.234987128 0.294695965 3.198025420 4.242186826 1.356443459 2.887124457
-4.174499493 14.541249359 -20.802446800 0.838964248 0.500500593 0.156660886 -0.145242951 2.312800881 5.194214911 6.222851231 3.884667496 7.531351341 1.249107964 7.249855610 10.146369764 6.656560740 7.354202124 7.640064514 2.177163308 3.011043690 7.804873474 5.283607912 3.039160432 1.214333374 1.879058448 0.031456393 2.031723514
-1.823653902 12.087775839 -34.547816545 0.790279455 0.471734264 0.290808616 0.261448877 -0.352911443 9.743023684 -1.744460628 4.468137583 3.841170625 -1.522955947 4.047572833 4.605490423 1.082643336 4.698405842 7.874039828 2.871084694 -1.048191184 0.690771591 7.235589164 3.967522342 7.918649164 6.876981855 11.551361294 -0.824256325
-0.646073851 16.660400918 -33.107916311 0.894090364 0.324442472 -0.128034080 -0.280974692 1.957116233 5.935171145 7.029292190 8.149122376 -0.572779063 0.428777290 -1.140490174 6.075284530 4.200109708 2.467393110 1.559277896 4.250157295 3.565061131 4.803787219 4.180397435 5.419257677 1.367590426 8.729636611 7.662630182 5.014335338
-4.623131223 11.482996557 -30.752039839 0.806921353 0.396070428 0.354426812 0.257658266 1.547445649 7.503822032 4.249700041 3.212002235 6.533241518 3.098863741 3.627246882 8.953083736 4.316904806 4.683839239 1.671345292 5.196733537 1.830169011 6.714911873 2.862224460 -0.549045888 3.768696153 0.188010443 5.082339049 6.916201154
4.466363924 20.236472457 -30.581657409 0.984254617 0.172465148 -0.038428382 -0.004677651 1.675737415 8.864719433 7.428493330 4.268793414 3.719432533 3.518328982 9.241979531 6.414072700 2.812034445 3.785590174 -1.075556146 8.428216793 3.432745877 5.890871059 1.069331520 3.107667434 2.244862129 -2.944759940 2.486475959 2.771741077
-9.072454272 11.837119490 -25.614359481 0.994620345 -0.064688960 0.070133191 0.040336612 3.511898565 4.209966574 1.098568401 1.808908963 5.015853064 0.415026740 4.705510119 4.167780515 2.926753121 4.681135023 4.781755719 6.977057234 1.821448369 3.322724530 2.197439648 5.337225806 6.119291337 1.281399998 3.658039278 2.795088548
2.012558755 14.349002322 -30.978751923 0.948059551 0.072220875 -0.290125443 -0.108602306 0.241242581 1.645366183 8.177579014 4.521538439 -1.695254244 5.361379834 2.705932631 2.483964704 0.410127143 7.137114268 2.980092158 4.828619222 0.612932889 4.452181243 5.350401971 2.532092943 0.431015133 1.904438188 3.323132898 7.096664190
-6.901101170 12.947242332 -21.336578954 0.873123015 0.429822375 0.194489739 -0.122811515 1.297396482 4.485884480 7.772246849 3.264565766 6.579638116 8.296333092 -0.250273510 1.362766725 3.200952055 7.862015511 3.847103406 2.318476935 7.626288917 4.802336784 3.581148373 4.866516447 -0.044640709 5.691970660 4.507465047 1.376612149
-4.169987668 22.052533404 -22.708164326 0.717746475 0.392480328 0.230369717 0.526999984 4.336466039 4.758434446 5.646930468 3.061634527 4.238226615 3.368801766 4.660075263 4.237987226 2.966292606 7.166218484 3.537292998 5.714669154 5.916589559 2.250528211 6.829604810 -2.820144129 4.333332980 1.831514075 3.662805358 8.733671973
-3.143364925 11.867243457 -23.651684920 0.923919328 0.214894942 -0.302108934 -0.094463914 -1.441943870 5.022204639 4.723094719 3.609720118 5.868606389 5.915246027 2.429216355 9.418035975 3.645019444 6.299366557 0.973620163 0.348788253 7.634062298 3.533861606 2.582704914 2.346607101 8.913821307 7.956764137 2.935385364 5.388531532
-5.498834617 10.242631725 -28.935940828 0.909716756 0.366923727 0.189983242 0.041094643 5.393425608 2.564386287 1.063988249 3.502051609 7.386702161 6.567072767 7.170524929 6.845107491 7.810979675 3.741793598 5.778428108 11.944944362 3.271816863 7.906022075 5.689959107 7.388103373 5.950192625 2.495489433 1.867242836 2.873948715
-6.034099815 16.524122016 -21.883537310 0.807661218 0.458863710 0.248756044 0.274313476 2.639528171 1.999236884 6.139870067 1.899856685 2.783277182 3.542510095 9.241176389 1.639908420 3.371259373 7.086919892 2.435599105 1.692007530 7.201736722 4.838272345 2.842232885 4.282831929 5.384276395 0.901366252 6.674183608 6.050774968
-1.347214319 18.129030841 -26.543515311 0.865264961 0.381987700 -0.059911910 -0.319080723 4.760665978 6.612447376 2.031276081 1.904720434 5.469542212 -3.717336909 8.741460299 4.220943264 8.167367456 -0.038469499 1.637371166 3.859995247 9.355305926 5.912395931 1.963428420 1.001255643 5.418278756 4.986336927 -1.977453891 6.086513701
2.236094976 20.939161929 -33.066892303 0.802737360 0.570970113 0.139163621 0.101189659 8.150093079 2.852805949 2.346452150 6.108667296 3.977528102 3.223484175 -4.261630181 2.392015356 9.849588176 4.108863266 5.076109554 5.398143158 2.320960807 7.569475161 5.227829548 4.305210950 -2.380103760 -3.222022836 0.062606622 0.960791959
-3.054903288 22.619755033 -29.689448754 0.987648371 0.067009622 0.061156103 0.127751077 -3.559477024 5.011036169 8.529634208 3.629174452 2.946570830 7.523408380 6.315564125 1.379373620 2.693831211 4.491830013 3.304195127 -0.271967725 5.194202366 7.833608666 4.996106124 6.639767173 4.869293360 12.108416661 8.421774238 8.143025553
-0.162907833 23.083981937 -27.534161714 0.712981995 0.535736087 -0.010113734 -0.452262348 2.656156260 7.494423221 -0.809212930 6.059499727 4.010781255 0.693972596 7.313754115 -0.255182889 2.307294400 -1.448793537 3.316636507 6.515477321 2.568925415 0.945659551 1.442127450 7.379273305 2.005443505 0.791786019 6.827994544 4.307996015
-1.563412471 10.353726609 -25.324637379 0.835208589 0.413232978 0.136073422 0.336376489 1.994359045 10.186906296 5.025174592 3.690237702 7.295125249 4.026376415 3.849063853 2.524590644 8.006452347 7.206267628 3.429064021 5.998286377 2.756258047 2.473622228 3.460651366 4.400740578 -0.154643246 5.633621394 4.079372177 8.231094802
3.561914336 20.778983378 -26.664730524 0.722576120 0.536805019 0.128399419 0.416218346 6.968699469 1.488686944 6.155619255 8.405081904 7.927133933 2.410997245 -0.799915804 5.716951179 7.576165811 3.189148235 0.055462628 6.950203846 0.664565627 4.465345419 2.752828182 1.286668852 4.305381136 2.223041154 1.957600065 -0.338662885
-1.058932544 22.546706835 -21.039698654 0.737693592 0.643797015 0.169400915 0.112413954 5.997229962 3.870338203 6.725212714 3.441912255 5.738171653 1.685040686 0.980392489 5.557855379 -0.013150643 3.843843650 4.817108654 3.459289768 2.679069910 10.983882503 0.376190435 3.472334524 2.782528927 9.611822822 3.113001185 2.848460176
2.834544511 14.552818633 -30.695667019 0.928777915 0.302368279 0.117011924 0.179591809 3.274562229 5.407222078 2.223097291 6.420189046 4.861896581 -1.910307034 7.250475077 4.739578682 3.570386391 7.462135614 2.249929426 8.788209818 4.737281520 5.734767762 4.955175678 0.628724075 3.027367342 1.657430218 1.171062942 4.251894131
6.027719112 17.674648599 -29.715075539 0.854233688 0.497196226 -0.096390732 0.117428894 2.243743717 4.152303699 4.113146350 2.381737858 3.388762355 -1.739349628 0.038335014 0.364413229 2.497085469 8.354598773 4.719382140 3.526070479 3.821049065 4.506757523 -2.152436761 3.947158145 2.491063117 -0.223031262 6.905347123 -5.345717345
4.349696809 22.443782580 -26.123545738 0.752639057 0.532412823 -0.134571886 -0.363264976 3.003259102 2.189720955 6.067228639 6.389600432 5.024120641 0.657100808 5.232432908 4.088248923 6.096268125 4.943105831 9.911023363 5.803744635 6.018112186 -0.421076230 1.049537039 3.078500157 2.328513003 6.891766709 3.589779159 5.928625476
1.211364851 11.297188640 -26.216780001 0.987432325 0.088172031 -0.085463889 -0.099493824 2.619260633 2.780527276 3.878446484 3.492056872 6.631960352 4.131840971 2.816673918 1.097511262 -2.282599647 5.689960775 3.636531323 -0.298487942 1.144026662 11.244325547 1.654391750 4.186723952 6.870092774 -1.038662541 0.833635520 5.210385179
-2.654915934 20.833860700 -19.572912813 0.817234139 0.427855337 0.158609785 0.352010098 5.338276415 0.505716960 5.527214758 1.998106915 7.375578927 6.824358236 2.502748048 -2.485143522 5.008082916 9.602270574 1.718215162 10.562960635 0.717048470 2.538113644 0.951377266 6.220981359 8.354982781 6.766310787 -1.546010426 5.108872535
-4.890113514 20.078970197 -21.394273277 0.948958632 0.274830500 0.108652119 0.110183610 5.836525609 3.639531542 3.148969470 2.426515572 4.217946303 0.702042056 4.141706630 5.881461854 4.058271185 4.780843159 2.575863522 2.750995975 5.300335569 3.935621022 10.275738384 4.591110735 3.285885195 2.090826714 1.394328424 -0.195589361
-10.595083290 15.643301319 -25.077718208 0.796643595 0.430071123 0.336776121 0.258804283 5.405480910 4.554004136 9.184218624 4.103377059 1.145200202 4.272365111 4.660209768 3.061981894 8.382227939 5.179720806 8.895716538 1.031378929 3.369646868 2.467203622 0.344065208 2.031915448 9.730498692 1.858309889 2.884785806 -2.121383727
-5.158491778 16.708886639 -34.752757390 0.745679407 0.643177634 0.174018821 0.001484509 6.956813607 1.610414022 3.504403592 10.960602117 5.142054585 3.997906945 1.705714488 3.735897733 6.335234489 1.163903659 9.019889186 6.402709345 5.136409248 2.575950204 8.867965583 2.458605289 7.883150107 9.235432574 0.818721600 3.995698418
3.404185046 18.104189201 -24.303679162 0.888736225 0.450821211 -0.082523137 -0.009904005 5.572046287 3.237698379 2.473820205 5.015921437 3.156752114 3.637832042 4.344205452 7.826849961 -0.026607142 3.203794835 0.825136566 4.157412689 3.071051173 5.187492678 5.956698534 0.180808869 0.974548216 1.437526520 3.524931560 -1.719331190
-1.502055847 8.186135470 -24.529533035 0.764197280 0.321883418 0.448116722 0.334043389 2.803879354 4.778528726 3.679693013 4.514317339 8.332570855 5.503330937 -2.900624177 2.620407466 0.351768594 6.362520980 4.903270773 7.670643787 2.725662500 2.727644517 9.253987514 2.211118775 -0.069762953 -0.032040648 3.093375162 3.294812746
-3.075136036 13.799295690 -30.301542626 0.868060590 0.332924238 0.221158748 0.294484418 -0.496908469 -0.084411120 3.617544279 5.606112960 5.013890621 2.672580126 3.064878019 1.796098138 1.252403068 -0.941827560 6.476473067 5.979595336 6.270484084 6.380326537 -0.286835163 7.061005372 6.966115687 4.711584998 7.971463598 3.897001562
-0.823782917 23.874861942 -30.620467862 0.991964025 0.062234822 0.045561669 0.100291253 -0.130588712 4.611806438 3.536437350 2.867953488 7.356417151 12.563508713 -0.929795606 6.095364028 3.692227077 2.027418843 3.077489850 6.307350411 -4.026471771 -0.383714904 0.088588518 0.432756456 2.884263621 5.087398243 6.430024082 0.538784659
-2.537097053 13.808933418 -28.070245283 0.903997089 0.222649392 0.286505794 0.226121521 4.850240104 7.781153443 4.908651753 9.574834921 4.020927958 9.987441435 0.730376168 0.194007702 -1.419246094 6.988868141 4.687051385 6.620155499 -6.431897279 0.179399600 2.665539312 5.993920882 3.870946737 3.754585292 8.737902430 8.113185403
-3.975165988 22.293555842 -33.698762645 0.955585206 0.090462738 0.176075576 0.218336434 3.269572300 -4.995816438 0.088835793 -1.282394008 -1.164921044 4.618385928 0.146210744 5.111338208 12.096037178 6.870947775 2.289306609 1.621448794 4.113548349 10.799627828 2.130818547 0.679120846 7.957259074 6.502823724 -0.456504744 4.260967050
-2.101510645 20.785588009 -30.295336564 0.740757454 0.310370536 0.387326517 0.452688297 4.798355003 4.336083795 4.430640278 3.677000258 4.545401120 3.788643411 4.655431524 1.531946153 3.341021072 -0.214732197 2.300298754 4.563431521 2.942945158 1.393043494 0.725867535 -0.640036708 3.865778335 5.488810780 6.446809520 -0.088672717
1.777941897 13.367876339 -19.627999818 0.763629508 0.626123631 -0.027032526 0.155268851 6.786543195 -1.578842070 2.723388320 1.985463387 3.962059801 0.278152797 3.409717762 0.247278428 1.488114304 3.898439345 3.475236599 7.283008128 2.878419531 -0.452300682 6.144772278 6.521735585 5.727101551 3.225013334 5.348894562 1.755221077
2.486976221 17.163759930 -33.953613996 0.991120898 -0.120340301 -0.000427402 -0.056545514 6.601297139 7.082128304 10.816449486 -1.247399145 -0.714653749 3.726270398 5.503575360 5.248063046 4.101082134 7.424663287 0.893896807 6.020047993 6.183319208 6.733827143 4.207145724 2.578619004 3.343442781 3.127646586 3.409168445 0.333002271
-1.791111413 15.135336666 -24.887382057 0.710905969 0.438881942 0.291907851 0.465601923 8.445028195 4.220451750 4.390370401 4.160010939 0.795236182 4.041610615 5.332703788 5.584568768 2.036419327 0.673775454 3.480998864 2.169684616 1.924282164 2.822497422 4.959700610 3.319177170 1.289048602 4.682092497 11.552673349 0.018270248
1.957434882 16.458994380 -31.761040389 0.760053086 0.622748829 -0.137975838 -0.124361852 6.674760962 3.600612185 4.719817648 4.181117283 8.059098143 7.388525664 1.040970478 4.309009198 0.085018104 6.045028083 4.980817300 3.053082818 1.113850271 4.477573195 5.189778955 -3.058711053 4.930094445 11.922328943 4.607498597 0.798772024
-1.102827131 16.524346518 -20.430638489 0.816654149 0.500849653 0.053065275 0.281797272 5.657995694 8.255837899 1.271540597 5.501249858 1.886593621 3.249954780 4.855219645 -1.069064389 3.290742029 2.916707962 0.780863984 4.322124800 5.168898171 3.657957686 5.535123694 4.916003925 0.796206803 6.276562622 6.210358554 5.474208824
1.981367969 15.845211949 -28.654081932 0.876744676 0.455487588 -0.035970014 -0.150186509 7.303815125 4.373901961 3.956413962 3.501070273 3.553253828 7.911178608 8.082971332 4.379831226 3.207694704 2.752179570 4.279746984 0.281981202 3.854080844 6.260603203 0.788217245 4.471951301 0.803326018 5.166848787 6.044696970 5.346467425
-8.802623199 18.761470023 -30.533543840 0.809489130 0.415590613 0.330158686 0.251012017 2.111424735 8.333716125 3.702610393 -1.562961560 4.426580870 2.853985016 5.611410936 3.808529464 6.496891208 0.990726406 2.664152090 1.100737289 7.921063811 -0.069678217 4.512523434 8.442331017 2.616766038 4.220406046 -1.390751135 7.856599742
-0.231183671 16.694194436 -29.685748107 0.952290763 0.287870838 -0.061365459 -0.080665750 0.056415195 8.485157864 5.118954913 1.752364575 4.514977770 5.598804398 8.292370589 7.280730226 5.269815285 6.244708254 0.138620418 -0.789416590 1.383744396 2.500774903 -2.525061964 5.477244319 1.369948597 1.577443813 3.170563493 1.359808005
-4.960821570 8.173954474 -28.735027856 0.955094338 0.284315414 0.081179590 0.019220427 4.241124041 0.294240330 3.532214287 10.189969528 0.588513171 5.813288213 1.718092890 -1.948986771 2.635178691 2.526433201 11.150376150 2.715391585 3.263600045 3.865791206 6.205854930 -3.982881191 7.732236190 6.103391141 3.791590199 6.922712095
-3.395339982 15.087196148 -34.684114880 0.954830063 0.288808045 -0.019093077 -0.067267508 7.408206549 0.955500973 2.820199038 6.564742010 4.097876574 6.918611398 2.895586682 7.390405665 2.812251141 -0.103677457 0.350421563 1.770475516 1.474832688 8.221775666 -0.033246104 0.150637200 5.360975993 7.040707697 7.201677673 4.383087023
-3.866023593 23.026221180 -30.171660168 0.723680100 0.586510160 -0.120740875 -0.343095595 7.148518425 8.908588895 6.690068331 -0.615806641 3.449672995 6.390084334 3.718333470 -2.663263587 5.303401504 1.105035359 -0.200556643 1.862432506 3.006516822 2.961585270 4.357657104 2.125989524 3.039902351 1.652948434 6.835310764 8.146097599
-2.987005438 12.489922404 -29.884328470 0.793577575 0.541106303 0.267220943 0.077663184 7.022007094 7.956597169 6.498104693 3.181236282 3.189419119 5.350634110 7.535809674 1.640598760 6.752727479 5.513140659 3.322413793 4.745300743 9.451689320 5.838462216 4.221620431 0.455120270 6.244490396 2.366551685 6.101630436 2.095661322
-10.167088433 16.749347029 -28.878377263 0.813701671 0.303003540 0.389195851 0.307579315 6.256126282 -1.210224432 1.980565296 2.334662348 5.282363421 2.373260223 4.633130968 10.294034037 3.695734220 1.580702259 7.526580816 2.610571809 -1.631831391 5.880167355 7.560282453 5.448282698 3.643882703 4.588405185 1.874370856 5.052422760
-5.150226517 19.731087576 -26.067608919 0.894777472 0.345822608 -0.004288523 -0.282420978 5.015652157 6.457956041 4.019441261 1.778692241 6.131459093 0.104186316 -0.354811923 1.095139967 0.516468008 2.081991624 2.101687967 5.589043716 3.908416020 1.529372235 2.056872939 9.544723405 7.223935684 7.692121142 1.768341996 2.255808684
-5.000528673 12.005673919 -20.721284507 0.794880716 0.574650611 0.075760502 -0.179448236 1.757895717 3.828712361 2.615658782 7.552639207 -0.394497345 9.758597369 3.388711921 -0.287904712 2.364613525 5.573716682 8.748625683 5.913296184 11.417257103 3.146583349 13.457651314 2.021900640 2.525318072 6.584095797 5.668157594 6.422118227
-3.678916965 14.163270424 -26.815975097 0.813402564 0.376044087 0.285165319 0.340070366 3.381072959 5.357831925 3.246464204 -0.929763457 6.244985320 5.997146959 2.687326820 1.035610256 4.496092913 5.705534364 1.853531893 3.986869726 0.806351561 4.445197890 6.257517959 6.384732861 2.651002818 6.194719110 3.109232107 -1.308150260
6.572598283 18.486716266 -27.082511319 0.820488715 0.558960448 0.043928154 0.111497998 -1.141774714 5.962486448 5.951826011 4.838310266 8.240979341 1.228598640 7.942746627 5.728818954 5.218636895 7.142334531 5.263008866 7.420155003 2.333216794 1.304136110 0.993224848 -1.040880004 -0.382352841 3.815589906 1.104934344 5.874341625
-3.644082235 22.778509627 -30.811706981 0.728950346 0.582973870 -0.130764030 -0.334176043 6.017946247 1.366138913 -3.593902249 3.876885310 2.102906860 7.374313358 7.082141026 2.772576307 3.518558690 3.682324538 2.072086962 4.546101112 5.185555347 5.200159929 7.700214604 1.147127496 -0.393836023 1.805895362 -0.377201298 -0.734300361
0.474787452 14.186019745 -26.067783326 0.733721842 0.316443200 0.386999056 0.460160504 0.890327786 4.643701098 2.056515939 3.833897255 4.715110774 4.995449155 6.909874012 5.312050204 6.027874149 5.012663530 6.113320340 7.452180458 3.021017359 10.970926248 4.494775541 5.760715227 4.509948349 8.781764311 3.961280182 11.308539185
-0.637873834 12.072652240 -33.210230963 0.892719100 0.256046524 -0.278617610 -0.244673281 5.032267342 1.547927390 1.820855715 1.794112793 4.864124404 1.687895244 6.387417216 8.364566079 4.698279978 5.510050365 -0.307444011 -0.917588886 2.816928518 4.766505524 4.382584742 4.962047165 1.891407733 3.836812924 6.556411590 2.091360001
2.028880402 24.972496552 -27.800022443 0.845366563 0.507004469 -0.026825135 -0.166079061 3.522278044 3.916975090 3.658181206 2.038090989 2.870689371 5.704452863 1.953826193 1.702389902 5.481288284 6.003085143 4.147387533 6.865084357 8.677825887 9.038093888 5.055049248 6.856302842 5.889971851 2.468326075 5.003723108 8.847407052
-4.361581627 15.824165226 -29.949053294 0.793853577 0.585514070 0.122887707 -0.108942114 6.461589638 -2.288831270 8.717152627 3.802974114 -0.027176314 11.869314541 0.320320470 2.942010622 -0.424564363 5.123058089 4.050294592 7.866600437 1.971175788 9.582164262 3.028411293 -0.615664485 2.733380807 4.213337396 6.611832479 0.980387356
-7.776051838 21.242081645 -23.226437435 0.855776885 0.259768729 0.255977612 0.366935407 2.278410088 2.219642321 8.817378483 0.861506594 3.670326088 6.880378069 8.717034842 2.610467368 7.802986226 7.731702291 0.200075326 4.756123820 12.322721973 6.175817170 2.655160452 8.697186600 1.948544599 3.896238703 -0.134463181 -4.052936640
-6.912875052 10.298313617 -23.356917699 0.934694572 0.015435815 0.182535285 0.304612314 1.213985306 3.231731794 8.020388618 4.976697991 4.718257733 2.223677790 5.145375085 3.604905915 1.052057538 7.418448282 4.457430869 2.194392754 4.651300031 1.461800198 8.338729739 -1.504451512 5.651241702 2.434164476 8.348339299 8.358263902
0.286751068 22.226019591 -20.888494811 0.831491821 0.550152665 0.074148990 0.021338327 1.552890443 6.873242377 0.063703772 4.657241233 6.286858383 0.167449238 -1.168906269 0.390071250 6.894344692 3.122214664 3.077467879 5.160800801 5.907051942 7.110188643 5.349757391 3.452430672 3.708608942 4.461826559 5.133116247 5.340371185
1.034103874 11.609123071 -28.694436725 0.723088950 0.656939815 -0.192677872 -0.091911305 4.366692608 2.966350262 6.631702181 5.949044611 6.473616404 -2.173422582 6.682750378 2.024204655 -0.308110821 -0.594468077 6.367164841 0.260324501 3.747837069 2.585594054 3.260307654 1.674321670 3.839569499 5.128357873 9.052176062 2.403047544
-9.746643644 14.463433961 -30.327183557 0.904626857 0.388344594 0.171484833 0.037837515 6.320779262 7.011003262 1.435539776 6.936013648 2.169591288 3.004987928 2.833962585 0.431428504 0.796747479 5.708849827 6.326607869 0.291335119 -0.373280475 6.460823672 3.169310467 4.571667295 4.894966110 2.029086762 4.960385611 7.132064795
-6.350742076 15.888724712 -20.469281693 0.804104262 0.529154294 0.264774167 0.057504000 4.945655819 0.508425360 0.640566551 2.634548931 6.553601767 2.498777825 6.080564633 3.536527991 5.502431823 5.807909893 5.213792075 1.285183697 2.458786233 3.276456269 4.645257158 3.042623753 -1.664106122 -3.616533156 5.228135915 1.698384240
-4.772363996 16.405271170 -29.516248261 0.911478357 0.369102132 0.177402719 0.038718170 5.820477315 5.292221086 6.596267508 6.027427389 5.809190617 5.478357690 3.621199132 9.822654624 3.424915689 6.690188018 5.208877506 6.630186813 2.758078463 -0.016443645 1.715215750 8.679854582 5.463406828 7.922808073 5.138815646 4.895480948
-5.578308400 17.729417757 -28.348757947 0.712975062 0.566747873 -0.141609695 -0.387827414 0.911051491 4.187647831 1.853319615 6.430270760 8.095705586 3.813711493 3.652003280 0.784258023 6.326295255 6.018093819 6.384881424 6.248918352 8.464859707 4.124112563 1.942087716 4.005454898 -0.243797318 6.198056522 9.387441430 5.503566743
-7.155093124 24.002792302 -27.342871790 0.720187254 0.425923748 0.307778229 0.452981061 2.735423358 7.204705751 1.746162207 3.364020775 5.637867514 2.299094608 6.474009403 2.473869959 8.993632651 3.661092778 9.585293366 6.092283480 8.783561566 7.747548227 2.406907726 2.365120144 5.729099563 6.879978953 2.186697933 5.456930916
3.117782757 15.823723988 -24.988282849 0.987638761 0.150696792 -0.041977164 -0.009903137 3.244563331 4.462423341 3.835409151 -2.088242208 9.032245508 5.979902797 10.933977129 6.225581064 3.929638768 4.770866934 5.807746332 2.884917441 2.560611866 7.292972920 5.517504394 8.018937278 7.589544981 3.414993013 -3.135794682 3.755613611
-2.047118388 8.247972626 -29.132778742 0.828752668 0.393901650 0.370768871 0.143321139 3.427474734 6.037997756 12.054089720 2.370090325 4.110836705 2.625402834 6.241609799 -1.950886254 7.079874282 1.978893514 9.761700574 6.507946283 6.704158934 6.689755082 1.294816962 1.102572308 1.971602836 2.772137892 5.995265376 1.791864809
1.426508382 9.497297004 -27.916900061 0.838208631 0.304591795 -0.400724846 -0.209880269 4.031761419 1.599649292 2.459472216 -0.002875648 2.999482935 4.042080265 5.953521137 2.110931193 2.703412838 0.429703385 6.926226005 5.678008720 1.892337105 4.430994154 4.205052890 4.745095068 2.132576537 -1.440485534 6.585393742 3.929346486
0.826016623 19.144467669 -33.534203926 0.903959118 0.416024589 0.058890461 0.079456700 7.023579275 0.034027509 4.954571246 2.829564294 10.055814396 5.562753376 4.697931458 5.793840478 5.473910292 1.008217182 2.821161157 6.141984377 3.033234188 1.322114625 9.600096998 0.277989637 6.802025339 6.547511502 -0.084926927 2.763293749
-5.899983111 15.415454372 -27.733546102 0.712240079 0.649311594 0.019638750 -0.265937669 7.633628693 6.434638042 -0.170106318 0.101017511 3.827015266 6.569938333 5.044778376 7.779863611 3.913883775 1.745759300 1.961430424 2.799447566 8.311346179 -0.590291637 0.868669074 2.847958687 4.741449454 4.486497626 1.371004207 4.617830183
-0.398484554 23.353712266 -23.664735944 0.958496245 0.276540098 0.065112464 0.023893287 4.000548287 2.088069046 3.655814475 7.280167724 2.516848828 2.567437112 4.598868591 6.383261111 2.686355968 5.509984878 11.472043475 10.078795022 5.248100443 8.815868795 0.070849957 5.322559519 2.049102735 5.961854380 9.400612504 5.746911525
5.292488900 13.384399412 -29.547033965 0.876406827 0.408792465 0.142045545 0.211241228 2.890449417 2.691715100 7.532297091 8.056717364 3.585773565 -1.118361493 5.803182307 6.037283808 7.695754640 2.168073036 -1.453920023 6.989818205 5.986798975 2.579973379 3.460249433 1.617980836 1.648456257 9.878917970 -1.980688540 1.236518412
-6.417597106 13.190789337 -18.992349122 0.800184652 0.288961135 0.322693163 0.414819367 2.523859214 9.647227376 3.334086148 5.843128225 5.998638552 1.182808910 4.610470598 2.231123232 4.407406943 4.539020086 10.776435118 5.473361986 7.284985355 4.573091270 -0.127876095 3.667347404 3.887965557 6.048651176 -1.279121222 3.569451370
-4.814133291 12.461344905 -29.742898636 0.906374335 0.288318201 -0.171066811 -0.257088167 5.190466547 10.930188027 3.153718471 1.327801551 0.933897203 4.097995230 2.493399004 7.400552661 3.113552488 4.352211997 4.818570171 9.757106265 5.014268253 5.908016962 7.735712707 -0.868452729 7.909388326 2.701502186 5.539027504 0.150556950
1.090916783 9.450971409 -32.689706818 0.920787434 0.127465042 -0.337847643 -0.147519950 -0.088744550 2.244924645 3.982638594 14.989962589 10.600949508 1.780604968 3.819599506 5.178883640 7.485897934 6.018664270 2.358959978 1.511125489 2.603742516 -1.456942035 8.879512524 3.367677669 3.392916294 3.503550615 5.099345138 1.042005196
-0.095294367 12.806900818 -21.364205951 0.903923374 0.208256941 0.211037881 0.308244374 0.843184611 4.776580817 -1.806517847 0.629343418 4.746225950 -1.748962839 -0.585411275 4.366746139 4.635966771 1.726058018 4.440267447 3.780599167 7.511785768 3.193098806 5.450165938 2.886779068 7.195296623 5.354005251 -0.727828977 2.815890248
-6.652406240 8.870100223 -24.664541386 0.962187589 0.236728264 0.134566872 -0.006821200 1.823753800 6.660882843 -1.579811608 7.418306249 0.019748098 5.630969583 4.196552695 6.156118813 4.757258576 5.161009118 8.142910781 5.008551779 8.258889834 5.430330487 1.884372017 3.180196026 3.024949823 8.943863722 6.293007173 1.438158730
-7.610396807 14.559488038 -33.673309330 0.845442819 0.441862530 0.295246873 0.053039874 10.137398351 4.446671407 1.994055968 5.085013724 9.309844560 -3.207397615 0.922333522 7.462997026 3.506683947 7.458772975 3.403932573 7.841692336 2.345845396 6.014782728 4.472328744 3.059664524 0.884022747 2.484056758 -0.315878279 8.576579742
-3.020319714 9.181874535 -25.002989862 0.906502610 0.350981551 0.214260572 -0.095694175 1.224015728 1.809047961 3.946422929 -2.289198627 5.766660946 2.388559922 0.681689724 3.365512119 6.244294097 0.462997892 10.798524678 6.485523762 -2.429540183 7.636625630 5.141539795 2.138476860 1.575194305 9.686816785 3.418286647 2.989596600
0.911752519 15.871771791 -29.334762683 0.972114152 -0.204590143 -0.017317358 -0.113300740 7.919712462 2.838584095 2.941194336 6.948126020 3.538226215 10.337047158 10.947292720 5.839993293 3.237573098 4.098605808 -0.049215796 5.853418207 -0.714770058 1.445478306 5.011680504 4.081931781 0.627296277 4.730093743 6.260181888 1.726255506
-6.983463656 11.787215007 -29.047568113 0.963300010 0.043571744 0.176814208 0.197208848 3.684598344 2.652139831 3.701087526 4.239439870 7.004475005 10.281671315 3.077531103 3.927815354 -0.363360455 1.667841009 5.127967947 5.508641602 9.051357402 8.653197219 2.424058371 3.120721653 2.041238492 5.508778252 8.430700605 3.115718917
2.242058097 19.518348256 -29.799282356 0.996901212 0.046128653 0.024318945 0.058895754 3.518959230 2.062784016 4.879329817 4.679405156 3.367638923 4.443979087 4.154558159 -0.243844051 10.372597989 4.736872978 -1.120090791 3.253860119 8.804136051 0.902001869 2.099883397 5.846311451 3.647239005 3.130021172 3.734697700 4.021959789
-5.859108228 18.341462082 -26.142102093 0.765529391 0.590689875 0.237865477 0.092033892 8.921463634 7.887394318 4.084883714 5.460895033 1.990626215 4.944742873 9.867266732 11.602663169 2.475973017 6.620088973 2.760265905 3.226735305 5.081412328 1.199051672 9.154323892 5.571860442 6.758436228 3.760036008 6.116823065 3.102086599
-2.987934928 14.675914927 -29.966764760 0.834792213 0.295211861 0.337319196 0.319668075 4.726337401 1.248653515 4.963303630 5.457284148 0.828547704 -0.286944001 3.607147637 3.510274637 8.588531384 6.358555328 5.755901760 1.098884557 2.757294636 0.079395909 5.368577003 0.551759219 4.502497186 2.616836302 -0.330269290 2.079526130
-3.250547632 8.158841646 -31.610038498 0.743240735 0.617635921 0.249312767 -0.062946196 3.635864761 9.074083804 12.671031409 8.334301116 4.464404834 5.719577752 2.795469671 8.722248917 0.272734130 3.772786037 6.397488069 4.466725805 3.589294024 4.912251584 5.117198876 -2.831430865 4.282445628 1.658155308 6.142888205 6.107968939
-2.091897570 9.227614134 -29.816623495 0.725447551 0.535978780 0.287390539 0.322272053 3.486377890 6.588113814 1.426624248 3.374507964 6.618281985 7.767137047 2.995637279 5.380612986 6.060628514 6.287243078 7.915959134 2.833079050 5.805990351 -2.234128830 -1.499387286 5.049479070 0.357573922 4.320679477 1.074035306 0.927015927
-2.106297067 10.200467312 -21.473564372 0.903248235 0.352878583 0.244140521 0.003839091 2.467485336 6.064501193 5.413786314 6.715342394 -0.906917299 3.905979308 4.006815333 4.947033069 3.006733208 3.553528928 1.036691847 2.229450250 1.725882044 2.120217369 4.699201416 4.774740472 1.531827504 4.646753352 2.802488160 2.318087637
-2.459406003 20.527568655 -22.072744926 0.791391569 0.601984493 0.087601647 0.060332467 2.337155027 7.168303072 2.317822384 3.487873298 8.904165339 4.954078456 1.695310336 4.374191558 0.836621520 2.339699611 4.907639830 7.967885246 0.158248095 7.670595929 7.354085875 7.070592089 3.878916205 2.884187295 5.981028302 6.724309695
-4.972344421 7.369668231 -28.934353918 0.938324185 0.294788644 0.180634870 -0.004292273 11.359334396 5.864739188 5.347812749 5.016295211 5.200273629 0.366901521 -0.105730038 0.887680350 9.007116216 1.445093293 5.086854170 0.478047905 7.851450242 2.598594854 3.409359272 3.111516601 3.529025866 5.530014915 7.346437454 8.160396097
-4.499772309 20.112567654 -34.196800300 0.965771309 0.022027426 0.130837341 0.222894956 6.509447114 7.661400350 2.424783526 4.371218635 3.631199977 7.894719107 8.001513984 7.861680783 7.421946428 3.085144524 9.302904630 3.791431636 2.838219054 6.166380855 2.703334094 3.584376935 4.125805076 3.551144919 9.273701730 4.330748371
-0.727896758 18.243957832 -20.575675654 0.831944445 0.525597567 -0.032683467 -0.174778227 9.209792826 5.103744327 1.640893879 2.849744832 5.271889530 -0.076454321 1.836491133 3.877068432 2.072697497 6.407217517 1.218095864 6.116522869 4.815843550 2.527861253 2.423742162 4.684873454 3.251166170 3.943528499 3.915901260 0.033718711
-2.699514629 6.967054668 -25.477679981 0.874620627 0.417556023 0.240903992 0.051487798 -1.017589167 10.790635428 -1.320218449 -0.051444039 5.307203130 0.264039824 1.840616531 3.684096736 4.951112744 0.349835870 5.369818143 6.496635513 5.388672384 7.154104574 7.263548762 -2.521320127 3.111904135 -2.512057105 1.324643364 1.858335196
-0.324897936 14.742121279 -26.438471264 0.799441795 0.587391042 0.046244565 0.117158100 4.918275824 -1.297406545 5.160514411 -0.252974833 9.057580033 3.453319279 -0.886140288 -1.861398533 1.616335225 7.899567153 6.895925807 7.066373708 3.001316176 -0.253417874 -0.576057795 0.643050332 5.485716105 -1.341103363 3.081161529 -1.096812392
-4.811380971 10.769356368 -30.015137620 0.839042638 0.223824386 0.360366417 0.340655457 7.049699697 5.514824122 1.056401477 8.750796080 3.676231104 6.918189156 6.648090385 5.089230498 -2.095461016 4.930078604 2.000765007 3.271234169 1.126900403 -0.308523093 7.117430204 8.331613861 4.093050114 11.460559448 2.770433112 10.920005459
-0.479540190 12.373065287 -31.860687624 0.789285255 0.469730064 0.305657079 0.250910748 4.597172952 0.575896411 1.509716600 -1.962320902 2.702726475 0.456870925 3.119977158 8.677811594 7.573487137 4.487540565 2.673130269 10.002839444 3.891324034 1.807928781 8.019375397 3.930735979 4.417909047 5.307598540 6.181871516 4.737210727
-8.662431881 11.808205856 -29.389998574 0.946058075 0.100442542 0.193085264 0.240007282 8.269240787 3.868109652 3.488902056 3.082950925 0.940136801 6.208253296 3.797735626 6.088747436 6.189371960 4.074157967 6.880058516 4.113288615 1.950635348 5.108541607 8.941669529 1.839658496 9.315639707 0.626960998 0.537099770 3.664466337
0.423893820 22.431547968 -27.451550525 0.806191442 0.541837550 0.032548850 -0.235389043 2.937726758 4.648984111 0.561711848 3.214301820 6.681101275 -0.404491919 8.921653506 5.133840704 5.373580919 -1.791032416 2.692556842 4.977830029 -0.508084280 4.968350170 6.280110609 4.775760033 1.539813899 2.806792651 -1.090599125 6.911227766
-10.990404847 19.937338368 -30.335985871 0.718088380 0.617035446 0.087215186 -0.309854559 4.949390399 1.808490149 -0.399363135 3.622449064 4.251160604 -0.382981774 5.831436050 6.304021833 4.999953138 1.356696172 4.917555118 4.737243988 3.023009918 5.236916169 8.416274366 -1.934975479 0.321607811 6.066887100 4.457890935 5.100984192
-8.413292455 11.618340931 -28.614181501 0.941017664 0.165590863 0.166389237 0.243680206 7.043402980 6.865220630 5.400714382 5.014675845 4.418701007 8.456990604 5.588595951 3.638999817 6.364704536 3.562863256 6.847157253 -0.499883842 4.455313699 5.553023098 3.030483366 2.806293729 5.276500427 3.590836258 2.724600911 3.119186124
-0.322370464 16.667584138 -18.108672708 0.724706149 0.587345324 -0.211695586 0.291567227 3.859932094 1.139260736 5.950716634 4.342725194 8.450372221 7.054779719 4.486806274 7.221613181 7.403478609 5.815948171 8.532179463 4.993669856 4.635651397 7.761245577 5.891752509 3.312415637 8.552009913 7.799555242 6.384653641 2.595021124
-2.977309069 7.245964664 -27.424464895 0.810700622 0.582113275 0.050883750 -0.036324660 8.093849348 7.818739114 3.476144674 3.926212262 7.774837861 3.538879292 2.107305818 6.071890674 3.040904206 4.585160704 1.297436481 5.820687215 10.750776228 6.114338773 0.818309936 0.892060738 3.787337699 5.258611117 9.099574539 1.786906754
