20.521981211 -11.812340528 -21.913719180 0.708233950 0.198666320 -0.555997233 0.387044498 0.520679132 5.602423500 1.665031894 3.756159729 7.285289021 7.996683339 4.215137747 2.036190424 10.775938716 -0.521904742 2.329375991 4.290987327 1.944520245 8.272156316 8.277061294 2.593340619 4.361047849 1.058841284 5.791260161 7.316321058
17.679710706 -0.285710024 -25.830355892 0.820690395 0.292600935 -0.483546819 0.083871580 3.563847163 6.027869627 3.634042259 5.861129569 3.384014662 1.533350010 3.277068868 13.398108642 3.779927391 2.726477293 0.774146303 4.869888468 5.011641904 14.162783580 9.789819924 3.924935647 1.309064037 8.231786104 7.973130987 3.476488022
19.548067234 -3.336262095 -15.697770192 0.881073028 0.201504545 -0.423555092 0.060887783 5.009831095 2.315374437 2.579085234 2.660571983 5.766605882 2.889096561 -0.888947708 3.304755300 2.002251939 -3.741663397 10.029445738 5.382300013 0.055636440 2.088424742 0.106398974 0.113217877 3.063323434 1.837479123 6.083129187 4.607700794
23.792142110 -3.685077888 -26.865946250 0.723140834 0.413793991 -0.492546928 0.251474434 0.131601505 5.247590787 0.859640303 7.666220635 2.579622776 0.624274600 6.774630271 0.712663362 2.746161916 7.010429358 3.807729608 7.830551615 2.905458136 4.309919556 5.397864116 0.488886631 0.514238173 3.033177038 2.989350149 4.965364917
23.520571391 -5.873561018 -12.415699901 0.854645280 0.029386235 -0.435034026 0.281892340 6.150686793 0.260491977 2.939316088 4.667989441 4.413228224 3.335006332 8.076984601 6.881037374 1.026039015 2.718767575 2.869799010 4.949030106 5.869239878 5.791964574 5.104976921 3.293638932 2.669083824 4.149424849 3.698961563 0.209592711
19.856236573 -8.352259608 -28.183955807 0.986553367 0.070709838 -0.145588454 0.022728273 7.628906842 -1.842852560 -0.112730990 7.831053915 0.548497289 2.153105076 -1.113580550 1.731461910 7.489391296 6.885380804 0.498000977 6.397729356 4.840880930 4.905622876 2.512541210 2.748602888 1.687084788 9.559125548 3.309535292 1.659371359
24.419482115 -8.570283466 -23.037459465 0.742489795 0.225687301 -0.524431971 0.350350188 4.306605771 5.287022132 4.721695260 5.249963772 9.038409750 4.004902056 -0.592197006 -0.197351076 1.894011376 2.986854510 2.827607190 5.688263627 8.170882220 4.551487128 0.943059780 2.184958795 4.781835590 9.382082829 0.258658472 4.339473624
20.824212386 -13.830733929 -24.064313563 0.969823283 0.061600527 -0.165196629 0.168399077 7.626465610 -3.217363104 4.510721623 1.473899981 2.816408131 4.510183259 1.460447721 7.350487771 4.226850963 3.206359162 6.133240718 1.465165073 6.308043595 0.119807563 3.703727720 7.470820619 7.145132793 0.529471693 1.138961899 2.603227461
19.764361918 -2.666812889 -16.667069515 0.792153011 0.323367377 -0.360027048 0.371897394 1.928933239 2.614102260 4.487487311 5.158257962 7.877301750 2.321177713 2.827219338 4.145515437 5.626262252 1.744988733 2.064180607 8.582958166 9.711407798 3.280728206 4.370947710 7.021724049 3.892880364 1.819887481 5.060711423 4.017975345
28.001480576 -6.305925336 -19.812004474 0.837422156 -0.253981628 -0.382168633 -0.296925246 4.972675992 4.317116646 3.000436737 1.691971712 3.626335038 -1.284982374 4.222488244 7.765844425 1.009446061 12.017836170 6.254208375 3.515265866 5.852731226 8.133398888 2.262193981 0.681059042 7.506185264 0.083805272 -0.080805326 7.323554936
24.521230724 -13.028236961 -19.722333085 0.879927294 -0.206626984 -0.397535695 -0.158109510 -0.078069967 3.173441263 2.178383739 2.704886128 3.198548019 3.320260555 -1.666022097 2.514925628 6.128956008 5.883971262 5.818717870 2.038266102 0.569668644 2.158814968 7.392508866 2.453059391 6.425573001 3.857564404 3.986133064 10.182092131
29.397781436 -8.569485425 -19.142020087 0.947623206 0.062352606 -0.309225469 0.050020205 4.579367299 4.199951432 7.303409679 0.946696838 3.142642672 1.782611119 7.585392533 4.289641084 5.261468708 4.137880553 3.944964177 5.630130395 5.714848595 1.396753429 1.066342342 3.372782213 4.388960693 5.143296307 4.045893734 -0.785056719
28.170035096 -0.949969372 -17.754190443 0.764079349 0.298394446 -0.553979576 -0.142302956 1.933454605 0.090145273 2.813021577 4.765527006 -3.798918209 4.840961908 10.605928058 3.378762176 2.256440976 8.026058499 -4.600891193 0.709278941 0.581177731 0.536237606 6.341087110 7.107234180 8.457820217 3.905355334 2.617286748 8.033175815
17.884647551 -8.890201273 -12.742118364 0.746459192 -0.055631670 -0.467324172 0.470437999 5.815694271 2.011465888 2.568733045 2.355364872 0.600139043 5.707851737 2.799316840 1.016649737 0.633610635 7.678779250 5.950228428 4.878978803 1.322516657 5.608667726 3.995680466 8.275438910 7.310065954 4.988384071 5.978180107 3.798452234
24.198159659 -5.840815317 -16.552893301 0.786715487 0.222136505 -0.563650456 -0.118457921 6.616771843 6.634240281 2.296621669 0.903901598 3.297350890 7.106842382 4.736093896 9.148043006 7.795418509 4.261635661 2.380337385 5.076058782 3.084371621 3.213028373 8.278701725 5.909669373 9.500459491 6.667273039 2.221309086 2.669459740
27.551780266 -6.581681626 -16.298811880 0.809697885 0.020163052 -0.309922562 -0.497926492 3.219546721 2.236811005 3.188909033 4.356412769 4.916081785 6.723718895 1.765381729 3.886812652 2.514973394 4.773451775 0.645430761 0.980652056 3.715823871 -0.235148253 3.615654861 3.052213893 4.440590340 2.447530492 3.126959324 -1.587144864
23.412912448 -3.899720770 -13.201898048 0.874549995 0.177739940 -0.377836717 0.246597314 5.287727360 8.195025103 0.493528966 5.940028910 0.918313504 1.438266999 7.825601082 5.242280782 6.460856627 4.238772256 5.873216928 7.235892123 7.886407580 5.410553766 0.218447395 4.845889580 -0.490865886 5.404987894 3.781225456 5.756923642
16.895260186 -5.092177388 -22.278584442 0.901466695 -0.393149572 0.002266016 -0.181069260 6.780562618 8.338320708 -1.047024939 0.891825258 -1.169799468 6.709729738 3.278368990 11.144676155 4.569256096 6.531892068 5.813029147 2.497324469 2.626797169 7.847994298 7.697051576 -2.572589910 7.848376864 5.810910032 0.869333207 5.763416884
19.383523321 -3.849900175 -16.632003601 0.949836508 0.087280462 -0.294949253 0.056547927 5.081100479 -2.149371901 5.793774054 3.649190940 3.732247188 4.577364978 0.925389030 3.951876435 7.292868566 -1.404784297 0.146955842 1.962091954 9.868408799 11.434120558 5.024454225 -3.289855514 8.852313421 1.372095468 5.377755538 5.170651654
19.703383474 -11.127164840 -20.440577724 0.862337592 -0.117019228 -0.483581706 -0.093963356 5.159316610 1.589150020 9.704930197 4.497101204 4.466222792 2.818394024 7.595119663 7.414477940 0.751165478 3.528577375 3.476720687 2.918231775 3.683383977 4.457697966 3.277265139 -5.813170432 2.304062218 3.187983058 1.591455220 2.609626037
21.639173826 -1.816169958 -25.726778483 0.918472226 -0.211996159 -0.250565289 -0.220643230 4.160082720 2.111739633 6.592754192 1.366278276 1.931678550 5.959918660 0.982139499 8.717658210 6.428989864 10.375846203 4.248341001 -4.055101435 1.418164851 4.838327115 -2.198797005 5.019272139 0.551600821 5.249902397 4.244082517 4.389379678
19.375424484 0.689414454 -24.665790351 0.894549776 0.273487006 -0.347885401 -0.062938879 4.952585460 -0.149325894 2.921931997 6.092282527 6.784568342 4.655733819 4.216270838 1.747381289 4.631449933 2.196265093 2.577176065 3.063765066 7.214167409 3.421381584 5.777827645 -0.644385299 3.331925304 6.158993993 1.589823006 2.016740877
20.470982676 -1.326082512 -26.032885915 0.807925332 0.069077253 -0.579185606 0.083839277 5.460945542 3.190435289 8.458505516 8.731338874 3.164318179 0.463827365 2.894263532 -1.537897879 5.281193161 3.398575300 1.090865995 1.587464089 3.666635657 3.708431900 3.720127738 5.964500335 6.547759578 11.150981546 8.770738108 1.964097441
24.964574025 -9.213829237 -23.900023205 0.707781834 0.150568002 -0.625861447 0.290983851 3.004029342 4.567841995 3.949835604 3.937983137 -0.330197697 3.382320610 4.617961724 0.617588606 7.944397335 4.459550788 2.290175849 4.893319170 11.498079633 -1.875629598 6.249077005 4.112762002 1.825807379 1.570252900 3.061146208 2.933465841
25.752364122 -11.424771975 -24.407355384 0.945568312 0.114862069 -0.227297980 0.202590477 2.691886011 6.947064258 3.322798920 5.164606699 2.375064860 -0.763035683 6.946767313 4.708556981 -1.424285419 8.150814128 2.339078291 10.986828277 3.559478979 4.389769279 6.473543253 8.242371461 -2.396459098 -0.909295828 2.255652330 4.278452626
24.755044795 -4.893857329 -18.228453634 0.810071046 0.120549948 -0.462720427 0.339326416 11.287353688 4.944036591 2.917465846 0.631801176 5.804040357 3.878180026 6.118859760 6.933399436 4.548951720 3.465030868 5.399316530 4.844564492 6.690774521 8.143664067 3.475276647 2.499928193 5.620702059 3.728834343 -0.918230132 6.384538411
20.854835174 -10.738720263 -12.969648683 0.834142572 -0.210696948 -0.509057583 0.025948855 0.203752226 2.076577116 2.903208938 -0.521689391 5.307655780 3.229660350 7.291794421 5.833568288 2.418244808 6.476473220 4.728754901 4.984305510 0.840307691 2.724571183 3.490708996 -1.818529078 7.025117525 5.209198092 11.102994851 0.545994019
22.365737358 -8.999501432 -25.169579666 0.736691401 -0.250468146 -0.460819974 -0.426844748 1.478688094 4.184077964 5.380738645 -1.859759777 0.961831074 7.548151548 5.129545402 1.121203234 -0.291207074 -1.069331835 4.562468345 2.337803516 4.336791034 6.181628624 8.273876885 2.281029512 6.382802326 6.483075023 3.153651916 8.440715832
19.078782319 -6.881022822 -18.592828810 0.764061972 0.310223163 -0.411199925 0.388439846 7.681556025 1.387926983 1.424239671 6.097814594 10.892861080 9.179879712 3.719264319 10.381248195 3.389305627 -5.704653557 5.074581759 2.954607062 1.322158868 9.570437145 -2.567292629 1.026531611 4.863722457 3.643959385 8.670705599 7.443249055
22.843647568 -8.630621748 -17.909994631 0.764846965 -0.111569728 -0.310364413 -0.553385261 1.744426911 1.520236497 1.101612923 6.335805737 1.921994193 4.074345810 3.726847566 -2.278456928 4.429676009 -0.823500748 3.155308134 5.586098344 6.944267971 1.332725400 1.646820036 4.283480194 3.611046121 8.034196397 0.883438449 5.646877040
13.390919553 -8.094991543 -16.823030516 0.977145539 -0.160361329 0.117515581 -0.075239144 3.322598010 1.429860071 0.451896529 3.857987491 7.329858739 2.814549532 3.494283480 0.962070964 2.343980145 6.008566096 6.546216577 1.101214918 8.182814151 3.725898448 -1.331587764 1.354829399 2.178613013 3.333017136 6.052576973 5.735612335
12.722769807 -4.493441163 -16.452573564 0.918937918 0.311191733 -0.209490687 -0.121763956 4.754001792 9.606586695 4.971880170 0.657996328 1.096000632 6.028248441 2.515146478 3.185539456 4.550058489 5.396050702 1.891830871 5.360924315 5.107410651 3.166316713 6.194165184 5.040879148 3.532590117 2.518187198 2.617564531 2.819513295
24.616218603 -2.564819152 -21.772174956 0.826646963 0.069345003 -0.485220845 0.276417800 2.395445803 1.386306837 6.563134709 6.369226898 2.362389571 5.210370751 0.454262656 -5.252582259 5.435582441 5.921617158 2.181835355 1.234709290 2.577871742 -0.205394872 -2.884499492 4.354704504 6.100268733 6.179480005 7.829058992 3.110147635
25.187079537 3.032543538 -20.868210365 0.954388440 0.053531437 -0.219760037 -0.194891295 6.134919893 1.359969463 1.738609966 1.853402385 6.962589021 1.621254634 8.272809165 4.478368599 2.395729199 1.924974525 0.018249509 4.378462959 2.791162022 4.876600393 -0.177555215 2.638816987 10.916973689 5.959645473 1.947742610 4.052871021
20.838709744 3.499039138 -20.803533594 0.925563589 0.249857641 -0.133236504 0.251299097 3.211425931 5.871688862 6.130149133 5.009541584 2.880558911 2.753098613 2.931205890 10.307732314 10.720877048 7.133180461 5.522080283 0.535246631 0.741487625 8.072258397 8.102449494 7.751721695 -2.375652517 3.306342354 1.210233615 3.522891609
20.617187641 -4.907740103 -28.447685941 0.903011968 -0.185409086 -0.227318614 -0.313877530 3.355717325 8.531450702 3.053171349 2.467907985 -1.793864865 6.199809431 0.081434615 -1.045843618 3.128648586 5.037728612 7.387330862 0.197183549 7.752027784 -0.166187776 -0.107543086 10.952411829 1.447874779 4.005812780 4.685857172 2.607415117
27.811934072 -0.452549940 -18.785820515 0.871508970 0.169073815 -0.457214003 -0.053305870 4.416833167 5.924404227 9.293077247 9.603536028 9.956070786 3.783493946 0.877772418 5.237910665 -0.051132795 4.594139096 3.392291603 3.285297296 2.054983926 8.713592979 7.485103470 1.199182102 3.378982866 -1.695536329 4.551382995 0.592140330
19.362649849 2.127263637 -25.045045452 0.925802940 -0.024920935 -0.267472639 -0.265944076 3.497678678 7.717922510 2.777132554 -1.053343793 -0.650745361 1.950754066 10.902255359 1.247228252 2.189913136 3.564511697 0.549471071 7.568390184 7.971792151 -1.139837818 -0.269866031 4.245387268 5.008632740 2.852845659 8.666790117 -1.032331168
28.478593766 -6.600093154 -18.347007258 0.828482281 0.042357925 -0.548732638 0.103515256 3.911813736 3.532246159 3.787797809 3.431512925 1.241515534 4.813641624 1.674764656 2.084563844 5.661954579 8.396249892 3.916553513 7.766110036 5.171745709 8.638499236 5.784963475 1.735287817 4.549556637 4.108029481 2.571973622 4.522487272
24.804354562 -12.456177095 -14.788424501 0.745782733 0.008510525 -0.659931130 0.090700544 4.921986310 5.637114068 5.167719912 3.929233163 0.462161933 3.993913980 8.645483314 3.369238617 0.730126503 4.259084102 6.857700588 4.480242684 4.155797069 3.026467005 4.923531829 8.006508203 10.843908346 2.715809090 7.818343348 5.202594041
14.369390304 -5.920799105 -23.876699787 0.858207949 0.212345570 -0.455069175 -0.106303910 5.182421009 6.116801009 4.265257169 5.615898038 5.887945563 3.803236794 3.845065626 5.977140438 0.264872314 1.566825031 3.164510139 4.054455890 5.570155884 9.031423560 0.154987892 8.442458796 0.329255381 4.186065254 3.086011678 7.672445661
18.386341323 -8.127853542 -16.772665019 0.873537893 -0.326040622 -0.354192054 -0.071951726 6.252215096 5.240458841 0.030637244 2.628373152 5.567724741 7.400331683 4.464237868 5.822909836 7.233222910 0.680822765 2.584595586 6.594635215 3.328282476 7.962854684 7.937458174 4.605096681 5.874706818 1.942413450 2.478376468 6.154140581
24.528478491 -4.434654462 -13.938763166 0.741704038 0.162406131 -0.455822022 0.464462757 3.969936816 3.100954345 6.005562103 5.926416012 6.731279363 3.175432825 2.532585469 3.941814459 2.424745329 2.316753832 0.002190809 5.288410399 4.676186460 6.682144424 -0.477732064 5.485761668 3.632829431 2.013696390 1.239441909 1.786582895
13.727475998 -7.813141625 -13.663414195 0.898578406 0.174974587 -0.322351533 -0.240894650 8.285867198 5.278528345 1.368371289 2.164108297 6.342514103 6.413501928 3.973735551 7.044542958 3.775022466 0.171575942 4.654184723 6.411724871 6.842609004 5.743545348 2.956360233 1.974427228 6.304948311 6.893572244 5.991132100 9.562639196
25.844612920 -13.775986615 -18.726472566 0.754856833 0.022219952 -0.507721785 0.414627574 3.311965264 7.731177779 2.566966405 2.710587577 2.505894226 -2.494264856 0.801189681 5.649803877 6.788877347 3.627784075 -3.497138525 2.825415588 4.776500455 6.246792846 3.020456950 1.602447687 6.318645829 5.376402754 3.482478867 4.559876734
29.008797928 -1.261995691 -18.097121720 0.843793651 0.116634883 -0.514802081 -0.096888576 7.943700778 0.777360506 -2.183053209 4.672661430 -3.534543858 5.362144947 -0.285273488 6.193746438 0.728480540 -0.372228192 3.552133794 6.526565835 0.098448264 7.869932449 0.565477494 -0.497050873 9.015896649 3.296175475 1.046527815 6.461370859
25.215682297 -6.196740372 -14.936901704 0.826868127 -0.223685295 -0.308887669 -0.413330857 1.013920838 2.028615600 8.710674435 6.888602530 6.578509685 6.331346004 0.306582730 3.352513483 1.316388609 5.631298232 1.747243617 6.508735790 8.131637168 4.563050916 2.550526398 4.662269690 3.952435006 0.109331871 5.015798933 8.896293326
22.717181520 -5.665088960 -28.222402297 0.948641638 0.025175216 -0.311441694 -0.049490625 4.171301106 8.308269926 6.364654106 2.406398882 -2.002069097 11.444097080 1.320522248 4.461769985 3.558501303 2.350458605 -1.798825049 3.056315241 3.670914167 5.991674616 9.153171601 7.126328765 3.219707267 -0.480364537 3.325863122 1.512038336
25.852857020 -2.925062381 -13.233138791 0.803861647 0.181950542 -0.396132289 0.404697000 3.247650177 0.880421116 3.848325145 9.835003961 5.897599325 6.758748213 3.358942665 8.112323647 3.772601128 5.764404019 2.392654887 5.258645219 3.189121435 6.948679401 1.340596975 6.082586700 5.172605316 -0.625695041 2.322023785 6.406036422
21.397239302 0.830140145 -19.637727113 0.845310373 0.048800426 -0.521156274 -0.107074881 6.737544262 3.039735143 8.345913155 3.478784435 1.866242702 1.382735823 0.972418117 2.503598548 -1.786222757 8.879611925 1.228073797 10.910358573 5.188736039 5.839275889 0.972062681 4.925684546 6.878006498 3.184119508 -3.345533896 -0.630316689
21.595878957 -5.872959293 -26.713360134 0.997908781 0.035502635 0.038059880 0.038328497 3.936995560 8.935910216 2.082772123 6.534762037 5.864714766 5.732189391 8.790154143 4.637300471 2.066575468 0.769427712 1.235649600 8.011879173 5.242879833 1.742495680 2.392115872 -0.380002819 5.451033063 6.835261294 2.901045227 -1.165517690
20.617360737 -11.971274001 -19.442507304 0.768556749 -0.179492272 -0.594650886 -0.153275477 4.056740020 5.083739307 6.020227053 5.435201565 2.089878101 4.635052865 3.183593744 -0.891183649 4.331343318 8.381342968 7.797927926 1.209593632 0.986207874 3.074446994 7.721465208 0.527602029 6.898885286 4.617723042 10.481117790 5.517939042
23.667261316 1.990580240 -15.765341281 0.892472495 0.206818501 -0.349140978 0.197026727 5.934825820 4.302049313 5.371856517 3.881458822 2.697372850 3.030257855 2.725548619 3.901209313 -0.571338979 8.881248453 7.501234089 8.078176824 6.005221296 7.632054794 3.838305615 5.873834866 4.562051029 5.709390260 5.745011716 6.953478700
15.965247435 -11.048706603 -21.076786462 0.757885535 0.043604909 -0.640106774 -0.118200869 5.985566120 1.788011908 4.541198735 2.870125348 1.454932396 6.114006685 3.546208205 2.623771428 3.001496370 2.849416493 -2.948646340 2.063572356 2.153668812 7.492181821 3.002919317 0.367150922 6.206845593 3.657896051 5.465913839 2.395387933
20.379821078 -12.139852155 -25.952791046 0.748270376 -0.584916793 -0.041154821 -0.310274187 3.974354492 6.331256544 2.177334008 1.279289043 -1.087106999 3.572716460 1.714490661 1.284329931 5.399971824 6.016837957 1.167488853 4.044728928 5.058067535 4.729714589 8.257984212 2.919329979 0.156773340 3.927062240 1.773172010 6.362542572
26.635964520 1.101876693 -16.745868734 0.794267493 0.326495476 -0.448291156 0.248142889 3.982362690 2.916029057 4.769503182 5.282054784 6.185887383 4.353091270 0.427368410 1.615665512 3.160658301 -0.031188516 2.988802002 7.244771914 5.942395228 6.204825292 4.054701975 6.702714705 3.127560705 6.219986812 3.661394572 8.139421628
17.014931313 2.358408831 -15.331894646 0.786720760 0.484897160 -0.321669858 -0.206091467 5.644477700 1.855389769 6.603999583 0.066787575 1.299728575 6.867448422 1.505264276 4.443100283 -0.715649187 3.349027837 6.878807383 7.754143342 1.160133838 -0.900800255 3.049919724 -0.067405411 4.449213999 7.440590931 4.233931889 4.549496852
14.698737154 -3.615300809 -23.687999405 0.903319767 0.335131986 -0.246888919 0.103662010 1.620379782 6.060567794 4.518555771 4.479824792 1.430779906 3.053998689 5.912898357 3.792791153 1.903008840 -0.951691017 7.595481425 3.894913119 6.817880878 9.495596528 -1.622841264 9.622309048 4.711265787 9.229151840 8.661560699 -0.040643070
21.841208832 -11.594017158 -14.930697525 0.780837144 0.068170829 -0.336735249 -0.521781050 8.288914409 5.049801638 4.583582790 9.438070807 5.915872016 11.583755237 2.245886795 -0.986392749 4.011191021 5.045548288 8.832737944 5.539014469 3.227375319 9.076105588 0.721206743 1.864962457 6.826701071 4.579263827 2.257716975 6.889436307
24.457555747 -5.176536558 -19.152780589 0.998586504 -0.002329291 -0.051737022 -0.011951943 2.478331945 5.352455356 6.023214392 -0.208223077 6.707512052 5.513325721 2.168367887 5.408867982 2.978271247 4.649437947 -0.478467809 2.606709896 2.823810906 5.088639281 0.450911427 5.280255005 3.213388794 -0.715852395 6.915282142 5.834411640
19.678000933 2.766166692 -19.426190833 0.884744413 0.178170753 -0.279994128 0.327239661 -2.132607145 5.505233478 3.421819905 1.197773036 6.509102253 6.467703289 1.790497678 3.992220425 4.374865496 7.633400478 3.454940706 7.540601025 3.739125278 4.077585739 -0.745969681 9.616657095 5.887664407 4.789154600 3.510603649 6.569584200
14.155119913 -4.235369720 -21.393168767 0.825547405 0.313969320 -0.412460676 0.223094014 8.957939886 2.919439058 1.480347328 -1.267509550 4.417963041 1.674728231 6.824374779 9.299172740 2.087333783 0.693898906 4.644350702 3.607070805 4.988395708 -2.480415365 8.213648475 5.823514284 1.268987489 1.439412193 7.820220543 4.739925891
20.561569830 -12.310626027 -26.783355225 0.959134737 0.139341001 -0.178517769 0.169635044 -1.452775843 -0.060064412 4.165280906 -0.791587789 9.477735471 3.875269085 3.632481240 8.666744465 4.357392238 2.183795509 4.304313277 1.686773555 4.587557335 2.375730688 4.938968391 5.269050275 6.209072043 5.454654610 4.770891784 4.770819753
14.179314970 -4.498557038 -18.536849044 0.968554408 -0.236173502 0.049487720 -0.060625093 0.643622037 0.686850595 9.555992609 3.903713648 1.571837288 5.733928400 4.034144060 3.416152825 7.852074977 1.338096109 3.152498942 6.119276225 3.613390074 4.200438695 8.080857774 2.821404892 6.333750073 1.291257749 6.819961450 6.238500323
19.645974628 -5.092254911 -11.623963118 0.889510959 0.124062993 -0.432773773 0.078009545 8.593251813 -1.066693033 1.507222421 11.030103492 7.107350598 1.226389812 6.294048934 7.461776988 7.155827599 7.198734840 1.544812633 5.398021373 6.336702181 4.485706704 2.531473056 -0.260017109 -2.684100303 6.186615030 6.994699336 4.926087264
25.887214647 -10.714189418 -17.065425302 0.935020061 -0.108655615 -0.282801836 -0.184267643 6.031531824 2.422972472 5.606262187 5.456790235 6.082087428 6.134875664 4.946875508 6.719534087 -2.055403570 6.592664956 5.440916476 6.794625439 1.571837053 4.568311275 8.906515901 -1.284531904 0.227704207 3.431125124 2.827104926 5.700960479
17.818752999 -11.740657238 -16.030268187 0.834175798 -0.116041038 -0.436274901 0.316779776 4.755330434 3.780605154 6.358965917 5.144159305 5.975692737 2.000998216 3.883855344 8.881605987 4.590700826 7.988372886 6.458507011 2.095390208 -0.446302832 2.325428465 4.846094525 5.682408931 0.643521614 3.487867550 4.586731362 4.990021717
17.661822089 2.698276782 -23.634900690 0.803320178 0.318191182 -0.455707353 -0.213920246 4.658741668 4.633145205 3.588750158 4.237437194 -5.504588277 1.635009364 2.226246923 4.230101512 9.331028745 -2.809281954 5.620215577 8.607479022 5.221961417 5.832138145 1.945315494 5.738623248 7.224905727 0.015129543 4.744644488 2.170284795
16.468817336 -1.981301499 -18.631444557 0.835425518 0.486881792 -0.139436181 0.213466333 4.558620129 10.092256691 6.736563285 2.518984150 4.556109515 8.391995475 5.040440644 5.493639658 2.376697269 3.477684215 8.014789512 -0.053362102 4.813968211 3.817726314 0.952498902 2.652943249 5.675868358 8.908241047 7.793155999 5.109986884
17.532125032 -4.755130161 -28.177708650 0.900429710 0.386756922 -0.107909784 0.167334691 6.908936679 -0.449888257 6.649911702 4.905843764 8.121119985 -0.014589785 3.295172723 10.676724383 1.883120633 1.338844493 -0.572837226 1.251834496 1.051421972 10.084991053 0.990482904 1.974733809 4.627838417 8.428446389 5.788689786 -0.947724936
15.724847286 0.690336793 -25.356687295 0.943612944 -0.074537413 -0.209986528 -0.244835546 3.593559415 4.391638168 -0.402845594 10.098640978 10.771204935 4.637882525 4.451181859 -1.197081542 1.477219004 4.562252364 6.892816966 5.102777234 2.698882326 7.062542882 6.540422046 4.680174894 -0.949591740 6.708830406 3.681456111 3.535626526
28.600655402 -10.631033990 -21.028343155 0.745366238 0.146268394 -0.455780307 0.464003276 5.370416945 5.320122181 -2.276182475 3.894661800 3.538048281 -3.633449066 2.825164101 3.340215982 11.914487400 1.992402606 3.864182612 6.596227398 2.819204057 5.288070937 6.160255754 3.492002427 10.448369090 5.557708794 3.453992122 2.018416987
16.822376268 -10.866477935 -24.890349251 0.912540531 -0.181756361 -0.366210144 0.011159510 3.476674023 6.033014861 -0.340489983 4.132163930 8.119954550 -1.145086449 0.997380018 6.692216718 6.634197662 2.757155251 4.038396371 -1.795808067 1.845199166 6.158122448 4.100955210 6.617767632 0.812132381 3.801550143 -0.187013295 7.740230245
16.330173028 -5.778629643 -27.525707359 0.908082097 -0.096079115 -0.329303263 -0.240239609 5.070295611 8.541576092 5.519523945 5.600784434 5.863174720 -1.611424986 6.035743550 7.636013314 7.509068708 6.936839852 5.605007045 8.404118095 0.514602881 4.389069217 3.022175866 4.153655893 1.080843787 6.101734827 4.832289635 3.710558710
20.122136639 -12.016330165 -21.321234735 0.996538097 -0.046771927 0.031321872 -0.061181281 2.593967686 5.870621186 2.860039677 3.415605940 3.495936764 4.866806861 3.850898566 8.481111494 3.484651530 -0.546037275 5.333589314 6.268654547 3.759372046 5.392177492 3.816149694 8.292563929 -2.866499389 -1.469972684 -1.925393010 1.465153535
25.166683686 -6.169602391 -19.058700249 0.860010432 0.096255219 -0.493555699 0.086716554 2.573799769 6.664686546 7.851554125 3.162707772 6.941730829 8.155940993 1.562323717 -3.435388894 -2.421494291 7.515029176 4.108652929 3.332033598 2.690242523 2.782944834 0.396359770 4.951152017 4.235915399 5.550163771 3.257476211 -0.125662800
29.624811953 -6.625967663 -18.156059168 0.857361522 0.068388817 -0.376247250 -0.344517340 0.320137550 6.795634361 6.791480748 6.490350036 0.875599494 2.465099137 7.760204175 5.658267988 -3.416606741 3.919060865 4.584414646 0.828781850 8.092877378 5.322636765 8.408898994 5.945027384 4.096258215 9.156776389 6.824782532 3.168779711
19.341785748 -2.234383967 -12.077298940 0.929987617 0.156726773 -0.300836167 0.141623978 7.688169285 -0.416151109 -0.293672101 5.086449391 3.230499958 4.453318370 4.308116738 5.388447678 6.849664195 8.898138216 5.993155487 1.814512154 3.570704699 4.754823134 4.590394539 4.374580778 5.221225067 6.310418418 2.327095420 -0.056938166
22.258926404 -9.920569986 -12.336941042 0.864850638 -0.012366788 -0.419188344 0.275973856 1.982534014 -0.995625923 5.931493938 1.904140298 4.006802118 7.957825073 6.699696653 3.359731224 4.374546635 4.858321694 6.022254635 1.039550944 3.938262007 5.451263199 4.889916820 0.312720700 8.897373068 2.374598087 1.911625649 4.122352619
29.831589915 -9.055173675 -18.129761790 0.744086843 -0.008378440 -0.545897372 0.385046271 1.639647483 6.204908914 6.303429254 6.298301708 -0.504936307 0.166864711 -2.216297257 4.268737579 12.163301821 2.277287034 1.185127734 5.326190072 5.642495383 1.552467670 6.584113513 0.731564274 5.711022593 7.883167213 5.649384119 7.351959827
23.964449514 -13.927913433 -21.955277000 0.854626626 -0.159596714 -0.310113553 -0.384671033 1.812115525 8.848631765 2.439757311 3.143271905 3.609735269 6.769228585 7.545591449 4.789305291 3.999871431 2.543650441 2.175910200 3.857062068 1.579720692 2.964320578 6.160166572 5.139498256 0.620125500 2.174250487 3.741389055 0.123412336
17.643274236 -0.714820481 -18.955558208 0.919611758 0.088303382 -0.262785655 -0.278317135 1.722832027 -3.641479720 7.066156003 2.221376868 -2.155881019 5.090721783 1.942129819 4.674103874 4.888953531 5.752315210 2.473067560 -2.243243239 1.741309469 4.895855942 5.344106891 2.893685250 2.074565075 1.378549936 6.194473469 9.100547160
15.005784928 0.405057439 -23.378300459 0.963397370 0.139082396 -0.196313425 -0.118248185 3.913143949 3.161074220 6.631602635 7.918594079 7.345187343 5.167246280 -0.807131371 2.900243446 4.010950711 5.819457160 2.425639810 2.938829613 5.983082689 5.529334077 9.671387021 5.915322425 5.257748010 3.283923231 8.537595360 8.988946808
15.099792665 1.680050068 -23.114872457 0.866062931 0.295412034 -0.165815527 0.367657368 2.363670545 9.861049182 3.391271487 7.329025724 9.040505231 2.760683005 5.359080482 3.753341797 1.456635480 1.665101347 8.047238637 11.208579853 -2.092025729 9.768611159 5.507034255 4.222917126 8.354879635 4.659540538 4.100937536 -0.872501462
22.945229550 -12.025859304 -16.830192054 0.739194989 -0.179414190 -0.305105818 -0.572984953 0.207267848 2.475981032 4.742836276 -1.343268008 4.144826291 5.687897860 3.143101600 1.748707875 3.607092726 3.623097520 3.235711218 8.216418772 5.685741027 6.371954061 3.643649965 1.924713956 5.774820344 5.045537226 1.800620988 1.745844603
15.856407378 -7.820286349 -28.132430023 0.843456144 0.046528192 -0.506525518 -0.172767936 2.524311635 0.992126182 5.971115083 6.382077109 4.996098723 1.252537710 3.520505007 7.121994967 4.147359004 2.596694708 3.859551915 3.860381977 3.711560569 6.350365848 3.297886357 3.972640198 -3.346848549 2.952521860 -0.031335957 2.565548997
13.549098618 -8.386843621 -19.020496686 0.774035146 -0.286063038 -0.554090228 -0.109642832 0.306053083 9.471311147 -1.114228344 5.630331351 8.076695663 0.034515263 -3.951898970 6.299952781 5.233211889 -0.333669617 4.019343635 2.023010051 3.841669122 -2.428824382 1.677931179 5.209637797 3.810644315 3.535271511 5.753920528 -1.503217147
25.319491557 -2.576384701 -16.268571417 0.745442584 0.242509254 -0.606551844 0.132663016 1.240389574 2.689158760 0.229004641 4.515369497 4.825487061 5.606802630 2.859083846 -0.208722912 6.422826171 0.294468758 0.347643886 0.904962137 11.247756077 1.284018668 2.086065493 2.804820205 3.711068145 -0.790045506 5.890941754 4.472640165
16.813299313 -3.742125118 -20.834280290 0.983387210 0.122618943 -0.050334697 0.124018577 -3.265524944 5.381605213 4.505525179 1.457696086 1.176699525 3.369841683 3.429533355 5.534671185 4.577327941 1.291367649 6.220681424 2.878535519 2.347575138 5.716303938 2.620756918 4.846126449 4.700573328 7.177787700 3.858766354 3.577247666
15.401447977 -10.721415150 -16.495380491 0.854933478 -0.020453136 -0.417824094 0.306746545 5.805388564 3.573477763 0.447793470 3.457377583 9.690221000 5.538209265 6.492855642 2.927310062 2.380668553 5.841788108 7.506687583 5.059066790 0.114757930 1.924297746 3.394760265 3.297301198 5.849858849 9.261805366 3.815092778 5.455821545
15.200955625 2.632363825 -21.499492650 0.738577089 0.239570824 -0.616925136 -0.128503228 5.338908444 0.733747069 0.566636656 4.770735560 0.896523583 -0.241014434 1.338533597 3.304822092 10.473374875 -1.599138554 -0.504147528 1.602481228 7.016466235 8.255157664 -0.772795297 -1.287426808 5.784615610 6.422783547 3.424185224 1.664951703
17.645364215 -6.656461935 -19.122130676 0.987288830 0.021411077 -0.156565511 -0.017016814 1.398819616 3.506727138 4.144286982 0.865596244 5.327789364 11.482827838 3.042772224 -1.618675684 5.480099615 7.403736183 3.520870811 7.097911637 3.123231163 5.509760194 8.390785118 3.843669796 3.662271263 5.013628516 12.553888062 5.603812465
23.043259818 -3.600741821 -21.648684396 0.977205541 -0.034706355 -0.194713827 -0.077144833 5.295636579 3.264256923 1.744803523 2.538859715 3.509859247 2.468100581 5.881834847 1.995224561 -0.195540909 2.836735756 5.448378315 1.456401024 6.604845559 2.649757509 4.836764287 6.098287593 12.011183284 0.584761333 11.819082221 5.034798844
22.801228088 -11.403261051 -25.170325876 0.746024931 -0.210945405 -0.612937621 -0.152500201 1.495101787 8.928178353 1.407832118 3.352305886 1.863192268 0.460796965 4.450478259 8.231598701 4.043571595 2.735460962 8.416591855 4.434056977 2.297667659 4.364532083 -3.146310226 5.918838995 5.397623314 3.429464890 2.473339838 7.156405597
17.576607571 -3.791960201 -18.074878153 0.733253839 -0.041912734 -0.481040171 -0.478730075 6.015960337 -2.293052572 6.460138820 2.515360609 8.286691818 6.978198792 7.120025819 4.674070268 4.992633373 4.405326976 -1.448522586 4.632971049 -3.735268990 -1.406712907 6.294492549 4.836698451 3.371704106 2.205082765 3.914847854 2.062242843
18.656368168 0.006022707 -24.469764447 0.982900505 0.077840416 -0.134719820 -0.098478612 8.943226654 4.584361789 4.338320117 4.581074120 5.595471951 2.904661359 3.711876799 4.854485886 7.946600211 6.423747855 0.482017432 4.664140054 4.015586392 7.204332040 2.881242839 5.106229042 1.312674233 5.322958730 5.016211406 4.436329714
15.896085248 -2.400392894 -11.859777514 0.946154996 0.099431299 -0.287089127 0.111731704 3.469886455 3.310243582 -0.386788077 2.170912395 6.676553349 2.529242629 5.387396883 5.302742227 7.789790395 5.245373532 8.311766061 4.649663606 -0.707084835 8.663023101 5.989047438 1.795315566 2.176177011 -3.172026539 3.434983721 -2.276964849
23.985671922 0.094068860 -14.008013762 0.790316607 0.243507237 -0.392464772 0.402585753 4.396676789 5.147940258 5.743558461 8.692751783 1.188906893 7.069224080 2.268900486 4.510778072 13.498611338 5.885913976 8.064462423 2.052681169 2.349995888 10.607250245 1.063468418 4.411101640 6.239706606 7.237846230 0.749936286 5.975425416
17.294918675 1.565416702 -19.352067478 0.921123087 0.303033849 0.078687499 0.231324494 -0.498833499 6.092264564 0.116239530 0.601774276 2.587393577 7.870176657 -0.689660030 4.263379254 1.459751623 1.048037276 7.990395870 4.236664065 4.755621024 4.388204938 4.232959678 5.040384824 0.779697703 -0.098068652 5.380752927 6.770735011
23.781394362 -9.851717353 -20.895367530 0.927382823 0.041920594 -0.368846296 -0.046434615 1.901116965 2.432069312 4.473925070 2.444672219 -0.081168936 0.931134613 5.827378665 4.848812766 1.869558851 5.826232363 5.148755518 -2.496513483 7.486122560 4.197872005 6.397439841 0.166759740 -0.412813344 1.994290097 6.761557431 0.836778901
16.171096094 -1.455545078 -14.298270298 0.896301287 0.205301523 -0.341424900 0.194741688 4.701627500 3.791659549 9.424790792 -1.765053011 5.322064313 3.001002723 2.411774040 6.206820548 0.712762467 6.514651119 2.525554398 6.422839941 4.871856059 3.263502609 3.405744563 7.008038098 8.125501939 5.021186986 5.110761644 5.210948385
13.017328365 -1.343772554 -22.348918599 0.924954050 0.166359222 0.235597017 0.247545267 5.823713827 2.385814156 4.498523557 8.294320871 -0.664935565 8.285398221 1.116430627 1.518671032 2.865265740 3.767767425 1.180149959 4.522529052 5.629161300 1.058086633 -0.711780992 2.775488970 4.422375154 1.602605706 5.231990510 2.436593928
21.870072041 -2.096548608 -14.074933984 0.840101868 0.164068040 -0.434595686 -0.280066276 3.070166374 3.859370458 5.608876369 4.334104307 1.031462142 -0.031857460 6.766412621 1.816870689 -3.261929644 8.370881601 3.801427392 3.073560416 0.774364941 8.638182239 3.910003851 -0.812610716 7.488468709 4.198955254 6.626242889 7.401601639
24.683322732 3.083733010 -17.694387218 0.979279684 0.119043043 -0.114274949 0.117393743 4.632236629 4.841193874 4.558731531 3.994361966 3.346633987 0.803332671 3.402686138 4.836540994 2.883734307 -2.159880310 5.716353800 2.307360991 0.447882776 0.710248321 -2.542264478 -2.096150783 1.040376551 1.010955385 0.953627439 4.190488984
24.056711991 1.911301768 -18.976336637 0.783919362 0.190826154 -0.589425860 -0.040410016 -1.866862581 3.334583432 2.796420160 2.921609772 4.786260903 3.429036239 3.281407362 1.825091106 7.058592186 2.023626941 6.464056583 1.939443379 -0.455946052 8.450170340 4.792986810 3.839301646 5.232856598 0.975174876 7.757636783 9.142135324
14.878416924 -0.397163414 -22.342080329 0.885876440 0.028637609 -0.455684373 -0.082186209 6.028468421 1.466736373 6.716805517 6.257043795 6.047505103 3.519389412 0.774063948 4.338055500 9.313667348 3.452773495 1.053918490 5.663409959 2.068360077 7.667595959 -1.786755367 7.564906207 4.902497543 1.434340816 5.453615686 0.819289855
17.603964185 -0.585300493 -13.325668519 0.924626875 0.208006545 -0.152876652 0.280048477 5.586724957 7.585648404 7.709100929 2.380308944 -0.150326831 2.851719101 9.574446870 -1.160323330 0.339584117 7.101055507 1.038371141 5.443256282 5.785260806 1.809191691 0.939732453 5.369313837 0.940143177 7.050253020 4.850167947 7.363827293
13.636220840 -10.285356288 -20.973991407 0.951358387 -0.179942086 -0.159361960 -0.192722162 2.603888139 4.989314287 -2.192806863 3.167765168 4.748753118 1.820325774 9.428583980 2.115534929 3.196311793 5.071044068 3.391061814 3.664904695 0.114714840 3.768387616 5.981026266 8.383880156 3.225723581 3.117658158 8.242379746 -0.982551597
17.808136957 3.398097327 -19.359517568 0.944592437 0.249008020 -0.148152973 0.154242767 2.892210281 4.570388429 6.380926436 1.589528187 10.050700719 -3.480022983 -1.154909062 2.371952737 6.422220341 -3.498725357 8.929508795 4.407169706 4.521426511 6.034650084 8.434365824 9.945260283 2.360594281 0.398515248 6.809155953 3.537017679
23.392314521 -5.951166013 -28.540555535 0.901457801 -0.022738174 -0.431337878 -0.028362718 7.122952631 -0.886978755 3.920779862 9.243100469 2.440827245 3.996100477 0.760544679 1.827787164 2.290842344 3.045636023 10.226874687 7.859207512 1.785078673 4.664861707 0.730604674 1.837777477 6.363621661 -0.232126651 6.506370011 -0.498342393
21.416120680 -4.558579105 -25.394223881 0.998105780 0.037124625 0.010625316 0.047892756 1.786710989 -3.207299746 9.259805052 8.900165186 2.421563226 4.813630965 7.691377891 2.024876848 3.031667268 4.159771184 8.809752516 10.060630599 7.153503496 -2.468828612 4.730449264 5.154334376 4.695323688 6.664898091 2.424466718 7.051802633
26.432216738 -13.521972904 -19.367065646 0.772763097 -0.419440574 -0.224456947 -0.420149829 4.626598614 7.223613354 7.885043102 7.630684515 11.235679939 4.656438818 7.123544375 -2.623540228 6.339657743 10.271738679 7.339407267 7.798008322 2.628042550 -0.601923707 5.835750065 3.349945207 6.592604530 -2.556144955 4.990240114 6.994873986
17.209245369 -1.304125461 -11.488354248 0.779957091 0.317718452 -0.284809878 0.457826665 5.841997127 7.106685602 4.229933971 3.530478013 1.545777477 6.332172354 2.399150381 -3.418624102 7.650100649 -2.328611052 7.907962820 3.083313754 5.670670985 8.509462869 0.801617258 2.613379702 0.688291798 2.300506035 3.328454161 4.544106907
21.139130045 -4.746680508 -14.021813760 0.912691065 -0.048836175 -0.405527084 -0.012563145 5.210134401 5.928067784 5.650126900 7.019316860 5.325939931 6.426563370 -1.980537742 4.010474520 5.215234802 4.385026144 6.427325572 5.818450941 0.218334874 -2.226921482 7.309598611 6.382285641 4.675186671 7.461194858 1.209815807 3.723422860
20.070560907 -6.878942029 -27.348169798 0.931280852 -0.061252758 -0.239195003 -0.267861577 -0.082491319 1.431343625 0.455643008 3.732560273 -1.426448592 2.841890860 1.679890009 0.913364561 4.637167839 1.577933438 4.146647489 2.447546992 5.662525103 3.577650517 9.138500662 -3.749224490 5.290428789 4.562867687 2.886714052 6.004840652
28.043296753 -7.184636783 -13.907394444 0.794162911 0.140167922 -0.583857730 -0.093639602 3.939966875 1.116700438 -0.602824555 2.826247583 3.643410644 5.394910251 5.715361964 0.660880418 4.889320607 6.548604573 0.986159101 4.237739287 2.860584901 0.553796579 2.218725475 5.744874438 -0.179972517 5.891450959 3.733539048 0.696663098
19.771545818 -9.780423346 -19.930723335 0.993898250 -0.034842278 -0.086833800 -0.058413831 7.823899032 4.402965009 2.709471422 5.776891085 7.971261071 2.268841226 4.504361341 2.616645721 -1.552622467 7.480913575 0.302487862 4.599230762 5.878365149 8.808997812 7.110006672 3.482063010 9.401827062 8.502905674 11.635353557 0.161514773
22.383477297 -9.111799136 -25.035059097 0.974412174 0.052561181 -0.213996982 0.044311719 7.203495383 8.763880568 6.268500411 5.869951085 5.067386139 1.784377004 1.295396382 2.024520326 8.293267545 4.320271587 2.183468491 2.291655541 5.441869362 2.394642955 3.735160831 4.848174468 8.364228451 2.505892693 5.019699502 3.440007781
25.112415110 -6.771729655 -25.712793757 0.835516828 0.294446486 -0.322611172 0.333369058 7.795436353 2.084495091 0.851062616 2.315974772 -2.659706438 -3.015013443 3.419712615 -1.240936023 0.580646349 3.845363958 2.918282840 8.123726946 5.473143141 10.098493014 1.087909500 8.757796425 5.310520711 1.710076603 1.514693359 -1.202821056
28.508985025 0.007680314 -21.537708261 0.844566818 0.084474955 -0.439670510 -0.293701744 3.778381968 2.811968450 1.947328248 3.404765527 5.808180669 1.768216101 4.533930298 9.011537480 13.550126027 2.943640244 3.400605592 6.060879120 6.834495480 4.460645272 10.375829024 9.299651540 2.691333943 4.251994788 6.876473109 5.144725292
27.705262298 -2.348615447 -18.146836422 0.811590861 0.260607276 -0.383128975 0.355831858 -1.128520253 1.274014287 6.206614956 7.146821783 2.462175823 9.283472979 1.540344056 2.967066287 8.353656229 4.238744819 0.890114196 7.145329707 2.418309489 2.368619866 5.245270006 3.962826541 4.492083307 2.986477628 -1.970129519 7.079703384
19.002293427 -11.357163710 -13.626145337 0.710575408 0.119245099 -0.577113981 -0.384451102 9.812897582 4.599498493 -1.244767655 6.172560395 4.063256022 4.652616462 0.947103733 3.759687700 5.308007022 4.005421977 4.443343858 -2.418869963 2.980956202 3.388842892 1.747916729 3.595280490 4.630016730 -2.379430355 -0.672964837 1.512615844
22.330234224 -10.496269991 -15.085987268 0.808091323 -0.204859013 -0.551906107 0.020514574 7.062447071 7.210545868 11.478231142 3.178467895 2.507851924 4.260115921 3.469819577 6.707599182 2.518986856 3.907299297 4.153946140 1.122029095 7.880290112 3.147997370 2.866663950 8.158384703 7.054679962 5.482611183 4.748282718 4.926875770
15.698225281 -5.645025970 -14.967509348 0.945799669 0.119993315 -0.300641399 0.026064151 2.616776966 0.790535272 -1.923474186 3.241973638 4.178655468 5.193903140 3.616933011 5.575413992 1.080595847 2.632487676 4.994764369 9.021503064 4.011417513 6.628215905 3.992341508 -1.460740982 0.510230057 6.876301082 4.478574158 5.908260111
14.123527066 -9.891398337 -21.336273220 0.872285467 -0.148395506 -0.292974978 -0.362301671 6.252734942 4.919878207 6.116732049 2.059679645 6.940045519 7.785086158 5.832831035 4.118700430 -0.042780189 5.823254670 3.877404067 5.397119666 4.240068242 7.399031644 5.821800856 9.473697291 5.528141201 3.556807346 5.262924565 2.987526596
24.613298549 1.008535902 -25.730427089 0.750362641 0.464656310 -0.433282008 0.182529786 0.635196567 5.516331479 4.546253096 2.570289068 4.457777020 1.953204528 6.166536995 1.498511617 3.299464068 7.439208735 4.553891301 2.013775164 1.248268975 4.178686830 5.592105395 7.853934532 -2.758899638 3.961248886 1.799279092 4.829985819
21.919088242 -13.759617835 -23.947451274 0.859176930 0.016494126 -0.359652921 0.363583172 -1.594989836 -0.479312279 6.140687866 0.022602308 1.963534698 5.586359445 1.216179031 2.158909342 5.068219956 4.358685284 -0.555586356 3.480781859 8.254118657 0.172060969 2.067775908 4.610804500 2.621105010 3.230817122 3.480552788 4.246713170
25.121349923 -3.597649472 -22.109636034 0.738430899 0.342647859 -0.404227984 0.417027565 5.808869385 5.266426089 5.160499613 2.937236205 -0.248144636 5.776753887 1.781745958 4.507613040 1.177236528 6.559786027 2.681627086 5.042144810 4.222457922 2.294868456 5.431760815 8.373824371 5.286792596 7.587768944 3.744581394 7.618617369
20.734742233 -9.075670822 -18.289955309 0.960747224 -0.025376485 -0.265920333 -0.074881122 4.623903244 0.746655811 -0.033695064 -0.470517209 6.543363374 4.084917905 8.986541980 3.177805970 1.370688115 1.773061713 5.043785841 0.654347614 3.193692354 5.957412616 4.020338445 3.897728228 -0.404460454 1.449979143 -0.180124715 7.350972007
14.600095389 -7.453571668 -27.276527735 0.979758120 0.196629049 0.006542912 0.036989642 6.144905360 3.920638771 9.178400672 4.453405762 1.627053825 5.463565594 4.961848536 7.887189461 5.627496763 0.041117615 6.769599490 3.935500194 0.204032216 1.605394530 3.776782670 9.198823134 4.137736078 2.250227323 -1.812494095 6.223766128
21.570014073 -12.550907606 -18.352432677 0.856858036 0.002864405 -0.396567643 0.329424052 2.758618360 6.809358939 -6.931166800 8.306653937 6.868048555 0.263478382 11.598130321 3.117516189 4.873555263 1.523097214 6.880370184 4.057266289 4.840688907 6.819011959 2.968230434 4.710970651 4.618364782 4.229607971 8.809169201 7.289734875
22.776210228 -1.160090541 -21.020235072 0.774387425 0.272852646 -0.398150826 0.409086139 3.554909510 1.605545082 5.898520838 4.104856278 8.056909169 5.171605515 -0.493090481 1.688699287 3.053555104 -3.544712749 3.899399801 -0.216925395 1.391178217 2.388433782 2.208436957 0.928514447 5.618009891 3.464987488 2.969331526 0.867846978
15.511513161 -4.418241333 -22.097578143 0.988486631 -0.135797338 0.040467194 -0.053062885 3.739989961 6.519462003 2.606086954 4.019448335 4.534262725 3.093277921 5.156478614 1.513404226 5.629342339 1.784615252 0.515331858 1.585496801 2.886483506 0.468463345 5.259460067 2.864676068 9.141027430 2.898640306 3.313201377 3.780565896
25.272242404 -5.884837342 -26.735421317 0.774919412 0.238716083 -0.408723533 0.418878993 0.558110909 4.523158658 5.038367691 0.717245788 1.617680427 3.570767727 4.495899579 2.933723944 0.358877292 3.064017119 2.345337212 4.278969105 0.995222828 6.374735346 1.607338425 1.954763155 3.387783147 1.394895266 3.423415460 -1.272608735
21.170805431 -2.030174116 -15.418538581 0.742642133 0.298288880 -0.549512636 -0.239879697 1.681997724 1.111904058 7.004493788 7.783713868 3.040837285 6.059951864 10.976794877 4.894218723 2.750644641 3.036068074 4.002069327 -3.407621060 4.521712767 0.984763028 5.599572687 1.752077735 -1.109661257 3.232687747 10.987634783 9.139375599
26.106066830 -7.877138217 -18.873490665 0.881328991 0.038981755 -0.341864802 -0.323833427 3.716474989 0.702029203 2.603387017 1.431304379 2.044231450 3.336217218 3.970181855 1.127944590 3.025475156 10.359477067 4.651581951 1.050196060 -2.837872667 2.280118062 -2.791387838 0.739973263 0.944147395 9.453226360 6.520227658 -0.231440113
24.211903722 2.347024272 -21.502368712 0.910155143 0.199160242 -0.357262398 -0.065699261 -0.923446688 3.001929202 3.450663747 3.857995070 2.469648716 3.574036236 4.895324234 7.147611811 6.225718698 4.265867255 9.223409138 6.658201286 4.475983947 6.717302355 5.718252344 13.646674938 5.771979080 1.746477229 4.688731112 3.466614612
24.174471632 -13.223934546 -24.947333621 0.788919082 -0.109524516 -0.581989053 -0.164011600 2.311428882 4.790383866 -0.030101255 4.036363069 8.271422339 7.757525950 1.681581847 4.420539143 5.467534900 3.449365203 6.122441469 7.467973693 0.140243453 1.650959471 3.853678385 6.591384839 10.906697822 4.969901997 3.210566296 5.649888828
19.269055487 -2.679772252 -15.904668517 0.878508234 0.289379305 -0.352910108 0.141199706 5.648249927 3.694581502 2.545666137 4.481753213 6.279526719 5.593106641 -1.109711435 4.017652957 3.368873384 0.491841618 5.928348970 -1.369161267 9.046675092 5.479819088 -0.835218659 7.071508942 1.302466550 3.320429849 3.634689696 5.528023157
18.871967548 0.643635711 -18.848565135 0.954620652 -0.094235278 -0.226524100 -0.168837066 6.124579557 5.358989537 5.302819878 3.835090370 3.724061510 8.606953789 2.566906490 7.367835910 5.863772502 10.143410928 3.254588268 5.487489782 3.203851239 9.016719350 4.004510486 5.308296626 8.264843302 1.149993357 1.571156765 0.388008823
20.828494023 1.815902412 -19.878325275 0.715708379 0.465649664 -0.484361225 -0.190594102 5.760069300 1.950834268 4.632606612 4.353408226 3.676950594 2.107325831 2.933022739 8.828524333 5.894479090 3.842960596 1.636547836 10.750179179 -0.052463947 3.012797155 8.042706491 5.063180013 4.207146377 6.289141033 5.661245766 -1.853945950
22.433658889 -8.457668000 -23.043092110 0.913158007 -0.007255121 -0.399367537 -0.081211993 4.147914972 2.081018866 0.710907290 1.290724562 9.207949356 5.290456091 0.438493341 3.852660075 4.172973568 4.667995622 5.708974482 1.164542550 4.991264947 -0.035942316 2.649834139 3.914289239 5.731729927 6.882380778 2.714298905 0.003397813
12.153535122 -7.741919629 -15.341569686 0.855380308 -0.049213853 -0.403289468 0.321341142 1.955834392 2.845286666 6.991513099 4.699844853 4.675369394 -0.834041742 4.599682363 3.870815950 4.623128363 6.891340977 4.176664748 7.102432169 7.218446189 3.836051706 -1.575172561 -1.390236946 2.725257117 5.312603886 1.905617604 6.641893022
23.101103548 -5.781250691 -25.256426895 0.983921241 -0.067167202 -0.127418109 -0.105603901 4.614540480 7.216773418 4.523130675 4.181067353 -2.040867272 10.403129037 5.539402919 -4.604771244 4.465361134 0.607494350 -0.188438167 1.137263681 1.902488167 3.637282795 -2.303961940 4.069164569 3.374775824 6.684047126 11.566214379 1.472468926
16.613711695 -6.410658827 -20.944721372 0.830512611 0.152636921 -0.501179793 -0.189128496 5.363515131 1.043767345 5.831554751 1.313345612 5.153549142 9.687725844 2.794011317 7.988528396 8.201664888 -2.841247025 4.498660417 3.323955293 4.396911719 1.855168403 6.017186724 3.477250790 3.015281209 4.138626803 3.875891355 1.942693903
22.578410278 -4.554671410 -10.207830771 0.775702240 -0.040833218 -0.618478245 -0.118757497 -0.231608661 6.600268427 3.649058791 6.487155876 4.641899772 7.854359929 4.538796223 0.523018224 -4.860927444 1.910574550 3.792491864 1.501384865 2.371897921 3.606473690 3.054442938 1.615165700 4.298639359 11.141991033 2.480840809 7.634593953
25.334362726 -2.349583367 -16.747400169 0.914048091 0.013298255 -0.344309601 0.213986312 -2.626060546 7.396402079 3.629420137 7.755026931 6.597048082 1.700765960 2.794311371 1.241374996 4.780169706 4.513907698 1.773120016 2.515933492 -0.039674662 7.598419587 4.175290939 11.762223698 3.133226255 -0.287616373 6.029234588 7.432289277
17.834937438 -9.186705437 -16.849633524 0.787183343 0.008639609 -0.614320013 -0.053653170 6.270528492 3.936576299 5.916103282 5.371736827 4.506198937 0.901194118 2.499824137 8.077725196 4.823597639 -3.745208799 8.343539830 4.601628719 1.807099413 8.879822820 7.441130804 4.484201436 5.078794165 4.419003968 10.464854190 3.815374467
15.436829235 2.213640151 -19.742688675 0.850008354 0.491976251 -0.081914892 0.169514356 2.717222229 7.535897677 6.524347457 5.171299838 2.780982781 3.980471279 2.205566334 10.035678958 5.433412921 4.162846940 3.567363158 1.241061876 5.223873307 7.050892332 -2.208658828 1.383655244 -3.935067065 3.986600336 6.254426673 4.698586560
15.705162863 -3.783395841 -17.922541028 0.727331645 0.232743565 -0.483174888 0.428206888 8.001946231 2.914380292 2.315535936 0.465535297 0.561202721 2.775814159 7.038275325 -1.202295804 2.585310144 2.839901415 6.306528114 3.967412786 1.857124680 2.093371132 8.376399105 0.651721523 6.401638619 2.733315625 5.473275190 4.478640510
20.944819206 -8.143912749 -11.511353419 0.776108798 -0.194537868 -0.491791236 0.343440724 4.862736872 4.262277982 4.861849121 2.640830657 7.811588667 6.711131973 0.298131949 2.961967510 5.952678229 2.961313317 6.568451057 6.435464181 3.188305918 3.817261571 7.455519659 4.008241328 5.911910698 2.900287251 4.083466206 4.247242570
19.874490639 -5.279724801 -26.873430214 0.812651511 0.128924698 -0.568011776 0.018400143 1.558430143 2.620425911 3.397788970 5.625618173 5.231782934 2.568220026 2.719148126 4.082339042 7.203628106 8.004949613 6.940024267 6.318510604 6.021779638 4.487120646 11.956056888 3.736754318 -1.587733013 3.001528609 -1.608228018 1.436468087
22.256801684 -7.511627713 -23.421302386 0.748034395 0.002018679 -0.560337557 0.355615370 9.963925325 1.997833247 -3.181861294 10.125521835 -1.049728428 0.819237149 6.293785345 5.845777593 1.865202094 11.548470193 4.226584194 3.239498003 1.955416096 2.525583191 -0.374797545 5.941266099 0.105533458 1.329676839 8.654527748 8.394264666
22.596917745 1.627121342 -20.625830744 0.771419364 0.172936786 -0.501463380 0.351481879 6.466450556 7.032552753 2.368291395 4.204640747 3.211114318 10.327807031 5.558541295 4.924170005 1.171386623 8.538694070 8.640334218 4.073437087 1.585199967 3.443659165 7.955846577 2.782586757 4.459773164 8.539553119 2.825945930 1.234033266
21.042328222 -0.939784552 -23.924114350 0.974456779 0.141850945 -0.046918936 0.167663082 5.155900580 4.116130828 3.905775163 7.284796541 4.223760110 2.433475394 4.366625328 8.458613998 7.644686559 1.230513875 2.799494636 9.005047735 3.466326549 1.899372937 -0.713107163 1.795261723 2.006291681 -0.950140885 3.009142057 2.481980975
16.661090042 -13.292697409 -19.063625555 0.770659730 -0.465440383 -0.179428475 -0.396552964 5.803610625 8.683033113 4.912049042 4.756358160 8.322161277 7.184696893 6.335187471 6.785516881 -0.262955387 3.249245481 4.588462344 3.103784565 -3.433879662 4.703226234 11.541666098 9.055661157 5.670792574 2.975586594 6.284219743 5.404809281
24.037811874 1.073567463 -15.895212880 0.935097363 0.179083326 -0.252239894 0.172907839 3.748383811 5.095015811 6.881992389 1.257182350 2.410818696 0.124300350 5.391840841 0.982404815 1.548540809 5.334453903 6.960565314 3.262480981 -0.176458585 3.878273247 2.986674869 1.625763323 3.742077163 1.887814677 9.343007325 1.975853890
11.769002127 -7.568062950 -16.641894352 0.737371413 0.265527741 -0.572699328 -0.240403616 3.729321311 -0.459440438 2.710652960 -1.452615350 7.178289259 2.785582233 4.736766039 6.790825289 6.245307242 6.449513131 3.951953761 1.818909377 7.100192130 5.220555387 5.995926247 9.981570103 0.657626749 -0.216236832 2.612180225 -1.222811470
21.286302424 -6.756543253 -24.318120311 0.980016104 -0.083502194 -0.129148112 -0.126160949 2.833395083 5.362405044 2.436145147 6.777540878 -1.251850992 1.791848055 6.285177930 2.762722259 3.493332056 0.474858245 5.419793588 1.440939603 2.790801976 6.920666850 2.646966987 3.547327236 -2.981566240 4.148136000 3.158476819 3.125188433
18.380978728 -10.831428265 -15.887049875 0.900455411 -0.029620895 -0.432775925 -0.031743584 2.387187607 5.317809791 1.237365200 1.105088410 2.667337479 6.608641910 0.458382063 4.801208953 3.151127202 0.602745765 6.489973004 2.474127795 -2.667195514 11.660815479 -0.509326895 -2.031414273 5.758578287 2.374628213 2.990366571 4.182137531
23.980182114 -10.421954107 -25.353328952 0.758760917 -0.093201010 -0.619192499 -0.179432693 2.646489853 3.729559917 -0.358983012 3.179155344 3.457520084 0.693749018 9.022128567 7.930180468 2.780640104 -0.774709582 7.179249997 3.634285835 3.427858418 4.870641983 0.385009838 5.981088552 0.982157760 4.577688786 5.901895610 2.217038564
14.847143509 -2.213119493 -20.522864511 0.744549062 0.328642288 -0.421240184 0.400246984 5.518096757 2.272618897 2.217316214 4.567113425 2.685572573 2.573953263 10.769422931 4.693022249 5.618064726 6.001628471 6.645793967 -0.163750943 1.484439659 0.205732709 -0.120977110 7.301549966 -1.000802953 10.152553661 1.874530680 3.254936179
12.958226783 -11.066014743 -20.031479985 0.999871266 -0.004722432 0.011566132 -0.010068500 7.756920278 8.264923725 8.237920300 -5.451323494 3.107881778 0.771739091 5.401193182 -0.659333722 4.673784109 5.264370552 6.888352225 3.980455814 -0.012767538 3.701459853 3.849815677 3.042780153 1.911729376 8.399077417 5.368582734 2.177491226
26.099565264 -8.111724196 -22.240882524 0.951026414 -0.179393267 -0.219426725 -0.123364213 4.516873095 6.698242630 1.058502600 2.446860906 2.682317004 -0.145250027 -0.708704144 1.844739810 3.858734126 0.862200878 3.405693327 2.059430996 0.820455344 3.599213167 6.408656270 3.057735879 5.311935725 0.602399121 8.094252680 3.985794033
22.081602041 -9.910285330 -26.694853527 0.723971515 0.037006495 -0.678688261 -0.117804963 4.159810896 0.493295291 6.595385472 -1.679211311 5.599214836 5.037033913 3.719286116 3.122835630 1.272879238 1.026528095 8.638190787 6.974868762 3.945916902 7.666653712 -0.906591629 3.785226982 1.886852940 1.942129983 1.806462084 1.869861090
18.636857611 -12.560916587 -20.999221719 0.988980226 -0.022471358 -0.136843562 -0.051836193 1.310862736 0.698660808 -0.059553179 -2.952649525 1.408250375 1.537208778 4.118856578 0.438358080 3.299980690 4.439653777 4.046518040 2.967500132 1.426604932 6.185244550 2.128279590 8.913994650 1.192460542 3.228187421 6.571111522 1.354273666
13.026833958 -10.092285959 -16.227868968 0.933298229 -0.301520331 0.121528922 -0.152547126 2.586693661 2.884412078 1.493390412 2.837836579 3.857139310 1.336114189 4.794186079 3.085106048 5.452299534 8.013861725 -2.681946834 2.192147306 8.707767622 2.425178145 1.743696245 5.986256310 4.943495588 8.345320834 9.330065884 2.976334132
13.767520168 -2.725276631 -14.709925233 0.728517259 0.092593880 -0.524624697 0.430648238 12.078132092 4.196018573 -1.072610514 3.681947031 1.532859035 8.177235983 5.378366837 1.447381246 2.289736889 -2.984061896 4.111831760 2.515768853 3.662817198 6.707928962 7.495520043 8.543607669 3.748298924 3.456505551 2.588309158 7.892679119
18.632623828 -7.148248366 -22.185770168 0.972554035 0.144106489 -0.127569248 0.130759535 3.501650033 3.235660392 5.523398317 3.956269305 4.721376666 3.609606164 2.380791424 3.119207643 6.292577498 3.789247262 4.485866498 7.536195840 4.176288167 1.650966982 4.347452316 3.259171867 7.106414171 3.213663486 2.773634609 10.003653348
13.230443525 -9.321392134 -20.806295674 0.984891018 0.111352209 -0.119375927 0.057790623 1.798645826 1.890838624 4.322098616 1.835135707 6.330731078 4.736739531 6.113546171 1.132721747 3.202581083 10.107786038 8.082185023 -0.143459542 3.880533333 2.398549245 3.540906489 10.143965819 1.303469329 8.871916073 0.538105309 -2.521468297
15.846738433 -9.578595120 -22.985126949 0.895641785 -0.367056732 -0.251168362 -0.003098733 2.264332046 9.263826583 4.159185261 2.569970369 6.391322707 1.016396638 1.154160564 8.472426123 7.198086066 3.690384862 6.845739911 3.394643289 -0.974619400 -0.107611655 6.989724715 3.304376980 7.370808006 6.803049580 9.280932660 6.822542420
15.206046702 -6.135482845 -15.932199436 0.896766294 0.214020940 -0.215145078 0.322052552 3.712756101 4.149533623 -1.715775443 4.678643075 1.439499950 3.306274555 7.201233254 6.610813061 3.053701156 2.390919409 4.002203766 -0.885485912 0.729215195 3.923948261 2.849948922 4.224519699 4.704497697 11.816665601 1.863973202 4.591383217
28.136561469 -8.531641372 -23.242092866 0.959622406 0.103128537 -0.173372136 0.196039397 4.604216870 2.029882855 8.630803403 4.924038721 1.484098642 2.217278550 3.880964118 -3.672442500 3.810442697 -0.680236592 7.506126499 1.554872385 7.997398102 7.849163042 2.537122030 5.719308922 7.472552440 7.581529003 7.806532163 9.329311595
13.412795195 0.028281763 -20.193640206 0.977155805 0.026893971 0.201362823 0.062420034 1.278895687 2.699455728 6.976461476 1.667957109 2.724700898 3.224759812 2.560330935 3.006580298 0.291913676 2.828506234 8.216286928 9.255504794 4.370229392 2.281085780 3.514169500 3.416613973 6.731854598 5.245724910 4.629481452 10.067853197
16.790253675 0.607551707 -18.635208867 0.953133328 0.221123602 -0.159563303 0.131075410 6.444456366 6.544734030 6.372365386 3.720772937 1.317302376 6.389821750 0.473661242 10.324525924 -0.379495311 4.814559070 7.084530096 2.534027668 0.793503372 3.392470455 3.426194027 2.468606883 3.339518350 0.997886829 3.132897638 3.295897701
14.990705336 -1.828290449 -25.207644731 0.962981974 -0.256253058 -0.049912569 -0.067147781 2.225162510 -1.715895767 3.098822975 4.228679668 9.571046992 1.833084629 5.308987802 1.173955791 8.632245147 0.672669489 6.345248938 3.855429965 1.477669788 2.965390635 4.969524538 -2.110665910 8.617831021 6.429610631 1.144363745 6.703352356
15.263216976 0.589796331 -21.458034765 0.762541624 0.528487638 -0.230336096 0.293558123 5.479100605 3.176562597 4.473833106 1.148278705 5.246600457 2.416465056 2.561809486 4.497985374 -3.013310542 5.719901184 3.834398583 2.998635274 9.339247520 5.146617829 6.753050838 6.458267079 4.584883477 5.275131149 -2.570076580 5.003545239
15.846796399 -12.272569302 -18.971528081 0.820161250 -0.193291900 -0.434195034 0.318509714 9.415041903 4.991759767 10.934525145 2.690065172 2.086727518 5.678248071 -0.273953014 2.887269252 1.012143584 1.583673495 -1.386421257 2.716148725 5.147270678 3.494111407 7.991051024 5.967410790 0.332805309 3.438299521 6.569432466 -0.513242735
20.167181998 -6.397131975 -13.034801277 0.729161358 0.108964366 -0.666155060 0.112640651 5.931341810 1.603926579 7.300102562 7.119782255 5.032561166 4.864482458 -0.352247861 4.172611293 4.720600659 2.907321372 7.239962856 5.268383531 0.735585754 2.910774181 -3.500583303 3.110630412 4.537419289 -3.364131238 5.525280200 0.811146022
14.286278853 -1.163591554 -17.976692062 0.820788610 0.163666694 -0.536781311 0.106700961 0.318936183 7.351698982 5.283775705 5.339024164 4.731195615 8.921027337 4.131412785 7.148279238 -0.478961703 -0.753514751 6.542437459 4.436148812 4.555590408 -0.552076512 3.237940784 2.347522385 3.707965410 3.120976440 7.440405960 2.389896631
18.277497829 -12.126600902 -21.192742868 0.846679998 -0.001152065 -0.374439034 0.378056958 10.547067921 4.054953537 2.626809968 2.317111563 4.571597978 0.120539387 5.539691435 1.480639112 5.707294275 1.325320770 1.249311242 5.290907838 5.931933671 4.081357026 3.567706971 7.871291510 -0.419257837 2.746649756 5.303101760 3.890291928
16.283676456 -10.693118382 -17.319691148 0.865312499 0.082661298 -0.477241749 -0.129002724 1.821112420 12.143322937 9.513849235 0.974310344 3.139592333 10.868456329 10.360384066 6.119178984 0.350084140 3.108544964 3.479826990 -3.207380772 0.002850722 -0.763351704 3.629337198 6.682016208 6.234827789 6.894601133 5.031707627 5.789893570
19.907180599 -0.076696318 -12.495576910 0.914742137 0.201378489 -0.218703865 -0.273609477 6.545958650 0.043513535 7.151019498 3.479480450 3.857928720 6.035488005 0.816195029 4.169195563 0.283968341 1.386458336 6.904943153 2.234899326 3.154101152 8.917765697 3.691571840 2.318848435 4.991760775 4.022209852 5.979429523 12.496544282
18.448980394 -1.429403250 -20.861418828 0.828090235 -0.086500994 -0.450160108 -0.322707326 3.073683991 1.287092171 7.836082158 9.600164267 4.577743793 4.763553030 8.259983062 7.656629154 4.121459499 3.885208090 5.663150724 -0.887479901 -3.427467545 5.902741565 6.957683824 4.623721541 -4.544629901 2.703705786 7.993329595 2.544695399
20.632237134 -2.383964682 -24.594576511 0.962423772 0.084177782 -0.181599256 0.183511017 5.674468233 0.635746271 1.162904763 3.465201705 4.727399166 5.565968343 6.796871295 -1.631911960 8.500910270 8.965481171 6.185767044 1.483542351 6.117166075 4.206157055 6.520387046 -2.978394110 7.637907204 3.629069664 3.467268409 4.357363741
21.473014179 -6.576990188 -15.193229162 0.765683957 0.212211244 -0.596907142 -0.111338806 4.210719926 -1.127109025 4.123826909 -3.154363408 1.604562340 8.196273491 4.304665627 4.063469700 5.752904957 -3.687670729 3.229505163 -3.350088190 5.416012972 11.240841043 4.787349300 0.322214032 -0.157302833 3.879821704 4.538190401 -3.812434822
25.403932858 -5.949874145 -21.461486781 0.734321166 0.074965100 -0.669926672 -0.079692625 6.622676389 4.680926155 9.562870631 7.199505926 4.735741645 4.146584545 -2.711573654 3.825726875 0.020083609 1.511464919 2.811384569 1.162589618 2.735945365 1.486064069 0.933943935 3.790244489 6.766080650 5.732828554 6.346703718 2.932167250
22.870591846 -2.506448570 -14.039282943 0.836209200 0.066240576 -0.539134536 -0.075500411 0.875124259 9.784324996 4.892499842 7.861178763 5.522275958 3.378534498 5.924250041 7.464632777 5.635415113 1.499590815 0.278611373 2.372135778 12.016963506 1.025445623 3.698215683 2.837753756 2.524676567 2.421413992 4.408309056 7.006839666
16.208575421 -8.964093327 -11.885444149 0.877576595 0.136816832 -0.452186795 -0.081655232 -1.271626998 1.542088110 2.040443038 1.155158369 10.901013220 11.915975495 4.866557020 4.095402976 8.451317078 2.962948269 5.506028837 5.282016324 3.831098477 2.615261672 4.096198139 8.073338263 5.461967604 6.655130938 5.128459389 4.915027423
16.724883007 -4.939830574 -20.555527280 0.837187414 -0.188913503 -0.316118000 -0.404349270 2.854412655 5.797611251 -1.175077257 0.863323213 3.192070623 5.020174559 8.035895711 -0.909486146 4.315586758 -0.983763154 6.081148442 3.966302974 1.835364469 1.663636098 2.923278421 -2.332124300 -0.116346084 5.730287642 7.304020358 1.654046936
14.153623683 -11.544878578 -22.802405579 0.950184437 0.100841111 -0.288739352 0.060084882 7.917495618 1.221874732 6.150386913 2.949518818 0.449562863 8.438410818 6.395500796 4.392078739 9.853565349 -4.921636300 7.275324381 -3.176244591 5.214797151 -0.035040455 5.539821484 6.051626188 6.200967918 0.188120291 9.218864666 -1.969246270
21.714394650 -1.132109068 -24.369936405 0.907347396 0.199369335 -0.209314984 0.305220917 7.095812680 4.813356733 -0.534184337 4.180311250 6.003637279 3.915824177 4.100713504 3.509182678 2.523756937 5.960939745 0.031181604 5.955360194 2.150812782 8.664537934 2.526227256 6.208550972 5.616227023 6.038121935 1.828288595 6.855814402
22.779833346 -6.515557776 -15.615985613 0.765732942 0.113133657 -0.486493852 0.405188313 -4.262770899 7.687059474 3.146024902 4.273287171 8.773142253 -0.996407130 0.658293002 9.481734325 6.467419760 3.655248979 0.229499235 3.695399036 3.392784263 5.372697914 3.774576443 3.804916003 5.248696429 1.662531198 -1.225620410 1.229833257
16.385552077 -9.510790768 -18.416385405 0.892886747 -0.103814703 -0.209239567 -0.384960475 0.319375193 7.264302937 4.836886435 8.448607051 9.740109952 -1.505672795 -0.687271119 4.598803648 2.521594692 7.543462250 0.191869623 2.363294034 3.485900729 4.543241221 6.782514959 7.717562007 6.926534186 3.297996481 2.659227452 -0.707309851
18.391241547 -3.972597830 -21.513627599 0.887647010 0.016399273 -0.322836027 -0.328010287 4.571831941 3.351473382 6.030700650 -3.450150028 6.231598654 2.088919074 6.311172765 2.664003979 0.506531962 4.035172470 4.357347602 1.166162767 7.024986695 1.732108124 5.628842949 2.918740017 0.659843352 1.326233389 5.079216874 7.897794145
18.107542066 -10.767127157 -23.397558262 0.854670985 0.116790976 -0.457248396 0.216382254 5.027742162 4.431876919 6.329935456 -4.697617061 3.394111799 2.516143230 4.022823941 0.449456707 4.933852065 8.221420314 2.277632720 8.318999165 2.492028393 3.610650290 -0.949422144 4.971174243 3.343461803 7.909515790 10.176775751 4.368383813
26.321712972 -6.458478972 -19.339375879 0.876553945 0.133035804 -0.462330154 -0.014334734 2.710353736 5.696536938 6.608911406 -0.875671690 1.714593798 5.409986259 0.374182162 3.284952647 12.804343664 7.601765496 2.590068148 -0.565065042 1.509950855 6.246463033 -1.830975404 2.136381476 5.317072380 -4.596166350 5.266534960 2.929317800
22.435161286 -3.680850974 -27.276848583 0.881786098 0.140083917 -0.339534848 0.295881498 4.871085222 0.862947119 3.409811620 0.446365064 1.485483340 6.554995377 7.847598622 2.660882986 -4.723843525 -2.588757814 5.133266070 -1.740822099 4.237640427 1.812601129 6.971105132 1.385062759 4.214771858 3.658248212 9.962246003 1.943426534
25.946016800 -1.186772618 -20.343475783 0.803231898 0.291640225 -0.510838823 -0.093851985 5.094851247 6.265451927 2.251853200 3.043886068 1.589278783 2.238021858 1.730549356 5.391001567 2.481654202 2.968358014 4.618287506 2.480487276 1.481040345 4.539499105 5.370930490 8.133012083 -2.033483324 4.683073859 -1.648522151 6.188700599
13.365803636 -10.527466450 -18.759605802 0.806338776 0.127287160 -0.466813517 0.340148346 -0.494892849 1.461018840 1.796592365 9.950386649 3.557461596 7.959937150 1.845342870 4.895535713 -0.700382459 4.768815074 4.448407635 0.558795817 3.827128906 0.789668688 0.398953687 8.054580189 3.536179927 -1.383191419 0.909855161 1.744777358
