6.983550088 -26.626658148 -17.908059489 0.915409847 -0.319786216 -0.063215027 -0.236147091 8.927103948 3.349236298 -0.389572863 7.252619872 5.115737656 -2.715540258 3.077683543 0.058784074 6.958471093 4.499304706 2.566295369 1.372673449 4.983590384 4.138178784 4.539971392 6.157799139 0.160550901 13.092427442 5.235117368 0.952895794
8.326157770 -16.646013117 -25.190990652 0.835329711 -0.289207727 0.373828534 -0.280776409 3.564654173 9.039222570 -0.798533596 6.660289783 7.667782136 1.617935522 6.739626609 1.564494327 5.016676050 5.434142546 4.426539111 2.019741025 -0.949431628 5.914111660 4.533350251 4.385287570 8.224622696 6.018648818 3.238785367 4.256936444
11.865518279 -21.899237155 -17.612963906 0.847543192 -0.259561304 -0.283088098 0.366278031 -2.296369963 9.129844216 3.099793120 10.126569095 3.639141516 3.970421451 2.065020376 5.665442908 2.821475016 1.641837109 1.797142080 9.420426083 6.906077288 6.190406717 3.718861552 0.286071590 7.033967075 1.877973280 4.056384381 0.078677743
5.987681849 -20.032884060 -18.417266275 0.731687414 -0.583025513 -0.345391744 -0.073616057 0.742605592 1.169077929 4.087788898 3.856524733 5.357875546 -4.472249398 2.310167706 7.006372018 2.887398900 6.852766490 -2.407257346 10.646586634 1.111810387 3.336063843 8.318244108 4.723501837 3.022758761 -0.788205480 11.025460432 1.127293495
6.547717349 -15.192375537 -20.659544364 0.771619942 -0.293680871 0.489822338 -0.280050510 6.133987941 8.604695471 11.234137973 -0.091224527 5.946033592 7.338022336 7.659247046 1.909003775 12.838715735 2.484262496 -1.859444940 4.961758158 5.105401099 10.799102177 8.219458334 10.005156089 7.030878864 10.176357210 4.352993761 2.739005682
5.457775974 -11.135912610 -20.034454274 0.713578858 -0.226855206 0.640922655 -0.168997276 4.381525357 6.679424129 7.874098104 6.568473592 3.749141698 1.046685497 4.782970045 4.531377856 2.588800819 5.429682772 0.133220384 0.250872362 8.982066522 7.697064094 3.754433519 6.809799283 -2.836677293 4.035086931 0.186373043 2.319704413
4.147436162 -19.161448154 -15.649315867 0.910818856 -0.323940298 -0.130044882 -0.220363390 6.068424851 1.903060244 6.379307050 2.677902408 8.926069302 7.852301149 8.523246206 7.680792018 3.640311841 5.321770788 4.250235578 6.557137288 0.584566748 3.838476739 2.282587937 0.398240778 1.391735960 3.562837165 4.952474009 8.921535202
2.735783271 -15.260770015 -31.058598291 0.955962103 0.258448895 0.130848395 -0.047109701 7.593284675 8.957098227 0.831004224 4.075687170 5.600819236 9.072441637 5.699968580 1.681599781 4.400303461 3.563989964 1.067438782 4.571619036 2.893615191 0.725066938 3.761224327 7.180968011 1.095409989 3.179112853 3.987175412 1.274657140
12.825708131 -18.777837028 -21.003944242 0.856625240 -0.046813013 -0.362158696 0.364476089 3.670146894 11.128866293 7.968642182 4.942539479 0.706316210 6.337071595 3.870989741 6.667369734 6.226406257 -0.373986310 2.187505562 -2.745947361 3.050984397 3.979809140 5.680702565 5.293256691 7.041452659 1.001755535 0.812010125 2.917245482
1.705363647 -16.925822020 -24.604281959 0.903748471 0.058763905 -0.370545069 0.206111273 1.407335693 5.097512765 4.585484098 1.935220841 1.624582827 6.825299491 0.941216660 2.405732555 1.982618436 6.753807987 4.868300215 7.572683908 -3.522024110 9.196219365 2.765240495 3.183044704 6.759735677 3.336581060 4.252757895 0.347151201
2.895753609 -15.901506496 -28.308131533 0.804374082 -0.536831064 0.134141486 0.216334941 3.514979908 2.278576654 1.226638346 2.530910350 10.451139558 10.991934530 7.931555060 3.012572413 8.139641118 1.767155803 0.185478384 9.133967444 2.754184625 3.514689187 6.648794380 0.209570076 1.726156146 7.754372970 0.422583839 4.924053259
9.681488738 -14.022474004 -21.211352836 0.844125154 -0.084901854 -0.390150058 0.357809072 9.688816697 6.162176814 6.163438881 3.494966748 8.575313208 6.519802004 2.971332729 6.265549150 3.466469620 3.125589190 5.729669466 4.845168726 4.711565166 1.152792544 3.059695768 1.548196293 5.768275525 8.618208422 4.430431373 6.529668196
5.096530851 -20.060457946 -17.897463475 0.932926272 -0.284584681 0.038709879 0.217167389 4.975585689 7.061296827 3.871125975 7.601087285 0.191086061 1.886575428 0.203871110 -1.744728672 4.737035927 2.512868531 5.117450800 1.701119547 3.034635492 5.036128268 4.297043638 3.828062372 10.459962031 2.142399658 6.700480727 6.270181366
6.414210962 -15.669396064 -21.081887127 0.888843383 -0.333830242 0.244194997 -0.197189281 0.877268724 4.782734176 2.803605822 1.534603717 7.950270087 6.502575120 4.323771523 6.217479525 1.537064705 1.483944325 4.721685497 0.561536878 3.894979559 3.719854032 0.469643376 -1.740110689 5.365050399 9.079751746 3.644711729 5.200113997
2.488927664 -12.437248584 -29.448731005 0.915327104 0.394127751 0.063071951 -0.053493335 6.622932037 6.402442784 6.454453919 5.858533754 8.219848173 2.423308994 7.351930940 1.626029089 3.698703418 4.657232205 4.588473669 6.509760211 5.399490190 -0.266589494 3.676540045 3.952723095 7.220203747 3.130853734 8.144130909 -1.478551757
-0.330198538 -23.794695478 -26.868743904 0.852976087 -0.463545751 0.181772525 0.156575479 3.985527203 1.952618648 7.785122269 7.378978568 3.948736070 4.215474111 6.901646759 5.661653051 9.649923817 3.727351391 5.958177463 6.993769038 -0.738223388 3.491499837 6.056640631 0.614689731 4.230763760 4.178464992 7.663556066 -0.144805572
12.329261612 -20.916292002 -27.368475987 0.847405990 -0.178513221 -0.353838836 0.353318830 3.154423882 3.927691302 6.683040049 1.020378208 6.034264261 3.306853416 3.698100189 1.296905234 8.672383642 11.584169542 -2.312522046 2.713409016 5.258929405 2.708079214 -0.131952833 6.889673685 0.887797316 0.884702641 5.664646863 0.328328000
0.994609269 -16.243710008 -28.163771688 0.876838704 -0.479916977 -0.026557451 -0.011326287 -2.656097149 6.086276156 3.311628459 5.942450505 3.311148935 2.119864631 1.072701126 3.864198927 -0.478808200 4.582434270 0.363157232 3.898124007 -0.560571807 0.848905507 0.376075960 -0.259846420 2.593205723 3.875646268 3.298081302 4.892051212
6.934940091 -25.127096123 -30.814490526 0.895402482 -0.167542061 -0.319628093 0.260810151 6.075818090 4.886381477 4.332488884 5.552993313 4.736206700 3.652593904 2.482573851 2.133907964 8.095010579 2.319707039 2.057572765 4.592231984 3.616658900 4.923287335 2.124538580 0.610260650 9.622936523 -0.772440486 4.432194483 3.243530494
13.508673610 -15.667567661 -25.085681231 0.978512853 -0.085842776 -0.187327738 0.007206425 3.777009216 1.993465718 4.402285280 1.241033680 2.320794370 4.529079273 0.891538215 2.266165683 0.901665092 6.411913369 -1.401956151 5.556988390 1.391412412 5.567503348 4.579440352 1.624295878 7.252251061 1.368529501 6.367906517 4.353684272
10.551787609 -21.617186821 -18.855991417 0.795582426 -0.602272078 0.020416637 -0.062450848 3.230005793 6.475755535 6.893423007 3.906520651 5.623961941 4.887084478 8.070796141 4.039452569 3.264333072 4.433624705 6.681899883 8.114284093 1.813218500 2.780362036 -1.767577141 0.454217393 5.516441730 2.857692932 4.949839647 3.484291542
15.891225219 -16.485588943 -26.731434085 0.951557381 0.145957298 -0.188530736 0.194142161 6.944389683 -2.761004157 3.841895443 4.736390097 8.920708705 4.652857390 -2.726749101 10.226477959 0.933521955 0.735059773 -0.113696352 6.244442414 3.969255099 10.329946580 9.510349377 6.235746501 3.094157595 4.807280855 3.066347624 4.335111577
7.691198590 -15.824770086 -31.931966246 0.977143641 -0.186399915 0.016957782 -0.100785966 10.208468250 9.164552235 0.500930598 2.332887191 0.176252391 3.079597480 5.879893691 4.757840210 8.083797269 1.273290943 7.411259504 5.778670551 6.116887959 4.029633079 5.449456311 6.655800313 2.358113416 3.181316897 -0.345878190 3.077971450
6.196658085 -21.372947063 -27.470034312 0.811349675 -0.390316298 0.380871734 -0.210479488 7.624269949 2.419393547 0.475685145 8.793402359 3.643231664 3.599522993 7.078541990 -1.186556680 0.426649430 -0.699284684 6.754196303 1.739560003 6.923721589 5.428087731 4.793802756 8.905876008 3.803492812 5.461087841 1.319411949 0.851463906
12.783306255 -14.624835575 -30.775561662 0.978547850 -0.133130854 0.141059664 -0.069443873 6.083665520 6.496417778 4.209928861 4.825856700 5.596001724 0.324266358 7.472373859 8.796291937 -3.133708409 3.921618699 4.462484530 -1.818376888 3.176578676 9.232107130 -0.800730143 5.376712445 11.399307041 -0.031116822 3.151713723 4.571129210
3.025863323 -20.296444065 -31.119624395 0.995011359 -0.013504639 -0.078690454 0.059814992 8.176538461 4.286474921 2.992787236 -0.841244463 4.340844899 2.210584737 4.622611260 1.332484576 12.170507354 3.569721067 3.526911284 3.172369175 5.863921321 7.913682571 3.739475986 6.852417285 3.505584960 10.379143971 -1.475684457 5.057806993
11.633559068 -18.886010737 -31.546461688 0.975954543 -0.167068654 -0.095218848 -0.102636086 4.585526204 2.746079879 -0.619403366 8.233933790 5.581361622 5.665848605 6.839165324 3.032973572 6.893404812 6.005766290 6.776644300 -0.035605578 4.182601528 1.296446073 2.745560561 0.238988372 0.322866943 6.357913362 3.781286030 6.745583015
6.630636763 -21.032417249 -33.834430417 0.956462096 0.066299128 -0.257118616 0.121139188 3.294809978 7.436363924 8.543190768 7.016848675 1.180518220 2.111027547 13.323008095 3.359121289 6.476369109 5.966712353 7.466434244 7.501140235 6.922805701 2.152885993 3.581103266 -1.355768285 7.398088179 -0.232400325 5.740824723 3.420666410
4.313051207 -22.126071464 -21.664245574 0.771777731 -0.514621459 -0.347273444 0.137568317 2.733427135 7.444337988 10.718765907 3.536352287 2.574357307 1.039911162 2.125665414 7.784810785 2.760118574 0.223715018 1.805770289 6.234083168 5.262211295 1.714833991 1.309497297 0.342171577 5.216931465 4.568355362 6.211480446 9.414468940
-0.261152586 -19.749996230 -20.171671717 0.707415076 -0.637190678 0.283349733 0.115173261 5.289355069 2.944943196 0.227705385 7.484013669 1.471365695 -5.192277282 2.078698100 6.274802639 8.006892056 3.819618946 4.765780468 6.135021545 2.291546986 4.577424009 6.940308586 5.589596116 -2.757220289 6.587272055 9.978640863 5.941107279
-2.016746956 -20.690126708 -23.659433541 0.783409303 -0.489495897 0.359663131 0.131552507 5.825667655 2.639282867 3.406924312 5.027799079 6.806734703 -0.536034876 6.462018922 3.663608763 4.426944185 6.871629682 4.360378933 4.821398587 6.623235421 6.610278481 1.956450618 3.244198595 7.964691802 1.126742518 5.160972577 -1.837126763
13.906355084 -21.015815893 -26.477375337 0.964260422 -0.176630868 0.085445133 -0.178051971 0.588833882 -0.615202512 1.145002427 4.844321717 2.650494255 6.342772958 -1.769300277 1.993518266 3.196936384 4.699536022 8.458402776 2.621185010 2.902410259 9.591148044 4.742015549 5.129292811 2.764043355 2.766200368 5.048576544 5.789421687
-0.980059347 -19.672231948 -27.892054272 0.999203043 0.019734463 -0.034052383 0.006653177 2.584157769 8.507632371 8.730568194 10.813060166 3.611638504 1.892736613 4.612269540 0.841951475 2.107489132 4.080503869 4.291777335 3.208100701 7.904296290 11.239982222 2.885474826 2.282635084 1.226156532 6.793317586 6.548983242 1.149341726
0.106601026 -20.799059994 -31.484091885 0.800248996 -0.584506709 0.085535335 -0.103136602 13.053859530 1.132334650 2.903681762 -0.773385114 9.157803598 4.127115677 0.727434004 2.373178296 -1.183961933 2.014816558 4.926869574 1.354956488 5.703259765 5.683400053 4.471872329 0.275904959 2.885434340 5.465827111 2.549281042 4.108755149
1.600148291 -24.761188162 -24.605182678 0.800456842 -0.562235603 -0.116412286 0.172070192 3.616611925 8.329345294 2.532449758 2.265100992 6.991993841 10.835692262 6.934613114 10.048786667 1.153151497 4.177830682 1.022585584 -0.629184602 3.776246325 4.123323265 0.727448805 8.081812627 1.604178313 0.279746243 8.778780864 0.977924784
15.379795422 -24.080415973 -23.508744283 0.949211193 -0.219788537 -0.197696615 0.107736524 5.743062112 2.757156296 7.372585080 8.345336169 1.911040294 -5.072825467 4.689368399 4.686053457 6.891286931 8.090280064 0.403593548 2.948238749 0.680956091 5.216775271 4.786852805 1.758375763 8.611098821 6.300159442 1.887893555 9.397717211
5.195034164 -26.888389314 -31.092991148 0.897103343 -0.403848858 0.013266693 -0.178705589 1.687397605 6.615299663 3.697219847 -1.463603409 0.224690494 6.318710594 1.806443078 2.054121980 6.112227634 6.029325925 3.352333143 3.408169550 8.546068684 4.219316421 4.604962488 3.675605538 0.021426490 7.909914452 9.823448184 4.083131065
0.017358947 -20.185109575 -20.186706053 0.973884970 -0.177930649 0.134768014 0.041549145 0.632827543 3.013510778 4.862296704 6.695237746 -0.544224092 4.268885471 1.885056594 5.851837787 7.978456171 5.669040180 6.402110741 0.411224719 -1.942747020 0.496422787 6.711319983 4.444426168 1.069346918 2.808452479 1.908604191 3.830777751
6.249629248 -25.976602484 -26.599178719 0.879844958 -0.210643412 -0.274525145 0.325788502 7.654164469 5.680794833 2.504610091 8.098341459 1.377084029 -0.472481957 4.272953783 5.490200621 4.568391306 7.192035486 -3.057858793 6.881224383 6.261125848 4.042769893 4.429731932 6.980030052 6.063023169 7.990064531 0.085102489 4.495801370
5.365984186 -20.440680381 -19.421355621 0.738887261 -0.636720818 0.100666641 -0.196210202 1.338463518 1.051346852 -1.363252564 10.689352261 3.964234666 -0.971235862 -1.280107578 1.536674523 4.450097990 4.342243067 -1.247187327 6.987527162 2.542990295 5.200047220 5.990284535 3.894569759 4.861822193 0.804936697 5.346554312 6.331337411
12.784471441 -27.127725004 -26.572009623 0.879994614 -0.118768191 -0.329798691 0.320525224 4.029077647 6.402904140 6.552500368 4.811089768 10.028937286 0.639671636 3.216976400 8.478997366 5.208235133 4.225642044 2.578961708 5.656886015 2.894281379 5.742483717 -1.652732644 5.965667227 5.707838341 2.680520920 5.811079620 2.831134355
6.338200423 -26.808136326 -20.062517793 0.816594656 -0.505127978 0.069746540 -0.270470542 0.999706295 2.724073047 2.530413112 -0.353442592 2.892128143 4.714413632 3.072153565 6.448127392 6.062036881 -1.318642920 4.762271216 7.034624981 5.221386355 10.131781292 0.854408440 1.983345920 -1.827639849 2.282405558 0.934820391 8.222682479
14.521067270 -21.464048909 -21.079655583 0.722093757 -0.679369902 -0.049598253 -0.120735895 4.138495711 -1.070146285 4.422782299 4.164636425 6.343668823 3.124497971 5.370568224 3.367796072 7.074862721 7.933388535 3.273697089 -0.908318439 6.286384994 0.610253999 2.436673029 1.549640393 5.298482620 6.683284989 1.915239310 2.064570612
10.345664878 -17.584348414 -30.373924629 0.976253596 0.070388721 -0.153716403 0.135445975 3.877533350 4.912754779 3.403878494 5.000577758 5.416443589 6.279533462 4.252928037 0.597797930 2.539717481 5.595657028 2.566610023 2.516083798 3.952693665 3.724986400 11.177481232 4.193484070 1.070426193 0.855061409 6.244594934 6.223512905
1.748320772 -17.042642824 -31.008804778 0.997387743 0.032382334 -0.062404704 0.016574925 3.077619709 3.917443126 5.781937805 4.383537195 8.137375742 6.308349724 4.483647387 3.895304260 6.389554145 1.825138877 3.327620666 2.012490064 3.338334695 6.111206295 4.332535474 1.250435858 7.435726360 3.317967517 8.097500883 6.578294682
8.241226760 -14.320166829 -24.249330732 0.812419950 -0.252931694 0.471872228 -0.230945847 -0.694694870 1.310106194 0.663050045 8.045773010 3.420140632 7.579172161 10.469643925 3.783638334 -4.129217850 0.406807503 2.811520506 -0.930497513 4.069690438 5.389010923 7.489342016 2.086116062 2.823242150 8.535757986 -0.798895533 7.089662324
1.355418865 -21.850837787 -26.933347206 0.764450599 -0.426457468 0.426447144 -0.227798468 6.395067132 2.591501438 2.839874324 8.597101804 0.869025346 7.453522463 5.470731933 6.521381714 1.713152455 4.416553888 -4.603175912 8.799400187 3.867403120 5.353785627 2.193511843 6.742365251 2.298260662 5.371187102 -3.782396294 6.928442267
-1.201470574 -18.113256439 -28.208597020 0.901626624 -0.390383045 -0.147240425 0.113977045 0.804121444 -0.351674477 2.870022195 0.015494303 1.341157396 8.723301255 -1.037630092 7.609967708 5.545542243 5.718805361 2.927843003 2.492220813 5.078141712 6.102130857 5.785831255 1.130385454 0.938863401 3.795182714 5.695906803 3.013967174
3.041524247 -21.425263151 -29.570250384 0.849892076 -0.521936545 -0.069718898 -0.020124047 3.914353998 0.893133690 4.306755221 3.072132287 4.098525550 8.109450650 1.781235759 5.809214764 4.582905621 1.030283596 5.339937122 -4.094842440 3.406399340 3.548385668 -0.713012604 5.995987618 4.745868187 2.258945000 5.918983408 3.580775493
14.814716961 -21.563330306 -20.545911234 0.746136404 -0.270119845 -0.266250555 -0.547198664 6.883857281 3.776036889 5.988723915 1.441647593 1.379170607 2.326963009 3.261795799 8.031708334 4.347353770 1.954432214 7.324763626 7.974317287 4.387161048 7.974412739 4.939354469 9.378505047 -1.298625936 2.382654429 -0.510475964 4.285882278
4.159615861 -18.249403517 -31.199432291 0.979067788 0.008560695 0.178761359 -0.096939963 5.519949109 6.206963609 5.671657341 1.793551389 1.578120242 6.788490745 1.101502548 3.057052754 -1.472042382 1.683876683 3.324533042 4.560258844 7.937821402 5.722240582 0.693203332 8.800029766 2.360990768 2.085741474 5.526946826 7.136826455
9.445649954 -18.148818478 -31.983543238 0.944601655 0.199494895 -0.232742551 0.117304755 5.290113888 4.622052521 9.500903133 2.722394281 3.742687563 3.355656737 -1.616247494 5.753893322 3.935615239 -0.221928669 3.245642527 2.412860265 4.817568332 2.513393563 0.024828774 8.007964168 4.211961700 3.165755958 4.248339649 2.897045603
1.907749830 -19.206516452 -16.196499331 0.750017395 -0.453060823 -0.114965199 0.467966666 4.061109955 6.275503063 1.914583378 1.347004378 2.979326769 2.844143937 5.438674756 0.271239872 5.908508654 -3.252218648 6.895166291 6.011417816 5.895871930 4.624243140 3.976569392 1.827208749 3.077796631 4.503223175 -1.694839046 9.571661426
2.360927766 -26.202435949 -19.052425312 0.748297293 -0.528852716 -0.027114660 -0.399538186 3.722956240 3.641923833 7.552685769 8.237297741 8.140654564 -1.064009940 1.958997864 3.516345036 1.429474049 2.886071373 3.731887822 2.759671874 7.760792308 5.236582162 5.975891604 3.215004851 5.820055485 3.287603314 8.623713296 1.892543245
0.026764848 -19.025706138 -27.388348532 0.937403045 -0.332496911 0.054646098 0.087949646 9.260186244 2.494760799 3.866368787 -1.945231307 1.040408571 1.741105870 6.980749318 4.298799332 5.238959778 -1.513751996 -1.142949904 0.402410811 4.395408173 7.611839763 5.901891666 3.704787703 5.859042537 5.402313696 4.068077914 6.230341586
6.881936922 -24.294953144 -19.257137563 0.796581073 -0.460756258 -0.127583941 -0.369979192 8.624244725 -0.464578047 8.552104875 6.355126913 9.497610164 2.242145048 5.475996857 8.147458370 3.675363347 3.945984609 4.246086492 5.224283339 12.048858002 5.779098147 1.325277843 4.002924231 9.195743983 6.610479745 3.652954093 4.231185811
14.004381707 -20.961477247 -28.756517444 0.746981216 -0.624387132 0.075640685 -0.215495379 0.194244785 2.259682876 7.224497722 -0.663753866 1.273925128 -0.539215677 2.932575113 2.532001364 3.636103690 4.464103787 4.903397976 4.774380936 7.112627199 6.457034391 1.685089509 8.956067566 4.959656000 0.355203436 2.055242229 4.591363261
5.435466971 -16.293481371 -24.080910217 0.940257725 0.000435072 0.293900143 -0.171866014 -3.446862517 5.287169844 3.943836974 3.609177246 6.873681943 4.288517241 4.318198503 0.829579450 2.159369382 1.003504422 7.222507608 1.221386996 7.464385258 1.423852472 9.300832540 3.698028946 8.726554248 5.539612344 6.848497858 1.804744758
13.076187800 -17.808601578 -32.115900640 0.892275002 -0.089382530 -0.395006015 0.199565359 7.131190308 0.701393216 4.881992616 1.537549918 4.432650393 9.950021827 2.104894098 3.809921703 6.426032834 7.526689229 5.282382244 2.333094848 2.977720847 6.640318446 4.174968746 -3.421112384 2.276376337 4.523329184 -0.935075011 4.174970457
8.695350594 -23.456910472 -21.142029954 0.758150024 -0.498491976 -0.411653254 -0.085181504 0.728086974 5.967237982 5.154122363 3.004611921 4.386688200 3.137428505 3.020272792 6.426095333 7.006631138 9.720234041 9.790648494 8.583468236 1.988269399 13.035969079 5.154132233 1.082956224 3.422974092 6.627036655 7.168372517 1.020823608
10.854662395 -16.137623551 -18.702845499 0.722821746 -0.516275082 -0.440440006 0.130389279 1.956854372 4.475948542 6.121543379 6.319744323 4.127997897 -0.231559541 5.049614299 7.362735706 7.550327512 -0.705050341 8.019840935 5.937358577 2.641256931 2.757688611 1.116907752 5.949173743 6.417652284 4.127257251 5.905776257 6.594945655
3.702021163 -20.069836736 -22.516391830 0.892888520 -0.265535470 -0.189060596 0.310639817 6.389365754 2.126557285 5.222419198 0.791900403 1.571711995 7.544417660 5.149638473 -1.373325297 0.563043153 1.473294747 0.725170040 7.126799734 -0.003754111 3.990943920 1.029219423 -3.850087860 4.706981782 4.194708033 2.075368621 3.289206126
4.929840992 -19.901649241 -23.129050508 0.744285828 -0.571132399 -0.283115528 -0.199228480 2.372179216 10.713894747 5.838602566 5.859954860 2.792954042 4.244207763 1.473062039 7.662368217 3.916671659 4.206581048 1.156701664 3.210933900 -1.132725818 6.260570406 3.088598241 1.767598352 4.825837873 -0.730528684 4.246462391 0.480765184
0.058317849 -15.681214576 -27.405003450 0.915164244 -0.226030792 0.321167617 -0.090751575 -0.879233367 -2.646969654 4.565939983 9.916860047 5.780680775 1.718727885 8.180942690 2.148457816 1.277938551 2.208388098 3.846374181 9.458810171 2.493237558 4.001613096 2.856376729 7.372732236 3.104379678 -0.178384305 6.246498470 2.146077170
7.902873994 -26.076751101 -22.581448209 0.968165883 -0.155484332 -0.117109386 0.157368478 5.887703276 5.082517556 6.078782762 2.133767733 3.848915506 4.447611957 4.563235831 6.861607689 4.325683874 1.862749547 2.411328037 3.974123976 3.710793692 5.542916459 5.845840464 6.919491691 0.904395514 3.974155711 2.175197637 3.696727254
3.254685860 -19.614769866 -28.262929220 0.995826978 -0.062301321 -0.047724611 0.046578280 2.491073727 -0.930370967 1.108200796 3.069346334 4.150270595 2.597968324 3.358094289 5.675714634 1.060597658 9.249684044 5.114732480 0.205446782 3.468861943 8.301892983 7.991082291 2.254681713 9.161286326 4.359008314 9.733168737 1.846422722
-1.810818774 -16.623186905 -23.024492042 0.995995741 -0.031064846 -0.058136850 0.060395083 7.934114065 3.766516114 7.083622749 8.357475250 3.662758826 6.127330868 -0.170354491 6.484648668 2.980246444 5.652974593 6.625462496 9.282725407 2.934116673 0.492334355 2.113481481 1.170520467 2.545931698 0.113893191 4.142512338 1.163855096
6.347570645 -20.141059888 -17.767633287 0.871878190 -0.399962708 -0.226923086 -0.168416646 5.642656141 5.717975716 -1.731077875 1.906760764 1.584506400 1.967955122 4.146754370 1.014577426 5.543422697 5.560532703 -1.011301679 6.094222812 3.118474342 -0.458650691 2.920446366 3.726917118 1.381545080 -1.075578044 3.432140476 7.911154391
10.312042504 -27.210260226 -24.201747319 0.730580471 -0.508765068 -0.180708315 -0.418036823 6.761809192 -1.544905264 2.157927236 3.511885842 3.821337840 1.540512542 4.375100342 6.065027081 2.615624859 5.158818464 -0.483841689 4.188711937 0.961577162 10.424201618 9.548045932 6.159778297 2.099051490 4.838547296 1.883474252 -1.015009119
13.333800855 -22.062868240 -20.996784513 0.845494217 -0.291382870 -0.249863266 0.371219477 11.397476033 4.090482415 7.659661607 4.992802916 1.458533860 5.514857061 1.432769971 5.940326945 0.461002798 3.741699314 -2.101176307 -0.795888978 -1.840151935 3.585242584 -0.100773320 2.677858647 5.477299274 8.146292008 6.121825558 0.813683316
-0.135471542 -25.815870609 -25.505965263 0.811773052 -0.552695238 -0.076628011 0.172280684 0.339121189 5.979366887 2.536780695 1.990778261 3.032739885 4.521805124 3.524612898 -1.687738518 3.062830536 0.854115668 0.041315817 -0.664485979 2.696636006 5.194546016 0.429698995 4.714881785 1.115360452 4.542464478 2.721083096 7.085895578
4.562929624 -16.335487605 -23.336851194 0.833187811 -0.294045204 0.451649779 -0.123886911 5.577641921 6.273341937 1.289886993 -0.128160138 2.456834214 8.451550845 9.058271638 2.323153083 0.077980944 3.538063783 4.975026062 2.265758357 1.183636184 2.383226071 4.917486346 3.990297825 2.456675210 4.880663157 2.234199214 7.500169202
10.775782873 -17.265627269 -23.300562125 0.888895568 -0.309837199 -0.329480451 0.072857468 -0.153165006 4.211285846 6.051281207 7.657371561 4.291656123 8.065048420 3.980480243 5.687679428 -1.746278525 5.521763793 5.133870505 3.873244138 3.964101301 6.615040146 -3.668065466 3.004472912 0.247003045 7.131261864 7.776248693 2.944574904
7.889448322 -14.028685130 -24.961814534 0.980799382 0.144381370 0.094098005 -0.091280657 2.159804427 5.274744304 4.190920291 3.320030871 3.081182193 9.036242633 6.255604237 1.953417279 8.351723928 -0.167968167 6.312670385 3.033402595 7.148072796 3.862567935 2.515744214 8.803742367 1.390869040 2.124912625 8.467842322 3.581133129
2.392058973 -17.035967309 -26.852705646 0.860982813 -0.047197386 -0.474516544 0.176960593 11.921509075 1.920594540 5.598767425 2.269428958 1.508650846 4.534974577 4.655194800 9.243733586 3.279078416 5.960142818 4.435554732 3.655076274 4.320189427 4.060440869 5.040245154 5.513028857 5.928406001 6.314055150 4.467974358 6.168997928
12.094408509 -17.392701226 -25.555301950 0.737293847 -0.659824310 0.109933324 -0.094574452 0.062458831 7.208539515 5.750283416 5.894943515 4.809445825 5.043779851 1.727098463 5.124849532 1.691171457 8.261071554 5.060509573 4.214388853 -1.545171919 4.396142172 2.271609981 9.057892382 5.404922495 5.146893967 1.221820037 9.255012706
-0.575613610 -20.416776944 -30.365152264 0.928282123 -0.352733832 0.081450885 -0.085069955 9.807975879 1.791492001 4.686861053 6.187067990 8.538429780 6.595349267 4.365500774 2.088140911 2.612655343 -0.476746223 0.218073327 -0.416813409 6.116357511 3.577805101 6.418617840 5.418287685 6.460301023 7.114138392 2.628409643 8.708838126
9.092384404 -11.711575957 -26.599700851 0.925883642 -0.016881596 -0.370678465 -0.071077205 1.230705799 -2.895003499 3.298281117 3.952600018 5.502297019 9.288870256 6.293375324 0.040672189 7.700992618 8.285470989 7.402210807 11.366759829 2.922857017 4.939645215 0.796174238 7.885258074 10.038176756 6.218457912 2.625216190 7.543793217
6.538881944 -22.453775375 -24.250363138 0.992001305 -0.112752115 -0.013989314 0.054997009 0.138861751 4.325387243 5.411625460 0.671038813 -0.323481309 5.774139145 6.282379775 4.018064220 4.806606794 8.257678831 6.356288912 1.256320124 4.057393860 2.721931588 5.091092987 0.751806214 5.315791465 1.351624053 5.450480523 8.204130811
0.553264767 -13.818215153 -20.365717634 0.776615507 -0.392873340 0.191998720 -0.453492430 4.736333834 6.954242842 0.087702975 5.971742848 6.107931844 -0.532921096 2.512284883 0.445287888 1.241649316 7.535043947 4.709316869 0.547554052 1.520096699 3.622182606 7.743386411 1.468234570 4.676357288 5.354402296 2.299756439 3.658209133
-0.527502865 -25.024651476 -27.397187672 0.897698320 -0.342655904 -0.037279467 0.274472037 4.400708379 4.029643576 2.120350914 2.632656311 4.735571768 5.424407816 5.867475948 3.582672555 1.663778649 1.633250620 4.390867746 6.629932487 6.986643572 7.069598112 10.198137692 0.170341919 8.924457053 4.567649318 5.342275129 5.101405750
-0.787525108 -20.592667084 -24.794629729 0.927819135 -0.346663983 0.071188698 0.117931778 6.832698323 4.752764146 8.837997794 2.478236995 -1.865566170 5.973472027 5.037211703 4.356060037 0.095488956 -0.173760733 10.591208948 -1.447424492 3.728668530 5.547788910 5.598056969 2.378134167 3.650216745 2.072239452 3.334393921 6.888989651
4.262265891 -26.063277080 -30.152119582 0.893109330 -0.392563582 0.068952814 -0.208554713 3.616948637 2.586842134 3.184797349 6.763415546 9.336100010 10.128998279 0.341600759 -1.824025120 5.689521929 2.835134983 0.978607744 3.484628924 0.449733328 4.489035360 6.574854664 4.557823724 0.807070911 6.887408640 1.345877719 4.097434623
7.900956733 -26.390389928 -20.922570444 0.779769328 -0.515863562 -0.257558577 -0.243942944 6.977655050 2.671896272 5.471284051 7.269007753 4.600481325 7.286292406 1.203924029 7.508009569 1.278659568 0.330248371 1.966452665 4.432295296 -2.949126617 3.035954142 5.964353061 3.227932663 -0.014896275 5.764483307 4.956001696 0.586697624
1.929594608 -22.062849510 -26.569645046 0.993550223 -0.084718568 -0.019174789 0.072890641 2.023095868 1.856172059 2.897600227 5.165257959 1.843026765 4.974381301 4.208292866 5.730218692 2.187183701 -2.381438389 -0.969165758 4.503645044 4.720854421 3.693931410 7.459980516 2.880052178 -0.326444704 1.774158339 5.476893931 -0.406469431
4.946447877 -12.831547342 -30.642148081 0.868527808 -0.458357367 -0.122682809 -0.143237214 9.390208531 -2.753498193 0.789367255 3.897393867 -0.972518580 10.498439054 8.359491278 4.419003392 8.432337284 3.395347015 2.131156254 3.376964557 2.565422454 1.773345619 -1.700157771 4.671747300 -3.528020622 -2.389166982 3.133681367 0.960872344
7.699606349 -23.347136655 -29.250651793 0.986983380 -0.061535854 0.110301262 -0.099552892 7.395008143 7.252520889 3.206599178 2.775702266 4.584341706 4.324594150 8.141161470 5.189146065 3.625028471 7.474025038 6.170931794 1.507725302 5.107423991 3.466856021 3.289143480 1.461208307 3.655076239 3.424160268 10.079678246 4.785759954
1.393308471 -11.725267572 -25.526019622 0.942461486 0.233348202 0.210187341 -0.114613460 -0.165524639 9.743139028 4.522715029 5.551834686 8.609581244 2.252033903 3.031864478 4.778777750 4.437765488 8.018345613 4.515303674 5.719503024 3.575828043 9.411993951 9.493816635 3.786529684 1.081995450 9.017810029 8.223370390 4.912253672
9.232261060 -16.283797243 -21.852452508 0.984733391 -0.111745977 -0.133351634 -0.005507082 4.661870036 3.366614053 1.456808444 5.339375209 6.513473555 8.287836712 4.921320726 0.361023221 6.794787206 6.163093080 6.222273212 1.261452280 7.442733680 9.327768346 4.423463207 3.923347254 6.553048719 -1.008266701 8.636458502 0.191190787
2.968388249 -20.733433152 -22.161695083 0.984771074 -0.120588677 -0.089671376 0.087426238 3.411272918 7.063558300 2.429093130 3.413917724 2.901796896 9.615688452 8.636766863 4.109432055 3.519353829 -0.700465934 0.151031535 6.000953386 3.078895451 4.879753188 -0.919405543 6.990563250 4.994711681 3.186345450 -4.412361600 3.516452887
12.550100659 -16.934021633 -22.382664621 0.943870800 -0.058525687 -0.241660580 0.217446134 1.369138893 -1.163557202 4.019692812 7.432333346 3.994743175 6.543370506 6.444321712 6.285888481 4.160209482 3.744152257 5.782969646 6.554525374 3.760241036 2.433664391 4.360592908 3.548259003 2.122738777 3.920430062 4.936362971 3.864857397
12.798215498 -12.617849132 -23.391239278 0.823578360 0.060913089 -0.557255898 0.086453137 4.351315203 6.383557974 5.259609993 1.411432127 5.048553268 4.814065916 5.708407261 0.579111164 4.513897050 -2.101731064 1.586699643 -0.386820645 3.974775039 0.548118252 10.671955729 1.553984452 -0.625026355 8.290031594 0.293609320 6.566366784
3.614220518 -13.720613097 -19.894787717 0.923380709 -0.007230802 0.301437447 -0.237594713 -2.968316792 8.076075786 3.385006864 6.185164182 5.854739721 4.420237960 4.140621753 2.490222285 5.020758270 3.768134970 6.178668676 2.653274902 4.774823074 -2.429948080 7.353755282 7.808716512 0.924085561 2.694694820 0.491775909 5.355993373
3.347780964 -24.533662337 -20.521111442 0.818414373 -0.502669829 -0.040969059 -0.275395159 0.437790769 2.153726539 5.317201111 7.656149032 3.627964633 7.471971069 0.274994632 11.094258723 4.793344923 3.760702675 4.254894647 2.891353906 4.603793822 9.157563797 6.279432285 5.927854628 5.594025862 2.695203349 1.605570265 0.827794173
10.409728756 -20.457818089 -29.772526423 0.988708248 0.110776662 -0.069566805 0.073109452 2.865730433 3.886973446 6.779366417 1.865641847 -1.046288787 0.784127362 1.459639899 11.307448538 8.906054138 2.826689954 1.854917764 8.152686552 1.697319570 2.632639925 7.187773195 3.868787247 5.900005955 -0.336262242 2.967274623 0.031872554
15.774610367 -18.096699909 -24.357028973 0.764446681 -0.453860309 -0.354876892 -0.289299990 1.978707684 4.756299856 7.467671214 5.544393163 6.114366139 7.001289786 3.899948222 0.624705000 5.161803106 4.448732447 8.983909966 8.079881635 1.277723523 6.107678109 -0.250594364 -4.390128572 3.295912735 -0.311322610 5.075071187 1.801143316
6.400370790 -25.859472251 -27.670437811 0.868996530 -0.399652984 0.042873921 -0.288590280 3.280447559 5.606412722 3.128425447 4.634128279 4.220283908 -0.381932467 -1.844165259 8.697343704 -0.737422678 2.004369574 1.901766165 9.389627756 -0.969473254 -1.631747196 2.167463402 1.168122775 2.852147329 2.828838182 1.574105127 2.416127861
8.052389318 -21.043452248 -33.948752466 0.975697762 -0.192219159 -0.101756956 -0.026668220 4.790595594 5.649038975 -1.598367606 0.910273796 7.865302910 4.475941588 4.062141972 2.607094118 0.750904690 2.526248361 4.164426133 1.607828784 2.869012605 6.984039627 9.475996213 2.776589328 7.093903924 3.169617234 4.178614616 0.905506444
6.609543921 -28.243702894 -26.736823760 0.874554258 -0.438019539 -0.164057213 0.127980325 6.720920097 3.647115823 7.994074943 2.583302913 3.597800488 2.446573533 3.465169394 4.219153055 2.918332768 3.628059681 5.096008052 8.083824614 5.221024381 -3.100252963 2.739174319 4.464349836 0.852820607 8.098392296 7.262245416 2.351594258
6.847260313 -16.259691441 -33.979299299 0.982472436 0.175284087 0.062410224 -0.011329843 4.093772862 1.133662771 5.413705484 6.879598070 -0.337793528 8.316534883 2.039287372 2.728354703 2.572709126 4.375756902 4.916637718 3.932319923 6.525139007 -2.077811098 0.697014815 2.839987563 5.652511244 9.364745655 2.456055037 -0.404024900
3.135682612 -12.602158884 -19.940583041 0.932130239 0.097695555 -0.342269491 0.066636258 3.818794762 4.918052275 5.980928265 4.627304470 5.434142579 9.080406243 5.059316240 1.766588078 1.072843313 4.733238086 3.044277229 2.151664859 -3.151171705 3.223922555 4.152214382 6.194945408 7.888719688 9.008842136 4.947627563 6.697796216
8.520022099 -19.945378269 -19.991801866 0.835040594 -0.258019735 -0.328918354 0.357695036 0.701825421 2.688771700 -1.400272405 5.284158842 4.124475723 6.616417340 -2.388822570 7.110931132 2.625159749 5.409489693 4.869692679 2.758806420 4.562789358 1.816567291 4.558174592 3.462129378 2.707500821 1.948781280 4.366777768 1.294340496
2.085162423 -22.805694734 -27.306495736 0.871488611 -0.462380645 0.099309353 0.129805208 2.864792968 2.738626889 8.913943791 -2.398111991 7.870777830 -3.430691786 4.795665466 3.936637552 9.091988934 0.696470119 2.043002866 2.831673733 9.349385661 -3.735192765 5.144254823 4.465301040 7.989627456 7.513587164 6.581810405 1.644636668
3.479409615 -26.734662180 -23.945190556 0.749755772 -0.395251485 0.359151999 -0.390707548 1.303088856 9.778530785 4.188398376 -0.949992673 3.745120043 6.554442838 4.496969377 3.565267577 4.471627992 4.675381620 1.541585805 8.032309945 5.732130658 6.631009517 1.038635244 4.997241485 4.440331177 -0.187073063 0.927834557 0.888662770
5.837587624 -16.268908397 -21.189524721 0.815746467 -0.426285756 0.337564080 -0.197202049 8.860839489 6.340549948 8.822551528 3.315900067 6.173731119 4.544404462 4.131959536 5.910144809 5.799260466 1.122421934 4.824246167 5.661565053 2.320742651 5.263140927 1.335804250 7.700775182 -0.050761620 4.736374330 2.883890936 2.000374136
10.458237943 -21.050956207 -21.983529456 0.826628848 -0.481417930 0.152767884 -0.248160225 1.851666255 4.356034321 2.431321786 3.010815224 5.925450688 2.433171717 3.990204540 -1.607563660 6.534096906 7.529848364 4.988329535 6.611360278 5.964279567 -0.139462064 3.978137046 -0.023457986 5.464126877 2.163056086 1.356258973 8.317930426
4.785576352 -13.634955378 -30.073742373 0.879561033 -0.403848755 0.245049095 0.056828804 3.433595527 3.229382800 2.544123270 1.162892558 2.433913511 0.984606274 5.456900703 6.627681647 -0.788403055 3.408449227 6.736508598 -2.914790042 1.584419216 2.838093112 0.923648149 7.986962547 4.310374090 5.404468053 4.737420567 -1.905795370
6.939858874 -20.354328546 -30.008623542 0.875214341 -0.016040879 -0.390983002 0.284385020 2.664254974 5.530630981 7.230811203 0.638433349 7.438487031 -0.403001102 0.625392655 0.743163319 2.347187970 -2.607181250 6.515341239 4.006749508 1.775499895 5.520661621 1.526047351 0.705326071 6.951259177 3.877139384 2.537477685 2.210151593
6.134558412 -13.533927707 -18.454568170 0.985887358 -0.082629398 0.125882060 -0.073158773 8.660220009 2.668119812 1.924877628 -1.137895694 3.458207245 5.365826045 4.080597903 6.696221883 3.842083997 -0.509674332 2.262217057 3.451222153 1.457066993 3.315045299 -0.741519083 2.489889990 -1.809503025 5.866685425 4.342430165 1.095904436
4.506253809 -27.427574654 -25.603229354 0.942305432 -0.197750972 -0.165197156 0.213693533 6.214328989 4.032361042 2.224844631 -0.814328718 8.463346728 -1.968249187 0.989985852 2.563726715 1.216879267 0.552803132 -2.366422267 0.207913205 4.432541393 6.444225214 0.266360695 4.862153502 2.868506786 6.650562595 0.000600574 5.733350723
1.833307078 -22.029802562 -17.187964653 0.755592993 -0.565246184 -0.082577502 -0.320557228 8.625650633 9.923044662 6.994420352 0.454836408 1.123542811 6.629435777 5.761072842 9.103339358 0.804758044 7.915274229 4.567161910 0.996803215 2.854340437 2.195581496 3.450260598 2.979952601 3.433793173 10.664496568 -2.290812615 5.826495040
4.817603729 -11.485679628 -26.685095529 0.977851600 -0.137564793 -0.125197916 0.095956540 6.759266093 2.928775261 -4.013372134 4.331569632 11.145220261 1.783920485 9.966666516 1.479549233 -0.875952909 8.529523024 5.721503108 1.773687349 10.081009730 5.037748332 1.329451434 2.032477403 3.013146673 4.285052776 5.734055014 1.059233527
9.703251312 -27.013871164 -21.545379186 0.940982203 -0.203449353 -0.106952246 0.248439271 8.271289843 6.904909767 0.714994195 5.400351334 1.448245192 6.348723841 2.250969043 -2.322513338 8.396539877 2.004373538 1.786302116 2.606468297 6.134804774 1.325840344 3.547796057 6.133263530 2.819138182 9.240380327 3.986548750 0.522366883
6.531484464 -10.512163837 -23.825295735 0.908666666 -0.311118099 -0.110463616 -0.255593834 5.384088327 5.477819953 1.767181139 5.504363185 2.487859588 3.815128775 2.750835458 4.007956261 0.889159536 0.449371373 -1.718307770 4.900567072 5.857377195 6.282289630 2.319892695 6.092143184 3.879184448 5.216986524 -0.190677023 5.907069112
5.343026541 -17.094870770 -20.235258540 0.727234053 -0.617249999 0.277792604 0.113861061 4.736426593 -0.417789864 4.515039243 3.367005620 2.061987237 4.396883916 -0.628289374 3.330285690 5.914179136 8.574671808 1.177515948 6.795117891 7.779827690 5.290985498 8.302746688 0.742583718 4.007048557 -0.432314658 7.713212441 5.571685524
2.789331011 -21.038343634 -24.722425335 0.962319998 -0.098350874 -0.174865700 0.183546489 8.453406265 -0.073425724 8.891016750 4.340078565 0.211108383 5.254531656 3.740518446 2.067676383 0.971479986 4.304440075 4.557612560 0.371389057 3.754474002 1.466947500 3.969367964 7.481293454 4.231806438 2.598566099 1.399125921 3.956819540
11.158352402 -12.963330763 -25.339993815 0.916163603 -0.303216202 0.219988052 -0.142511206 5.237324112 7.679030595 6.609002710 5.437545033 7.542508572 -2.508816808 3.921222140 -0.387139270 4.499213040 5.817186743 8.041372064 1.324019302 3.168494921 8.538244495 4.956804618 6.108161962 7.643321255 2.748750252 3.843220229 5.782492261
1.321547761 -23.496146664 -19.300975290 0.720186107 -0.633938094 0.016298544 -0.281405083 3.289589269 2.847828694 3.439959329 5.015750574 0.540730827 6.964691961 6.605340044 -0.737639710 3.164825412 3.302685818 4.036459317 7.717851463 4.336181751 4.777031069 8.194128527 4.171589921 4.859441166 3.943912559 8.795424591 5.780621106
12.759189147 -18.161862206 -21.855158281 0.778571069 -0.177134757 -0.508849260 0.321749591 5.552509391 3.392070067 2.224591908 6.443489089 -0.568585024 -0.084208781 5.384629676 4.905993381 1.954289622 -3.221241802 9.973940964 4.983133534 3.305410304 3.782707756 6.833664343 4.004705402 5.352899972 6.237071814 0.107891350 3.796742314
7.928866869 -25.510426895 -18.692150998 0.790961386 -0.319701124 -0.258625230 0.453083068 -2.913286475 2.022115430 -2.280287543 3.222249631 2.899824852 4.605111773 5.690564320 7.692175902 3.259416190 10.438990039 3.112299103 4.519583245 4.278644731 4.174633797 5.263604693 9.197543068 5.337509635 3.188311963 5.774198308 1.827887197
6.904066599 -17.548238677 -32.207552389 0.975423430 -0.214227495 -0.050031027 -0.012353482 0.513181250 9.353724766 3.631836424 3.689865234 9.009866898 4.094818788 2.536839232 4.166967080 2.228892322 1.835623681 5.567082060 9.974092324 6.382369838 -1.827371774 -0.267638750 8.537597543 9.894396934 7.816615741 6.640569914 12.016722322
9.524681834 -24.054467868 -26.515727229 0.893195456 -0.263773984 0.222879125 -0.288010519 9.399252119 3.244476646 1.699064911 2.515605758 6.661535546 4.504500564 5.283396956 3.147446797 1.090704774 5.587680235 5.970250107 0.172471796 3.064987551 7.522429507 3.221185829 6.512237385 7.519719673 6.666738940 2.996817782 6.804840318
10.978201475 -12.018392865 -25.525233945 0.893284855 -0.446853051 0.037686391 -0.030728736 1.247067334 3.412188765 7.152925874 5.263730064 3.751508309 6.284508982 4.753967866 3.768481315 0.031201317 0.754817797 3.270816215 1.852567963 4.564268612 -1.150748047 2.668361803 5.404532499 4.606746014 4.157680296 3.720426604 1.462254548
1.748411131 -21.975832138 -24.197510226 0.847939767 -0.459160515 0.261223520 0.043955035 3.737464927 1.634177981 -0.757984954 2.965997318 4.427740126 3.294263479 6.630615606 1.849880214 4.847283539 0.559565642 1.706677719 1.073915394 0.586665409 5.393844671 7.034003256 6.794295907 4.853380009 7.306456906 5.902426766 3.456957033
4.504942890 -25.607046132 -30.457865193 0.807782263 -0.565215936 0.164067894 0.033173604 2.798933611 4.982149332 1.808257867 5.647667055 2.351610972 0.767039611 6.173542153 3.025927239 1.275656012 4.109416530 10.471039762 1.394149129 6.815675369 7.209932026 1.976166965 1.730522425 1.726845687 2.680922952 1.938254868 4.414129929
7.694574375 -20.909550970 -29.093854726 0.941778853 -0.298870335 -0.147963933 -0.042846114 5.588259026 2.815972020 6.582136083 4.297304811 0.456782233 2.626660338 3.450073544 8.124404949 3.856777860 5.546937396 -1.192847160 6.998304107 3.644727352 1.611417562 -0.270693244 2.332564972 3.756927912 5.625145936 0.156058757 3.881807538
7.591451215 -12.182309690 -26.166967988 0.964598491 -0.014313777 -0.262776402 -0.017129802 0.163875005 3.427531791 -0.578553711 6.958975435 5.834219047 2.273470897 3.138827214 3.273534613 2.148219989 3.198073059 6.163252394 10.001921478 6.804886872 6.603094134 1.311509592 8.790852851 3.696430326 3.768137498 -2.709415979 1.712978626
6.337539160 -23.734766068 -16.937904030 0.732390763 -0.524239888 0.281231198 -0.331187746 7.388910619 4.084473520 3.893363712 1.414639595 3.526082548 -1.365836651 3.668452835 3.004984123 -0.546286151 -2.180468964 5.155160408 3.554629320 0.068745607 -0.781351208 5.484149888 8.584432263 2.856781628 5.527641111 2.449423655 -0.202770129
10.458972561 -25.817057337 -20.849865209 0.848690703 -0.437336943 -0.239879079 -0.175836620 1.992905218 -2.855189422 5.446928230 5.711056870 10.025520219 5.130796636 2.722152946 -1.163434246 7.951373438 2.142614795 8.158949772 7.526491136 1.450978529 0.853483974 7.820130605 5.734733066 2.742114037 0.677495923 8.049118039 6.661508539
5.611497530 -13.949622586 -20.154853199 0.783804288 -0.088514629 -0.614624931 -0.007224539 -0.644285250 2.378247250 10.429906277 4.470700491 5.615882073 4.230321659 5.854736087 7.021128784 4.991218997 3.689114079 5.992059284 7.062929151 -0.438599873 5.541877270 4.331818689 5.371442048 3.068431665 5.043331769 6.568575623 1.225933944
15.677885590 -22.239855365 -23.420054864 0.786839960 -0.429439657 -0.317796756 0.308981683 -1.289141294 5.399326054 6.981275210 2.165177890 2.418632052 -0.334319304 -0.409443308 6.449054418 6.517099417 6.885038282 2.521779558 -1.215900314 5.626090126 5.529887486 7.815443808 3.053433631 12.383929571 5.495324504 1.844981854 6.405277996
12.084468558 -27.270175614 -22.714744839 0.959239513 -0.221757292 -0.087406932 -0.151800161 1.666733607 0.494778251 0.712176010 5.581289258 -1.084073104 -0.007588317 3.412933886 2.330188971 4.463639428 6.988226039 7.506456021 7.332729914 10.553011797 1.618136062 1.112458583 4.237804230 8.127274589 1.423186977 0.056534997 6.503887320
11.450109672 -25.321340221 -29.536735066 0.761249232 -0.612503545 0.026459261 -0.211279248 6.475085457 5.038027480 1.441405022 4.195498318 8.390882232 2.083973875 -1.860978330 1.217523088 1.913014419 6.466145361 7.246962576 2.098901238 8.696354283 2.278541746 0.911778508 -1.804493962 -0.736912197 6.123152667 4.271134064 4.916194270
2.561601806 -20.395941691 -28.761683505 0.882231750 -0.280473063 0.353445857 -0.134454552 5.518862335 3.023940107 4.133426725 6.887270629 2.815989182 5.869576855 6.490113781 6.538665159 -2.102234912 4.095979042 3.003207187 3.030398811 7.465903881 7.471343292 -0.012800770 0.810501773 7.247207671 5.828943365 1.453132338 2.091010554
9.661873777 -11.416767496 -24.822548545 0.907328944 -0.406001928 0.041447892 -0.100988583 6.003659668 6.775168927 0.542627197 2.207809224 2.502928891 3.315914799 3.656551204 0.932584074 3.364290689 2.267379641 3.350118919 9.366585589 8.950870634 -0.131152308 3.875002582 1.595388007 4.590831535 2.244351096 5.328253003 -4.151291088
12.289580608 -17.450312277 -32.052607411 0.889160373 -0.248632200 -0.350430757 0.157398043 5.520937893 0.509727867 2.136912871 10.913395107 5.039084075 9.508681664 4.452893787 6.327650227 2.979022091 3.776071014 4.367556235 4.294527626 -1.395222030 3.577463653 0.065441123 4.245800889 0.607295489 4.914242820 0.281467651 -2.941664438
0.733005868 -18.260086813 -31.539274223 0.857048236 -0.315417489 -0.347797411 0.212172311 -3.033690311 5.971969678 1.838754401 8.385128559 7.252922383 5.788199434 5.010304318 -2.376513299 -0.668795190 4.509733949 1.244850963 3.286598374 0.982443986 2.000282418 7.479630162 0.880155207 2.635633806 8.394424261 5.860379220 5.682536292
12.232028880 -21.632614822 -24.362814873 0.852800222 -0.521686334 -0.021372734 -0.010879136 2.161859436 2.489166343 2.856974629 1.440673253 3.531191753 -0.632096480 5.240495829 6.242253681 6.232900173 6.814819196 1.488643905 5.652301750 6.700310914 1.118010145 -0.263048656 5.001770720 10.614676702 3.053136241 0.013539643 9.881659002
5.570115384 -22.382114653 -15.476639735 0.810892013 -0.559203813 -0.158804920 0.067277313 1.715941381 6.155952343 1.466316697 9.821337697 5.697583082 5.331016341 3.726553622 3.620295932 -3.115409335 6.067823166 3.653847536 3.485970443 1.323791064 8.413428498 7.557317618 1.405736964 2.373109028 2.830180389 0.698344953 -1.828868717
1.389293604 -11.676259180 -24.776488316 0.916522993 0.007703649 -0.339732684 0.210969099 6.931100968 8.395920635 2.168785237 1.820357598 3.381771643 1.947658334 4.595206037 7.223958034 3.076498586 4.260792163 5.073000007 3.636072741 -1.882750781 -0.840478403 0.226913967 6.100397845 9.640879772 10.441617501 4.023817882 2.409971947
2.221813733 -16.404473952 -22.789030897 0.802733479 -0.588992664 -0.093174936 -0.005003469 2.562474649 1.046186610 4.174962719 1.291356375 7.186256362 7.247877639 8.033669945 3.003084307 0.718424802 5.613816990 6.175846567 2.741185797 2.855421363 4.413094100 6.062817841 4.404501250 1.444571779 -1.285133530 5.012740163 2.589449582
14.667237223 -22.752480804 -27.270202375 0.713855533 -0.658080459 0.081787235 -0.225058296 8.346008110 7.614575348 4.635313380 1.175797205 3.594741265 5.582365907 4.308754711 5.668734709 1.520919416 2.516856680 3.430887169 4.038367063 3.691607484 -1.186672973 9.855413110 5.120589284 4.438233873 2.712302756 2.685425305 8.114474335
5.413348145 -26.359612053 -24.723454937 0.829456971 -0.387372050 0.072975670 -0.395750655 2.234189807 6.898755510 2.146700531 0.674971117 2.689023390 -2.843962218 5.539393556 -2.825611483 -2.241514645 6.168779085 3.774886975 7.680799641 2.074408225 1.992097636 5.261899852 7.404444415 3.949058073 1.046969203 3.809117423 -1.223323601
2.462723888 -25.973647330 -28.016925357 0.912491959 -0.399766677 -0.035765521 -0.079157160 2.264194988 0.985507304 5.441125999 -3.428330770 3.890672256 2.236821082 2.653146946 3.559758483 2.422161285 4.453064071 5.996225237 3.857531027 1.046766160 8.941842938 12.452016083 1.862790271 3.882322704 -1.063418221 3.337635977 -1.485482492
3.129670728 -22.841376540 -25.163613136 0.840338071 -0.340627343 0.139592714 -0.397892967 8.332742766 4.195631139 3.713063849 2.608579327 4.119376963 4.740734998 5.956244297 4.611756622 1.766262941 5.876021902 -2.560945468 1.954271464 4.543723916 0.854849315 0.829932860 6.619911753 3.284790022 3.487352457 3.527513264 6.355568286
5.115858665 -11.735508965 -24.094623495 0.995079876 0.005413751 -0.085140631 0.050376625 1.143148654 -4.317083234 6.398120323 5.034004637 -1.011599177 5.006163112 3.125718420 3.791387710 7.683345047 -2.871281488 6.649635064 5.441975659 4.821338528 2.093542814 2.900746862 5.066254894 1.360063850 0.838321371 7.674551936 1.739231076
12.083917759 -22.032404812 -26.901374047 0.949438593 -0.201010546 0.133314310 -0.200968687 5.337108754 4.280627947 2.261789081 5.520517155 -2.928265459 2.440217863 5.929789871 4.003261704 2.226579630 8.272523414 5.832202950 5.725335105 2.595291244 2.461425146 -1.261936944 3.357689385 3.130260994 7.074090498 4.433614344 5.941867269
8.008793197 -14.706383619 -25.109937927 0.740918421 -0.171680767 -0.559366849 0.329657907 7.618350383 0.501684688 2.941970699 4.318926290 7.071442040 8.186777840 0.595666823 4.892690381 5.289869402 8.660052224 4.495632889 3.094668332 5.800115144 -2.984323180 9.195308964 6.752903486 6.619749003 2.816983695 3.119688598 4.588727527
-0.767554753 -19.721924085 -30.070916603 0.883434052 -0.426417504 0.139485121 0.135115834 4.104291620 7.541995822 2.384673751 -0.318885346 1.167543490 -1.041379011 4.978259550 2.157511616 4.600492023 5.565146778 3.419254808 2.174255253 6.656041823 5.885117150 1.404607154 1.991719922 1.140397291 5.431729564 4.757646794 1.056829272
11.249590212 -24.854902159 -28.108412748 0.811792962 -0.338328236 0.303955517 -0.366247505 8.426763005 3.487528442 10.568784026 10.510818466 4.232104860 4.176768631 4.409299962 6.065550319 6.619604393 -0.625395634 -1.235366408 2.107160252 7.340366959 8.150793302 4.841468494 7.402605198 6.543047465 -2.533323949 2.616505090 4.998974534
2.941146498 -23.894606479 -17.706639635 0.734025626 -0.602226436 -0.113757970 -0.292555676 3.234426115 4.434500568 5.368352990 9.711117498 3.101666436 10.113640348 4.740255295 5.526843223 7.348073091 -2.181591525 5.952549724 1.428764351 5.624115827 6.776182251 1.969651225 6.831015923 5.795054110 0.153625930 5.936671882 6.387685070
11.402382309 -16.769422877 -28.570077609 0.945162890 -0.044099863 0.259948867 -0.192740498 1.390142673 2.361131330 3.533795559 5.421997597 1.143422283 9.487735194 -0.127206186 1.715836555 4.681781365 6.143029570 9.150101129 5.910416232 -0.105748533 4.112429707 2.988559758 2.955050602 4.390455198 4.566304740 1.761120850 4.181148320
5.699710343 -9.957222870 -23.695581848 0.876618249 -0.393704438 0.248349471 0.121900781 3.873281158 5.872493226 7.111487251 0.623597927 4.222426495 0.488499854 1.638068738 6.675984856 3.709160151 7.264107060 7.980480751 4.683290218 -1.764877377 -2.442761611 -1.132898638 -0.234650953 7.101470526 6.208351845 4.742969897 3.167621964
2.639330108 -20.377547716 -22.745381915 0.975191865 -0.030996068 -0.166886193 0.142088243 8.332301924 3.323953739 5.280543879 1.666800564 4.047707466 8.104670056 2.455236814 6.554907451 5.969435849 2.583249631 3.654085049 -2.006785987 -0.451025421 8.033042865 5.621248437 4.881946815 2.305908183 2.420330662 6.568813293 5.963510420
11.902850134 -18.115624298 -27.125802522 0.845265392 -0.503310600 -0.111098660 -0.140932413 -0.102312156 3.375024524 4.617314535 -0.044281623 1.596904620 -0.186655658 3.166692175 -2.783984254 3.376979305 4.413006735 4.544918508 6.827559564 7.657887778 4.430310418 6.802750422 8.285317607 2.860647778 6.956276470 1.623271725 5.825714389
9.795791918 -19.660737661 -19.445753307 0.750717124 -0.647252425 -0.019054066 0.130862681 7.653239325 0.988897000 7.837718391 4.979836462 3.868492130 3.546620602 2.038428943 0.229786123 5.360712449 2.439311352 5.748980298 6.667789765 6.045656634 4.555670389 3.749612591 -1.043668438 1.638039002 7.018872166 6.994972256 8.451284250
4.714465972 -28.607873833 -25.722968979 0.978529823 -0.198432566 -0.055701445 0.001118567 5.770900995 2.971812191 -0.641939464 0.221992221 7.734539591 9.082173667 0.034486608 0.017303786 1.154332917 6.409357205 0.327587794 5.914806189 7.671071767 11.251534544 -4.313377076 8.263483083 4.470465848 5.939094321 4.508847235 4.641331336
8.548295031 -20.991316601 -28.368516287 0.896252124 -0.235822263 0.297574138 -0.229280663 2.397941595 4.707750963 5.411421403 4.982379515 6.550173365 3.285480772 6.009742437 1.580216480 0.262595158 9.053274467 1.007654366 4.263948777 5.474332716 3.880512681 2.186119660 2.761514185 4.008943218 7.373695757 6.556553978 5.524976905
0.316697690 -18.723154095 -24.828046963 0.757442740 -0.644169033 -0.105993673 -0.009596549 2.997616775 3.545938997 4.319005315 3.027953821 0.942072805 2.200845183 2.506114120 -1.495722077 2.938146319 3.853235510 9.135855144 3.820794171 6.054030972 5.578928694 0.172048442 0.132790728 4.612796719 2.921406765 0.915593757 1.813733377
11.458363538 -24.876611954 -19.991711763 0.849028641 -0.525372131 -0.042218644 0.036770603 3.390026484 5.817659897 0.994895375 2.440069656 3.877270709 4.817902869 3.378141620 -4.677866035 4.992018596 -0.837051153 4.974665089 0.208404681 5.506746386 0.291752652 2.959479315 3.608328210 -0.026982078 4.951026707 3.083798494 4.994687763
8.876465170 -15.585532212 -28.441931854 0.753901957 -0.300130401 -0.558382440 0.172518496 -3.671060399 5.347641292 5.115781294 -3.395271579 5.390193960 7.359516641 0.931314793 2.113115062 7.235427050 3.532868455 8.411024584 7.399987488 6.985034362 2.013096624 2.885186011 0.774794325 -1.145485024 1.102366709 4.946444321 4.431356163
10.208345247 -22.752132561 -26.851241420 0.965073867 -0.074244398 -0.177745882 0.177557320 1.607376658 8.572588326 -0.925518949 2.982767499 7.008190159 6.779324381 5.939715496 8.706556964 8.686366803 7.637982238 4.196189206 3.108419578 2.523663722 4.154311479 4.721271504 2.052480527 7.218299361 5.060172448 5.206311267 0.295317289
8.594896331 -23.508312628 -33.394523604 0.739004957 -0.632493803 0.219377402 -0.075477271 3.857700502 6.594038870 6.721556203 -0.871811513 7.919130793 0.668625730 6.235878454 3.172077465 -3.753993736 4.896765708 2.606750255 2.323583887 0.079052994 0.230497024 9.221815041 1.579831276 4.285718019 1.752402125 2.253948423 4.300290697
5.470339795 -23.383139795 -18.847886184 0.741140361 -0.373604910 -0.299733195 0.470415081 5.555805027 7.697728250 5.859279785 8.339240604 6.204815773 4.210935766 -1.131097107 7.643059369 3.297192727 3.425205700 4.922152212 1.982128386 -0.397554549 5.899405603 -0.550544972 6.968538407 0.743027884 3.859679457 6.358048452 3.294531504
4.439421490 -23.340584826 -24.736026516 0.889594522 -0.227680558 -0.206292814 0.337974000 5.120871710 7.223560333 1.571461180 2.354539976 1.771157718 2.064281401 5.425511780 0.547456588 2.127965323 2.792566519 2.275636540 4.421973006 0.658272644 7.507812955 3.548573265 5.134537405 3.259157628 4.253048879 1.856358816 1.951082993
8.611300693 -17.625366345 -31.231051536 0.893992073 -0.363622846 0.233952593 -0.117570336 -1.674884972 3.082314394 4.503229963 5.575236720 1.952179150 2.628227545 2.997308746 5.071802393 4.512277243 2.810092795 5.947837105 3.708811634 7.617965193 2.571173157 7.037802604 -0.361077529 8.522080889 8.018163742 -1.627661744 5.764750818
-0.514572528 -17.521970620 -28.070700870 0.872970573 0.093270156 0.445383909 -0.175659413 8.850805218 0.867550077 5.178937428 6.117411006 3.122953428 2.363496473 0.162798059 3.252867005 4.685323297 4.066702577 0.789551889 7.298141999 3.695922912 0.916823437 0.066578686 6.634640045 2.757581909 12.794189403 5.941573127 5.980794848
7.476563434 -13.183440950 -26.375765271 0.932666176 0.196571014 -0.210289142 0.217421521 0.987179945 1.745537137 4.954254946 4.853447311 2.838230401 -0.867169223 4.219442330 1.650454368 4.327542803 5.443309854 2.852496321 3.487763819 1.623151722 3.003529602 7.900618476 1.647287708 4.173342929 8.316624523 8.068144961 1.139909264
11.796414253 -14.153886685 -23.645632356 0.922610343 -0.240354782 -0.017935662 -0.301161162 4.838881669 4.407031069 5.272657355 1.008525422 1.539961662 1.072802456 2.056927112 2.080223830 7.728421721 -0.244159643 -0.617341665 -2.730278266 7.557712936 2.876018947 7.225373552 -0.609537673 1.538660701 9.906885549 0.674064506 6.387589331
1.051044340 -20.256228044 -31.381455176 0.741644299 -0.633138085 0.095040691 -0.200167845 2.472286387 1.386383664 2.849547027 -2.052899786 9.703242984 6.796449980 1.240407888 3.351043304 0.689947334 0.233482603 6.194804078 2.444765606 -2.311605611 0.950575517 3.144422953 0.634432859 9.146256560 7.147651597 4.668264362 0.595907236
11.385614497 -17.027156216 -32.717031479 0.931194095 0.000206322 -0.280055797 0.233337237 4.388226396 1.949395185 2.358556460 4.692821274 1.264949252 -0.018316842 7.298393538 3.247723483 10.626670031 1.197413149 8.495285031 3.474901047 9.297433778 0.292200023 3.323247472 5.432468748 5.806394514 3.693847719 1.126455401 -0.672780421
6.759361514 -19.951573660 -32.244087002 0.854903749 -0.329272231 0.363705525 -0.168634720 0.801034740 3.586742216 -1.746089496 4.574233222 3.796895953 -0.719495629 3.173200302 10.099654873 1.929800968 5.312052771 4.838597113 3.741088374 3.743383163 0.508629606 5.371581473 -1.004190250 3.536702229 3.270717080 4.577288148 5.862996496
1.654518226 -21.970415741 -26.018787850 0.764777536 -0.630241477 0.033982332 0.129445752 -0.608239998 6.993888848 2.183973805 3.240498993 8.061640986 2.256348161 4.854003839 2.575933018 5.079358491 6.700694147 2.167385213 -0.701962908 0.767132854 -0.606411467 4.296338783 2.717966067 3.267840746 5.883403075 3.068414098 3.423730051
-1.625332977 -23.052437661 -27.782253399 0.774641916 -0.431934857 0.449548261 -0.106153396 4.409032834 4.099970250 -0.669269993 -0.690092420 4.542468318 1.771058200 5.667812041 5.232516285 5.313908552 3.762179221 7.283326329 3.367916827 7.254203540 -0.979572973 5.672163442 7.097842424 4.463613041 5.660555709 -0.632138913 5.521585067
5.105424828 -24.246247073 -30.225521899 0.797627356 -0.579236197 0.165510349 0.029704440 3.000049276 8.855692841 2.535349007 3.966620680 5.364476069 7.767207612 3.672945722 1.998685724 4.969802130 5.921016212 4.203351636 6.691151356 3.056893297 11.949719262 3.321363443 6.689535315 1.766159853 1.566042654 7.813398999 4.100841644
6.241452449 -28.286980035 -23.499467491 0.923046570 -0.238825516 -0.180093247 0.241896311 5.453440493 6.151824018 3.447393541 5.310964837 2.788368476 1.214153291 -1.688913282 3.944498570 3.237503085 3.386996589 4.172691197 5.512983627 5.477660386 10.821379530 5.004544952 4.978763673 4.710855451 -1.473788917 6.351955657 8.042350745
13.484818690 -13.268592445 -22.387058183 0.902394255 -0.302217608 -0.238885501 -0.193087654 4.123133413 4.523943774 5.858501998 5.253804221 6.770352740 5.721721887 3.150702050 4.334285431 4.502220264 1.895983013 2.665844314 -0.503785536 3.538948081 2.479598067 4.332093177 10.132945776 5.802280834 4.888888472 2.991113363 3.089984184
6.345229749 -16.473539053 -15.299239764 0.835898181 -0.483151021 0.224673260 -0.131762087 4.891245933 3.761016436 6.140401216 3.708987459 -0.913072694 3.966760271 1.779758940 3.337151811 4.072975998 5.250050869 8.305203032 5.893498920 9.117611517 5.257108672 7.765675791 -1.878975161 3.390725560 2.361228170 8.287385474 -1.041987591
11.625476241 -26.506160904 -21.232436200 0.781830138 -0.529426818 -0.183459815 -0.273480122 2.290303064 2.213340546 3.758726517 2.889820367 2.149777147 0.275234593 3.637032003 5.148352109 1.965125838 1.996378480 4.322928741 -1.464509023 4.358352710 5.541101587 4.362656750 7.069537872 2.777232478 6.950812790 3.105618913 4.589804561
13.784370006 -17.660858153 -25.062796208 0.770688958 -0.355036281 -0.521002769 -0.092433127 9.827025285 3.590293899 4.479743964 3.025880510 2.878940023 6.232146195 0.572284752 1.837171269 8.161985352 4.200912339 5.761633741 2.739410239 4.135010863 5.027766732 3.347766300 5.576203398 1.965587282 8.507622924 1.093417577 5.616595353
11.811005036 -20.083429534 -26.574246925 0.880943724 -0.392484232 0.176883183 -0.196485681 7.734903459 7.151133195 1.539074700 4.531749332 3.427039538 3.845505054 5.946035830 0.577267385 0.310891131 4.728631007 6.352120825 6.246988473 4.634422742 4.528047391 7.064950346 -0.752173047 3.026375074 1.969682688 1.820783341 6.396383795
10.788621708 -11.759483008 -25.498740475 0.964309122 0.155210063 -0.089874741 0.194782661 0.746547801 9.503854391 6.231830490 12.419390373 5.170574266 6.849375399 -3.292714276 6.136237784 -1.408252700 1.651693630 3.575976116 6.361452017 5.609511445 7.867647430 2.208026569 1.266925690 5.306166070 6.920799027 7.263753219 5.074649246
2.775012626 -18.869210126 -31.646095323 0.858858069 -0.329760556 0.365745840 -0.140892775 6.054901286 8.120235532 3.010634504 4.368654576 6.704244780 2.061387711 7.207471248 -4.215636472 7.879398912 6.041747345 0.454528342 2.096770233 2.081716020 7.140323251 4.536739023 3.553323572 2.821280533 -0.460589549 2.152535047 3.643218253
9.483281938 -19.765949133 -28.908708591 0.757463220 -0.599915699 -0.221028704 -0.132275985 1.335788332 0.375779686 3.275523930 8.292410807 -0.883585019 3.762356555 4.500486772 4.213019734 -0.344064452 6.766706823 4.232020852 2.862108478 5.489101779 -1.209858271 6.292307420 2.292774832 0.179113661 7.070946237 9.088967113 1.161372850
5.668992220 -17.556089225 -33.089241042 0.987341737 -0.118026302 0.098861142 -0.038112468 3.124072826 8.106918583 0.542659511 3.345073298 3.559448124 -0.654898658 3.167148441 6.831772892 6.784282346 4.198139549 1.603768393 8.965049143 3.096783942 6.797715854 7.684313224 4.927847687 3.516163889 0.791749730 3.712450154 2.673399521
9.658907994 -19.445997422 -30.958015044 0.928254032 -0.231478631 0.117299950 -0.266463539 -0.755109537 7.436122016 0.870958129 0.895710966 6.259369815 4.809871946 4.328139607 5.138316286 3.132908242 6.673896667 -1.618909208 6.820804070 1.554816436 6.378242751 -0.467950760 7.270133249 4.169447740 3.543267706 3.967060058 6.928515747
13.318265811 -21.670766202 -25.661085779 0.931572265 -0.114006218 -0.230318164 0.257156062 2.408154263 10.701587806 4.150164326 0.630218936 1.636274506 1.389165800 1.133338903 4.832914920 0.074065147 -1.474312358 -2.518746948 6.995993653 8.995642883 6.672309509 5.091672298 4.482536020 5.559500620 3.364425856 5.089793042 2.716484684
11.037744429 -18.878516049 -26.984521424 0.903616438 -0.428122560 -0.011334469 -0.007741837 4.509862343 3.210176807 8.337710164 8.777128140 7.688577956 3.804325850 6.326838867 5.742551424 6.784126636 0.609496560 3.894217724 0.851598103 3.441534611 6.321908950 8.630597172 4.641006759 6.566937012 1.723192294 1.067675018 3.293613075
8.448524877 -21.296521320 -30.505690830 0.877012074 -0.095403595 -0.363177553 0.299749964 9.035747896 1.529273829 0.395792621 -0.610955614 4.495782057 4.425640935 2.705165085 1.970382600 6.588740729 -1.655891424 4.610781172 -1.895605217 5.444086539 5.294071680 1.471833415 4.380004670 3.637683539 2.290394997 2.464731000 7.757230643
2.777124097 -19.040242819 -20.463442872 0.892883708 -0.390306929 0.175045478 0.140635225 5.019948866 2.362510936 8.523469523 3.404420754 -0.454960212 3.098692083 1.384298474 9.846284586 7.885345572 4.175563898 7.023000355 2.217697676 0.957300715 6.404219782 -2.233722831 0.149842385 5.287281289 2.290575281 -0.251027965 1.117393849
5.248879879 -11.495030687 -23.403918005 0.932250235 0.285956663 -0.190573766 -0.113225114 6.233690446 7.947789426 3.067127535 1.203815661 2.855964925 -0.469321524 3.198130347 4.598272279 3.839819592 2.275525017 7.082576087 4.779673696 3.031346986 1.866806005 -0.324514201 7.387446770 3.404201523 6.108492278 5.676472828 7.235879019
0.969143514 -26.889078806 -24.820657284 0.870642942 -0.382044970 -0.014290338 0.309545302 4.861607134 1.178395899 7.666799672 3.522312975 8.839121983 4.416897188 8.607766217 2.460634746 1.562760495 6.378533342 6.778083176 1.328129155 6.313197268 2.124708715 2.802386056 3.931914429 3.242430454 6.817386996 -2.155297549 5.426112853
13.575667076 -20.396057862 -24.008503516 0.932656710 -0.026731927 -0.271247948 0.236350197 11.269789231 0.833903576 9.906400105 3.585205535 5.789744249 5.952798307 1.170436515 5.091767319 5.112566621 4.510488109 3.503197409 6.524967280 9.543965272 6.518159338 6.234550083 8.483845975 4.856644772 5.449530874 2.892956112 9.981701022
16.534418805 -21.602482440 -23.449245393 0.934405791 -0.345971011 -0.053963687 -0.065404878 6.932577193 3.379784380 8.973331375 5.921612477 6.522089772 6.160628768 8.467525181 10.616664271 10.767997262 0.642977120 -3.285108599 0.093794628 0.791862063 2.637730935 5.993909314 4.343622324 3.800781993 4.341024800 2.979515155 5.107652653
10.421494413 -16.637157255 -23.872684853 0.855025837 -0.489160546 -0.106071856 -0.135652274 5.077488342 1.791361329 9.356505235 7.129050487 4.014819008 0.956000153 6.727180697 3.204485726 9.226191666 3.216541789 5.583156774 3.067678531 3.204138138 7.302117450 3.605433303 1.510084088 2.747632930 4.336777307 1.282484352 4.190806945
4.888132920 -23.243985442 -25.495717538 0.760273143 -0.634200542 0.102149967 -0.096642663 6.921151214 7.246590711 5.964607097 3.726905308 -0.805949237 6.424244903 2.667782128 -3.306776151 5.289846487 1.642141902 6.914032068 1.762209871 1.284440718 3.324193125 4.512030065 7.813807378 0.240945383 2.620109548 0.713946007 5.793774010
6.597977194 -19.612820178 -19.267941453 0.719616451 -0.556932118 -0.387426057 0.147918321 2.087943470 -0.185596614 5.893752430 4.270893144 4.405650086 7.089887724 0.611894036 0.909362050 2.482710663 8.431443503 8.863623366 4.264580008 -0.475083368 9.204742762 10.638969744 3.108972804 2.041068778 0.529325666 3.264248653 0.282923990
16.500557314 -18.397659555 -23.074275797 0.791150273 -0.374306859 -0.474185599 -0.095517740 5.765440440 -0.653181015 8.261003051 6.577141710 6.764165741 1.125631660 5.327006147 5.279211660 6.609277740 2.711984934 4.302562881 3.550681450 4.919974805 1.509374875 5.153544842 5.465078923 6.574057260 4.496882458 5.897945824 1.695700199
6.472509996 -11.025518061 -29.239493582 0.968254776 -0.009009676 -0.245338702 -0.047015262 -0.221747020 1.062729330 7.709228495 0.365573691 0.529183822 3.710266794 3.817339276 3.925726335 2.260098826 3.987735565 0.935938055 3.491253481 10.452631800 1.734897448 0.117868113 4.202570340 2.621408563 2.158488800 11.681046451 -0.496768382
0.579689019 -19.286695501 -30.371715006 0.750584984 -0.644888617 0.101462615 -0.102206609 3.271823356 6.946309375 4.193809496 2.313220473 5.572153297 4.587438429 -1.679981194 6.143482952 7.985012842 4.396208215 6.130875824 2.123262284 0.312935120 -1.513584071 3.119286119 2.636245408 4.251327168 6.809811412 7.927340158 1.281384658
