-3.562996202 -5.477265217 -28.969269190 0.987914067 -0.144458767 -0.035236903 0.043770107 2.228327983 6.275697372 4.342474559 3.394286490 2.165639635 4.594770568 2.286791065 7.130950730 -0.599843790 -0.731782752 1.430698593 4.295338878 0.134799159 4.044383941 5.265627385 7.773931767 3.219702866 7.511128284 5.534002276 3.860994687
-8.903741066 4.115013150 -22.976125750 0.764248203 0.174954494 0.568208280 0.249909905 6.232615998 1.929156013 3.367987446 5.661726196 7.262013859 -0.094732284 3.289334458 4.719744816 5.095470088 6.857427700 4.418202767 2.089095414 3.415644423 4.360310515 5.106292324 8.859029383 5.957868545 2.630067871 1.343410620 1.569228835
2.352016223 5.963480088 -20.869918934 0.784713888 0.380907345 -0.337341508 -0.354026010 6.785546385 4.332163774 3.577224172 8.268409847 5.536938437 2.638487739 4.254955859 0.193050852 3.552389437 6.988987342 6.673535690 9.635742173 3.196148396 0.959728769 1.416788881 6.534715145 3.677452667 6.944055508 1.554445957 7.896870386
3.833516576 2.951771043 -35.383308868 0.852336127 0.239449772 0.382536776 0.264296327 7.215894605 7.344398254 4.515090402 6.421592360 2.668895026 5.880153122 5.911630199 3.316743639 -2.486894853 4.074848702 6.874504739 2.055736965 7.252168168 -1.813373234 6.852027599 3.829363059 4.740983907 -0.037691364 -0.809655654 0.807102854
-6.107177938 -6.602636720 -27.781375009 0.844239362 -0.209047516 0.295243670 0.395462022 -1.299400344 7.805002146 5.832748862 3.094055386 -1.341716994 9.434695215 4.866639829 3.846922858 8.297299790 5.140500749 4.609194115 4.601469930 -0.239769131 10.377774901 7.434903782 4.483685334 0.849930185 7.861432623 4.072951201 10.364126124
0.341402671 1.304568911 -30.896950789 0.978212191 0.160504555 0.128935386 0.026736912 -0.825417939 4.583546302 7.367125845 3.814390412 8.902958677 5.868824042 4.008478324 4.663786853 7.582850771 3.108861596 5.889613389 2.274390231 4.318865951 -0.333454634 2.061200906 6.368173173 0.485862216 3.763082522 1.844649007 6.363770794
6.834243802 5.827675115 -25.770789570 0.922140962 0.338762773 -0.042814303 0.181831698 6.043067221 0.376217624 5.288704017 4.745817806 9.602356903 4.742337676 3.316512167 3.731637703 6.128292172 1.511843169 4.637363284 3.917602657 4.573863133 0.913086524 -0.942142295 2.657059020 0.676249302 4.437546663 6.146758962 3.219058793
4.224062748 3.300042480 -31.718258078 0.987058986 0.086829292 0.120118086 0.061211749 2.770970207 6.367750510 1.022025663 9.884298175 3.973914970 2.507239700 7.967187026 7.267665180 -1.224365760 2.809244952 3.301224961 5.944516774 0.060466606 6.334036013 7.984357393 1.237175750 3.377876001 8.400778993 3.888500272 5.887587958
2.936841704 0.460835011 -20.141613560 0.853844054 0.488948917 0.131805099 -0.120443776 2.828232606 1.941957877 0.906368792 2.676233446 3.680940846 8.418963206 4.936341667 -1.472234277 -0.306742547 5.986158250 -1.041305708 5.107382899 0.591228621 0.324174197 4.459976664 10.000789944 3.332425202 1.889129599 6.355680373 5.662417097
-4.504503533 5.295803650 -35.175702917 0.957768861 0.216317564 -0.049870481 -0.182752442 -0.885028062 5.805407565 1.677191452 9.666108193 8.227590096 1.628745285 -0.481221727 -3.075450075 3.418419982 6.350186730 1.533129048 2.400063844 9.463986329 2.535619665 3.556024842 0.735216324 5.936029462 1.062365455 5.383133867 3.790929062
-0.066276814 -4.393495917 -35.383356832 0.995944668 -0.080390248 0.037266913 0.015582135 3.250369725 3.208761612 15.600895583 -2.346430406 0.790588938 3.341084850 8.769500360 2.221722659 0.847364251 1.923412996 3.148082758 7.598434092 4.354681293 12.033079045 0.809671348 10.383716411 7.162031829 3.746106817 6.253293877 4.713871849
-2.394782696 3.553071399 -23.750476827 0.868213619 0.408231685 0.276005706 0.058076272 7.387354711 -0.690337027 3.190785427 2.754040882 4.694331313 3.519290350 0.591603139 3.600756086 3.191894545 4.156598228 6.386720932 2.922135245 0.301764017 6.030335572 4.470731337 4.176829944 0.546989187 6.055495175 -0.339098385 1.525087421
2.364383166 1.863634763 -19.557169922 0.835277272 0.522041003 -0.158322380 -0.068695663 6.065867064 -1.199089067 1.809267341 8.723885687 5.328887599 6.506758953 -1.239468164 6.823403615 3.319297277 1.065297179 4.105715423 12.454046014 6.810392626 4.886897894 8.595757139 0.632118618 6.030400768 -4.150897697 2.423893092 -2.015622296
2.872643018 7.140963963 -29.910366923 0.969739302 -0.198481721 -0.113983658 -0.084961276 3.798216056 6.159104410 6.112570115 -1.563915751 7.203848958 -0.892800762 1.394364379 3.712643448 -0.473808104 8.024952345 5.183464745 6.657129136 0.052070322 2.734930854 5.023346208 3.338435216 1.985771670 1.137170390 -0.217197768 5.817190912
1.866424700 -1.492340366 -29.147102083 0.998150931 0.059375946 0.008525934 -0.009824643 0.606914399 3.307138347 7.581163479 5.666284764 0.317266629 2.394960437 3.421288185 3.124955115 1.950783356 6.251469157 1.176544245 5.714513055 4.906815191 3.246885886 5.405805345 7.354471003 4.317449410 3.433398505 1.927490513 5.696650982
0.504676208 0.444510730 -22.074242473 0.970345033 0.204249090 0.030394399 0.125654316 7.797199170 2.911536578 3.789883768 4.069704364 2.945165108 -1.291380412 5.463130582 7.117353854 5.776823958 5.108742037 5.901928276 6.757574025 4.267109896 5.123708208 6.814392693 -0.233476181 4.059016863 9.095161717 3.857027989 6.047332278
0.476744722 -1.611737389 -29.156063103 0.945246079 0.276281172 -0.170046315 0.035536092 1.610116943 1.191145700 6.690422330 6.418180799 7.819272265 4.942636901 0.507837314 8.204200333 5.010917147 6.866834518 1.562781867 11.310161719 4.432401875 2.403978102 5.366404857 4.224739915 0.422963347 2.622504583 2.058237520 6.970607700
-6.759826563 2.871396859 -23.035924870 0.971532210 0.197915491 0.105426900 0.076418530 7.119575324 7.099754003 4.372926577 2.424786879 6.923919640 -0.712915899 5.377262097 1.529968441 2.908269591 10.032326339 12.379332629 1.879879544 0.916662773 5.126431185 1.411540476 3.997175817 -3.244664704 3.881520858 -0.003451493 8.919753408
-0.123717270 -6.917912160 -27.101302751 0.939198280 0.330115621 0.073459148 0.059447628 7.488684065 0.960487649 8.732819735 7.079703764 4.266125075 6.391283509 4.981603780 7.273852483 3.363313438 4.499843109 2.467140993 4.942622588 6.420713350 9.836257506 4.345376114 1.124053446 6.850409001 3.195041277 3.257419175 -0.538353322
-0.522419431 4.530659675 -36.089284741 0.884201862 0.466955026 0.011834484 0.000126760 2.465568902 7.195249557 1.291657941 6.604732097 0.908726204 8.457867100 6.594697374 1.125416853 7.527398217 7.587830503 4.111113495 4.934851652 1.962035643 8.788174058 5.170408662 1.682948723 1.295083709 1.027774929 4.975448651 2.950792676
3.061107822 -3.692791313 -34.322870708 0.964267367 -0.178478599 0.173631316 0.090476525 5.096582950 4.810318648 9.339332221 6.221991811 -0.321368258 6.126846893 4.408045411 3.782820178 0.991175265 4.605310666 6.588480551 1.206832153 7.604569566 -1.517836282 8.433013733 0.258061908 2.098403872 8.125293723 -6.682267320 8.179563632
0.096142258 11.768464352 -27.234538725 0.883428154 0.360952734 -0.026401033 -0.297608479 6.949764637 -2.060544418 6.155981199 4.686798382 9.658059285 3.473798982 0.889471437 4.380798639 2.667385446 7.737766875 1.649574819 -0.888967129 8.690191431 5.855931107 -1.372303125 -1.054379628 2.537885796 -1.527829938 3.622653931 0.283385576
2.735331351 -1.217789095 -31.948893195 0.955476048 -0.247880104 0.092455762 0.130663335 3.706930688 6.963896598 4.628457815 3.733576994 -0.380421585 1.672872658 -0.307991394 2.727691030 4.690067033 6.845586262 6.348120800 10.826089350 1.493438500 8.279343912 -0.714570480 3.251076727 5.270485886 6.010725562 6.935291512 10.440619980
-4.919831244 4.168464884 -24.227039464 0.998626457 0.000127962 0.036903699 0.037192743 10.234833698 11.924636281 4.870400167 5.947515461 2.743236495 4.938235771 4.533824467 0.589076812 2.708472406 6.506626081 4.498747241 6.474231730 4.812931398 5.998159189 9.138712350 13.058650933 5.212916917 7.543616198 3.331950073 5.408574708
-9.864590112 5.703146891 -31.193789879 0.795821544 0.392924256 0.450716882 0.095566169 6.664703836 6.464348718 3.499325342 5.530590206 2.072222977 4.974884009 0.901598540 6.391119841 4.279431479 7.542604174 3.500120936 4.271079214 3.693408909 1.723532453 1.530768400 3.640275441 3.927788181 6.555593798 1.326912568 1.494657443
-4.425242297 10.221543491 -32.631483014 0.835963800 0.521221389 0.146408141 0.089763276 3.397161026 6.798484955 7.540038066 8.440249430 1.797173773 3.583466076 5.211892923 6.984346688 0.891235104 6.072266041 11.775754116 5.181243471 6.189963620 8.742868810 -2.011036764 5.217468545 10.722456085 2.799420228 4.907582397 8.036229672
-11.387363394 2.738624977 -29.615109331 0.811466351 0.338408542 0.415740200 0.232727535 2.947359890 3.062035541 3.604205502 1.274139903 5.435032634 5.558797443 6.002764688 1.882436091 7.662838426 6.313276247 6.563639859 6.715194461 5.406668112 2.433722449 2.204061817 1.718409584 2.605696491 2.923173311 3.070261428 5.458415226
-4.820365688 4.249208371 -29.674954266 0.759557473 0.614080808 -0.028148588 -0.212567315 3.905478836 1.222419437 7.855070976 4.873904699 9.295474037 3.068949780 2.348769951 2.010709634 5.852056881 2.737993144 4.242982587 6.398067169 1.322768919 5.898006517 2.764680984 1.143998910 4.768967319 6.525733133 6.053448802 6.196092181
1.139080899 5.171172265 -33.874348434 0.904905288 0.274398719 0.273293683 0.176528539 5.006393634 1.769137440 8.428145005 5.446801618 9.168982765 3.600364827 8.367082625 6.790949347 2.689426385 9.075765674 -0.882768455 5.692846662 3.188946217 -1.802611279 7.285237429 2.224772229 4.312145633 9.575120672 9.720655292 6.827410561
-9.387619889 4.038211412 -26.827209015 0.818421584 0.263554683 0.510436336 -0.013408432 1.940087181 3.381445320 8.268793444 4.441372383 1.547014957 1.093930471 7.301073545 4.061529774 0.606834844 1.885930267 2.274077578 0.396748983 6.399303984 4.086297413 4.740755481 1.762966760 1.686187422 7.517537965 -0.227918525 6.266103268
-8.757250036 6.102834436 -30.596903394 0.927021311 0.210759731 0.310170369 0.002483264 4.888417231 2.402279323 4.575738865 -0.023984412 2.535321784 1.990620077 4.342823936 4.334062584 4.558806091 4.319472719 -0.610501162 2.718404236 4.458163456 5.447232494 2.806244525 3.534140747 4.332612235 -2.693302794 2.422167861 4.938103568
-5.685389702 9.417213651 -27.921103500 0.902154477 0.245373156 0.310993707 0.170857331 3.062710005 5.386324982 1.840607885 7.896550759 3.925634576 0.331827474 7.466031526 0.822311204 3.606301087 5.028133028 3.532214682 2.676209981 -0.609829446 3.352339195 10.211338983 8.383238759 -2.971500446 1.855141483 5.250039598 2.458858910
-7.339855358 -5.447431125 -30.384806947 0.951369592 -0.284251638 0.081471922 0.086366840 1.287944431 9.237379984 4.574435291 2.365624808 8.380561225 2.956318429 3.120864577 5.747591653 6.827970675 1.536381724 8.565656047 6.671246833 5.406365870 6.592969436 1.469661543 3.622054284 3.691990994 1.794403890 4.417397307 -1.727222876
2.251962276 3.522664663 -24.511510509 0.976418403 -0.067158596 0.139317288 0.150623763 3.781327453 3.894198324 5.552006896 3.044481288 1.146417271 7.023613448 8.767264511 9.399403986 6.441718347 8.038275574 4.353612757 4.434408611 4.034859562 4.801248923 9.976637935 8.125656384 4.999432082 5.536463520 10.710113718 4.814579511
2.755458695 2.884836789 -25.539768111 0.950437951 0.164440898 -0.239062249 -0.111696615 0.925984636 7.905452124 5.793487271 11.264706820 2.986816528 5.020707672 4.230279337 -3.660517173 8.892811723 5.934435072 5.781187015 11.756340794 0.935754547 1.459050955 0.008567968 5.597803087 2.611206210 4.365263566 1.508929441 5.528886994
7.377970530 2.940396297 -27.845976261 0.735316637 0.569146503 -0.295400911 -0.219362720 2.653814647 -0.412149920 7.699643708 4.708403506 2.973306336 2.359360322 -1.306926254 4.121717054 5.335103810 -1.502498419 9.399719388 1.726854484 5.912703373 -0.994463228 0.340287825 6.115077249 9.052941921 2.942094610 2.984388593 6.467325208
4.314009441 2.294794305 -32.873686240 0.777428394 0.418139996 0.455322904 0.115952963 5.252319376 1.149907904 3.972848306 5.084231962 0.397204490 2.790435502 6.113219545 0.791169132 4.814012938 9.134881740 2.090640337 6.315005791 8.494278477 12.709287538 4.612537110 3.617103064 0.850211164 7.083235320 5.072520492 11.760377306
-0.608009382 -1.557343755 -31.620252499 0.826239163 0.533262215 0.134463902 -0.121982436 2.941061962 6.065288654 5.993726564 2.622379669 3.430035821 2.281177605 3.367521269 -3.322232704 2.539520759 4.571074641 1.468559383 5.691605541 3.331580469 0.884526682 4.277973644 0.827492582 2.503963593 -0.701418705 3.951657304 5.250613169
4.323823579 4.691856349 -35.444927171 0.930781028 0.249922069 0.217424945 0.154635153 2.028028287 1.238470155 6.482894389 6.063352424 1.327279379 7.896954541 -1.728171597 6.641164133 3.604398976 6.385446259 2.452289243 5.600245505 1.687467964 3.400599222 0.428023439 1.621670678 6.460938437 2.147177270 5.625229658 0.004415393
-2.363655891 0.649061384 -24.173235906 0.991366246 0.051257532 0.118416951 0.023303592 4.476860518 9.244436930 3.390367205 6.628104106 5.851010943 0.457756039 4.777422441 1.948443013 4.773045898 6.800685198 0.988627869 2.177446046 0.305709508 4.640892712 4.094349039 4.561485456 0.987374101 2.214053748 3.689458790 1.681618551
1.877741246 8.425486841 -31.236013184 0.789019102 0.275434622 0.456824948 0.304787783 6.992569009 1.492643251 4.238651303 4.980111913 3.377366832 0.919351547 -2.783571538 3.666122920 4.234178484 1.351242076 2.010389346 0.987243471 -0.315956801 2.257697188 -0.384703287 4.500527909 -2.126860737 6.664255727 2.202745895 1.448149983
0.551012908 2.701389446 -32.860506917 0.815302879 0.513846703 0.194348245 -0.182952292 2.441410174 1.222634278 3.768903166 11.692371895 2.434064042 1.970548018 7.260278823 5.005016909 2.951115327 6.620948516 6.347747602 5.287779230 4.572568686 6.154098210 7.673126157 5.060203887 5.211023743 11.766708667 5.986168575 3.957275837
-3.210904349 0.081028488 -20.072707681 0.927187104 0.222464409 0.233803057 0.190183573 1.897923477 3.573004222 -0.775490106 0.654424531 4.368072244 4.034042980 2.958739732 1.368181514 3.941266323 4.495399205 5.753728507 6.892268411 6.558375968 5.260463670 1.345426457 6.832963925 0.748682930 0.209329073 7.426114254 -3.623458154
-5.591659522 5.724305274 -20.267448484 0.801975387 0.361450278 0.239021565 -0.411166471 8.600567744 4.617001780 8.274492116 1.617201587 6.065667921 6.956840504 8.266939960 3.550003756 7.032783430 8.525082765 6.417394104 2.509011288 6.577836769 1.882971185 -1.393290096 3.145726391 -0.149041695 0.265985589 4.725191954 6.444962803
-2.830135857 -1.852519647 -27.522329093 0.894558233 0.356272917 -0.253008505 -0.093924825 0.611746994 6.301861535 6.367197047 4.631914254 -1.681899364 -0.853558130 1.113118905 1.600612964 6.882328378 1.812475586 -0.279091779 0.771675782 0.530330919 8.724810306 4.582866838 4.707483711 4.663638872 8.022387606 7.895143658 5.516854977
-1.340163312 -0.536262538 -19.141567397 0.950152216 0.189743240 0.212166289 -0.127254604 7.120247243 3.737658402 4.750853636 10.261164594 4.005181084 4.902451711 8.327118541 0.166586319 4.982884879 6.573289092 -0.366857362 3.870734980 7.884353437 2.229346618 -2.147149119 1.642556538 7.524498291 2.269799892 -1.550313320 7.933728635
2.298634242 2.066173750 -29.809066872 0.882214171 0.140249316 0.431643938 0.125346705 5.982792063 4.089756325 2.890109393 2.021591316 3.612636215 2.277784237 2.996362263 1.553311762 4.416098057 13.461514547 3.601946529 6.079003583 3.608476506 5.077703469 4.755275149 3.424345156 1.959013812 7.413989003 4.615920575 5.540320579
0.655332168 -4.912706949 -31.634999402 0.875359921 -0.268242297 0.339947191 0.215004618 4.084330540 3.251913120 4.632187945 8.000494930 2.985526436 10.055751102 4.561176935 1.434168024 9.064781153 7.208490972 1.287968629 6.368331340 3.888068503 3.423147164 1.145086676 2.188990902 9.663535464 9.794077045 -2.920570109 1.617842024
-8.511415034 -1.046203286 -28.686484252 0.877830928 0.372405713 0.216713758 -0.209193676 2.170279197 3.824301527 -2.154095580 10.160712179 6.882619149 5.643547872 4.461515430 4.282442049 6.298997666 5.579917387 5.121706407 2.780516542 -2.619949433 4.247753771 8.090557526 5.114144436 7.163652048 0.547469650 4.700511560 8.624124767
-4.757695744 -1.742115036 -20.893684038 0.984583175 -0.116574271 0.082610261 0.100905675 5.515183342 14.038467412 5.640587613 3.124654943 -2.619306934 6.596816465 11.169209984 3.444341605 1.306820047 3.975239090 4.349118396 7.247842675 2.582152741 -1.202577504 0.391137032 0.788058434 5.270497573 -1.051135017 5.993303225 -1.073252681
-5.697713903 -4.229042161 -26.657279589 0.923458868 -0.112479521 0.308134787 0.199060367 -4.248767923 8.062054931 3.558031180 2.209664533 5.412649581 2.794761808 13.692022792 5.819226630 5.301195441 7.230445322 8.154773730 2.828540022 -0.491675796 0.858389927 -1.953937577 5.573419547 4.271953503 2.075087472 8.688822757 3.032699668
1.702464317 1.091503163 -31.695239119 0.899961312 0.188811708 -0.339582868 -0.197745420 4.731602632 6.496647125 0.425826644 6.353188257 3.003474995 1.330247423 0.992277179 7.924603111 9.802592130 1.701996104 4.491907215 9.019111613 2.280172727 1.045439549 8.996128472 3.318161842 1.128683679 3.123697024 4.444179445 4.111899818
-7.943884114 9.475850840 -30.090823807 0.936093464 -0.062208694 0.258827538 0.229929141 1.988859682 5.447000385 13.445093230 8.008872864 0.350642308 1.946002692 3.481011737 4.821737099 9.779352712 4.382228684 0.896127375 2.387680285 6.860077712 3.185208298 5.821977489 3.673788211 2.673623398 2.896889257 5.838922555 6.333121211
4.054389687 4.700877858 -21.484954586 0.968362097 0.168513763 -0.160657955 -0.089816380 0.822335351 4.636444230 6.484994348 0.530245892 5.672734282 1.510939493 4.262555140 10.494471387 7.680822343 4.260205925 3.253907628 2.933112806 2.982336721 5.064860811 1.002055264 1.340207299 2.509379562 -1.700613665 3.379616001 4.254779850
-7.435453169 3.810112176 -22.887089775 0.903646370 -0.055865195 0.231931871 0.355682338 3.297423398 1.702441818 3.055213507 1.042089843 3.546050863 4.903876142 7.648826129 5.780624518 4.110491754 4.659102566 3.174007210 6.158612597 5.149615784 4.521025541 9.991326526 10.787847233 3.508530880 -2.012669075 8.465739463 4.470805247
-10.448339373 4.514397518 -24.444467532 0.941506525 0.255713708 0.099678832 -0.195550742 4.229298290 5.292846695 8.448598108 0.429475018 1.045587827 0.291977366 6.171468045 3.794331371 3.081185839 8.606125454 5.228711906 5.012769962 9.564568044 7.904324671 8.214365851 0.860036042 5.917844482 0.386851835 7.347027003 4.465520299
-1.518192011 6.824662169 -22.276125483 0.764848774 0.579858433 0.061223325 -0.273901908 10.299432703 6.813211847 7.318441579 6.864043667 1.080602811 5.301729880 2.328557632 1.745974111 2.710349189 1.875822103 7.257098162 2.895003497 3.791206648 8.037609619 6.537006953 5.519146945 3.367786699 5.985007071 3.883506624 4.151638749
1.696901374 -6.007611851 -29.205993137 0.970525632 -0.235038800 0.051524947 -0.013488480 4.008250263 4.418522238 5.323176958 0.621745546 -0.881713842 1.500821894 6.635971677 0.893441913 7.362797275 -0.693810553 7.974685322 4.694113158 4.474389358 0.312952236 2.698461151 -1.459984964 3.685261515 6.484862388 7.525433634 -2.057729470
7.801302915 0.478454460 -26.029636427 0.986890539 0.066504619 0.087290502 0.118340901 8.362233270 1.926360408 9.603633678 6.152736970 -5.136050757 1.819904008 0.463885281 3.001403101 0.759696639 3.520618034 1.964465982 0.987309345 0.895539604 5.340472513 6.650898073 -1.201441537 3.846712569 7.371137428 5.427523714 0.532127971
-2.846805908 4.940145638 -27.348585834 0.825940010 0.381856704 0.414018839 0.024432720 3.348942649 1.252137454 -0.224689185 3.011907182 -0.824476438 -2.986954722 5.984891453 1.113507761 5.846835000 5.075126423 4.501764275 5.319891633 0.287656352 4.760098444 -1.385911869 7.682033082 -0.501073313 2.773830868 6.027631260 1.522414285
7.011875334 6.523482685 -26.800611522 0.996466923 -0.002422595 -0.058782162 -0.059937137 -0.988974053 2.785602829 7.556580788 2.286632433 4.382128803 7.679888885 5.043810150 8.963417116 -0.453741715 6.874862684 -1.055262002 4.647435412 3.658576415 5.334184701 4.158574523 -0.147741377 -1.018808784 10.998504048 5.371803369 3.042049598
3.048118208 0.581398451 -26.848083563 0.709937061 0.701416757 0.052680061 -0.035053007 6.468045438 1.640746893 0.691511177 7.036690381 0.271983514 -0.111592299 -2.795485668 3.915532293 4.809496387 2.850887915 7.103453146 4.825883418 0.729710556 12.314878742 1.033438250 -1.252543812 3.628613071 4.924224003 3.507657804 3.235411861
-3.329846540 -1.535295291 -29.698414079 0.912002745 0.255242291 0.320927816 0.010378013 -1.672109240 4.089088478 4.694760794 -3.471366051 -0.099424827 7.759790272 10.210293221 4.315958965 3.429347262 2.590645172 8.508803494 4.052181456 5.674580891 4.861586241 11.687045072 5.379146186 5.605383361 3.014697325 4.522111983 4.902738252
-2.510189610 -1.072490880 -26.263524244 0.832776646 0.281604517 0.427908459 0.209943575 5.848810421 8.131265704 8.946810100 2.084744001 5.852787601 3.623288326 1.830619352 3.477276782 4.836546902 7.837820423 4.092167375 5.361408700 6.774327312 4.027744033 9.138036103 0.502452750 1.349915530 5.460446897 3.792468470 3.219867183
-3.241964779 8.134810817 -30.269550813 0.749626488 0.650101311 0.113569220 0.050303548 2.431858818 -0.930692259 1.397262333 3.260023635 4.642632114 2.235032797 -1.110943708 3.788938124 4.032569816 7.579431927 8.261255671 0.182239638 9.636799796 6.062323005 6.543499647 2.759511432 2.631083079 6.420180132 0.642641877 6.269411482
-7.674368510 8.890999435 -31.604589549 0.941529979 0.261968281 0.034179499 -0.209106862 2.538433488 -0.085099681 7.243753869 4.192325335 1.335024951 0.681084601 6.020495051 2.574387744 1.539896779 8.859348891 2.685851133 4.707350638 5.363288774 -1.163250384 2.711839893 4.828978226 6.648656296 6.048636750 2.793883461 5.974059482
-0.693568602 3.658182801 -31.120068176 0.955644576 -0.092953212 0.162723522 0.227209595 3.542014183 3.726969571 3.999140021 9.551219431 2.808087908 -2.535320356 7.137510614 5.904284814 5.331081022 0.075001535 2.483384134 0.156513182 4.986597724 2.550657019 3.584930128 3.597294295 1.614305264 5.845358658 5.366448508 6.280811022
1.486353190 -3.628036598 -32.951869203 0.874425222 0.152015118 0.425706554 0.176198371 7.108088579 1.691040569 -1.671279216 1.251475013 3.810281516 -0.477046042 4.782991139 6.727395553 4.040269924 1.310359186 4.371738703 3.807949990 -0.386942633 3.948924999 7.448109875 -6.834483212 8.224965460 6.260205100 4.390546474 3.469159176
-4.271839031 6.299281772 -35.379300435 0.933716930 0.337355734 -0.041431789 -0.112459814 5.987167952 5.174085418 5.642208972 2.498738332 5.374451017 5.443152403 6.699362926 2.681192791 13.295195902 6.169997446 4.947698156 2.982189905 -0.464030294 1.069377540 5.073567996 4.914320623 9.085561881 -0.970302842 6.334945760 0.022795291
-6.744092187 7.785284041 -27.172145820 0.912762649 0.135217554 0.362361504 0.131433251 3.646609507 6.432775398 7.423281198 4.477179981 5.867279523 0.513982831 -0.239963611 8.649112755 3.406760291 8.745765050 3.403686898 6.731343722 1.843839822 -1.034189593 6.263045316 8.111435109 5.184995820 5.334255754 4.968973161 6.779441731
-4.034956536 3.136222422 -32.834692836 0.975859562 0.201425421 0.059177679 -0.060198978 1.480713739 0.315665607 4.626121385 2.841608980 2.055485804 1.404883806 -0.055668222 4.171813573 -0.425096208 3.214165693 4.600899932 1.374616966 3.833550614 1.665310315 8.091369548 6.297620429 3.969414353 7.468096396 3.008174889 12.610021209
-0.503212920 2.185161009 -26.894808856 0.965058192 0.240363076 -0.073159416 -0.074404149 5.418213234 7.375517661 1.588230995 8.646163562 0.031476930 -1.077798049 4.246429179 0.785684622 3.543207772 1.211071313 4.600174825 0.600991151 3.971368244 -0.257428496 6.519147701 5.861888624 6.231355515 2.805297126 1.344393391 3.328873648
-1.086564564 7.937598776 -32.170226210 0.794463730 0.414978314 -0.251491166 -0.365202099 2.932497240 4.127100872 3.281840797 3.118640560 6.026431316 6.775566953 5.289988436 9.860410474 0.987638025 -1.471009787 7.698224526 0.769135070 1.816839702 6.716330310 5.660540255 2.319868347 -0.533155807 3.977910973 1.139501777 3.765914557
-7.286929803 -2.705484578 -24.457957223 0.915057357 -0.163090085 0.221871733 0.294694064 11.218161682 9.203941119 1.048492157 3.959687911 4.713139230 2.691910772 7.011515659 0.499233700 6.534606753 6.528291167 5.370370236 7.113362714 5.154559817 1.699716688 5.108807225 2.964952325 -0.337546653 6.211352093 10.427173820 1.436326132
-0.045773206 4.825753581 -20.240172675 0.899536226 -0.057343464 0.236611867 0.362713565 2.175431120 2.024534979 2.878603268 5.708143550 3.866961826 8.093211983 7.907206189 2.673956959 4.429473933 10.970837787 7.712427850 3.261528824 -0.367507254 0.543225948 -0.752451063 1.564592126 5.158356414 3.225421180 5.245172902 2.388189862
0.999287305 9.224865642 -23.122409851 0.955704741 0.241369820 0.107816911 0.129400816 2.572456954 7.568733809 0.077855346 4.292450817 4.334719102 2.809820406 5.171838632 5.277652620 8.295686630 6.072040120 9.030105701 8.660500956 7.542604702 1.893791118 1.946478054 5.239893020 4.413049164 6.685453863 3.747161645 5.924628458
-1.191544933 -5.237862632 -27.640959847 0.980657186 -0.070297152 0.144489537 0.111770154 4.226982861 3.760141029 6.949146252 4.704425348 1.478793104 4.699401883 6.926295410 -1.493431071 1.368043111 6.133360252 8.893004460 3.888205341 7.112115539 0.558346580 1.691826928 -0.078527457 7.428082336 4.160071867 0.885551302 4.460928854
-1.715136390 -3.729093902 -27.193263379 0.969143308 0.165214239 -0.106884854 -0.148462563 2.150248312 -0.791312509 8.563373031 1.513614764 4.388543394 11.156244042 3.435756042 4.944144495 4.180576233 6.245173872 4.445805768 4.778173544 -0.132588127 6.284152280 5.292988644 1.672223936 5.253062737 2.698264308 0.872570802 1.472610777
4.931801589 5.103823954 -28.581551979 0.825998620 0.375298815 -0.420566849 -0.000778043 8.011609382 9.640782323 4.772465895 7.056270722 -1.726555060 0.593537201 0.567917754 1.603620040 0.356158765 5.327844516 7.166848995 3.831459100 5.736769307 2.667920363 7.028052937 2.812331746 -0.758745890 0.426814828 -0.830873208 6.389898856
0.833772018 -4.059786725 -33.892220672 0.869313114 -0.368976772 0.234798116 0.230262234 3.585178210 3.656701899 4.910548320 4.340520437 5.284585407 0.896388006 -0.237481480 3.119078931 5.608937632 5.412002183 8.628736872 1.324112100 2.959687964 5.255430231 1.861688732 1.981577745 2.404583065 6.106250197 5.599430933 -0.709737693
-3.072273207 -2.469005321 -28.687870715 0.877478804 0.212650731 0.426337936 -0.055195834 0.406902851 -0.802745288 6.453611466 3.563899173 9.796556870 6.172523831 7.960050205 6.149331144 3.752719849 -3.386247508 0.588138600 6.524215928 2.053509210 6.966157787 4.478134779 6.625784354 2.704138892 0.789470397 4.149374221 -1.099458113
-5.006808582 2.558489775 -30.317028680 0.905071546 -0.342530672 0.189105517 0.166605335 4.951758448 1.874261637 4.456213358 8.581843585 5.026701535 -0.548882493 2.220731783 -3.875128420 0.502022951 5.397255438 1.908035221 -0.569456936 8.611962931 6.767463415 7.951846263 7.052065731 2.060927552 7.741404899 -2.488826808 1.115594394
4.642582733 2.388721180 -29.084001292 0.986509577 -0.121872284 0.077916598 0.076648581 6.652096361 9.854118897 6.011342123 6.953495771 6.289213785 7.335417912 3.082238160 2.470718348 8.405565424 -1.648927588 0.964163824 -1.112276714 3.304360663 3.673376729 5.222227964 1.328283780 5.167211222 8.485722250 4.074057703 6.887068675
5.584722510 -1.560430019 -26.151507258 0.797723413 0.435018093 -0.387478722 0.155746126 6.046687710 6.980294359 2.777211308 -0.771115019 2.824946992 4.272671111 -0.152275091 2.580364632 1.347203252 3.009341768 7.338893857 9.827658290 6.930896442 3.107845693 5.240491078 4.069962556 2.492601898 5.156174063 5.021378118 5.775863040
4.636733070 1.248069075 -26.528325973 0.711158698 0.541272632 0.333498080 0.300093777 4.336741868 5.356379810 2.711743370 0.480134839 2.903302570 7.853207733 5.316051997 8.560092484 -2.882173233 6.373138202 2.480364522 5.554153714 1.074026384 5.931382518 3.020362109 2.206480581 5.001258452 7.045755106 1.634988542 9.627366297
-4.195251820 4.266203230 -28.656277235 0.953567276 0.211561464 -0.033057290 -0.211798045 2.048514931 3.328475238 1.615185353 8.279483494 0.468772828 5.595360956 5.155569843 7.469877279 6.809782372 1.017937604 9.190583455 4.728059395 7.868369501 0.625897696 8.178581432 6.443637342 3.015418356 5.326360984 4.422892568 3.904468705
-5.981394171 3.187699329 -22.816768328 0.800270376 0.291314657 0.524036790 -0.009409507 6.002647963 0.058707382 10.014047307 6.111703337 -0.824809276 5.212814029 6.482658274 7.266530003 1.670072363 3.101197760 9.321929664 4.299720267 -0.890892065 -0.075085559 1.019562838 4.525151949 6.345311494 3.140922324 1.081851006 5.169444914
-3.003266225 -6.058087828 -33.385368736 0.948656545 -0.065016174 -0.309278612 0.013053609 3.928881958 3.977737046 -0.047342831 6.295564220 11.281954417 11.581087539 0.302567168 1.922773632 6.059154537 2.879697856 1.958209654 4.624400430 5.090215153 3.897037177 1.451682160 1.262423301 5.581618424 6.133120327 1.818720515 2.475623597
6.332178156 0.233350065 -30.916140290 0.839313928 0.423677722 0.114278736 0.320920067 9.777457166 1.851584745 5.061457192 8.250872273 3.048635143 4.409277198 7.628455126 2.420407809 1.010818586 4.329585976 4.344432442 6.041432513 4.992091749 2.708888863 2.472352877 2.545716469 -0.975098563 -2.278085990 3.330298738 1.718072270
-1.539419777 0.996044701 -18.665806623 0.948990678 0.089284216 0.141032931 0.267497168 6.991462678 6.137969733 3.111045271 3.570900798 3.154835046 0.324161985 6.698215872 3.908108343 8.738262931 5.380218296 2.514014481 3.095959209 8.418870024 0.221659878 4.587222232 4.485559820 5.674628906 4.541464341 3.782475058 5.645835711
-4.126777643 -4.939656376 -33.840777340 0.857875308 0.127666098 0.482045255 0.124031029 3.682807650 8.172230084 8.484742692 3.076061901 6.372475697 4.564889305 4.336476115 5.560064900 6.561521102 3.575406590 0.814598887 4.182055836 5.393921677 0.167516518 5.300778352 4.195266009 4.918791976 0.414533918 1.019204373 2.230303702
-2.533859254 6.948033738 -31.545449669 0.880021507 0.308012777 0.231073352 0.278020472 4.768645941 5.863479633 5.936623399 6.228882491 4.608629264 8.835266111 4.400418394 2.030839866 6.701784649 3.804748344 8.808527318 1.801574081 0.160985613 8.090492963 6.183181964 -0.417618982 7.959797912 5.843274970 3.747653331 4.660431284
1.828275863 6.769728192 -34.678064984 0.965845829 0.255401586 -0.043440573 -0.004977977 10.486096004 2.802222378 7.989585104 3.275684544 5.015973525 4.347346091 1.405735898 6.064606526 6.771047240 -2.273857191 2.876770051 3.309012266 0.950175294 1.740472974 2.110809537 4.422884420 4.590448374 4.326770209 3.272798756 -0.139358140
0.260337429 -3.622278501 -23.177103173 0.806970894 0.508245131 0.279857432 -0.110293612 3.639910039 7.049320909 0.541121146 4.519177086 1.207378897 0.108302531 7.319107107 2.067192154 7.761972730 -0.160378282 3.261160080 5.450295675 8.288819091 -0.687446151 5.532199897 2.754684929 6.360310053 1.818029277 6.171446522 -0.648844480
-0.034610160 6.678393102 -24.162974240 0.781974053 0.330993683 0.387544772 0.358843716 5.497574989 6.123261840 1.827191806 2.808135846 1.779923685 3.442166946 6.126577694 1.514132622 4.458829748 1.227222548 2.439763287 8.953890223 3.706023074 2.427348730 5.775457042 1.340106096 6.968464844 6.044811483 5.274698127 11.481168044
0.525314559 -0.362598912 -22.410487826 0.786882001 0.561571836 0.043512553 -0.252111972 -2.076913457 1.022175901 5.148410706 3.888431860 2.088901789 4.241017735 3.115479651 4.657476215 8.363482529 1.891631665 7.807919383 -1.062390861 7.265023145 6.975773162 6.519218364 2.470231182 3.000412919 7.667922524 3.098571337 5.866806142
0.841623768 4.732098150 -20.488205305 0.804646540 0.502930437 0.118854280 -0.292367205 3.958988083 5.067979892 3.983336645 4.592098851 10.261063481 7.301288921 4.591405236 3.059104103 7.912941685 2.840920695 8.497808138 0.128339322 3.318192586 5.507063135 5.425158128 6.832187620 5.644837994 3.353186617 4.497032183 3.453925654
5.551898079 6.689017881 -28.082565874 0.890518356 0.376064206 0.159827469 0.200019874 5.990779399 -0.688662585 6.935607419 1.067600025 7.643626386 9.668687085 1.793686868 5.209818077 5.142981344 3.409946581 0.899737922 2.994952217 2.933841757 1.144355276 7.383972762 8.188996157 7.279754815 6.641490566 0.902640945 3.728953750
-0.363742898 8.533622707 -28.331424086 0.814802452 0.446970924 -0.021036279 -0.368607424 7.368028894 4.232523418 1.532244235 2.846206536 7.061333784 4.433545893 7.092311525 5.031425266 6.404496919 4.450077632 3.648782334 8.954765775 3.884942233 4.640644997 2.631156544 0.680182407 3.058576696 1.701670259 6.718851042 7.615031325
4.105878433 3.615235928 -35.273187871 0.882738865 0.223026809 0.333100594 0.245102292 4.037392977 0.313351384 8.334104797 6.928655225 0.644148308 9.208020349 3.585103382 0.476867351 1.225505173 0.971474693 -1.117042478 9.762383349 6.646915430 3.791151149 3.482980561 4.815839455 5.052447073 4.990405477 4.855455970 2.819771815
-2.050420058 -1.287689446 -35.296142994 0.963793078 0.232960952 -0.099287827 -0.083510626 4.721461567 4.306279539 6.595610141 0.927323936 7.081507135 -4.929849778 3.554316911 0.736574975 -1.388834041 4.963831016 2.853945225 2.366169139 4.608830527 2.095883294 7.736595379 0.864276966 5.012331526 5.551797784 -1.204547887 2.556005022
-8.036347842 9.497434518 -29.390484966 0.766751969 0.198697034 0.550448181 0.263851677 5.900299420 3.721742099 4.443810233 5.134103488 9.477016512 5.390727701 4.516056173 6.847317622 -0.275370520 1.134597512 5.750021950 8.191359784 9.737997770 6.160527728 1.178894845 8.757675948 5.272516129 2.532457574 2.065497879 5.385998715
1.297982844 6.367852867 -33.301740213 0.931985567 0.309113687 0.103008602 0.158873723 -2.132246804 1.375668220 5.198402758 7.118637280 1.506077151 1.943964807 -0.220966615 2.704071922 -0.897584496 5.682534827 7.015735059 3.290730401 4.291862070 6.911072455 1.438821711 7.302204439 1.565640328 8.563910127 9.326886164 6.544441200
-3.402184044 -0.212337678 -35.650938759 0.945044337 -0.232227483 0.143580054 0.179850955 6.107093680 6.968196260 5.376943707 -0.250093556 8.116695294 6.067426384 2.981865936 7.600313911 7.730321187 5.242113426 2.174362467 4.621427961 -0.527011156 6.137928870 3.379373883 4.274425894 4.775443676 4.066559101 8.357210614 3.801755984
4.042394549 2.884619475 -28.035054362 0.949842950 0.224675919 0.106423805 0.189718413 6.016973827 6.950333126 13.654816188 12.914208667 6.362555630 5.722888479 3.824787075 1.945754217 2.048567506 8.211726008 8.017003132 1.227942972 1.898202529 8.499138683 -2.231005957 0.338239855 1.496699327 1.706602724 4.809947588 6.931729641
4.158542151 0.310344675 -32.660308541 0.888050146 0.436967069 -0.050990332 0.133516683 8.301643303 8.117788769 -0.355223685 -0.194532294 1.172972726 4.288531407 3.983663006 -2.666176436 6.903178594 4.936939561 2.575941817 8.308249573 4.771677980 2.791434989 5.951355101 3.155918577 3.195004068 4.490488543 4.429309092 4.233052782
0.045381597 -1.238371787 -25.940960056 0.743235071 0.631826476 0.217226195 -0.034780952 4.800109650 1.428664555 8.526090676 6.476962425 5.814445035 5.913815786 2.373874144 1.730835086 2.738750579 3.842444594 -1.403337472 1.951362090 7.381042864 0.959868020 3.627148247 2.151912811 3.231609395 2.113164209 5.847634291 9.494047760
-1.502904530 4.569346675 -35.175521060 0.955353331 -0.293085485 -0.036723497 0.007231594 1.379560820 4.359929884 3.122480565 -1.775645888 7.153293965 5.617602619 3.503142829 -4.340644797 5.007297253 3.363721257 4.744713361 6.125622439 1.790839462 3.715950795 4.036768376 6.330200492 4.154750979 2.976163284 4.779255510 4.058778920
-7.231551612 5.538591186 -22.165495727 0.787602835 0.327611668 0.382413190 0.355123248 6.179393234 2.631741517 6.682764568 6.271443829 3.710782132 2.614429901 2.360325563 2.336645723 7.546438370 4.765641356 0.509744412 0.096872720 5.689403205 0.162684984 8.582419948 4.791496279 2.924841248 9.247072325 8.725978456 7.414646624
-6.719849416 5.467161887 -20.230478179 0.741510371 0.394193913 0.541167960 0.043712324 3.639869204 2.887589524 3.186391942 8.037632785 0.192451012 -1.948677865 7.644840671 5.691025619 4.378978064 3.697250737 5.825824721 4.916446303 1.725047601 5.815954902 5.516584555 2.512393577 0.705899107 5.587234909 8.693093292 2.839520206
2.540898973 -0.905452995 -25.812292284 0.923076724 0.320226536 -0.028602178 -0.211107183 6.530449877 5.216431829 3.087050723 3.389797493 -1.572851061 -1.034198454 3.917015513 2.242379303 0.427668869 1.629071092 -0.143049251 9.173957658 4.939829753 5.427392754 6.148124837 6.556240701 6.830707681 0.734842648 4.670705788 6.902273981
3.934613173 -2.119841041 -26.125365384 0.869051920 0.443373485 0.209662214 0.064888126 8.154672290 0.830495159 6.652594847 11.679962605 2.377848961 3.121910150 2.861912189 0.119663470 8.407140483 2.579836309 5.842220766 3.624359842 4.118187971 3.928051653 3.137923776 2.806743115 -2.359739813 3.625932074 3.711173168 11.584268797
4.073489380 7.683605361 -24.474665056 0.876700036 0.472508168 0.087245836 0.022830748 1.980377511 5.155572387 3.689401268 6.180207221 -1.269592747 -0.772985503 5.028508601 2.260325879 3.250583107 3.304084881 5.386188334 5.867675449 3.077023882 5.230154857 5.543979375 7.358127763 3.719650426 1.108061120 -1.023744848 4.346962364
-4.112926376 -6.367838603 -28.500405532 0.902220453 0.052208450 0.388471469 -0.179895666 0.230973965 0.120561445 2.654873598 -0.445864903 4.101537031 3.677349934 2.847272116 -0.269885435 4.257767682 2.822080220 3.590009357 11.694922790 3.863908228 5.150698144 2.466812678 6.107787451 4.476605126 2.537247140 3.330736650 -0.626748383
-4.932591402 1.944455836 -22.295427330 0.707928427 0.369048862 0.471849645 0.374163323 6.790833122 -1.432971668 3.512400765 1.524359508 7.221899844 6.693274331 3.185913077 5.548342995 4.364291256 0.919688453 4.870761529 1.708761295 6.325329192 3.740546028 4.016474079 -1.539514817 -0.258222752 6.072189391 6.894246916 2.719553221
2.264558067 1.905234072 -24.679650885 0.985381498 0.147812221 0.014516292 0.083451353 1.663565859 1.590746216 2.536773980 1.166732251 7.071187300 1.824079857 3.085010575 6.611675991 4.653095358 -1.234910205 5.313020347 1.658231279 1.973190452 2.053318592 6.739818410 9.525803914 5.915353972 2.475565551 5.770925561 1.579945352
-4.911847994 8.616598310 -33.530366196 0.969425494 0.065967418 0.151000540 0.181827798 3.256047928 5.661298270 4.436256810 0.479774725 4.975393427 7.631576031 3.679976906 4.254984047 3.635362175 1.179157977 7.103530885 3.912711625 2.464120994 5.859790248 9.500221320 7.220717761 0.071664721 3.555296859 3.353642934 6.352452744
-3.096908972 8.864262000 -29.994134809 0.915263725 0.379552066 -0.047057081 -0.126562925 5.437418482 1.137779831 2.067715837 1.304598885 -1.133553429 10.735404369 5.399347118 6.505251235 1.849047857 -0.299167865 3.806082909 7.498978650 3.960210089 6.941703016 8.272093236 4.646677843 1.477230313 3.677006006 5.600564701 1.758065103
-6.781817629 -1.662917018 -28.206780958 0.810608771 0.232699649 0.528583062 -0.096769004 6.223784345 1.441553669 10.590961783 6.600074148 3.377576846 6.556106509 1.043158976 1.535426095 3.350521706 -1.358423306 4.985271344 5.866906901 2.419648306 2.748660411 1.652341300 2.420365389 1.861437091 3.831434928 5.290188636 7.018452373
-4.320036865 -0.989772788 -23.943333995 0.765773218 0.494535425 0.308144622 0.272163524 7.261745415 0.918306391 1.996315895 6.191518498 4.838319969 9.580203375 2.120999242 3.799514778 8.202387879 2.023663724 11.275046600 1.974817196 9.880882372 4.856921734 3.077681612 4.780676163 2.042154837 8.576194745 4.966028065 8.280106475
-9.471216262 -2.301097574 -24.291419354 0.800753413 0.228116701 0.515315810 0.202993493 5.991633373 3.795921364 5.892608143 2.493414750 0.799582486 2.837000706 2.512549028 5.229655443 4.174633373 1.878302772 8.944141708 4.604863000 1.868953424 5.911221246 6.795720669 5.201293014 5.028561047 0.494451753 1.727467760 4.881596308
-0.019495663 3.246811479 -18.679426763 0.938609300 0.158527163 0.227398298 0.205357576 6.133778408 7.678738629 3.333685095 3.386019509 1.846939059 -3.846980557 4.150541380 3.323177847 4.927037179 4.188781089 3.299044989 5.433087471 2.154285311 6.171919237 3.958626257 7.335281962 4.229351406 4.548018318 1.212929586 7.017705827
-6.354306608 5.797251141 -25.993599926 0.879883759 0.337293373 0.114509378 -0.314524010 5.950868238 4.943381144 3.404826460 5.393898074 1.195981322 -1.722280511 -0.262502774 4.474961550 -2.745390507 6.034713471 10.237422140 5.476320733 2.112094509 2.680278806 -1.486316692 0.988042636 4.871129728 1.930881192 5.625300502 3.070389931
1.784767258 6.365679416 -27.636640773 0.760243270 0.623917454 0.180814240 -0.007961832 -0.176938165 4.103593280 3.520557554 2.727406091 6.732312066 4.477992497 2.432681549 -0.660561908 5.478852026 3.306634332 9.180918893 5.645207257 -0.758099859 2.503747869 4.344137302 3.814293420 4.339481124 1.708166620 7.205798210 4.778543160
5.468417000 -2.291425229 -28.187889816 0.960876885 0.104246952 0.197483958 0.163854420 4.752651025 8.430160923 4.871716966 5.973085055 4.429932148 3.505903738 2.799245716 4.321684567 7.216217919 4.209900936 4.273668739 5.932986946 0.880999546 8.088893139 -0.418391040 1.318526483 3.746854820 1.292157353 0.183098957 3.871416561
-1.869334180 2.024070854 -30.737671652 0.983820443 0.136909515 -0.018795036 -0.114016962 2.438282079 3.604202598 2.006377873 7.555329439 2.124655773 2.100114322 1.651832166 8.171649956 4.665217416 6.754005622 4.957598415 5.687106514 6.752033816 4.393196862 5.438310269 1.506410901 6.210053905 0.729670060 4.345527377 5.991557296
-1.362930153 -4.787038601 -22.241279130 0.817345991 0.179698689 0.546231606 -0.035846118 4.303704868 -1.895140458 4.169066630 3.187725718 0.206320545 -0.015432529 6.229872890 6.225287119 7.989805502 7.495772271 -1.298299111 2.003487941 5.862401801 3.618665054 7.150771304 0.128229033 6.072206560 7.000395747 -2.666894892 2.973863600
0.737934507 -0.179854055 -24.576998994 0.887280360 0.269283794 0.238812191 0.288424232 6.010267786 6.584196677 4.689472564 1.803027403 7.073772014 5.980382653 5.013733588 -1.077433316 4.237012884 1.295067935 -2.804616752 5.485736760 1.455090559 4.353451552 6.529945939 6.469809282 3.920034207 8.932951604 0.620447216 7.120207833
7.893029240 0.818290194 -26.025186821 0.712029491 0.560425750 -0.349229744 -0.238695556 0.504816825 1.651896749 4.402290038 7.479608202 2.287722409 2.487083017 6.102273665 5.222860834 5.732926054 6.268429580 5.522908031 1.214090674 0.229596975 -0.705285877 6.713195391 -0.250992419 3.851123979 5.047504127 2.807751019 2.947360768
1.037303832 5.057056616 -35.750559425 0.975079627 0.042829151 0.212488238 0.047266631 1.420636827 7.345619830 3.424943827 7.389673309 3.418673336 1.278885072 -0.399661351 0.694679560 7.613625259 2.365750783 1.986308862 1.945902312 1.380131727 7.393017994 2.880738360 1.906463948 -1.113560088 7.062456239 3.874931844 1.971439770
-0.270429246 9.452044351 -29.944387608 0.756136589 0.644181620 0.036602701 0.109305719 0.137935370 0.018302168 1.847893216 3.540109756 5.139795002 7.013450870 4.804848388 7.195436977 8.671223942 10.079476498 1.178953795 3.943362318 -0.298353890 3.111677224 5.418179835 6.748489011 -0.455552375 1.330286132 2.144604932 8.481351344
-5.156405454 -3.309455576 -35.175783237 0.912506472 -0.395836744 0.036441695 0.096525716 3.900261817 3.433421978 5.779555807 6.083884485 7.256714589 4.849456427 3.851300725 -1.469494237 -3.021757764 1.929335810 8.391162268 -1.791996592 8.929778918 3.792757358 3.445843711 4.218232935 6.247998785 3.358713713 2.981521117 2.876392324
4.492107049 0.886848666 -28.997914471 0.736029618 0.645398429 -0.068991331 0.192253649 -0.624947302 5.963112640 6.936056230 7.095474651 2.020631830 1.252507461 0.779453326 7.463443919 6.614249898 8.269838243 5.304409476 5.513063268 5.152195339 3.762787613 6.201611430 6.108556645 -2.038634874 3.201712713 -3.045232263 6.140302218
-4.322041846 -0.898908464 -30.753532403 0.946776438 0.263313914 -0.165419886 -0.083165025 1.412464440 11.926600132 6.308806126 -0.825976123 4.790173986 5.782305277 -2.039608788 3.572871096 0.808089214 5.227002173 1.793138813 -3.123076141 2.807380554 7.242899200 7.266755635 6.126822946 0.948667739 7.508808577 1.179907016 8.242367012
-1.192278215 9.300120639 -26.372190862 0.925209985 0.321340267 0.114020557 0.166511952 3.680297349 -2.731003339 2.118204850 4.545743540 3.653642681 1.068508097 -1.911775699 -2.837720182 1.046376696 6.822809904 3.256054126 4.176350966 -2.406673457 6.047196234 2.699536218 6.509890637 1.604462121 8.101412234 1.281433632 1.713328657
3.540319913 7.066312347 -24.531211564 0.751063118 0.632061639 -0.058881647 0.181480659 4.111394696 0.644374836 6.916666397 6.987828558 3.644963578 5.968953036 3.611929204 -1.799436009 3.278129011 -6.168393391 5.153677111 4.852921214 2.510270585 4.796637305 1.287344153 4.673554505 1.754195792 1.479357401 8.061014619 6.016789842
-4.257271777 -5.439146723 -23.151517707 0.953943488 0.001205876 0.298992868 0.024364572 1.737031812 1.719169987 3.450889381 6.299509739 3.124588526 0.164689418 3.471249912 3.580289469 10.816885651 12.722504361 5.563192902 2.411166345 4.047558859 -0.893641631 1.803028284 2.593109257 2.231054213 -0.840520494 2.140182327 0.463811076
-3.476280231 6.114316818 -20.256776386 0.761093997 0.287964180 0.395104222 0.426268944 4.821329839 4.745468896 3.739078369 7.905147201 7.694136553 6.432885919 2.802238297 -3.591173103 5.871018715 4.213621126 4.407985174 2.742743163 0.493313616 3.260892359 5.019699137 3.546519976 1.818734304 7.134641434 6.899050704 3.195776594
-7.458428498 1.752687887 -32.669087873 0.831083303 0.120927501 0.505997564 0.196579624 1.378665827 2.770118760 7.516930923 2.453230076 3.407170609 9.134275017 -2.738149243 5.291770859 7.093226608 2.847891452 2.433978853 7.664951278 0.623941343 1.106043560 5.533295506 4.247060145 7.586571863 3.459491436 2.248059886 8.102176736
0.382082817 3.219861574 -24.065408755 0.728918401 0.324697540 0.378623921 0.468927925 6.823106224 4.854554382 1.521749890 2.690558465 0.077473549 2.061341546 4.447743252 4.512311770 7.220480434 2.379569705 -0.685175104 5.097760411 0.572340286 5.661258266 4.295641274 4.017508738 6.469557174 4.268772604 6.715008161 7.366613117
-7.228827157 3.681373495 -29.581859052 0.948409859 -0.051662713 0.216332523 0.225942342 -0.381475747 3.598792486 5.313182090 2.749761729 8.427337851 -3.656184965 12.962475598 5.185202936 3.234954322 0.104185129 3.572056359 4.448707325 -2.425874045 6.057227901 7.396552593 0.624247783 4.405828678 0.935057708 0.800552026 1.250950101
5.342904333 5.921118977 -29.552762468 0.747266605 0.631670446 0.204828580 -0.025106192 7.823389070 6.608967820 1.421778859 6.876619185 -1.127229312 1.978046239 1.933961839 3.884968652 2.968295043 2.307034281 5.718803502 4.288809805 4.057832026 7.866707591 5.690759181 1.576144477 3.974969830 2.387507378 5.184861383 6.784865734
-3.663842167 5.600993145 -36.906710246 0.941357046 0.103981892 0.307656239 0.091554996 4.569822459 4.033994447 6.393441006 2.752819117 2.788586222 5.135151436 4.777380172 3.931653338 7.765044915 7.083459352 6.664966897 7.029111406 4.750793560 4.144289918 6.539199221 5.754511655 1.600267625 -0.439997238 4.288783187 7.605465773
-3.772903643 -0.942572845 -35.723670805 0.931076433 0.266381325 -0.241677576 -0.061070577 8.154049825 3.794047021 2.103257942 -0.820037616 -0.687830995 6.557441680 6.888624045 9.796703204 5.109789116 -1.330422308 8.383922948 2.143848938 2.361191293 1.568687736 6.821016505 2.329248386 4.530043097 4.425092847 5.477476546 3.220372531
-5.007507072 -1.624324410 -31.859933144 0.839331496 -0.326064649 0.284398735 0.329122842 5.260451333 7.903530714 0.950146414 4.759865446 8.970956141 -0.418080328 4.382223623 2.457997835 5.866199605 0.148450377 3.305612456 -2.362112752 5.746827094 3.279088815 6.509067482 9.688845419 1.599586291 5.896623663 2.331029741 1.052615774
1.677385862 1.942659020 -23.564423421 0.905897464 0.011163123 -0.418612556 -0.063156138 9.757189711 11.572454826 4.710521044 5.844648545 4.874575179 5.359799086 6.660451302 10.028003677 6.922485680 3.495848556 3.995682155 7.304355762 5.602396312 10.555373083 9.088227613 4.619249267 4.199977395 7.867012796 6.721522105 1.677578482
-7.898893536 3.739686483 -34.604751144 0.800246619 0.335489142 0.496786769 0.015977811 -0.063913781 3.079308343 5.109530906 3.115613017 5.798527582 3.392391898 7.306488668 5.427006847 5.501183162 7.082877587 1.769700303 3.925215847 10.544740897 4.638095543 3.917056446 -2.176924783 5.111358784 8.557661114 3.076354632 4.209903059
-6.757545623 0.946819860 -21.415821531 0.929092753 0.320751937 0.183925681 -0.008728951 4.982102058 4.711124417 4.135278076 6.247461807 3.369833220 3.654629916 4.214565401 0.304073009 3.181558384 -5.090939272 1.239310282 0.061901830 4.810776141 2.611086229 5.957402039 -1.940418775 4.954299047 6.013498389 2.153526288 5.325949766
-4.533775931 3.389234479 -29.549319380 0.756235307 0.376923305 0.533854861 0.032186483 -1.427889821 6.796038260 1.515779436 6.075953135 7.260246865 -3.346726504 4.204629168 6.231600895 5.952013285 4.201587582 -0.280433095 3.170349477 1.596056379 4.584467611 3.446358537 2.398829530 5.294934910 2.642923748 0.264495360 3.524518273
0.980965102 6.708356632 -36.303148640 0.889679894 0.389679645 -0.096906776 -0.217321278 0.241926003 -1.572707240 1.818537476 4.974797915 3.627733667 -2.640558088 2.845893127 4.765003851 -1.592587968 12.404762649 0.264926086 5.293782594 3.152738747 6.478182478 3.492729900 4.944626323 -1.892899024 4.142765488 4.026536048 0.009587764
-9.264608778 -3.086749759 -27.929736480 0.928665967 0.244831181 0.273073955 0.055387982 7.596673273 2.293898816 2.749597438 3.806059681 0.978131929 1.164499650 1.912508580 0.204092186 3.678473441 3.370727357 0.369913018 7.299444274 5.925407590 6.229293309 3.027729184 3.481663293 1.547543380 4.745997907 5.626548343 6.125492453
-4.367815386 2.417528171 -22.497341323 0.785276415 0.548152083 0.209533357 -0.197398119 6.314415187 5.298821986 0.628762577 2.520083318 8.907669926 3.993114638 8.389736795 3.016597561 1.684441271 3.416028754 3.036699181 4.273097941 4.894061107 7.671037037 4.329723187 3.348863208 5.137268020 4.165047011 1.722017814 0.726111168
-0.758039509 -0.970191019 -35.645461954 0.994142253 0.107562409 0.010025240 0.003317105 4.405976894 4.457235349 3.573213879 2.650281070 2.345902852 4.159364439 2.988927690 4.296491802 3.938218492 4.831870135 5.945875500 2.551158703 8.662522021 4.815374829 5.001734368 -2.446799636 1.205093624 7.227443337 7.215351148 1.840292567
-1.692699050 4.014904579 -28.562316531 0.973164664 0.180792400 0.141084408 0.018969285 4.697981806 5.800009661 2.951036671 7.161655423 12.579975032 7.084219848 3.024260005 3.851659856 8.251653163 2.380851041 1.741454018 5.145214482 2.781907533 -4.844598294 -1.529128902 7.869180391 8.185474380 -3.866094098 0.270597140 2.190723717
-4.415023995 -1.858949587 -31.758828276 0.967336227 -0.030542460 0.208693412 0.140623050 7.124543005 -0.189302828 5.729559844 9.844096853 3.114803177 -0.822555259 6.641993963 3.775551189 6.655077443 0.980810128 3.240549752 4.847604327 5.359112024 2.550838984 2.135245535 2.414487138 3.244291749 6.798360066 2.852817126 8.092135990
4.397218768 1.541152885 -23.369934915 0.897807566 0.402044688 -0.063744033 0.168042678 5.126261331 5.331396413 9.558388224 -2.454394729 4.433887280 3.426072825 3.381179102 5.741255810 4.730792293 4.447812017 5.561508245 1.539426509 6.182997967 2.836096760 6.354125440 9.103852785 4.026287498 2.131155088 7.020233829 0.703163102
3.031319168 -3.595797338 -21.611260102 0.954244182 0.262292251 -0.014338585 0.142881847 3.677301153 4.981754202 1.616530427 1.301617103 2.886000223 2.400826790 2.726193676 6.074977896 4.234865616 5.388525234 2.730086903 1.684441071 4.904234258 4.063577668 -0.407171352 2.735006588 3.959519120 3.052310605 11.369919689 8.418680308
-8.468897203 1.603039520 -24.262679417 0.838337539 0.313199909 0.390029000 0.216733402 5.392253040 7.275822304 4.359066862 6.688033345 6.848143507 6.749247571 6.718034527 6.516900077 3.671629971 9.586748917 0.899382955 6.896147871 8.227760177 -1.251369098 5.647846378 1.970840713 3.963185219 5.188607425 -0.796203093 5.322295652
3.024020015 0.857235006 -27.106667271 0.849893907 0.093056498 0.489219988 0.172292305 5.147293259 3.859409561 0.114608938 5.740957812 3.390586983 7.050604453 12.847017113 0.651179074 5.828616565 2.436428513 2.886852784 4.242782112 8.226364168 1.130369490 1.901591400 3.629588746 4.770523306 -0.796489357 5.045075970 -0.413280480
-3.554981956 -1.441889206 -30.428710571 0.791260008 0.073308682 0.580737738 0.176853376 4.263120363 4.237191857 0.867777417 3.751768265 3.876864565 6.922798033 2.138939647 -0.690129727 -2.011602390 3.502608940 6.521270367 5.545741338 1.863412520 -0.589756780 2.056645477 0.781931383 4.998754304 4.991051704 1.547289165 4.982675542
-5.381195623 0.521778972 -22.674121733 0.868991158 0.065965696 0.399221728 0.284824343 5.094002989 4.593306080 2.324317117 4.125219529 5.632909441 4.860973177 8.559213618 4.993689813 2.961935033 8.197207574 2.944976325 2.396574684 5.778239601 4.886011810 5.671073565 9.106048345 3.938377059 -0.073285546 7.276516616 6.559986739
-1.711526723 8.129255266 -35.011568925 0.917701132 0.366873202 -0.086180590 -0.125704383 3.939504144 1.566945492 2.897797884 4.275406061 6.180651818 -0.184631821 5.321800611 3.730422465 3.477742026 6.255330988 3.739492928 3.325696663 5.019482826 2.461140620 0.444918674 8.383441881 0.555453410 11.214009944 2.644335616 10.373198186
-7.863724098 4.190771366 -32.461251619 0.829017901 0.484007987 0.093575349 -0.264025081 6.405865785 -1.977282477 -0.319828661 5.380465598 -1.328297104 7.167067046 5.943374278 3.904264637 9.979762912 6.572487888 2.444346679 1.495925452 4.973929824 6.790206971 0.816556198 3.524643426 5.856407272 2.686796000 2.896311326 1.761380692
-5.229942051 -1.065696075 -33.358367078 0.984516761 -0.125088897 0.120904952 0.021482733 1.856911671 1.150167848 2.969712682 2.634106022 5.957077732 1.216664736 6.824030000 3.947935711 5.556200520 3.837041321 -0.515576982 2.776413350 4.723455590 1.298224611 6.780287820 1.419789669 6.987220362 9.926684076 -0.689208040 4.574429568
4.530720854 -1.327012187 -34.643052040 0.994752333 -0.090024589 0.048210964 0.006250782 1.831514401 3.152345822 4.177696765 3.832156104 2.833348276 1.632297214 8.261196938 -0.533337505 1.339408976 4.244139221 1.277393649 0.873754740 6.280030653 4.600728161 2.614051675 4.947536938 4.473498306 10.136199516 7.297916583 7.400314452
-8.332208371 0.722035015 -25.026662451 0.875399204 -0.068417347 0.474512945 0.061909327 6.561305339 8.135848629 4.764776397 1.882997444 5.483585628 6.617557746 6.117462581 9.858978450 9.341318461 4.370108580 1.282506588 6.701266686 3.401471511 7.174607803 3.991294166 6.529425127 3.481145133 2.874978989 0.584422090 4.555557060
-3.395456809 -4.122862875 -32.107895359 0.933548541 0.182608340 0.308433300 -0.003196243 7.550990824 3.521137373 6.641870325 4.587475747 5.454471947 5.396822915 5.083122921 0.081968661 2.362801045 6.961762625 9.556455232 6.620222621 6.389252783 5.638545032 5.068028260 1.573987635 4.697188232 2.347870237 3.238414974 7.543410500
-10.283546711 4.869429866 -24.949983864 0.710166109 0.341496587 0.613858186 -0.047141342 0.430772391 5.736531529 5.078069358 -0.085410355 7.651266209 4.351727078 6.814315522 2.631931911 0.588825787 6.034667466 4.397714918 -0.443058786 4.070249340 2.240409342 3.797313700 2.673532687 0.834940798 3.015917614 -1.377388279 4.940492098
-3.312043864 -4.219385450 -30.960996117 0.871244032 0.139731830 0.446060064 0.149797435 1.912240991 7.802413140 3.591261379 0.376486955 3.706587502 2.579886427 7.893738063 7.301510859 3.992331671 6.854754256 6.896925983 3.895790746 4.954504654 -1.291078757 4.997374955 7.619322704 6.970021458 0.951216652 4.131626610 4.393860839
-10.447152125 1.407267347 -32.619587364 0.977125115 0.164379821 -0.006232878 -0.134784776 5.911189497 3.657863254 -3.091589209 1.511618345 5.611564691 3.642338525 3.581109715 2.250500304 4.416915516 5.339542466 2.264145852 5.340617007 6.303350416 7.120952611 1.729971712 7.624338549 3.905347769 6.948574573 2.210955351 6.475444839
-6.591521350 1.300007812 -28.368804195 0.898918492 0.303647785 -0.155450358 -0.274915903 7.763567729 5.841997775 1.878141274 4.662078756 5.558707165 -0.209261759 6.223938113 6.175475754 5.369057542 1.198134079 7.100765389 3.031824652 8.474828748 0.618552697 2.780034578 0.046769061 4.969706462 3.539196521 5.314813329 -2.602821672
4.523572780 -3.214679351 -26.571185688 0.952531242 0.261648789 -0.123451868 -0.094782808 5.918404893 6.877929467 8.188285269 2.552851398 4.338247027 4.985222517 7.111438233 7.601335666 6.608323196 1.214024183 3.303283559 5.707692721 3.371655581 2.439123355 4.084878622 2.139272994 5.732852285 5.156196298 5.178866646 4.315079835
1.232375386 5.777273013 -24.098494271 0.869239497 0.447322713 0.034896358 0.207623050 4.286218279 2.984811454 4.345826801 8.465720563 2.304210989 2.575067242 1.617263000 4.213870010 3.920235452 4.838786852 4.170741564 4.261306541 3.588800513 -2.003636160 6.102387444 0.869386300 -0.340073674 -0.031825657 5.156148805 6.871704035
-9.912117193 2.518485073 -26.805927921 0.734586968 0.289116386 0.522653528 0.321911465 1.008582533 5.215219050 5.421514594 6.800153393 4.959252831 9.171444766 7.879250583 0.183476348 5.566546972 4.546971979 5.359214467 3.769073385 7.127916949 4.599717725 6.358045268 2.837790548 4.570089230 4.126861241 4.088606869 8.493056145
-3.463970148 5.435202649 -33.734472815 0.871215965 0.182594762 0.424798144 0.164889149 2.963623195 9.896477531 6.136363528 6.947724937 2.556745938 3.037422274 5.967651256 2.708427365 6.654648491 5.279888907 6.190130081 -0.941991604 3.561052594 6.522797357 3.827347881 2.750676517 -0.052546137 4.885006222 1.243620475 4.026341451
-5.877489531 3.033236055 -19.833388938 0.926938334 0.216521192 0.231519593 0.200755015 -0.915772058 -2.675247961 2.432334123 -1.384723877 2.452280912 1.692092989 2.512305691 6.136709193 8.743753422 2.577971279 -2.640193587 5.165114183 2.680467561 7.828087481 3.954445749 6.956619097 5.398031833 7.074377333 6.375721140 5.792768047
-2.469896911 2.603542020 -36.208087736 0.901239654 0.286493199 -0.219544623 -0.239768414 1.471988626 4.643946494 1.110620469 5.046834464 5.278848730 3.455986316 3.623347446 6.933714963 6.257241675 6.568945142 4.360138336 4.834335947 0.448860295 4.616765933 3.135445104 4.518497606 5.350533055 6.207191775 1.483267486 1.905097176
0.584871708 3.828320028 -26.977799542 0.915641694 0.269355605 0.179510418 0.238377552 1.461389235 3.222428271 4.892897002 6.991202974 7.548303914 1.461273749 4.732201020 6.398548894 -1.247937078 6.684714557 1.546369912 7.997431885 -2.351677703 3.171612167 0.418922356 4.199997918 5.776427253 7.516810064 0.824272748 -0.718221916
0.335721220 -4.411908666 -33.752265640 0.985178632 -0.153446822 -0.064331902 -0.041695827 7.858408366 4.760303692 -1.604388759 8.616317600 1.913036069 5.553640732 0.270365836 4.805821376 0.366920310 3.385014356 4.673272550 6.163463051 2.013075713 1.019756148 4.117859268 6.461445677 2.224979996 2.382421241 5.433015214 4.232335626
-9.516955645 7.213590948 -27.057364572 0.739946531 0.344183373 0.439899253 0.374840745 -1.054499481 1.132911368 -0.344330849 1.191574059 7.451881388 1.688091337 5.273302129 8.621934635 4.641518364 4.547432981 6.854497752 3.604923093 6.779621422 5.666632521 3.383466588 4.838164075 7.781812527 1.553136482 6.866665365 -0.851573897
-10.754690516 4.778862511 -30.142879841 0.957168871 0.217760997 0.095573925 -0.165146982 4.078786740 9.392414254 7.233929082 5.410934132 4.751033165 2.461394243 -4.357460437 5.339452544 9.043804715 2.320132160 3.654834226 0.635066352 6.714457148 4.843910696 7.895488512 5.024319001 1.027287094 9.765913195 2.848417924 8.441523521
-4.988584830 3.650786922 -19.759268808 0.824211341 0.416590509 0.281258876 0.260809236 6.727237271 6.109217431 7.240113266 1.497326013 1.745512380 1.857191156 7.618900944 -0.004942527 3.410062995 7.210220207 4.920607540 3.733912449 6.170985968 6.609541518 6.336659341 7.013788598 -1.742168365 3.026730213 6.782433420 8.354808835
-2.828543787 9.506672325 -25.906848321 0.860793725 0.358557399 -0.089857319 -0.349851993 2.988158654 -0.724967052 0.935709935 2.638705721 1.544030161 3.186057344 3.286485126 4.600281097 5.926381910 8.343405051 4.360010851 6.161633962 5.022694049 4.695835722 5.640659981 5.272294457 5.116324305 6.924006445 6.106384499 0.490812458
-4.478197307 -1.974043082 -32.756536991 0.848586620 -0.103923758 0.517338915 -0.038223654 -3.409964114 4.089831452 7.241424771 6.500969287 2.187412879 3.023124965 -2.097922362 2.901572695 9.271588888 2.155857143 6.511092026 3.118573716 3.034512473 8.340184907 5.585820151 0.901945870 1.892942433 -3.789874907 -2.430482913 -0.201939553
-8.647692449 -3.539257943 -31.045963631 0.757327457 0.334451336 0.560446943 -0.022285644 5.878256469 4.229181297 9.425719115 5.077147772 2.962967841 0.970706459 6.107024462 0.054115781 8.336430162 1.652039301 1.248175853 -1.355477780 4.115487292 6.724554620 3.459169526 0.813027656 10.352170697 11.035234802 6.524981439 6.731275410
0.394859708 8.885435675 -24.185562730 0.763187145 0.527247393 -0.180323426 -0.327168198 9.692076605 3.520428953 3.940753448 5.035027666 7.967384185 -2.508046253 2.467532298 -2.809542703 8.393907241 3.162934887 7.478537559 4.932030791 3.176982639 2.818477029 6.587521193 2.684813537 4.290339928 0.448708982 5.669849106 3.279272668
2.940997986 8.552934164 -22.609727585 0.937555176 0.343588795 -0.053811401 0.006431562 5.898055131 2.913603098 0.895259675 -2.192079074 5.737528390 2.642158846 1.618005535 2.823622185 3.965427809 4.601301043 7.040906371 2.707045859 6.876436053 4.529491202 9.550663150 3.466543575 4.807465010 -2.085737260 9.058719047 2.710109450
-4.605239800 4.493938632 -34.496098157 0.730294126 0.600987905 0.305425081 -0.110451562 -1.292929260 -0.082021494 6.239459125 0.369063370 1.162966805 7.449186344 1.776514244 1.420603983 -1.032432046 3.452255819 3.257940124 4.618304869 7.047538499 2.741234388 -1.004619481 -0.002583254 1.032945627 13.110386799 0.623251959 2.899025335
0.905284603 -0.123562684 -33.834246909 0.992931081 0.034707280 0.109988737 0.028031259 -0.929283683 -1.344073598 5.726654579 1.497063030 5.008210179 0.034147940 -0.677569698 4.800716549 -1.564496024 3.220163192 5.240698584 2.031062234 2.860756587 5.107328047 5.116067208 -2.979163473 2.474614171 1.388650611 1.003364681 5.465530980
1.862964097 3.461611173 -35.065887178 0.912548530 0.187246685 0.301670495 0.202950170 3.455680340 1.068742335 3.221860168 4.017514579 7.906433521 6.100010613 0.426448017 -0.340417456 -0.775477254 2.820478349 4.269428591 6.584510321 1.969035879 5.795799511 4.538591382 2.916937400 2.776142864 -2.265498871 6.840683797 -1.270188899
-0.699685106 2.957905037 -23.367670359 0.833293329 0.344556893 0.230727517 0.365605782 3.311173907 3.147925807 5.938850754 9.384784940 4.611142662 1.964525348 5.767309639 1.265614459 5.882982335 4.385884456 6.150804120 8.403089437 4.867987478 5.502780276 5.330756087 -0.200011082 4.467587651 5.071823904 8.339373235 0.320478824
-5.311375256 0.300651978 -28.883618427 0.912621568 0.253807971 0.314148589 0.063356539 6.397835461 7.943906670 -1.090199140 3.683339695 5.977692947 -3.091696417 6.354570185 0.718302058 6.318305424 5.367875134 4.759297871 1.888857644 4.488029622 0.146462582 1.255321754 2.012143394 -0.873050218 2.709590661 3.827207083 4.314331457
3.244059061 7.202206040 -34.172503443 0.958527363 0.278880954 0.016616447 0.056343603 5.875201992 2.341926074 3.656758626 7.415981787 9.651364151 3.633604720 6.576800164 0.702508178 -3.763171395 5.710398131 7.709069828 2.769348377 2.511121587 5.872515234 7.865020538 3.510824197 -0.969150160 6.385774159 2.235507726 7.897437756
3.399663991 -3.213464011 -32.831597162 0.857960054 0.426620896 -0.243491545 -0.150369627 3.394734274 7.903139956 3.729339747 4.281118720 8.794921867 4.020920564 6.278474877 3.129150974 4.832459687 9.450469178 10.249281709 0.639189337 3.607715133 3.011331065 2.785052104 1.315095014 4.110405236 6.720786006 -3.318458880 7.203793917
-7.628021628 1.267884044 -29.500203192 0.835810781 0.274311448 0.381090243 0.284506229 4.216439010 2.337318206 2.247919366 4.394642548 2.136187789 2.099428342 1.259296585 5.587759094 2.639689118 -0.701973182 4.467250259 3.565182375 1.104295541 0.603400882 6.527458450 8.383020097 3.344595582 4.164787888 6.263931849 8.976881841
-4.780828924 -6.379020335 -26.553128035 0.944478179 -0.106181355 0.288757433 0.115350047 8.020020248 8.828829388 2.292454002 3.449375072 1.432427750 5.628618296 5.360624071 4.282329480 6.347720910 3.758325641 5.074752839 3.168187304 7.963578253 6.864161487 4.731983860 3.053122584 -0.360855915 6.593101117 7.270575353 2.803367343
-8.788305321 4.193655512 -23.150932353 0.958093493 0.132357064 0.248671645 0.051969978 5.494325508 1.107147871 3.159689133 2.906110623 3.223500985 -1.283546753 0.193023134 6.108389206 2.427336886 3.287400450 3.100876685 0.918639009 3.071115783 4.978942057 3.624613480 3.657680954 6.998976337 3.494977828 6.575350996 1.897099164
-7.891107688 4.254680831 -32.314448116 0.900352067 0.009051762 0.305455729 0.309808037 0.006465866 4.767197366 3.691650268 2.120721837 1.319072817 6.498764336 0.091133055 4.667520692 8.060851342 2.922506462 8.489584403 3.549466428 3.510200870 3.829591715 7.598271889 -1.643105886 -1.575189119 5.028431982 5.564275545 1.943357157
-8.668090800 8.183314696 -31.098177363 0.905628754 0.234241764 0.346645308 0.069313679 -4.923290554 2.124328201 10.717114958 3.604446549 4.677737118 4.613511388 9.934394505 0.903172414 -2.710137664 4.917715988 0.086854633 -0.744830191 2.602047280 5.096529050 -3.606947906 4.434058710 4.674651699 8.195293408 -1.070261895 -1.314183794
-10.073944945 3.124963627 -24.569353196 0.722265826 0.305405762 0.520975312 0.337111437 5.191948661 3.215871795 -2.223642537 2.447977373 4.307618398 0.736058215 0.032661943 2.281758334 5.564877137 2.030314270 10.780132348 2.739687431 1.009520505 5.224925311 7.932774466 0.228130570 1.599881760 3.386029501 4.430252915 1.250483128
