22.689062673 14.639583345 -16.546780216 0.818596413 0.474655268 -0.221364475 0.235796648 2.679304145 4.215832401 1.696760253 -0.369489019 0.077262453 6.173696163 5.302494436 1.460610038 0.814263781 2.864084780 2.519831155 7.382372890 7.300860335 2.228740168 0.126481762 2.932994641 4.443190654 -3.843747505 0.155807625 8.822852196
15.987594448 8.055869832 -17.886262051 0.843904951 0.466201713 -0.100907133 0.245556810 4.653521378 4.630353158 5.894078923 5.998646399 4.950684794 6.143651870 6.002754995 2.471440823 5.890890947 1.665943743 2.935169002 9.418424869 2.585845643 -2.154186963 7.606520149 0.752202298 1.472655361 6.235153787 3.045741685 4.987474347
10.037328557 9.239583721 -17.908533938 0.843672242 0.511919886 -0.140964694 -0.079272524 2.953875481 4.261228207 3.083914655 0.791018411 8.593351460 5.568973558 3.691619087 1.962026477 -2.413493574 1.642869112 4.007334379 2.755634852 1.160401658 -1.992860857 5.856096123 5.634395445 1.867272114 8.427101042 2.085794043 10.405977385
15.528690553 15.355334395 -19.216316085 0.785325947 0.535406056 -0.306495176 -0.051616078 5.462486079 2.985207408 2.880570262 8.534794158 5.674414176 6.407522487 2.736440184 5.495738088 0.803590070 0.864893239 6.191413844 2.322598063 2.773166399 6.199758316 8.363846239 5.365752380 7.521428509 -1.518120579 1.634542133 5.575519808
17.993788944 9.073996708 -21.661922397 0.934902253 0.217143973 -0.136441724 0.245336358 4.371912312 5.902418313 -0.414556061 6.759464110 3.718446011 3.887544328 3.031888703 4.314873901 5.596607790 4.566110252 -0.684711168 1.749796076 4.661096972 1.224494264 0.548002794 -1.016220247 7.880574299 4.446931906 1.188371449 7.819999801
21.788938799 14.391400844 -21.178524609 0.805931080 0.372048873 -0.439526932 0.137371054 2.350598709 1.846125569 3.193543284 4.576821040 3.097896596 2.024150881 5.498203308 7.357145251 5.513286130 2.100459845 7.593487441 -0.823069804 6.495680187 2.127075528 2.639021167 0.192028315 4.308161218 5.366619568 6.918993636 0.680439708
23.054033906 7.365747272 -17.703624171 0.809717814 0.345281317 -0.402057202 -0.251968014 4.157020495 2.651590870 6.080239334 3.750948569 4.837488901 4.020475667 2.603305643 8.110805783 6.448299422 5.657603762 1.835221866 5.479872278 4.812052225 1.022419218 -1.092081248 6.070218809 2.720783273 9.853252522 2.496001357 2.797874656
22.656522118 16.373036537 -9.710105953 0.729677418 0.503846289 -0.398257286 -0.234735844 5.621646529 2.685566409 7.177033331 6.820197717 -0.863787565 0.181747266 2.614215834 3.007786434 3.364539723 5.334142492 1.490514166 0.773169645 7.338921363 5.713897375 5.393224728 6.174998880 7.748286780 9.776381245 0.535880367 2.125116780
23.111489134 8.645154926 -18.602971785 0.949085155 0.217173336 -0.056195332 0.221167798 1.874900208 7.147731803 2.039016735 6.158572517 4.971529891 3.471569693 5.376889511 7.259578846 3.843268375 -1.112352409 8.805313249 -0.442185514 3.784997055 -0.292415821 0.601710195 2.186259269 3.085893494 7.564134366 9.865290266 2.947026619
15.005427717 12.172749387 -19.876336891 0.937572511 0.249128141 -0.151051890 -0.189937573 0.022443350 5.692181891 2.594532023 0.613758513 6.727796434 6.253938858 -1.389245820 5.524027288 2.836707634 6.318921315 3.464367817 3.644064091 3.043954750 4.337373752 2.676624630 9.352824755 3.332952028 1.915892770 9.909050175 6.373640248
18.415125299 5.417632282 -8.072291075 0.754826726 0.386224478 -0.525405487 0.070826121 3.975879186 4.106181777 5.531190193 3.828637458 4.097038336 2.184265332 9.770382415 9.911599722 7.417481202 3.595535714 4.995486093 1.498276420 -1.011747395 6.223707022 6.594338002 6.713393988 0.889419836 2.922342402 4.034288921 4.382740882
16.252481793 10.984836778 -23.078891402 0.822839441 0.466649976 -0.286760225 -0.151464941 3.550852716 2.739736601 4.529890197 11.187940971 -2.594057766 3.773366955 4.267274933 3.053466887 4.249271031 8.412546853 4.465300247 4.489100842 0.756007631 1.542143897 1.740409848 -1.487787322 8.999378286 2.470521410 5.786293329 1.012110801
23.254057903 9.833516588 -22.486886527 0.970274813 0.125410579 -0.163551793 0.126845514 2.830346184 7.619763012 2.084525547 2.076754813 -2.456516224 6.776909553 5.219068518 2.127449603 3.981170186 -1.794879751 1.081933944 7.317036809 0.866175241 4.015160540 3.034445139 7.013272367 4.284563723 1.580938145 -0.308518926 1.247988990
19.699230339 10.647259002 -10.112285936 0.822832736 0.346793506 -0.425420820 -0.147301318 5.012244063 4.372872955 7.568459210 3.089426921 1.710279718 3.399417632 2.935986451 2.200669792 3.385615986 3.852546827 5.103610236 3.367328245 3.616935380 3.824394174 7.117736497 0.874638177 2.542391220 9.090218656 3.116375248 6.061442964
21.532617610 17.274356101 -13.795482790 0.958175180 0.228206918 -0.128597190 -0.115259226 2.547580285 5.234096497 2.176943367 4.441497519 8.511710276 6.331709684 -5.443487884 6.543197992 2.662409460 2.719261750 2.063160845 3.279919928 3.240885362 2.739207573 6.222920171 1.415091475 -1.926405263 1.843515977 5.955373462 1.749580551
18.489010396 10.635137825 -8.651080496 0.796885755 0.480469967 -0.326840769 -0.165217481 5.620390902 6.902579213 1.870542186 4.363372410 4.453641744 9.849888852 4.830116008 3.966595274 3.374048564 4.315788086 7.647741145 2.209156237 -0.251212482 4.334857906 0.725165711 4.591752392 2.481210510 5.639889565 1.133819558 7.592672688
20.506965748 13.644604230 -22.800441044 0.947876679 0.288145135 -0.072243851 0.115251936 1.904606586 2.821284104 0.071396388 2.426215827 5.894466765 5.336842774 -1.080634838 1.196226668 8.686610903 2.159301360 -0.683702734 3.616063037 5.295173723 -1.483666141 6.451841727 4.290331613 6.827545757 7.772609910 -2.112508393 -0.939911729
24.557370784 14.975376655 -17.606415276 0.853524343 0.262286423 -0.296615817 -0.338705012 -0.084944075 5.268322101 3.516790762 -0.464972047 9.000010050 9.459737336 -1.089156051 0.347671559 6.223673552 0.693684526 6.183735792 5.622789492 5.288261807 0.685185748 9.676376089 2.164002310 1.646173126 5.082377433 6.739680588 4.756320482
18.538373111 12.391425121 -16.161507578 0.711685730 0.441547343 -0.186495781 0.513574425 2.596025231 0.856003982 2.983040730 7.344447719 8.946793094 0.777422266 4.377397406 3.623216015 7.126813506 6.737897699 10.233565537 5.330639638 5.906835473 5.717983285 2.388331373 2.183492273 5.603808253 8.722309395 2.826847878 4.198322748
15.405476910 17.655474543 -13.986834842 0.717495396 0.618283262 -0.234244690 -0.219215851 11.921486922 1.408381642 1.086984507 2.346643068 7.595104879 9.297883438 7.556055409 2.893026516 3.512824986 4.119612688 3.979689552 3.120934080 4.585472540 0.565988451 4.557920109 8.106103605 0.393625126 4.537423990 -0.191418867 -0.351089774
22.753010050 13.075036207 -10.970376806 0.801754998 0.383297241 -0.428455376 0.163395652 0.583158229 -2.598714346 8.644664209 4.788423119 2.728854368 4.834410622 9.235809787 4.559661738 0.830885459 4.741280723 0.974569190 2.336524824 -0.806350503 0.200139298 9.953179950 -1.554595857 0.041042113 3.955444266 0.639048739 1.655386071
12.824807451 15.097490768 -18.065477017 0.721943720 0.495959290 -0.214946261 -0.431995085 2.431233942 2.207849774 6.486547946 6.235442407 6.627080494 -2.874664245 5.530079611 2.780987659 7.992135574 1.216702006 6.573246686 5.258394820 2.106402593 4.395936957 5.299362319 5.478333083 7.074087737 4.556252989 5.229767348 1.277314501
17.085227863 2.643807331 -14.841506225 0.804785785 0.477370238 -0.318242989 0.152180470 3.491504916 4.927082646 6.631871941 5.984888945 2.558912485 6.759509105 5.140695155 3.737413174 -1.655317443 4.294245797 0.297757198 -0.998617998 1.781780140 2.268378310 -0.496966695 1.780649333 0.826373048 5.139136982 6.415505961 5.576484287
12.515470523 7.731627839 -20.175654669 0.752973490 0.385754123 -0.388926600 -0.364637874 5.659686315 1.948324041 2.276859602 3.654748674 1.044528289 2.691496478 9.831137608 12.560891601 6.384617642 9.046903160 7.924983924 5.693684241 7.495884411 5.333991115 9.101273984 5.034013686 8.031075967 8.305732904 7.384235069 4.116405106
17.643205008 2.482418862 -10.336339531 0.803760745 0.449450801 -0.362546018 0.143258601 8.631277780 2.829331633 1.287965932 3.991419516 11.247639753 11.018547773 3.015795367 1.872709394 3.778498214 9.450304014 2.206412350 2.422043868 5.103715336 7.192044599 6.328288397 3.504501158 3.936019864 9.342777481 3.657486184 5.563650677
16.334789972 2.523521112 -19.344496342 0.900079686 0.287813074 -0.288884204 0.153512576 4.938483045 6.625876537 -6.879785610 1.530335089 -0.827594459 5.743150988 5.729414906 5.420374643 1.929475003 7.350582956 3.092040640 3.338712686 6.086665247 2.258100977 4.934403780 -0.484715265 4.753810775 2.996581685 2.582184561 8.108089708
25.782433710 6.115641576 -19.321111439 0.954505924 0.177179387 -0.139233188 0.195294713 4.294129554 2.153485324 5.067933745 4.362520804 8.855929727 3.674561055 -0.919578214 2.056849998 -1.062310929 4.589066894 0.682529200 1.046821065 3.831204485 3.201127623 1.049489424 0.294424201 4.327105945 8.769870004 0.381480537 5.035366839
25.896662578 6.091212460 -10.994983064 0.867316432 0.307557122 -0.267931768 -0.285277744 8.385158777 5.401452510 6.649721243 3.794395494 3.309244132 1.377594184 1.884833405 0.358621874 1.357311706 3.752474978 4.719719814 4.332159746 5.824922784 6.989916568 -0.260227347 3.200198774 3.964651391 1.353618887 5.690806373 4.685645542
15.268002793 5.261232981 -12.762845965 0.921162013 0.334455201 -0.195939281 0.034757182 3.668826185 3.961154754 5.592426364 6.363253751 4.686389775 0.750392601 1.349581986 5.909933272 7.304501596 -0.144605819 0.567529742 3.605536657 3.877655036 2.619282918 5.738016883 4.218205801 2.869794844 7.991585747 2.946636220 2.560344834
14.330084082 12.011237620 -19.396628903 0.879638418 0.367218547 0.082491686 0.290829699 4.471371531 6.743437264 0.625340712 2.207051999 2.044231464 -1.362354473 9.274577611 0.279702566 7.958429285 5.075507143 4.185364542 0.302546508 -0.298999268 5.398505266 9.818887685 1.738390312 6.529416444 3.752076125 2.838727257 0.015893795
15.815935454 14.237230069 -8.551342843 0.825948141 0.549334318 -0.125502579 -0.017046365 3.711803303 5.436320069 -0.214722204 1.040003232 4.955128847 4.987305078 2.230186302 -3.282581984 2.978623121 3.109173815 6.038253954 -1.522954795 2.458452965 8.162466381 2.375006483 10.697739229 0.898694462 3.633120515 8.207404927 1.688755690
21.778762773 12.356395599 -11.668606059 0.808754698 0.385218441 -0.274616764 -0.349439871 2.625902550 4.931410277 -1.258492667 6.888242951 6.993555683 3.338095644 6.916238284 2.708549338 7.195447901 2.376741584 1.760691565 1.344467427 7.923764046 -2.852510618 0.900480398 9.623249306 4.378289143 1.928146939 -1.128345190 1.785176766
23.425060076 15.787665948 -16.345779811 0.729229766 0.410231850 -0.217053081 0.502813820 3.422871626 4.651014039 9.520667229 -2.487338114 6.549102299 -3.866175601 1.592450296 2.470364393 5.111531865 4.495734807 0.403153773 1.962986697 2.310516750 4.565065970 10.277038099 1.747513037 3.424253133 2.824929195 6.057446306 -0.329569281
18.214792257 8.172844814 -5.381461788 0.805710692 0.457301738 -0.348227658 0.142978667 5.494359797 5.640569736 -0.422918400 8.962394446 8.736424981 5.937457227 2.239471997 3.364011735 7.061224511 5.513500713 3.234616713 4.396100393 2.803069046 8.365883775 5.574146959 3.498585965 -3.010447356 8.930361748 5.351512333 5.068007393
21.097192824 9.742298541 -22.256935167 0.884069603 0.334616276 -0.324620070 -0.032782545 3.940608706 3.571038336 5.214109350 1.803674717 3.839034893 -0.442500492 -1.525607596 -0.839015046 5.434079950 6.775657649 0.721594933 7.981839535 -2.719546581 3.059469313 4.730263991 4.360559435 4.320014676 2.756664502 4.279576031 -2.407376146
12.240039986 13.045936970 -17.574334872 0.812308211 0.570980101 0.018613299 0.117433554 4.077384695 -1.692367731 5.610908346 9.074544678 10.283690350 4.378791254 1.951118473 0.588369128 1.099231179 7.934887605 4.650210665 6.535357304 4.579632965 2.458833745 5.692143093 7.571468156 3.890323346 3.583134832 3.710111421 5.493834287
11.765701906 14.835616004 -12.836708644 0.802897401 0.479444420 -0.129237173 0.329828082 1.028847721 5.057535417 2.760947750 -0.309480760 0.588420550 5.462797149 5.245504698 7.115008295 0.990684169 4.699284156 4.724413665 -0.500655543 4.973616311 7.919561006 0.804567148 5.366521029 0.567504457 -2.436823364 4.367112977 8.352602001
24.892280546 6.073454131 -17.641805597 0.836795839 0.260430408 -0.335511442 0.345515266 0.891479395 1.531365379 1.748391030 3.073005963 3.031550944 6.010961097 3.045770895 6.710386203 3.004396313 2.636503114 5.455695625 4.335248816 6.304956285 6.044232314 4.075568501 -0.577192584 2.288235929 3.375201857 2.260445285 1.934353802
18.436363660 13.368698448 -19.051165821 0.785287765 0.368140275 -0.357648034 -0.346242326 0.609994530 0.875886538 5.756050697 0.346285876 10.361838779 1.092486254 -2.873685423 0.555991392 3.744542373 -1.866574530 4.953064629 2.702594046 -2.426518678 4.138067992 6.171356968 -1.775379160 9.161735966 2.368512558 3.179336468 2.585183733
16.237781817 13.486120130 -9.886811557 0.938520916 0.316622963 -0.137392722 -0.007185290 2.648270956 6.133378828 2.926351291 9.818584554 -2.088793112 2.830444204 11.646155726 1.924984319 -0.163186474 6.354215640 3.570366819 -0.017056231 -1.013653577 10.377024356 0.460519620 0.209730980 2.488013695 2.351972662 2.125560279 5.225558697
17.359764590 18.118714851 -11.301307104 0.823272245 0.397606897 -0.203443071 -0.350346234 1.617427687 4.684996760 5.588709857 6.922194335 6.195382253 3.904276372 1.547464315 0.238425708 5.134141119 5.279771548 5.546848920 4.634719322 3.089400642 2.787764258 -1.055394159 -0.258923912 1.104981816 4.764789995 3.146202205 4.690648216
17.574845550 13.507124154 -10.076598965 0.946405408 0.306834022 -0.092031456 -0.041229813 3.795228660 4.687191295 4.618573896 5.543142450 0.695324054 7.266005091 6.771044778 1.912661135 0.021740204 5.268307666 3.255476973 2.017615862 3.236560084 2.114594190 5.748978946 1.751532695 11.355566807 3.032382877 4.065132702 3.020066536
21.058598441 9.741920245 -10.869525735 0.825324244 0.482511223 -0.266255837 -0.123006670 4.123411359 5.659816360 1.085538926 -0.138920779 7.145964022 3.235299742 2.597100295 7.893098170 6.001993875 6.713860106 2.901748809 2.740421297 1.605634082 2.474295767 8.356808116 1.549782925 8.986126940 3.776169817 0.919172191 5.040798358
18.407782084 10.206098989 -17.538647373 0.747672779 0.491204981 -0.403459346 -0.192155244 4.019039575 2.434803126 3.141736820 7.907486569 1.021172798 7.091579939 3.856710477 5.978949968 3.246661797 3.698580255 7.109141939 7.256454604 2.099452135 8.194492194 5.194765128 7.754999489 8.060513168 2.196107127 -4.695437976 0.924624689
18.340358985 1.702801027 -15.299830066 0.962214805 0.162031913 -0.216706737 0.030438776 7.750168551 1.765231115 6.478840305 3.728790293 13.388735989 3.590813163 -3.485851920 3.002572467 6.307337393 0.533976855 5.123650750 7.778711538 3.559622092 7.049935364 -5.341128912 -0.277250920 0.181943105 5.329817879 5.815975660 -1.891393172
15.090572035 1.782327810 -12.667899138 0.728009115 0.514220045 -0.422352049 0.164921863 3.908488280 5.471271009 2.562189868 3.246391952 7.591908013 4.339018149 1.310484814 5.589579815 6.394818385 4.986339855 12.158999124 1.354793162 11.769457663 3.506798842 2.691811026 0.627123817 4.671746919 5.788351474 3.645571731 3.846107021
16.122192380 8.866120499 -14.866216738 0.814468559 0.519286155 -0.162563118 0.201385421 2.692626993 3.029556627 4.071327737 -0.500452040 10.125707709 4.938116613 3.133516455 0.634776114 0.380603356 1.824564536 4.436157899 3.954714194 5.843717499 2.022501476 5.284899079 0.721009791 3.232765168 1.832103984 7.172940685 6.544476628
20.213336712 6.605464421 -12.569046341 0.888458051 0.273431537 -0.316436750 -0.189064194 5.614270189 3.609722203 -0.610754615 3.232602256 2.041709514 11.585725206 2.743872707 -2.778346602 5.598694968 7.726682491 -1.543491139 3.934271745 11.258154388 4.806561737 2.582447485 6.132297629 4.728853619 4.512625072 -1.052038031 3.620295630
13.023651798 12.659200172 -7.863073555 0.792136082 0.466062849 -0.066431282 -0.388449138 3.507181195 7.340127984 0.260183668 0.684596625 5.067006918 0.301791288 3.631421351 1.900880421 4.818498191 5.013045936 6.007172817 8.589891880 0.716283099 1.850801799 2.811093638 3.189254094 3.535975158 -4.036454292 1.030715566 3.275481764
24.385985684 7.804177749 -21.591604328 0.964284391 0.146956894 -0.186239099 -0.117789146 3.685268050 2.976879711 -2.049489697 3.623926629 6.312621589 0.809150396 5.379185376 3.258004722 1.515825625 1.084316599 2.901138609 3.491107213 4.085009929 6.408694531 1.832697141 5.712431084 7.769057207 4.871398704 4.188147300 4.166819136
15.537877729 4.225830913 -11.395408891 0.773277045 0.472351433 -0.311497109 0.286175272 5.578657833 6.380270240 5.237193683 11.267051366 6.681729446 7.900438724 3.330254265 5.906218436 5.767889773 -0.272871706 1.323161896 3.290226914 4.463004614 7.721632079 -0.555672827 -0.598730819 3.401273147 -3.643398749 3.744710240 3.450317263
21.867039979 15.568155048 -14.047918180 0.778889783 0.265479020 -0.349559836 0.447950351 2.641774508 4.020686921 2.157401224 5.817706585 0.418056554 9.508485903 5.692614034 3.193168441 6.099415984 6.585013903 6.380008377 3.200709911 7.375749585 3.345661872 7.878365787 7.071574017 2.525409583 -0.040693577 7.869580689 7.106161845
19.923625588 15.377389587 -22.005817711 0.956160151 0.152321649 -0.208733089 -0.137791069 -2.981163818 4.774666314 4.310892711 8.838954986 2.497982683 2.691806940 5.864546815 -2.502055090 14.438556695 4.267995433 2.273162580 6.197253509 6.431170044 0.001913425 5.888346689 8.608482647 6.590484528 4.232616232 5.390125908 8.167209602
16.744476226 0.464215644 -17.681047933 0.856803935 0.320720428 -0.397333144 -0.071776013 8.707971571 2.088585348 3.733831230 0.507907503 1.586509505 0.972305526 8.194941724 7.898607131 9.982161934 8.785519474 5.719141383 6.452709496 4.262064671 1.544781727 5.302358476 1.252736323 6.763516019 5.321582650 3.694066662 3.414913607
26.795412362 14.337390857 -11.681918895 0.709715594 0.346406968 -0.594100141 0.152810374 6.464866076 1.190836116 5.351749944 6.500066512 2.091946185 0.188509572 6.800321935 3.043554951 5.148255445 4.448138801 3.267402768 -0.976917191 5.876366628 5.353197674 -0.013924141 3.802150255 6.882162405 -0.014027918 4.431018974 2.381768840
15.668548432 12.245973859 -7.365548421 0.723567297 0.539596582 -0.252380497 0.348697548 -0.187306355 1.115508841 -1.298551359 4.819004953 6.287730719 4.904873369 4.054241927 5.136024868 3.791446534 1.566521507 3.775072099 3.023244979 5.773367448 8.273987296 5.821473834 -3.186982910 6.615453751 5.441816245 7.185082529 6.812420148
13.178589917 7.362249995 -13.983837394 0.895062220 0.407676035 -0.180626883 -0.006148324 1.634198119 6.291192179 5.057903090 -1.082874009 2.370608267 4.226753357 3.545677128 1.006403497 4.873685557 3.149352125 1.867442882 2.961632206 3.283140577 0.319483666 7.499341742 0.803900786 5.116794046 6.849202651 5.347278719 4.753888570
21.435973483 1.065954834 -15.484275510 0.897663226 0.248885550 -0.361777947 0.037059859 9.421106810 -2.076251385 2.504883666 3.154842195 2.270504673 7.828020848 4.613622287 7.350701186 -3.275312898 9.343906417 5.786369370 -0.470923127 4.896646185 7.479303355 1.999318117 6.294157440 5.479699976 4.370148340 7.969379982 3.704000137
24.136069306 12.298549459 -10.899415262 0.790104578 0.400240351 -0.431053603 0.172439000 3.369044358 10.270596122 6.335814560 1.189410776 0.334158459 -0.390386794 5.037756064 1.131359033 4.728972699 5.326075687 -1.241443193 4.135388644 4.801529122 0.304827054 5.429185688 7.127080513 3.761040102 1.257285623 4.331905254 11.743274139
14.315047109 8.069825936 -10.400604850 0.886049692 0.377765894 -0.121830439 -0.239512456 9.693702054 3.880612726 5.967724886 1.977608646 5.161831667 2.359083762 8.290462162 7.008151305 12.588776838 2.270103480 4.000015630 2.234985728 5.270707363 0.961345779 4.232764321 6.339657109 7.845789549 3.071800092 1.968786572 1.246129317
13.614843389 8.711372473 -22.645776571 0.836651250 0.437862401 -0.284674295 -0.165081038 2.107966584 1.883495777 1.441472786 5.513277782 -1.612523599 3.931368151 5.628919884 9.247477505 9.666182535 6.241846374 3.979838474 6.937358518 3.770163520 5.875073872 1.782110366 5.325883070 -2.709871225 2.621627072 0.862367229 4.488799703
17.361186011 18.144877964 -17.817815300 0.887502711 0.354698004 -0.278207694 0.095544451 3.891379193 0.119461477 3.747990603 4.544513905 4.533493895 1.056286882 -0.092796624 -0.454104949 1.706640439 -0.095639364 3.974019590 1.063326923 6.244490397 5.092150386 2.766108089 3.209710746 5.501416709 6.246185555 3.558498624 4.766860696
21.322753827 8.864109798 -20.661062124 0.853253151 0.411947273 -0.219630532 0.232424039 5.597497920 9.666894114 1.970850689 0.585795088 -3.200975510 7.562825751 5.874614235 0.333319507 2.502680022 5.561536785 8.428245237 -0.240967420 4.664144681 4.046177707 6.224032344 10.886459155 4.939208117 2.345529048 9.612944218 2.531479289
26.109856727 6.482930552 -18.717549990 0.903451561 0.272681995 -0.325505127 0.058874603 4.134265948 2.262150627 -2.576750972 -0.361522293 6.349808889 2.258659774 1.063068916 6.646994630 3.994361237 5.201703012 -2.530258961 0.874885431 4.830322516 4.114988464 2.330380807 6.944212137 7.706802555 3.120497863 5.953703960 5.528958222
25.090528986 10.790875235 -19.110629136 0.904085917 0.281321421 -0.280113946 -0.158186885 -1.206337334 2.733513700 3.089584557 0.192497531 2.920532492 8.491311360 6.363653973 4.439073321 0.747651349 2.216982201 1.655020638 3.910731138 0.864490735 -0.616808340 4.730654714 2.986030623 5.012653835 7.789410759 4.086188435 6.921957387
11.394523948 9.683536890 -18.151997194 0.944103442 0.312234983 -0.101258397 -0.030409597 1.089929306 2.107873434 0.674630043 3.018664003 1.906213288 -1.034022152 -0.084646584 6.897640501 3.774697260 5.203023102 3.183374180 6.577010757 0.725204689 5.184519028 5.070207824 -0.360469504 0.190049538 7.305967911 5.804823136 10.038892182
22.963080699 15.628558207 -10.556455939 0.721665754 0.598752752 -0.304730741 0.166831819 -0.229963288 2.864943691 6.635572117 3.899047652 -4.368870322 6.615537007 5.378884270 4.456011889 3.408894637 6.337995834 5.005302523 0.948381993 6.730591115 7.305497134 1.991889596 6.149870347 1.917584811 7.894548100 3.600625021 5.094472144
22.802589360 3.053933496 -16.613068953 0.929439416 0.212615190 -0.217325965 0.209061182 -0.479883278 7.536521423 3.296848691 5.363177907 3.571240353 3.022961532 2.784582754 4.269211829 4.515186093 6.719880087 2.449337286 7.383876384 7.100229280 -0.297287305 4.652101273 5.575599462 8.620188184 2.683384198 1.576909996 5.002047248
24.639570347 8.690607613 -20.472107059 0.923003497 0.290953474 -0.176622898 0.179485299 7.291108569 4.648845976 11.453518296 4.253244923 0.361044346 -0.879711594 4.091028061 -1.971227716 6.662893214 4.115697822 5.973678057 6.978499355 4.893031219 6.691181718 2.205696097 5.570094512 7.901807620 2.857529548 1.511702955 7.979188618
14.412445930 8.918960222 -7.681099299 0.927334006 0.336258134 -0.086420220 0.139691280 9.831779643 2.657950148 1.788036009 4.447394792 6.161429761 6.876533395 3.322553533 7.375721532 1.802877224 1.346753358 7.424261295 1.150110665 5.781585675 1.007438021 6.443138101 1.978203528 5.030505761 2.432165816 4.302469145 1.403749471
18.487608609 13.944351882 -7.724691017 0.920977187 0.279238458 -0.181658532 0.202057128 3.250115396 7.280714326 4.528986117 0.365283703 0.285255703 6.970813754 -1.520063140 0.019100465 1.240022649 3.160808039 1.605915755 6.287452433 4.809847992 7.428701709 3.469802288 5.975890580 2.282725247 10.364966691 1.027352661 2.108941018
19.501212712 13.786693492 -23.526553721 0.864129188 0.430621601 -0.136199408 0.222025910 0.480602223 1.580332289 6.988983716 3.272354480 5.208825935 4.218530937 2.111352069 3.595482220 3.596117742 9.613463368 12.059319430 4.936516649 6.049883609 2.253060077 7.234220824 4.676434610 0.659140747 3.667707844 6.163653062 9.064590006
25.326898575 12.672779222 -13.508073950 0.868116961 0.365969976 -0.295661106 -0.158187955 9.384918688 3.950808076 5.471839872 5.547333927 1.935062941 2.774870774 6.935774376 1.443713433 3.754828388 2.839069550 3.997351547 8.506012265 4.412807205 2.558885335 7.510125818 2.021696571 0.438889253 8.646213224 9.689131775 -0.252469487
20.630156708 5.188668791 -19.934906327 0.904542223 0.118231920 -0.279405134 -0.299595313 3.660039621 1.167102151 12.301567300 1.822320983 4.243525553 6.102481354 -1.716325910 6.998127651 5.398492464 2.963722650 1.968189072 12.162822078 9.030010409 1.716874883 1.061973013 3.673327331 6.314228191 4.021697801 6.470396153 3.079035618
25.269350377 8.358595821 -14.496654322 0.780463613 0.367017060 -0.357349959 0.358435535 6.031515647 1.723047568 -0.608562607 -2.042802575 8.089758887 6.698801702 3.724047496 -0.584675928 4.640764652 6.830154748 5.046591073 -0.481110946 3.510367188 0.071919969 2.490526930 4.901003108 4.307414811 4.188591697 0.661624719 -2.169903432
12.674265576 7.379884984 -10.063520339 0.758599593 0.480327103 -0.419430247 0.133756491 3.150539484 4.822289895 6.779548141 3.211455321 2.112814923 5.975225567 5.806401675 4.684743015 4.095761864 0.825853870 7.857000888 2.882977266 2.646494065 6.617529767 5.008578705 0.904819172 1.272812540 2.982544204 3.540989038 3.041084770
26.781423370 10.350676191 -14.019292690 0.821082598 0.309883502 -0.231815563 0.419591619 3.968583823 7.680625578 5.330936459 4.407489962 -2.082028927 1.878212939 5.416061722 5.581267268 7.426056496 4.200600105 3.762673277 2.206899259 4.855147780 6.982714132 13.377298773 6.141684571 11.286329461 -0.538256089 1.880235880 2.820201063
19.684075110 10.455162759 -14.545381073 0.910966631 0.335462761 -0.168405502 -0.171009126 5.890221925 8.338623988 2.502125578 8.137699147 6.013237275 4.313427349 1.713140001 1.162003715 10.186541103 5.903114208 1.554639705 6.731018133 1.921382759 5.664461817 1.425076448 1.746325057 6.312014950 5.411332616 4.344087610 -0.619868798
18.898501303 14.301794396 -22.413768436 0.807186330 0.335232950 -0.437359829 -0.211625798 5.291580795 6.159347351 7.325496069 3.069250834 2.720927975 0.001610575 10.611078029 -0.432708184 4.302459851 5.399275820 4.704055665 5.837671918 8.562547845 2.029350246 5.574811155 2.953822832 6.104122283 4.034660527 0.049289297 2.439614655
21.240749401 2.101634994 -14.709102282 0.898020084 0.136261597 -0.418105029 0.013449590 3.847949875 5.053209166 6.032416082 4.972056951 3.078621003 6.249107596 7.531104925 1.672064718 0.728783792 7.968582914 3.025406521 4.225073674 9.483241733 0.224683426 6.418163425 1.454540649 5.069895023 2.183505224 6.467635983 4.095275186
26.000367146 4.244617507 -14.492339703 0.832545814 0.247153926 -0.329943893 -0.370026259 7.196472261 8.109504670 1.867455118 4.669028813 3.376839899 0.238590784 5.575881402 7.916028058 3.431344517 -6.027408123 5.505601404 2.082531762 3.376336005 6.018684189 11.535783407 2.886408782 4.101800382 5.985771147 1.640562324 4.074069821
20.159213507 9.912238726 -22.994350797 0.714368311 0.436232715 -0.369760861 -0.403306137 0.832114660 3.220942744 4.517407507 0.153734989 3.976591408 9.162142758 5.367624999 5.932256139 6.102327280 7.352440693 1.265635505 -3.652215402 14.490904294 1.860539375 3.374317132 1.055813292 -1.346907267 8.514856052 1.621136491 4.822608791
13.575044484 11.381838393 -16.049938479 0.708792834 0.485628972 -0.271911431 -0.433406730 -0.764467285 6.066094989 1.579376874 0.466229600 4.568899553 5.148680052 4.018038813 5.129927234 2.625104016 8.315398120 5.218971000 8.822727617 1.896466109 3.205824932 7.337590479 9.238574936 5.272900255 0.574930464 3.732394859 3.113137753
22.854286037 6.463950928 -12.864020882 0.735788525 0.375763277 -0.508290530 -0.243018401 -3.297824067 4.953680213 0.387692620 -2.404132138 5.749156227 6.762416671 8.713422085 3.207205729 -0.644210994 2.172791552 3.945293149 7.373938024 3.869302439 7.431657868 -0.673487178 3.595810796 6.490906426 4.366696329 6.284306643 3.402417591
19.201009155 7.708908423 -20.107097256 0.757938688 0.559658025 -0.295854132 0.157423546 3.682943387 4.943677654 4.355884390 5.195126783 1.459076253 2.759838720 0.176719345 3.031640389 1.790438935 12.891919024 4.478499191 3.407938605 1.637924332 7.008061017 0.747947050 4.571491960 5.877464404 2.448397637 4.032373329 3.717522227
20.042188705 2.406402277 -13.671761555 0.944257344 0.158288660 -0.282398996 0.059779398 7.441304971 5.254637413 5.897499473 0.234655421 4.056215928 2.271161511 9.833819748 -0.465148865 10.205964449 7.068639983 5.062639438 5.577352724 4.373513443 0.928320237 1.869773012 -3.271957371 -2.409255847 3.385945560 3.269765816 3.627922544
13.082551848 12.560798957 -16.777464634 0.850601695 0.346892148 -0.273533760 0.285169908 0.746739462 11.381146458 2.481788471 0.379331851 4.273124027 2.989363837 1.232427916 -3.474997105 5.001923039 1.575106576 5.333772551 -2.400318850 4.241623755 5.912691618 2.086240055 3.202961524 3.656254720 -3.701586942 12.839409705 4.853438383
20.032512879 12.465194680 -16.800780325 0.831498021 0.213867215 -0.344525411 -0.379702641 3.417554708 3.733000081 2.721894919 8.810103852 2.124448493 9.247988680 2.847105189 9.746222440 4.230501665 8.018441240 6.546203379 5.451635853 4.211967388 4.688530314 4.246564004 2.938938210 1.842133665 3.528672678 8.601801075 2.204039690
14.151934056 5.616723271 -12.482333922 0.958143432 0.224732314 -0.155749235 -0.084845311 1.566777305 4.341935303 7.591939708 2.925228644 4.787673991 1.964572924 -1.346160831 8.124873037 7.760024342 1.819466867 3.564988037 -5.450846125 3.599710354 7.106447808 0.335507495 9.134359434 4.892001188 3.208384980 8.644830542 2.765223779
27.591205044 8.650759387 -12.710761231 0.899303079 0.312702938 -0.276390417 -0.130687343 2.630822784 7.804056054 4.118814506 3.372086035 6.625400409 3.876244264 3.164839578 -1.147928202 9.196836212 4.837508133 1.701918628 3.630085628 0.024314317 4.522707673 3.054012514 -0.733795444 8.994675199 1.693724457 2.357715007 3.980282432
23.188656287 10.415402945 -20.321794374 0.884425656 0.279372147 -0.310750267 -0.207790122 9.186044449 4.738406044 3.675278076 9.652408108 2.768560378 1.947870756 5.647413948 2.097318026 4.023146416 4.051357056 4.030082955 -0.494323857 7.249538995 1.236201521 0.055037002 1.144388098 0.926784538 1.904748521 1.807696374 0.597061634
22.324209787 4.733049762 -21.770748330 0.966009248 0.084624150 -0.205724622 -0.131690040 6.967297785 3.505694168 3.180044356 3.235654652 0.818033795 3.893085494 6.026134427 3.396900414 0.527938767 5.831272763 -0.579377851 4.483345014 2.584360612 2.577763629 2.919509207 3.912359631 0.600565231 4.177524986 5.103860046 2.209407160
24.820639016 14.285052503 -12.374595810 0.818576579 0.331088462 -0.304583510 -0.357129809 6.357661403 6.630097560 11.061889528 4.699088569 7.101938036 3.654391847 5.467017408 3.499742805 12.053169800 5.265031342 5.289921315 6.264932250 3.802342329 9.899631672 4.080575204 6.523579133 5.199029154 4.443936964 2.494739653 7.833621984
18.469314934 2.367164440 -12.313677568 0.902944988 0.157733359 -0.359434531 -0.174978153 1.474469385 -0.855560286 8.260509951 2.370598946 -1.650452519 9.553444058 7.798436618 -2.813877422 7.921849735 6.692728304 4.555632324 6.921171952 6.483774458 3.740272799 4.433206275 3.104241442 4.442949138 1.470551629 4.003882065 2.181494939
13.591521249 3.190064824 -12.400369282 0.762246575 0.517575188 -0.324544350 -0.213932346 0.654043114 -5.800841056 0.711524152 6.959329719 9.157149765 6.226484198 8.396535103 6.944805564 2.933108847 6.822085586 2.302204246 2.523699238 7.939796252 8.407876557 2.986452996 -1.105785830 3.664856502 0.863726449 -2.277607411 2.074235086
18.058197117 5.728462021 -16.628715148 0.875759981 0.421051644 -0.232886820 -0.039034578 9.863219159 7.982238583 2.757033570 1.258067214 7.950209981 5.263903973 2.930325079 7.703726161 5.120981116 2.937512859 4.226224750 3.304075092 1.947660756 4.553670031 3.451741061 5.166376433 4.359925745 6.244036235 1.380959171 9.066569905
11.272096767 9.096448395 -10.087666885 0.934428685 0.339431510 -0.094751673 -0.051491782 -0.738985820 1.425692313 11.524234350 7.568612067 0.487371290 -0.316037580 8.059744857 -0.223582119 4.594511844 1.372067777 7.945406948 3.939595227 5.882911306 5.436313059 10.535660071 7.970957215 4.802256629 7.132353631 4.032721957 6.367562719
21.596962575 3.945429462 -21.398696269 0.979155862 0.067406470 -0.184621838 0.051234200 4.185374577 6.983079193 4.493670114 3.455129686 7.091958944 2.309228485 3.162577855 1.055454355 -0.201480916 5.337094111 4.648379996 -1.044918623 5.123616114 0.719310495 4.433414601 3.058833235 7.528484580 1.484553086 2.554755376 -1.163236301
15.639954764 15.459581026 -16.499451221 0.841972402 0.530935427 -0.095198343 -0.011283665 1.500711727 8.213236422 3.667097075 2.447695083 0.050390129 4.626595007 3.481176100 7.510370629 4.903479025 3.642163506 3.209218425 4.732798217 0.134910450 -0.431210137 8.405022939 -0.362051735 4.775078827 0.321902834 7.945533942 4.475539058
20.025114556 9.793813277 -23.506644482 0.873392903 0.354681174 -0.330948326 -0.043119686 0.105837260 3.476010071 1.089158347 -0.048453829 3.518891548 4.879952900 4.086169207 1.341607510 3.804044365 7.255369704 0.834963879 5.142337731 -2.300901496 2.830839305 6.811169301 1.495383878 9.767903240 8.043800422 3.312748523 3.911550540
13.635503221 13.453490791 -12.269404259 0.932479280 0.334629857 -0.021754296 0.134283286 8.550118460 2.347759359 7.441077335 0.006404852 6.843595131 3.560695555 2.044257368 3.718220380 4.628191273 0.396723743 3.050840296 2.776870920 3.248868999 5.847408855 7.558037857 3.701303977 -0.097479302 1.664766918 4.690926086 -2.015610554
11.723805527 9.708275561 -18.018670187 0.748576995 0.624301884 -0.162645740 0.153055553 5.679781281 3.632943839 1.913572055 2.919216010 4.566020835 1.286010043 4.281860894 3.626380415 -0.211951512 4.440848810 3.904352762 4.144570274 4.927473909 9.924248517 1.073731552 2.613134400 1.852264593 1.826767209 6.485148941 3.700969130
16.428271840 6.122869898 -17.018056532 0.709316055 0.481515129 -0.284290465 -0.429176941 0.683265771 2.448165510 5.444627843 0.118002379 3.411346698 -1.695046560 2.647759613 -0.586575043 8.610149703 6.772898413 3.066358502 4.615265121 2.161074507 5.257883388 3.552111949 4.196068005 -1.851581754 3.026815854 1.853060615 1.415388248
21.885816505 18.352219349 -12.937643226 0.788208754 0.524130620 -0.265202773 0.183525318 4.883009386 0.618945984 6.887837574 -2.423357002 2.599118249 5.502304949 5.729452852 5.197599202 7.322894351 5.805247383 7.209779586 -1.432776321 0.546747801 2.299495759 8.993590915 3.839220055 5.879096066 6.530292479 2.278656588 1.447355574
19.728851352 14.368420196 -16.015241299 0.891484290 0.292283439 -0.252315106 -0.236987845 4.671557894 0.694688172 0.728487885 10.370260981 3.798449284 1.393451005 5.425756445 5.649205930 3.551857474 4.625759000 0.987639419 4.347925867 5.156122915 6.133696116 -3.569155111 7.421535858 6.043923093 0.411203874 1.524481230 4.085214315
21.709494208 14.104369187 -18.610827306 0.862796342 0.422933338 -0.269854833 0.062355698 1.494624604 -1.270832344 4.564943081 7.098604451 1.743868259 5.470507644 4.204427508 4.019877701 8.156175456 6.689814874 2.818302235 4.956383150 3.609605389 4.986201516 2.221529468 -1.570139478 3.393396777 9.803557678 2.385720727 11.305558895
22.312331699 14.887333786 -12.565823953 0.927168044 0.299210552 -0.185566246 -0.128053237 5.226468350 5.112173729 5.169607062 2.769651303 7.028980238 2.063039570 4.843945495 -0.856930193 10.231441666 5.185994273 8.565151888 6.223388982 4.617698099 4.082488244 0.811224840 -1.336858931 4.828002215 6.801507898 5.918717574 -1.645083948
23.937455411 6.747165718 -8.163406016 0.753412197 0.435135544 -0.468148729 0.154479405 0.873243906 7.280176255 4.094072775 4.838009130 1.150643888 5.113139156 -0.567785224 3.239432386 6.116968846 -2.768138515 -0.708474574 7.264953353 -1.718608206 1.366149165 6.244170774 6.397385577 2.276796628 5.620246529 2.621681197 4.001318183
19.420934556 17.742247729 -14.765258857 0.969438313 0.198364750 -0.108644696 -0.095063730 2.855262596 -0.215518834 4.364485059 2.281493808 4.553189733 0.773488623 9.951615446 8.571754722 4.735442979 1.329391477 -0.420364578 4.106593179 6.265870960 2.061842843 8.178162570 5.056055657 -1.608549413 3.345926143 9.751539898 -2.458334029
25.846124873 12.338821519 -21.550279194 0.970299689 0.170533812 -0.154358786 -0.074900584 5.309695149 11.274908080 3.040695551 3.986555176 4.826749832 3.513762232 6.863293297 4.378425306 -2.843566216 3.807527233 6.484029752 4.278439041 5.242610687 5.685698181 2.526784346 5.570903941 8.467098599 3.042205999 2.199829594 4.585038384
16.980778243 12.324733861 -9.211082519 0.925880023 0.351528378 -0.135541691 0.028327243 -1.601808791 9.002721898 10.850139682 2.227945464 4.275240020 3.254678392 6.798338917 0.011105077 4.370606854 4.252992992 4.063074762 4.503954318 0.443028846 -1.089756322 6.793069157 4.703617752 2.748465307 6.959013119 10.620220546 3.839054185
17.029041663 13.624845467 -16.982083509 0.881813302 0.313457427 -0.320415047 0.146574010 4.618980399 7.027725260 4.455771757 5.263620441 8.123950516 6.106114144 1.610559873 5.505567551 3.762051649 2.941905142 9.067633184 5.382119156 6.967782662 5.787416953 6.955113617 8.593657880 0.558638473 0.018473956 3.027611376 3.612530111
25.642767756 13.082693211 -20.245785007 0.898149426 0.218826898 -0.251520852 -0.286669946 5.311869199 0.132034382 5.005489012 3.956859706 1.098034130 3.588336365 7.533970517 4.227193715 1.760690804 5.364043423 5.974813708 6.065338001 4.411409373 7.683351486 12.365259440 3.689307710 2.642337944 5.424936791 4.881762864 4.205793019
12.789227437 6.461227212 -19.244863264 0.972316423 0.210942711 0.002126700 0.100495889 -1.465514789 -1.133760225 0.833679625 6.318767666 6.815179065 3.182909115 4.540841925 4.455958604 3.021193999 3.702313386 -2.620889827 6.441797613 5.210891198 10.845202522 5.598687269 6.307048298 2.647927932 3.841531979 4.179489262 3.973591583
14.904425221 3.114256389 -13.975199674 0.953816328 0.219099648 -0.199367089 -0.049824903 13.554026140 5.718304603 6.246419281 -2.399826997 9.178103572 5.877508212 7.124912915 8.391652744 1.004876226 5.282392870 0.203902769 6.738973831 9.327253679 6.530997784 0.709240847 -0.372259570 6.066363365 7.201681348 12.586942109 1.983837833
23.998586892 12.454356410 -19.367351714 0.751099611 0.366137969 -0.421096101 -0.352803680 5.563746740 0.685214648 -0.810812656 1.378845925 1.605421682 2.402545593 4.668766530 0.695559238 -0.571906180 -0.729737429 0.939995414 6.897435998 2.571839646 5.187732463 4.209539512 3.354594678 1.981075055 4.190208337 5.989017914 5.823161971
14.318658731 6.400327572 -12.448782952 0.815030529 0.333848189 -0.469990968 0.058130144 -1.390342419 -1.823105882 1.391909416 3.405632656 4.592264538 0.446231741 2.170781183 7.815744804 5.148142087 7.732996765 -0.161833667 4.471482532 -0.202412235 5.207024430 4.563145463 10.729997425 1.368283289 5.296617504 -0.534811576 10.124742593
17.135265293 11.720303040 -13.636011791 0.860947880 0.469044474 -0.196174801 -0.016777267 7.574389282 0.556945775 9.596516295 2.512564771 5.102657500 0.907362539 0.822833755 1.799796624 0.152740741 1.598688914 3.739325735 0.146612820 5.660518903 7.868570336 3.872353615 6.599465452 2.271820463 4.078318545 3.617737778 4.556947750
25.043737197 16.136095964 -16.198217850 0.849675240 0.349420497 -0.179526707 0.351749149 4.487251127 4.393087474 6.000113456 2.703759014 5.449394215 8.339174153 8.583108436 2.415772994 10.668530649 2.691968141 1.583482113 1.509015554 6.587965812 7.264151147 8.138701537 -4.547391755 5.455443339 1.635038878 -0.087348859 7.216927026
20.203237253 10.405811937 -8.175459076 0.849073669 0.429672492 -0.275533351 -0.136150012 4.898153066 -0.352278670 3.737431728 4.948597048 5.441381239 7.923649556 3.616695042 7.687023664 2.326070486 3.017810425 7.009811946 7.805664472 5.113786994 5.217283422 4.282557571 5.372812952 7.027257838 3.953445109 5.127026579 3.764267055
20.727104219 9.833779696 -8.858853482 0.941538618 0.266264333 -0.195557124 -0.066073795 3.255518882 4.674172029 7.246415447 1.954118293 2.789968139 3.200227973 6.504238339 2.210434243 1.647919244 4.678071107 7.484115860 4.028808804 3.475840678 5.072291159 8.927479102 7.921301212 10.851670339 2.730386677 4.355371490 1.939136481
23.822514155 4.845840340 -18.049177598 0.718496519 0.440865365 -0.505395456 -0.184325567 0.421905428 3.800016162 6.074578447 5.228938171 4.311348260 9.324324037 -0.063157486 5.542965774 0.772655237 8.655896171 4.828947454 0.831573914 5.320191361 6.054382024 1.848457538 3.154893358 -0.724768424 2.873130951 5.430599007 11.188628017
18.104365929 1.963292615 -15.493297800 0.711444599 0.421312399 -0.538876307 0.161104842 5.835177967 2.908524722 0.106480070 1.799030589 4.748409023 6.728702032 -3.362596770 3.538601184 4.314495723 6.178087980 6.334272440 6.260693854 6.759148593 3.072058899 2.582284562 -2.376590947 3.635714567 4.524011723 0.534481861 5.309249252
21.342893540 9.065444374 -9.662992994 0.842423252 0.233663316 -0.480002594 0.072952246 3.512081370 -0.207906739 3.601126562 1.312663367 1.299750559 6.729322853 2.572181256 4.037591233 5.036037158 2.823771581 5.654426099 -1.013824348 1.747054709 0.511762601 8.323052936 8.735484217 2.214013706 2.572344755 8.895046519 1.687156341
19.959549755 7.266200205 -22.057306638 0.841062767 0.361092986 -0.354842176 -0.190557888 -2.092933270 2.019204296 3.198284168 6.066508087 3.421985599 2.423107034 2.818636303 -0.547002728 -2.200417850 3.507065354 2.735881690 1.306996152 6.211937085 0.487384237 -1.155508549 3.654127182 0.248660443 3.724659677 5.800818055 0.596252871
24.473820508 15.473665013 -20.668039965 0.805221994 0.343996356 -0.335392854 0.347556730 4.317070758 6.890838101 3.002588186 5.035033188 9.429710594 3.532818990 4.992476538 0.009813692 0.553682551 3.938685588 0.431218378 3.201048255 2.278785148 5.262374926 2.395763082 4.780178040 1.871210046 2.240285546 4.778543528 4.392959007
15.903410408 14.035374234 -14.384680218 0.818228527 0.364064756 -0.256879087 0.363279598 2.090511891 3.915395859 2.703335727 2.921457138 3.070369128 5.893762939 -0.112811168 6.689677006 -0.752990668 3.584673583 6.779355655 3.811835056 -1.982654841 4.973010413 8.122265342 0.124169524 3.432753129 3.151214954 2.260935579 1.111606138
27.445854235 14.088332034 -14.677688610 0.963427099 0.147488034 -0.142893334 -0.172154003 3.734947833 1.652237501 1.842302613 10.780671352 3.496763504 0.094736117 5.343422674 9.784265643 5.092343396 1.277894911 4.188095544 3.071769217 5.315384926 7.771437751 2.127775164 3.950300521 4.647188766 6.908455177 4.012705077 6.398376445
22.710666410 4.150431729 -19.253791405 0.736291373 0.475720312 -0.324113285 0.355690564 8.435053326 5.771830769 7.213303676 -2.935532356 8.841465982 1.016242910 -2.531445154 0.324628379 6.602508704 6.862336548 7.637669602 -0.302496383 3.317343169 -0.800629632 1.909284227 7.075245003 1.851955113 2.007651694 5.513099390 4.586486691
27.619657900 12.228236391 -16.370140705 0.889119516 0.143598242 -0.294970379 -0.319121461 4.977604214 4.870611053 2.666487494 3.384778559 5.445601892 1.585297488 7.734488921 7.335158391 -0.064300448 7.833838727 6.720061477 5.244872473 5.633943986 -3.160299249 4.695672777 -1.478713170 1.743193845 3.564348868 3.624202553 -2.545523937
15.251043428 9.116500852 -9.223939329 0.895060894 0.327264412 -0.200487546 0.227087526 4.987175637 2.801415240 8.476766051 3.136270533 3.142458149 -0.293497614 5.591066816 4.162087468 1.874697451 2.861292540 7.840749019 4.777147518 3.218528415 3.580659318 4.210251036 0.339710517 1.983008685 3.345075059 3.512109267 6.004758078
21.946757209 0.856251523 -15.883508849 0.800981687 0.333331658 -0.478770586 0.134525345 11.514656993 0.090544284 -2.175579888 6.722054545 6.823523849 3.569616265 7.813759807 3.618313337 5.427480206 3.429379327 1.985041831 5.527113227 -0.190083846 3.004629006 1.129398681 5.045699312 1.872155513 2.869894824 -0.070305604 4.732151184
16.584104919 9.810878702 -16.393401744 0.883351743 0.389407970 -0.221569351 -0.137688613 1.846529908 1.964586613 -0.124519091 0.483209286 2.880464516 4.304515726 1.934476127 4.202351372 2.564572466 8.343021509 2.675298397 4.185549405 1.518753226 2.821150203 4.935602372 -1.298918560 6.374588472 5.351145003 2.063838151 4.033574786
16.284475526 15.962554630 -17.032729747 0.903867229 0.344820997 -0.233400253 -0.098218293 3.782505125 -1.414431038 4.253283132 8.389632915 4.077460069 3.574464640 2.549660446 2.647142112 10.620377723 5.702820833 11.159324108 4.786929622 6.774158902 8.375695306 3.141211058 7.123651480 3.284404182 -1.593067385 1.672572791 0.465954053
20.215611251 16.368340089 -16.328899767 0.857498082 0.438383653 -0.221168438 0.153627259 5.516236482 6.741167988 2.833857150 6.338458791 1.827768192 0.912698807 5.597000132 2.910270701 8.193402987 2.167988170 0.843934971 0.700514496 3.775707339 5.633484686 6.578966360 3.991406468 9.799027233 1.291670873 2.660518863 -0.935216909
20.955836198 1.865778934 -14.588129654 0.729574160 0.499027822 -0.460484870 -0.081525845 -1.367496918 1.259258951 5.911600242 0.439386278 0.292004507 4.241495266 3.067538105 -0.102237535 6.078572534 8.462478893 4.103873262 6.178273120 7.287743940 1.403527696 0.746515213 4.465648699 4.712405505 7.026136366 3.993894872 4.679890949
18.573119119 2.632784328 -16.418710792 0.910009113 0.222094317 -0.344788031 0.060652627 2.848598674 8.701956134 2.599376011 4.972151331 1.706504830 1.032899714 -0.155017613 0.391312251 7.802109042 3.011424087 4.908533478 0.106816793 5.430873112 3.031718891 -0.349716168 7.968611576 3.867510118 0.261340713 6.383474681 1.934393202
18.793616251 9.623519031 -17.376091066 0.808649321 0.492257131 -0.317525083 -0.054286412 6.983840195 8.175710631 4.916083155 0.803465761 1.298373258 2.614225341 1.551215245 8.911532523 6.866711784 2.737722642 9.237729014 3.477454351 2.304570006 5.087082993 8.271200176 -0.204258747 1.948889038 4.572020370 2.734477208 -1.453450323
22.249235123 13.203965170 -8.187441154 0.755172583 0.552599512 -0.314991748 0.158519238 0.714541011 6.766846475 6.420191814 7.029969752 0.418263830 2.470638815 1.517371802 -1.516741730 2.494768194 3.944034965 -5.131273217 4.785392723 5.804485451 -1.967566199 3.554906223 4.283916782 4.650305953 -1.687154026 5.050213573 0.620949640
11.040210002 6.926599768 -15.202894459 0.807277859 0.533096008 -0.185388799 -0.172458972 5.345513502 3.402337817 3.218472166 3.704553088 2.854670356 5.232218465 4.268468946 7.604992531 3.597761865 3.812003561 1.275717913 5.106236174 8.016772435 3.748523511 4.990840211 5.195821502 4.459908755 -1.041314976 -1.418104931 4.827421717
22.600156108 5.817979112 -7.131544870 0.830260705 0.383955732 -0.373129480 -0.154982413 2.890510130 4.457630363 4.560770035 4.852586536 3.895926706 4.726302049 8.090351811 2.853471787 0.385007286 -3.046476603 8.258171421 1.950846801 2.839285703 5.682781931 3.999799815 5.974303217 1.864790669 5.975836978 0.207401035 1.403432933
24.115858795 11.096591686 -18.903448427 0.853005310 0.265162833 -0.295890053 -0.338407580 4.993773572 8.093631821 4.246195036 4.748269738 -0.336309170 -0.653721853 1.895257354 6.607950081 2.869478465 2.727178873 4.071268464 0.798254919 1.689563102 2.630810707 -0.744638911 2.512452533 7.163769085 8.413607585 2.804604894 -0.585355410
15.144826100 14.946675516 -19.225483284 0.851840909 0.480509571 -0.140382116 0.154176778 6.672826615 8.231732928 7.265177060 11.119996616 4.316101325 10.071478321 4.120209884 8.028985694 5.662574649 9.604455161 6.395320700 3.848544078 3.753436211 1.413359346 9.606914432 7.889812688 7.491129618 7.712158207 9.280232415 5.588544347
15.506412191 9.619761419 -20.349366110 0.896380928 0.288925502 -0.170333599 0.289844356 5.647500881 3.857204791 -0.227530013 5.601306819 -0.742732013 7.613346968 4.220548849 3.051252610 -2.704866550 0.477687330 3.396647406 7.602060176 5.823425560 6.747121957 5.130673809 4.453575962 3.742904691 3.739951081 5.413049195 6.680534558
18.141320716 10.191227914 -12.253576235 0.933100156 0.307130086 -0.120116429 -0.143412876 1.071649394 6.802881007 6.186572119 5.436965437 9.935504671 11.170430490 0.290167870 5.269894942 5.988479830 4.501141060 6.634365786 6.835038397 2.227418215 4.721414469 10.072562805 5.801866402 2.428693593 4.504612928 5.016903651 1.739306495
19.663981945 9.886745597 -21.197987740 0.951141540 0.170533545 -0.217329471 -0.137898446 2.322832820 5.590012416 -0.106857950 1.967187575 3.774803060 0.400162708 8.880021817 4.272624130 4.324883426 -0.122392420 4.375651785 3.208657901 8.360050980 6.532313288 3.241861431 -0.072290207 6.017820726 5.464372039 3.402193581 1.550895609
14.774770366 2.525106578 -16.261461769 0.865660649 0.414024080 -0.245310861 0.137979288 -1.546973514 8.079307818 -3.423928528 2.550768540 0.713632247 5.244519217 3.381650998 3.148277907 -1.810341613 6.109725271 -1.505544646 4.122328795 6.195350890 -0.076188869 6.037656269 1.083121494 4.942289698 0.570091202 2.037380132 3.932862356
24.653946888 8.138768150 -23.304460369 0.981862361 0.149566188 -0.062767398 0.098165740 5.628438298 0.502229181 8.030511492 7.055101135 4.297579995 1.898716924 2.569028613 3.692691502 9.026100990 3.512321692 8.626799558 6.698856984 3.187180798 6.240689591 4.163391641 1.740350849 9.981299510 3.724400268 4.746738218 1.510526360
28.254090056 9.060397343 -11.738501129 0.942180157 0.147257415 -0.291484579 -0.075156804 9.371713353 7.738056863 3.568118471 3.148464376 3.179546284 1.085093247 -1.029078403 2.868535346 8.467693245 -0.574963612 5.722098583 4.332101712 -0.961896841 6.630315609 1.989344059 4.690071414 6.070621176 11.034958844 1.294357499 3.587340035
15.074641821 10.478324037 -20.414579828 0.837551374 0.315466930 -0.330331141 -0.299782672 10.668004449 2.843522625 8.559050290 3.640219275 5.768989225 6.180134682 4.198710155 0.536475790 3.621774053 0.221818606 1.942138304 2.734101842 4.025304831 3.516893175 2.404744668 5.868480758 1.999160998 0.473584430 1.889063480 8.491555430
21.211741767 2.132776466 -11.218968144 0.957695143 0.053397791 -0.282063571 0.020219551 6.397961153 -1.383393968 -1.107982536 2.796856169 5.528098985 1.290362550 3.984415711 5.996222813 -4.241267471 2.941202490 7.546685166 7.173927081 1.813381080 4.712546956 6.965227940 0.485225753 1.202710687 3.320976537 0.006855969 4.269122864
25.001982733 15.337205082 -19.001509697 0.934788154 0.224837103 -0.032901328 0.273014443 3.606034890 -0.893818111 4.319412269 1.911003072 2.989149195 -0.883206214 5.052496415 3.367696713 0.822556029 6.596666797 9.638491223 3.809109212 3.170074635 5.664791771 3.011675465 2.810241982 2.763001270 3.419606760 7.548277347 6.967323789
15.268209177 3.894183085 -21.210771248 0.993697738 0.090745619 -0.058935160 -0.029269182 2.502541356 8.772753982 7.982621417 4.540386440 5.164611537 -0.928903743 12.057083829 1.018538280 1.535637059 2.326858703 -1.014980609 2.304918989 0.881470494 2.300027520 1.489937122 3.785267882 3.722328403 -1.750438814 10.666092719 8.025480969
15.553158769 0.972531039 -11.589491131 0.948927029 0.080623247 -0.278751749 0.123833955 2.949159816 3.322846522 4.814293700 7.882659066 0.208823991 1.789715443 2.498256756 6.031160143 2.070335191 3.160066216 8.024127513 0.111649849 5.801128750 3.143562403 4.276299248 0.141827934 7.904890420 9.731413714 6.140749635 8.891667906
16.549556175 5.691660627 -22.753612680 0.787137553 0.486326090 -0.328678635 -0.189398419 3.005933254 6.432420073 1.200029156 7.802620433 4.101666305 3.117177561 4.813389812 0.689674670 5.450804312 4.954552462 4.541224649 3.726591664 2.315998753 4.851553226 8.979512026 4.649957558 7.193310738 9.689389693 2.512233024 7.993173840
23.257138925 8.965949503 -8.008788819 0.732548965 0.488524885 -0.411298823 -0.235687777 5.555880297 2.009756015 2.506796254 1.566182280 2.602291470 7.264532719 8.692183997 6.431435402 4.631033923 0.526784500 8.369583543 3.510944355 6.012073546 3.657633498 -0.345181638 5.367261351 4.264652872 3.687688099 6.357900865 3.054877329
13.806034528 5.676750094 -16.886934578 0.788060457 0.274099188 -0.384308984 0.395141691 8.861053625 6.483193173 5.512929396 4.067031252 1.651591193 5.319168490 5.928315980 4.305290962 2.750278952 0.382386547 0.471906945 12.467196474 7.456287799 6.210702083 -0.851663962 4.656611754 7.713091042 9.099633280 4.512828620 4.377153351
26.115827585 14.468722300 -11.415058064 0.864727886 0.254114381 -0.421386837 0.100522127 2.442783006 6.944096453 3.623181515 7.222959494 -2.173805752 7.182128199 5.321187692 5.867557710 1.424695587 5.625240279 1.112937441 10.374197046 6.078605316 10.113230773 2.979490591 6.299125744 2.306593244 4.215210008 9.680140911 2.733962352
16.313902959 8.452776678 -7.044774607 0.910257498 0.291691854 -0.072999742 -0.284636939 3.024066864 5.016154832 0.911997129 4.219927843 4.679993042 7.932198508 1.942891104 -3.022241348 8.358302320 -2.486803077 0.554963337 8.940027415 0.659425755 1.902645934 3.636801212 3.640736151 1.243574914 5.738226935 4.890365885 4.325885646
21.513208088 9.164566669 -23.420024692 0.970801351 0.207727232 -0.093668610 0.074968825 2.400367652 1.971928365 1.608245570 7.578941123 1.363690178 4.953708254 4.700871717 11.299005264 2.342445463 2.995508095 4.835536725 3.320238757 5.816221619 4.101131884 0.001602468 3.535713233 3.216979428 2.754957587 3.242518844 5.173183491
18.951037273 3.936631191 -13.393778882 0.909283019 0.308179159 -0.261424008 0.099435834 4.421374440 9.331181734 3.107622906 1.195151716 2.073734838 7.387554783 -0.186942989 5.525523460 1.471904063 -0.692014522 6.731241176 4.950521401 2.837087368 -0.773832776 -1.494323653 4.708576751 4.422513360 4.428306913 5.641404614 5.454182220
19.359641432 15.930426237 -18.116111968 0.791271089 0.422902996 -0.434765725 -0.077600808 0.372461226 5.189651476 4.366748440 9.611920673 3.827621784 2.635425289 9.185251980 6.963735096 -1.964974228 2.494664303 0.970241918 3.626283632 3.176833316 -4.101817772 0.584732669 1.121159289 3.339100017 5.375176373 7.758284171 5.802159862
25.701110288 11.097105658 -16.359178977 0.940653347 0.234942773 -0.219022049 -0.109555992 4.371559407 8.501339675 6.669271883 7.924447113 2.052242846 -4.104659650 2.361233066 1.541363469 5.587310033 1.878358172 1.834177330 4.510818112 2.566889694 -0.107770660 10.149297036 0.852102787 3.315344162 5.219414969 3.664936807 7.942158601
19.851036856 15.156444791 -13.845544999 0.848202612 0.300108868 -0.328759001 -0.287061867 10.041426598 4.408444072 5.690877354 5.279034108 5.174412763 0.628266899 -0.726739637 4.477133291 10.391075625 -0.136749725 4.781575161 3.641974142 8.522829970 5.582176411 5.460857508 5.867324865 -0.870874557 6.007124791 0.847078137 7.033685634
16.221144047 10.576005070 -24.373612988 0.937217688 0.286996390 -0.162697528 -0.113073390 8.598242802 1.540850107 1.146390241 6.190329676 3.614586357 2.258491048 1.818424362 9.001583182 8.816009114 8.202253178 3.914313459 9.469827483 5.358137546 6.642985927 3.287094305 2.929257337 0.831896071 2.400821476 8.359795583 7.834115700
23.855676102 16.747861303 -19.052194995 0.834327158 0.448949535 -0.230740679 0.221588010 3.188649632 8.532617005 4.289758381 3.393587222 -0.470717037 10.586272880 2.965306666 -1.489139776 6.161033758 -0.530793936 6.018788780 5.532182234 9.594945499 5.533990254 5.058630775 3.236048431 8.283686385 5.104189346 -0.845881627 6.222886182
11.366102571 13.092359920 -14.300948258 0.739456512 0.510237398 -0.374972411 -0.228599116 11.294123245 2.517727228 4.708576774 9.961731136 3.260368366 5.977501111 2.365406383 4.599785571 1.780858280 4.183305461 4.702897482 3.912786529 4.248360542 -0.300169831 6.494559761 4.849074553 8.195881335 9.184552959 2.662670432 1.024530722
14.150410432 13.734284789 -10.610780618 0.927502254 0.351006946 -0.124820417 -0.030879690 8.529790176 4.949714844 1.492726517 5.477611327 0.864473614 3.981557734 5.285688560 6.730552677 8.437653604 3.577043226 -2.710553695 3.293279559 4.403790880 2.649434896 2.119214856 4.837844769 0.592020400 6.384010510 0.711135399 -3.043047774
25.536667100 5.612211592 -13.989614713 0.879540217 0.253032653 -0.398624355 0.059009384 1.291683256 2.954134983 0.751385887 6.937655735 5.828914365 6.662347834 3.716565884 1.079409744 1.913173896 2.435689438 5.831828930 4.233763004 6.188417108 5.365319357 -0.375462035 4.180639483 3.594514781 2.450289610 4.018306040 7.131823524
11.853984229 6.295420213 -13.948604910 0.821076823 0.292692940 -0.322286212 -0.369181920 2.662976876 0.186142271 1.793540368 5.214752622 2.896453829 2.226995385 3.254731285 3.889160081 6.113719266 4.900541948 7.723317287 4.601534840 7.714835253 5.213451441 4.713026464 9.577010894 6.626813042 5.991646765 5.925583496 2.461972097
25.729173977 8.511027896 -12.432314393 0.889039034 0.161265320 -0.357599668 0.236062641 4.535052933 5.248292862 1.263371569 4.842393589 4.009408379 5.372414500 8.103010204 -1.062614923 0.415829451 -0.384987730 5.272121849 6.250433441 7.352109615 7.118901177 0.740095035 -0.898013421 0.098778877 2.176635821 5.582158549 1.521747605
22.784805879 13.138820247 -20.674851262 0.826079521 0.437615252 -0.320181971 -0.153522054 2.196485292 4.121097109 2.442990449 2.863256593 4.507204599 3.986664856 4.731794561 4.060740973 1.864601606 10.614556085 6.720284306 4.466940475 5.630596368 3.982856733 0.537179699 6.688975514 7.563744470 9.145218663 -1.155810117 5.223780065
14.802176817 4.257910243 -15.036953922 0.889197000 0.355075339 -0.260486392 -0.124084805 -2.319363526 3.685666697 7.078413463 -0.809282534 4.815733270 2.018801967 4.884251998 0.803084329 4.076893661 4.205763203 4.944885026 3.361062561 -2.535560120 2.265066701 4.896764598 4.049891970 -0.867878854 5.094061916 4.271969334 4.874028161
13.980169097 15.063505683 -19.637855661 0.772499918 0.387761486 -0.189212155 0.465922382 0.218738878 2.585495252 9.092940967 3.576221091 4.468091081 8.923669198 4.367883438 8.011728454 6.402944942 7.074222927 -0.828363832 5.435292912 4.356268552 6.839900820 6.294182345 2.922512194 6.720126532 4.303690831 5.557930400 2.819723351
17.578942234 2.463903441 -15.966370280 0.780546723 0.430428088 -0.396999292 -0.218792223 2.052018167 3.494180840 6.690212557 3.720415561 6.893584073 2.734612840 3.725239881 1.311911624 1.708283169 2.579418102 1.093716049 1.902180627 6.399368758 3.976672696 1.609678932 4.493372744 4.582805710 -0.878919566 -0.868511340 3.593920338
17.882491053 4.911910878 -7.732608591 0.926304205 0.199961719 -0.252436876 -0.195579790 3.253723551 7.442367207 3.892681989 1.869768027 7.936145776 7.039048240 0.606010341 5.708745766 -2.798812970 4.545074612 2.980826144 8.308742341 0.311512073 2.130456517 7.698937151 3.970278972 7.055549300 2.131032774 2.067492821 2.694378677
16.547432249 3.771462845 -17.787580057 0.854521782 0.465189314 -0.230673598 0.013458023 1.552977381 1.346765139 3.812430405 4.634204615 8.401867079 8.165093816 3.344479413 3.568013944 3.883555551 6.651452617 3.000020797 1.582756717 6.317025725 2.516547582 -0.466810262 3.474933758 -1.562605717 9.858447987 0.891428637 5.901987051
13.103327481 8.162574721 -19.616435126 0.838056922 0.344298011 -0.025291697 0.422468704 7.891489573 5.528458675 3.985727107 10.377403571 7.758427497 4.513943399 9.221976922 6.804412179 6.380534177 4.048366363 -0.445538502 5.214500128 2.989352672 4.768851561 5.938884559 7.794871727 4.026324015 2.144751469 0.478648618 5.140187283
19.750568738 9.753534534 -6.843443535 0.767558074 0.473232283 -0.372664251 0.219151009 8.006014220 3.496174063 -0.400812922 5.383370230 4.655474101 -0.996209269 9.125509612 6.291111285 9.714042135 10.501608357 6.244271811 3.189956712 4.668889018 4.869132064 4.439879956 6.649495159 2.833152234 9.566625984 5.179041707 3.956226884
18.753975314 19.184391984 -13.082176790 0.811378181 0.550637612 -0.193831799 -0.029881460 6.137216534 6.143187573 2.756800850 5.291451833 0.203762206 4.862478863 6.129602588 7.847770424 2.971421637 3.572426906 3.029354944 1.847251121 4.993476489 0.826730277 12.680302209 3.516671069 5.734155226 1.963562900 4.077441583 4.764435613
23.571139107 14.071796691 -19.186317184 0.793771124 0.389344002 -0.347219193 -0.312693912 1.026979818 5.647369851 3.860336700 1.084133250 4.547071612 8.693177861 7.333249752 -1.193901323 -3.837877644 5.735257067 4.882319525 3.335308208 2.851781617 5.961349955 3.970071303 5.669804179 4.916331256 -0.976656286 4.633449292 4.311229213
18.231885454 12.092541651 -24.445615404 0.897095179 0.387232040 -0.041592799 0.208666301 4.595622892 8.902943188 1.976673701 5.275269538 3.868435280 2.136343194 0.696754386 4.927969463 6.455760141 2.971633329 5.815739282 1.609123770 -2.325369271 3.019288536 5.270829295 1.118441677 5.524641632 0.978208008 3.267380420 2.470777873
11.181489159 12.498045380 -10.365023777 0.718015865 0.623102601 -0.231546696 -0.206355259 4.616309683 2.680475260 2.923148110 3.494905611 3.534787671 -0.583008522 6.498668512 7.483653330 4.447455275 3.305670375 6.823540601 3.983188140 5.862680594 1.478804024 1.549742991 0.252708010 4.690584725 2.463868275 8.609519095 -0.337140033
18.842328762 5.502296906 -16.025647018 0.961468600 0.113928643 -0.151063146 -0.199445033 1.451377156 2.287455938 0.636333931 8.262320541 0.439797411 8.167214147 7.921039710 1.296707286 3.909395857 7.275184696 1.760339734 8.829492818 3.806925270 4.969452264 7.550424279 2.691665012 4.560510245 5.005879553 7.513559879 6.722471389
19.801800519 4.559916897 -20.316845543 0.943478106 0.217285781 -0.217841937 -0.123210564 7.096655017 3.668771320 4.872596076 5.575209404 2.948491455 4.310353659 3.484389900 0.929898979 2.271638771 2.949006486 1.999568098 10.202417921 5.242548510 3.236034468 0.394498448 1.932300002 -1.369330616 3.696010957 4.006413204 0.465656946
13.559028867 1.850630506 -14.485686471 0.782992484 0.529483408 -0.321847607 -0.054627913 -0.967865505 0.133054059 4.211908578 10.353178149 -0.144267606 1.052052529 3.671977450 2.948162133 6.913173142 5.721283266 -0.656621769 2.854816508 2.113310352 3.811707252 0.160938317 4.968212840 4.952192855 2.942673271 0.421269734 1.073860916
16.145161603 12.937813769 -13.432484453 0.719717479 0.664118878 -0.127992456 0.156750746 7.649921411 4.647203414 4.990985499 -0.681058982 7.272432459 -1.265168238 0.732023396 4.185270805 2.034654103 7.728484756 6.035275632 3.930011128 3.349869522 4.012168330 3.837986443 7.516637111 4.453656209 1.879488445 3.150281508 2.753877755
26.599533247 10.183604704 -9.960206881 0.939275990 0.235004126 -0.228975955 0.100517100 2.788022618 7.542353269 3.304260041 0.244182361 6.749348898 3.833662044 5.174385985 1.324968765 0.502774544 -1.001296951 -1.754725118 -1.349084684 6.814910161 5.599814165 5.285589297 4.970751158 0.814574693 1.327973699 6.616684326 8.865921689
25.180389910 2.031329476 -12.697126907 0.782701397 0.225227355 -0.386497592 0.432747933 2.048711453 4.976788883 0.724237666 4.883388516 -0.920007840 1.440568892 3.603639432 3.703630538 2.713789801 9.829316602 0.544804618 1.429593397 1.791891604 4.373262031 0.119947248 1.893591510 6.707539038 1.335135118 -0.153175673 1.259022474
16.342655399 15.342336444 -9.107208072 0.772245869 0.544871521 -0.165535679 0.281690047 0.264467896 1.838491811 9.298228130 10.168701543 4.710357877 5.479967137 2.122760713 3.291587376 0.758010928 2.083448476 0.280944016 6.358786435 4.770702062 8.443401068 4.104094974 7.689907796 3.301893058 5.277634402 2.217177436 3.208041129
14.434936234 11.789459780 -7.047329807 0.918641836 0.346146354 -0.106762969 0.157738855 5.288733727 5.526555377 4.354092456 -3.529814432 0.165041413 5.292322876 6.137942557 2.045915183 0.041148564 2.854034023 5.430539096 5.638090708 2.559614537 2.220583536 4.879979884 8.804893807 3.461750408 2.925761681 4.292600554 3.735098461
17.160444546 8.910569666 -10.020630507 0.955399353 0.277440143 -0.093799897 -0.037955538 7.903524828 9.473406858 2.100366013 6.635908118 4.995724082 2.870252659 1.652352086 8.613732592 3.539131613 6.184537187 6.222032495 5.837933017 3.029299419 1.416273654 0.920208351 3.331093126 1.969906442 2.973372891 7.090266606 4.597391296
17.234584875 9.568700602 -17.711848025 0.756435353 0.352411994 -0.498428905 -0.234904172 1.011292867 10.854776014 8.679865564 4.123296619 5.383272549 3.953853312 3.150903939 1.515845026 5.168049721 -1.908168031 3.368942889 6.868772022 11.794839992 5.038315982 6.564360984 8.412773459 0.949672344 9.445943392 7.150087074 10.947452739
18.097163383 3.843797712 -20.989345932 0.897140648 0.207710150 -0.377253004 -0.098363218 2.056026883 5.436560250 2.815288154 1.861262626 5.819466395 2.581244631 4.049906860 0.088673034 9.209836942 0.615182216 2.293462655 4.833115995 7.202025934 6.781697150 7.292862434 5.827110790 -0.308304970 0.967387321 5.954130528 5.714327386
13.827705267 9.398475976 -9.940692707 0.896894272 0.264763057 -0.249148397 0.251806008 7.376566842 8.237979715 -0.735062198 10.359485893 4.778284209 6.348213423 4.104814659 8.387091063 4.791233900 -2.925664734 11.772740513 6.440370426 6.796306019 7.492368168 0.573559898 8.251017207 4.867716562 4.949462790 5.362560642 1.353805110
21.159081064 2.936081168 -14.918771328 0.904263962 0.209139352 -0.310801685 0.204865152 7.541743310 2.485111294 7.454066217 8.499150476 13.699510759 12.448063980 4.776813201 7.110922836 0.676614441 4.088645284 5.959463455 -1.994724077 2.193421132 0.072974531 2.720416369 1.903209061 2.797261723 9.160990214 5.956869291 4.124847616
20.387483802 13.371288781 -11.883728405 0.907576180 0.223615481 -0.225178805 -0.274947450 1.688389261 1.907439111 9.721688200 5.306998874 4.281923139 7.847349381 4.071911314 3.244205330 5.100235227 4.327547105 4.473136495 6.366456859 5.497253527 0.173357075 5.724617805 3.658864379 5.706481096 1.771091272 4.957314169 7.141712447
11.962604939 9.562372059 -19.167141469 0.915655101 0.393444287 -0.082044996 -0.006778531 2.351449727 7.516900788 6.315242282 3.773749620 8.212108603 4.283522654 4.411674766 1.997177157 5.916753693 0.053372189 -0.302748835 5.570789402 6.655151650 -2.666197835 5.187347259 4.064639778 4.026188293 6.088417996 2.869439386 5.383021560
13.557998487 5.587017255 -10.435408468 0.860962102 0.458150704 -0.115392826 0.188485244 5.328877921 -1.428831275 1.678400904 6.428611161 5.146689321 -1.774642847 4.517003671 6.324019247 0.641243508 7.652721776 0.758501005 2.215358289 3.860303758 7.119523602 4.424721160 -2.113439420 0.457138578 7.513013943 1.813906580 9.231421653
19.157280667 1.077299149 -14.305381015 0.841125170 0.351314404 -0.258567536 -0.319733432 7.241511708 5.806181458 5.385751518 4.687677779 3.152800058 5.012993356 0.504734950 4.524444284 4.693341929 1.085117821 -4.127432249 8.352831816 -0.104726440 5.836962360 4.699942379 5.140294958 3.257884228 2.392009372 3.159850312 5.332761729
