6.124925125 -23.186356179 -25.666090422 0.948677260 -0.060421892 -0.240361340 0.196435938 -1.492869757 -0.515822527 1.677909997 2.716604237 9.935302777 -0.873260358 -0.294846859 3.457766742 5.777731464 6.896595675 3.029902301 4.441100166 4.064069617 3.221583586 8.327990130 5.040421821 4.522129429 10.070630670 7.386006651 8.572144478
-1.500273150 -11.108145495 -31.052069943 0.933763999 0.134397483 0.274516085 -0.186180099 3.589555669 2.393002510 -3.080867703 4.019861229 6.125914299 6.711928074 7.252882517 3.356679171 5.711993297 2.738469699 4.697568255 3.309414272 2.939536967 0.795174242 6.100457511 5.335740374 4.453549273 3.528485118 2.104390383 8.778897212
0.922612441 -15.654100314 -34.994143943 0.817696887 -0.546532355 0.117171601 -0.137640839 6.656432950 10.922803716 2.950553213 5.644997158 2.658396062 9.059875851 6.281087619 5.419621774 8.206701718 5.816001418 1.930372459 -2.422776826 5.421984245 4.169085331 2.660986007 4.736317014 6.540803770 3.105608621 5.505780086 3.280796906
3.320490344 -14.682661194 -23.734174274 0.940660187 -0.130767510 0.310902182 -0.037391235 7.458153699 -1.442361658 4.974108345 -0.256689895 2.134745291 -0.851509660 3.545922802 7.350189768 7.916168052 3.693250815 1.698338137 5.700529136 6.632378911 6.350423951 4.923958075 9.580651902 4.412321637 1.641265742 -0.986603042 7.012003855
5.406374185 -16.875777546 -34.688525626 0.907956815 -0.274997393 0.309881306 -0.062963738 5.784520005 8.163096676 2.501094033 3.084767304 7.882573606 2.989383959 4.644867164 7.768926855 7.045899396 4.893032660 1.584078307 5.302803579 0.255358971 8.513679470 12.144428938 4.838652471 7.921001901 9.701872039 6.987825456 4.084787758
11.331314597 -11.171033990 -21.440927799 0.995175054 0.033126416 -0.092007161 0.007995947 3.436646554 1.795094508 7.665042686 9.537943604 1.843550533 0.872629303 2.470407420 7.164044627 7.303841178 11.330343768 3.557666773 4.092461461 3.158512030 7.468516333 -0.911792544 1.008783155 10.233785954 3.821549377 4.347967682 6.268200822
9.469254756 -16.069099867 -28.009432363 0.917261805 -0.395625862 0.045803634 0.003603633 6.380206151 -1.338477321 3.861798748 7.611403000 0.947573248 3.349069464 0.111969367 5.157629908 7.215069321 -2.381816491 -2.582932277 13.918726184 5.418920367 9.409649978 6.493551727 5.194271680 8.601140752 5.248773381 5.696765603 5.074561907
2.306100724 -11.475868941 -18.891660687 0.853983276 0.463163865 0.172687336 -0.162391141 0.625951845 2.036346885 2.197130532 1.132759472 3.018868862 2.427665120 1.992129050 8.336621445 6.232600641 0.042973038 5.471510631 0.568461259 4.277891481 4.605279887 4.847561049 -0.425195604 2.937291996 9.279956299 4.973983972 3.628837098
8.957514714 -14.477989508 -28.235737228 0.929823474 -0.318662830 -0.039051706 -0.179881271 2.321635540 0.853757585 1.126707134 4.931087648 6.601153997 -2.861272512 6.577135289 3.528552734 8.548783834 1.359040294 4.148440732 5.183841787 5.632120504 -2.044239438 2.942678783 1.248047651 4.112760451 5.279265015 3.582928693 10.139497691
4.990595976 -17.571695658 -29.407457596 0.881794677 -0.389727518 -0.265597359 -0.002941431 7.425494035 4.545742056 6.505110274 10.758622067 8.927055351 3.395083056 3.362807278 7.113460315 5.579943744 6.049967474 6.717872823 7.781865262 9.092333158 6.647601548 0.907669551 -1.704705454 5.671817631 1.072545067 11.333114505 4.666395827
7.847182631 -15.236313084 -25.457221056 0.842709240 -0.230798218 0.434903932 -0.217788633 3.359280582 5.301758745 6.138490941 5.237428366 3.243723730 2.989169000 -0.292846078 4.602635899 1.503335240 1.817278603 -0.526391410 8.912783454 4.690228868 5.763335823 3.738524795 5.777438724 5.721250352 2.300378031 -0.899759997 0.068981109
6.064427281 -6.816848600 -32.697706695 0.946214805 0.300073783 0.088915037 -0.082020632 6.125898681 4.176899612 9.295884785 -2.206396560 7.591891269 3.992175740 3.236264764 4.400779650 6.666466402 -0.365892730 5.565496197 5.899135001 1.844022948 2.798516794 3.429830991 0.680253180 4.009060900 2.144183840 4.727088042 1.896958478
9.338851373 -15.815816755 -25.293710597 0.931188364 -0.288859843 -0.137865575 -0.174474367 7.271517934 9.311761995 1.833922668 4.092117678 7.396381652 7.929842832 5.175104272 4.504523674 2.371010712 3.117850245 3.711649437 1.073352078 2.792422888 3.615499366 2.019139010 5.140111658 1.552605720 4.885947488 1.933191237 1.231097618
3.579971597 -18.469712851 -34.502157334 0.926477207 0.059681142 0.341826810 -0.145714027 5.953694562 2.819575749 7.894488656 3.350474587 5.719400866 7.107537402 6.822109387 6.525925637 7.383233372 3.705031429 9.262876740 4.503191307 7.366020718 4.036834494 3.523369828 3.743885527 0.845984633 2.799554676 4.313502752 4.038278001
4.229290447 -6.988565047 -21.427576513 0.964358406 -0.260473847 0.006669831 0.046062488 3.919147189 0.451277928 3.871780367 7.517646795 4.377531470 7.584661061 7.008358831 8.268757492 2.854791523 1.874047713 7.297052523 6.919402973 12.221877535 4.429512754 3.844751859 2.408102572 4.346821229 6.183526412 3.194776992 3.645687407
-2.763317988 -14.329143592 -26.596317120 0.966809402 0.083128714 0.168913710 -0.172734926 8.615363862 -0.668173412 5.970460703 6.453240469 -3.046868177 5.083310285 -0.542382667 8.123764141 9.081893365 2.655199087 5.360179817 7.492028562 7.845346712 3.802048619 4.321496191 2.085406950 5.546002663 2.590688025 5.490978410 1.042118144
0.658562236 -10.344489889 -32.771627484 0.980305194 0.194640502 0.025186581 0.021964481 1.726537524 -1.120368925 6.943636092 -0.142740258 6.933968895 1.653948437 -2.035328298 0.128863650 1.644435656 -2.031761715 3.981394169 10.087417892 -1.492841435 3.211206340 1.837962329 1.171569164 4.224116602 3.765753323 8.838836230 9.628860531
7.935771713 -9.660489955 -35.805442115 0.935635009 0.165729030 -0.267754137 0.159463917 6.951266860 3.278189264 4.627268342 4.898348445 6.206849155 1.630779001 6.198665702 4.543698727 1.803513072 5.862380774 6.883484365 7.607266719 -2.333855920 4.715530324 1.895560994 8.837639512 4.242829545 4.363029652 1.544701234 -1.154320629
3.755552483 -10.269266642 -26.418259110 0.971559342 0.035898212 0.218901722 0.082860116 5.707040543 2.940346674 1.057930523 1.500277592 0.181247698 5.442515444 1.632550616 7.657992320 -4.876549081 3.256289886 5.120614833 7.609794768 3.891805438 5.964811674 9.185302373 4.187622692 5.525374061 1.111358658 5.232630005 3.310384652
9.782096958 -10.545833692 -32.902784060 0.897040846 -0.439244509 -0.043127772 0.022846831 2.757820713 -2.159628594 3.581532358 4.405754315 7.171825100 2.621238864 3.767264609 7.204155601 2.778394987 6.995874303 0.689819900 0.624016486 4.086061762 2.161431842 0.583893349 6.281585210 2.805683445 4.068610556 0.493370709 5.135392626
-0.332953025 -17.691050741 -31.807875526 0.907363461 -0.355852620 0.220571972 0.037529571 9.773500130 2.566003415 1.652446112 2.285988584 1.783727910 2.401970332 4.221108238 0.175065740 5.429813003 6.588010074 3.312297398 2.287726605 3.251599793 6.140023700 2.232309684 1.790271992 10.100820555 2.097648252 7.068239357 2.584213032
1.527597188 -19.396589258 -32.924684485 0.991868697 -0.118546316 0.035522867 -0.029688110 9.234271836 -0.667838425 2.022319621 1.536876069 4.683912648 1.404052737 6.824090187 1.025697855 3.940589805 2.131636003 6.764130636 5.791409549 6.930975916 -0.562709265 4.292402992 8.677378266 3.295930931 0.431335654 4.687935148 -1.106504692
2.400183400 -19.726141602 -28.582931593 0.830215481 -0.385258497 0.391134590 -0.096601646 0.138736321 4.804923372 3.195450016 5.788386395 4.468716494 1.017049999 7.057574450 2.739482132 1.518196749 2.215218007 3.556812830 1.783798125 7.399363043 12.517787392 0.191225202 1.666381047 5.669415779 2.716530657 1.989781766 3.990505945
9.247980734 -14.352234751 -24.802346361 0.956378941 -0.140039250 -0.255237532 0.024127418 4.124175562 5.648466123 -3.343202011 6.206682029 4.450908196 5.101977828 2.128010995 -0.963134355 7.659829379 2.225903535 -0.651506429 4.177167665 7.863156977 2.953051846 1.141662629 1.245476425 2.354722123 7.774358342 6.113295016 4.282629442
2.295382148 -5.315734771 -24.925365528 0.927395243 -0.152971352 0.313669469 -0.134719313 5.930704624 7.460754363 -0.912061865 4.255594758 9.141236370 5.514113057 7.026542718 0.704405545 6.464056773 -0.957953759 0.124969133 5.585398183 7.311014873 8.988654362 7.653417524 6.016944151 1.818899593 -0.839301985 3.176452470 3.686299243
8.916566009 -18.428121684 -31.521718365 0.995512643 0.007738368 0.084284939 -0.042317177 7.493902083 4.748082940 5.131542759 5.021446623 10.688641268 5.849616666 4.158218417 3.578680594 0.708975170 6.977389061 3.340226233 7.847632677 4.975309309 4.628220346 2.228743981 8.183713954 2.919292660 0.601978314 4.669742675 1.048753388
-1.930156594 -16.258534018 -25.512160581 0.993071933 0.097564224 0.047330273 -0.045268121 5.325338502 6.342927716 4.999693520 2.496682207 6.303613960 5.716865162 3.222486019 6.581912795 6.591077325 5.052758254 7.569883990 8.611310577 1.122058648 5.742717319 9.710081793 2.892119330 -3.427096559 2.144781780 6.849818896 5.892865684
2.036843309 -14.104296794 -36.719482754 0.895729269 -0.165717560 0.410033651 -0.045597929 7.029657340 6.594780513 5.386166187 1.391250369 0.908170609 8.171776536 7.023921708 -1.784824365 4.955886299 1.271055933 2.549141117 4.707763155 -2.182337557 3.481797688 7.107187525 6.828265740 3.183964823 7.403853928 3.397506595 3.576679987
13.103133510 -13.517128714 -24.125078364 0.773846633 -0.108895673 -0.465445879 0.415527682 -1.250519700 1.884674966 5.401633537 8.507234662 8.397808199 0.004070641 7.321795276 7.003843127 6.173039791 4.160768196 4.446006819 3.637609239 2.834754321 2.066535593 2.229662344 2.101277699 6.768148864 10.838651501 10.397431655 0.625818507
-3.171912970 -16.923002447 -24.408502709 0.933651822 -0.316949310 0.164591019 0.027335097 5.608709069 2.356468690 1.421608854 6.149914204 7.510178536 4.251476049 6.008102913 6.283867709 3.695446326 6.151666910 4.780002030 3.607226715 3.297823666 4.431430489 1.054748608 6.710220464 4.196931467 4.281478069 -3.163354173 3.476254636
6.518531512 -6.005143187 -23.322974781 0.978307853 -0.083715334 -0.175353513 -0.071809701 1.321167251 5.950182065 1.206938264 -0.975590153 2.420215823 8.525234268 6.843682460 8.830984382 -2.327512471 0.168253185 -1.147440684 8.811764632 8.170813143 -0.005963172 3.813004395 -1.783310529 6.417021059 1.793746619 7.407929279 2.174826861
-0.583484908 -6.775016422 -26.195021955 0.867551377 0.265193427 0.356959770 -0.222725791 4.292850607 1.777315318 7.375614154 7.877868098 3.352946189 2.069862605 0.560683893 7.272990808 7.217094499 5.861273770 4.208964218 -5.012216251 9.207110454 1.315220600 3.595803209 2.128975343 1.946224002 1.242007131 2.567507879 0.441245968
-1.580615297 -13.000078506 -21.917785667 0.910469884 0.050230226 0.408102054 -0.044432294 2.694677078 -0.614567262 2.888040813 5.112470176 -4.523081928 4.757565357 4.113188461 -0.225512396 -0.552613709 0.073203302 7.377954509 3.672541400 7.129837210 8.231561096 -1.692532168 4.331380726 -0.501782951 3.265844955 1.144788537 5.816936162
-1.291172725 -10.760298372 -22.624042140 0.982116540 -0.036364190 0.173474359 0.063493255 2.190372907 7.811910387 4.419804654 3.533839276 3.742763257 4.078149290 5.678761804 9.659667334 5.806845098 7.516678037 1.134605111 7.383707376 2.721708839 1.606050557 4.453031099 2.844217274 0.407512234 3.868835870 7.215164408 1.204431533
10.494391754 -10.777542230 -25.331613926 0.970121402 0.156178993 0.182092648 0.036260920 0.566982508 6.452396549 2.465386702 6.832543659 5.555770850 9.596666400 4.377516599 1.031551238 3.240679873 5.676343698 3.365161386 2.943625030 0.315217298 2.666247428 3.889916255 2.897514398 3.385844990 4.543788568 -1.558386899 7.338498768
5.930247441 -17.222452741 -21.335935138 0.767843785 -0.529997799 -0.290309102 -0.212694337 6.608522017 7.143909001 2.930581404 3.346476865 -2.224847831 1.265783988 3.625712053 4.950010853 5.821402694 5.775757981 6.534197514 2.655482440 7.615930364 3.183754202 3.811876144 0.786494057 4.217759627 1.806118080 3.502359370 4.261554097
5.779239767 -18.267242662 -34.855879587 0.980011002 0.164691061 0.080633200 -0.077159424 4.072433581 8.040082375 -0.829710816 7.413098193 7.104875191 0.513195968 -1.341937285 -2.055991109 -0.110780189 7.664220532 0.852000100 8.670693473 -3.461485870 3.294266821 -2.313887552 3.450139266 0.776718129 0.813276133 6.085400657 2.595610838
4.928707145 -13.136744350 -29.868142803 0.915221719 -0.395525213 0.076942359 0.002980656 6.202090482 2.287818697 7.175222243 3.592235218 1.688066103 1.441295667 3.321886091 9.405291398 4.917368665 -4.415236363 3.303751310 4.048583104 6.272547506 -0.883639953 6.412844922 5.303201557 -0.168679457 8.155470876 3.295228560 2.304579711
6.412037214 -10.663550876 -25.505632381 0.971946015 -0.200382172 -0.123126125 0.002808366 3.735196920 4.671565234 2.184988957 -1.067392593 5.603557433 7.948718560 3.531265534 7.416754434 4.864736124 2.229449279 2.417031890 -0.196735707 1.208506338 -0.055728904 5.923837637 -0.411033833 3.602180423 5.598431770 5.784906343 5.585219070
2.447821845 -6.503576281 -25.476875678 0.935427873 -0.083039234 -0.343622731 -0.001611957 3.308476923 2.050837636 7.741472779 3.403211813 4.215607210 3.474673027 -4.572087594 10.034080398 2.313937879 6.203604667 -0.001422614 2.299329387 4.434185630 3.918053774 7.790512238 1.245287658 2.076796787 2.548130552 5.279972858 4.478981898
9.406179167 -16.975330155 -30.941291430 0.918871241 0.036029763 -0.308521853 0.243293580 -0.430144828 2.019742803 1.237159301 1.344674703 3.416210499 1.070138446 3.476698837 6.930120645 4.043236597 -0.631685637 1.519495307 3.183391187 5.040326118 6.626248394 9.830048102 2.760785170 1.349186324 2.103885965 1.676992528 6.789100709
12.049218322 -12.753885758 -22.527351427 0.970013073 0.056766839 -0.232343451 0.043228299 1.902663635 7.775295339 -2.307149921 3.295151687 6.356614133 2.860944299 4.263468697 7.477217426 5.250786015 0.087372407 -0.353826596 2.899879282 0.123392047 -2.221943720 7.976604584 3.820846646 8.286518464 6.961164654 -1.952364017 3.327205600
5.134448446 -17.196680327 -25.549645522 0.902833650 -0.268821856 0.125146880 -0.311391182 0.913265850 4.067188032 2.813034452 -0.144372266 -1.891448816 5.292465096 3.196624467 0.842658685 6.215903981 4.860869904 2.912205753 2.735963259 0.087533467 2.856455639 6.143647450 3.387982741 -0.882622189 3.096187648 2.688998599 4.577617015
1.904139036 -10.554929785 -22.766512452 0.835486945 -0.375421994 0.350665606 0.195073125 8.538029010 2.650673771 3.670875093 0.122237801 0.978070242 2.480660029 8.111284795 -0.508576562 2.389170521 5.130958161 4.672116300 5.292354428 0.918444776 5.145610274 -1.706640373 4.911026395 5.190999900 5.422849429 1.998860117 6.392540607
2.029307870 -7.990511439 -22.438853164 0.975573156 0.155897087 -0.103874982 0.114730572 2.248178833 3.721154444 0.941543307 -2.502491679 3.252779895 7.472352104 6.127211987 3.518036244 1.232869811 -0.834252356 5.834858539 -1.441112749 6.225710930 0.731219297 6.242447477 6.937133344 6.608644137 3.747893446 -0.231488832 5.025539229
7.748019655 -4.907508197 -29.202423117 0.987357556 0.137206355 -0.078268141 -0.013174658 -1.573279125 1.585043606 4.991535023 5.503180984 5.508691319 4.808751133 1.543632406 8.332798106 4.176394030 -2.545018154 4.278222580 4.663671031 3.025101274 -0.209826662 8.238276330 4.476765655 5.453043483 2.613378503 4.731756911 0.237389977
8.875476444 -14.954004484 -24.314977125 0.820774798 -0.558646012 0.118815844 0.011232100 3.575028567 3.973591244 1.134487736 1.139729563 4.676133518 3.436561332 4.921617591 5.460920746 5.936781797 2.507334735 8.159650031 4.498150177 2.854648099 4.093082437 4.348154102 4.647864104 7.205701134 3.882377123 2.769707775 6.869158795
8.772680773 -16.636459009 -27.120052503 0.938777360 -0.139198558 0.290721636 -0.121662484 5.808115318 5.227081973 5.003812866 8.629867997 0.356645012 5.365695519 8.954964977 0.293881513 4.023217261 12.061350960 8.541269365 5.865632265 2.326575567 5.291389884 5.546905258 2.692015863 4.542889086 5.202170469 7.543036724 -2.190812542
3.891377659 -17.396373633 -22.570255934 0.905404605 -0.394814133 0.079717065 0.134199448 9.789058030 3.563023999 0.807219261 -0.037230299 7.901073563 -0.434281550 1.299047340 1.761819696 3.482718923 7.289426784 0.687343485 2.871065434 2.702976767 -2.426921449 2.270177488 3.915720745 1.355718562 -1.612593102 9.281662767 7.015079285
11.341124262 -15.907911185 -27.385748562 0.748704749 -0.533775822 -0.097362472 -0.380847895 3.700401790 6.830716125 7.491483419 -5.025360997 1.748510566 6.313480180 4.652108262 2.087310816 4.869191052 0.799827497 5.090289694 5.171489061 1.314780212 1.214428321 5.542668635 -3.549406173 3.505683544 8.132910063 8.724962987 2.283822841
2.671687111 -9.593622985 -20.309693208 0.961897419 0.165604541 0.044030251 0.213048888 0.844107623 -1.812320609 9.772019521 2.498371796 4.226668271 4.521670084 4.432377454 3.339771585 8.832261245 1.483805976 4.927349148 11.242840505 2.988454520 5.019752071 7.670505598 5.719334959 -0.236811402 0.005709240 5.732036266 1.339867676
2.156009371 -21.715200048 -28.245207401 0.871629804 -0.452098869 0.187019599 0.029862480 3.487669095 3.665226278 -0.758045727 0.401224023 3.073314825 0.681264859 5.653242905 4.915807047 -0.839507602 5.858167107 3.688116226 5.748716484 -0.215239264 3.068417328 2.622047858 5.636299861 7.181105523 0.549170322 -4.494606935 6.399930681
2.784911767 -14.654608251 -35.055848809 0.972866007 0.042169575 0.210993074 -0.085061052 4.843129538 -0.233984431 8.303400321 4.648286214 4.961286001 6.052815134 4.300790525 4.170162769 5.402651267 1.357343799 -0.337364755 5.217865768 5.092099375 1.287576326 1.734991815 0.255366570 -0.274575700 2.744169574 7.626769430 -0.160541141
10.693191438 -11.264197565 -27.185062218 0.986082660 0.020539000 -0.164831468 -0.007051523 1.457633809 6.040424915 4.870263711 3.084130088 5.863537339 1.875618231 2.930925196 8.475722925 6.066384832 0.212908770 2.602931535 4.431003247 5.499136761 5.075473534 5.489582028 2.382219334 4.336671219 10.016613012 3.102400457 0.605953011
6.674719213 -9.020433814 -30.951422337 0.879047135 0.170166494 0.434248758 -0.098729504 1.274808001 4.931818353 3.162980010 11.004500373 3.061224180 2.591451310 0.220096938 1.992557247 2.519072002 -0.381952751 1.789587820 0.994300223 4.517705922 4.242694805 -1.739535843 -1.165154788 4.426764046 3.672681702 2.119923291 5.922641020
5.189510696 -17.603171382 -31.193145327 0.953578606 -0.278472359 -0.112342960 0.022804516 1.503193459 8.515049156 4.503886498 7.824774297 3.764241732 0.475327272 1.351214551 3.186071715 6.949258695 6.167420762 4.586753663 1.917662882 3.265111247 1.580070045 9.641601833 -0.652567061 0.743085422 -1.352069324 3.405836369 6.459159033
12.884659602 -13.533925521 -33.361167444 0.899620283 -0.226387199 -0.346245681 0.139807407 5.094167355 7.039071477 8.431559777 7.081370624 0.041586105 1.246547475 6.836361141 4.769557066 0.057627389 4.896683741 2.022091298 4.953216459 2.491149295 1.952904422 5.406184360 -1.335345458 4.148555852 3.690069765 7.004623303 0.199215082
7.423962674 -15.669267137 -21.564566041 0.945531029 -0.148926064 -0.267014128 -0.111783522 4.226051761 4.601116578 3.604438415 -1.486703132 -0.076949490 -4.154996196 3.383108813 5.334451704 5.718723836 8.328511682 10.459276795 2.080009878 11.612547411 7.232866862 6.153949185 2.603579319 8.434618962 -0.212529040 -1.182785475 1.678967776
8.489942941 -18.029684326 -34.579726666 0.773593067 -0.617629916 0.090148916 -0.109362820 7.860447105 3.068235555 1.322116859 3.983141295 -1.233418806 3.125408362 6.929719474 2.460032452 1.271321388 0.007211570 6.259404417 5.741715337 6.520514388 4.463525347 3.664818521 7.765741652 3.990627543 0.060920556 7.281308128 2.948574963
7.570440123 -9.542651171 -30.780699674 0.993039126 -0.053661129 -0.102593575 -0.021641069 6.138632583 6.095703045 3.913599175 0.558653543 6.567550474 5.563996018 2.298899613 10.613732820 2.226993534 4.907973711 3.473752085 0.962069606 4.554628490 6.867861934 -1.831351452 4.937335078 -0.641940937 0.774217582 7.318191325 0.009441234
7.215541940 -4.566333817 -24.879709782 0.763482104 0.458307494 -0.453321787 -0.039353215 2.313931895 3.376891078 1.440972218 3.224823263 3.016476085 -0.195197559 7.339646859 -0.934795493 3.989178520 7.223932921 7.448854510 7.255247171 3.351675677 3.599872955 2.357433492 4.701611509 2.021779898 8.980537814 5.675180150 1.226994893
12.970465288 -15.294511041 -29.961034444 0.828478562 0.201919035 -0.436804063 0.286451019 0.628763954 1.841693597 5.383862447 2.239650218 6.359038106 -1.909042572 -0.086219496 1.770098202 6.093046625 0.458487935 2.577890617 8.091233369 6.487575121 1.343164427 6.896367793 3.742656726 1.069014334 4.298006082 1.454724673 11.723958486
2.647686749 -18.998747576 -23.828925970 0.963456660 -0.176092330 -0.046908982 0.196321938 2.174259185 5.348433235 5.052389364 0.301061928 2.495952847 5.574380723 5.246542059 1.211427876 4.239713736 2.616266782 3.181924762 9.981343775 1.861558660 3.780791423 2.774433609 0.803213170 5.745186463 4.685776135 3.487466582 6.206855599
0.353455070 -9.932634705 -25.387023688 0.827205786 0.387026770 0.356819244 -0.196521994 3.780722241 -5.307292760 -3.179948812 -5.994020971 -0.329383358 8.242576397 0.803150111 2.273702479 4.585843894 4.235373424 4.764451396 5.404991990 1.522864713 7.349635758 3.454960399 1.165327359 2.125778102 5.188659579 4.000802648 3.827029526
0.099664610 -16.351501469 -32.852401330 0.745494084 -0.662633427 -0.059741189 0.039830926 4.155811996 8.082672917 -0.250464658 5.223290067 7.711881643 3.740423712 7.972293109 3.257558304 2.808341107 4.732215363 5.390990175 8.833363802 5.383249059 6.727945633 3.002719062 6.787174942 0.022240537 1.912443585 4.265999408 7.174445986
12.684150933 -16.237281629 -22.777230777 0.802721807 -0.244656447 -0.432072276 -0.330294524 2.039029336 3.791648934 4.690918862 4.450850533 0.270581218 8.019571575 6.523326340 2.126804620 7.748118727 6.268915304 5.793660327 3.330752512 3.141673633 3.785347251 5.662285022 0.188687865 6.009303202 6.969771363 4.932599762 4.187914147
8.293683784 -6.599872898 -21.604532555 0.831348658 0.304756021 0.464692302 0.006651386 1.796987618 3.660950356 1.957927094 5.011642326 -1.862333398 5.462537946 4.591259034 5.332524752 6.122750250 2.616338119 1.864709005 6.425293356 3.209636980 6.772123396 7.676364874 6.016074522 9.162989816 7.140232740 7.212781004 6.434073746
5.424056113 -14.745188719 -36.879160725 0.892641815 0.091235275 -0.395695146 0.195683588 7.739466228 0.999786805 0.646689217 2.923781991 6.278919254 1.316247864 4.086304565 -2.903627995 -0.358037520 9.311342941 1.279767963 6.104940392 3.399882142 8.690064609 5.757607167 4.314862720 3.488598106 6.295494619 8.355686605 5.867988092
5.120360052 -6.124951063 -28.518208804 0.940843557 0.293915416 0.122382132 -0.115973028 6.190458425 3.045530237 5.029124581 -0.074217414 6.091286130 5.061834401 2.296555411 5.617615388 6.435213785 3.774284601 -1.711131696 2.361538065 -1.074515174 6.668441699 3.821472366 3.563900356 3.636407789 8.592863137 6.324179913 4.974346662
3.831699094 -10.865271213 -36.824118638 0.824767308 -0.489446296 0.278653554 0.050531257 8.194873388 7.518670016 3.551426504 1.918124481 13.882075654 5.855693899 2.389447466 9.012763750 1.312953225 3.435481334 4.693588816 3.104572347 5.784371513 2.251627890 0.646531704 9.769451662 1.173750666 4.879408367 -0.263219917 1.279477822
9.702702035 -10.427921172 -20.010825637 0.815626662 -0.225694394 -0.235199612 -0.478012898 3.086610098 5.893214771 3.440376266 2.413735331 5.044910417 5.571521778 6.731428432 1.290117227 6.777338896 6.655833041 3.307473299 1.807500239 5.629875503 8.632703235 3.348955282 3.618462851 3.190255731 -0.005319359 -0.375511455 10.074603597
8.624012403 -22.350160472 -27.773385077 0.900851307 -0.379687038 -0.093327166 -0.188665621 1.153600762 1.247941190 1.081399386 -0.244453290 5.990758844 -1.637588471 1.293815396 0.814555575 5.874292468 1.826682056 5.661052570 0.474885832 6.790106281 6.911893511 3.066449603 1.588590972 3.027625251 6.593865925 1.464892300 5.936516546
7.399293192 -19.838337446 -23.666323662 0.711565452 -0.400732327 -0.515209809 0.260090487 1.931026634 3.553104025 6.776995362 7.669125294 2.789479668 -0.322716381 3.548355780 8.565957885 3.725680935 3.915746370 5.873473198 6.714884742 0.804214782 5.709621838 2.503741753 4.086116114 3.764285788 5.042469707 2.378274522 7.591365639
1.671932876 -21.830014238 -27.446141975 0.945576433 -0.318173532 0.007239143 -0.067811562 8.296076069 2.750828925 3.834380262 -3.975947135 5.947295174 5.515161003 3.695949743 6.961822507 5.984398437 2.781201167 2.249060099 3.937320264 0.801205255 5.737036523 0.389045713 4.313828776 -2.935671816 7.670167364 4.787562178 9.464327316
-2.059925106 -8.671823640 -27.817544263 0.993221984 -0.051401838 0.101341368 -0.024451349 4.034266964 3.546944232 6.214998872 -0.501524444 6.472579614 2.769963357 4.916203403 -0.170107744 -2.274010839 0.555028887 2.111328332 -2.337236312 -1.137270629 4.669862661 3.364967517 0.220166252 5.815452408 1.180679678 7.318051625 -0.078298551
13.696716903 -12.507480862 -29.511346741 0.970044353 0.019870465 -0.188539290 0.151894878 2.700892471 3.817865297 2.595287441 5.711398284 -3.094410984 9.680196956 4.220984888 2.130053078 7.240824957 -3.146995074 5.111331050 4.717223669 7.159769482 6.915368903 4.502719724 7.694180675 0.953413191 0.999884124 1.504645841 1.660038219
5.814945189 -17.821646368 -19.618040779 0.745640167 -0.662702725 0.044990139 -0.053119930 3.794886263 5.761711246 6.409050796 8.893804559 5.610595024 4.130196011 -0.388161918 3.389557528 4.514449494 6.135098970 4.985279498 0.959130416 -0.998152285 5.505652176 1.577552355 6.911036991 2.801794035 5.237213000 5.888960306 0.176070366
2.958593898 -19.173810512 -30.303206413 0.753628670 -0.625751865 0.086448986 0.181672796 2.463574862 5.220589979 -1.519292243 3.438081985 -0.004451719 8.248404681 4.025513963 4.179093936 0.417437991 4.236692560 1.807067257 3.493228457 6.415482261 -1.593848199 2.230668778 0.286142163 7.263252898 5.911639854 3.715942697 2.553508374
5.886497118 -16.210422442 -26.451669789 0.856495705 0.023788124 -0.433269535 0.279511615 -2.875838405 5.796201115 10.933372120 7.717152254 2.088065586 7.881429796 4.349625496 5.062187085 0.500529460 5.525054229 7.102694042 6.173575910 0.185808322 5.858643486 6.728687591 -1.143359099 4.604839100 3.652449259 3.300885607 5.399326340
5.031357584 -5.416353941 -21.976786291 0.874981694 0.063550652 0.464909860 0.119277709 -0.082876123 9.466283395 8.487604319 2.400131871 6.119071462 13.998966601 6.602527037 1.382822765 6.579660685 6.586689539 2.366567846 2.235138129 2.418031933 1.707913639 3.412324979 7.972986660 6.107815303 6.938540999 6.784091364 3.173238089
7.970706598 -5.411789179 -31.190096477 0.969361100 -0.029462698 -0.243752562 -0.007463010 9.176702291 2.859462260 7.409756060 3.867431549 2.350483780 3.446137294 3.917412806 0.837912204 6.585081657 7.177327493 9.361843902 5.691938501 1.046032215 2.883713120 11.205495826 1.337411496 0.471052684 5.492282944 3.208347802 6.753742965
3.085095988 -8.633574481 -27.751742112 0.883314250 0.448728468 -0.107159575 -0.083159627 1.261566205 1.943499101 -0.043560977 5.690127415 1.918798425 1.522878638 3.122115695 3.197475853 1.454278527 6.113024517 7.183590557 2.944440739 -0.570640635 4.105333358 5.080343406 5.201734879 6.234919988 3.798798475 3.362589389 5.137420441
10.958955398 -13.303394223 -26.748269467 0.878920895 -0.292262574 -0.369512215 -0.074440393 4.224933749 3.739078945 2.192398682 5.053373641 7.470112111 6.306267703 3.802868170 2.002889502 3.781684468 4.301526538 1.777131618 8.263870683 9.403442585 -2.102082362 3.894477609 2.443179056 4.012934289 6.144764884 5.923932028 0.226186574
12.088426256 -14.653324611 -32.739124956 0.928151994 0.323289511 -0.125538055 0.135122037 6.981090075 0.530212287 4.453983073 3.449432288 5.124753808 2.293807490 6.646448473 1.832596696 5.320801548 9.160109405 3.295681314 0.034150957 1.347733994 4.067762734 8.496571467 0.380278554 7.121755391 -1.977117406 -0.500652459 2.888227261
1.237330212 -20.469876865 -32.619635998 0.930765902 -0.212893078 0.285367109 -0.083168420 1.002126843 5.374936145 5.789068710 0.716229891 2.344779763 -0.909020956 5.250757514 2.047324253 2.980969494 4.081917309 1.280022246 0.442663567 5.644834005 4.644332562 1.410831232 -0.263583719 2.215293985 1.110043859 7.192741892 4.374300241
13.896508077 -17.134071105 -29.789545814 0.716640017 -0.528871460 -0.357632716 -0.280750611 -2.564030080 4.345632294 0.855964614 1.107516626 2.283228007 5.410136725 3.070939136 10.921782437 7.025857381 3.102187838 -1.556773780 4.139689768 1.471123565 7.017720689 5.606494989 -3.282543812 0.589464991 3.755141008 4.132447967 2.925097698
-1.585217020 -11.868448142 -31.881325888 0.922297711 -0.331965835 0.193971705 0.039250415 2.833918243 8.877460734 3.465937274 2.899055186 4.770058554 1.733344633 -2.875235534 5.221839730 6.446763660 4.949680564 2.523541731 0.325983563 1.070596651 5.515216448 5.372338702 3.594298222 3.234810663 -0.408459071 2.996797058 5.832275786
4.098529080 -11.877765566 -26.347832465 0.951191935 0.300615448 0.052812883 -0.045552769 1.693761542 2.565334635 4.890817987 3.453624610 4.051739827 -1.466375073 2.186616832 1.228783770 -2.373395911 4.863605684 3.858284597 4.337747328 -1.476742603 0.397689010 -1.492633357 3.941644430 10.023769769 -0.742396090 -0.885475658 5.879820945
9.947889172 -15.148604397 -26.427760075 0.875545661 -0.280145220 -0.306043004 -0.247540162 5.653777826 2.137536129 3.008641341 2.671214646 9.707923293 0.103644394 5.751419031 4.461875678 3.005186150 7.099558536 6.425764400 -0.414388089 5.764373243 5.537343153 3.709675157 3.780744919 2.741423208 9.443934183 1.741782066 7.856012938
0.098577399 -11.336842613 -32.567388193 0.952848689 0.245813180 -0.131851990 -0.119458403 3.803954016 -3.526928535 3.612037442 1.907608997 5.006523417 3.977405883 -3.588230985 4.743905300 1.403847441 5.620248019 1.190676633 3.281641615 0.955419231 3.218080324 2.104204965 4.883667173 8.897135915 -0.473256943 3.717370547 7.364500183
8.037151641 -8.417175916 -22.703245240 0.998473504 -0.051067843 -0.014434586 0.015309481 5.476627364 2.996269126 7.121561524 6.294059455 4.990740605 3.527347259 2.687830088 5.988963336 2.690092954 9.279266213 3.886677657 3.820490203 4.157814009 5.475365556 7.911994645 -0.978906049 6.201616563 2.080938949 2.290252138 2.758377374
3.304900442 -18.556395658 -27.989284868 0.926216710 0.065687749 0.343358454 -0.141112362 1.663451833 3.437812590 6.202219367 3.772113714 6.824600176 5.012778440 2.697077491 0.465237016 8.559608095 7.573925255 1.131964863 4.400441320 8.605481760 0.567529792 10.014146622 7.308575611 2.118466072 5.599067780 4.837734314 5.029292558
2.637399817 -6.560125626 -25.266692445 0.897895198 0.177411666 0.372924062 0.152436737 7.054495474 4.199715602 2.859028162 4.863984091 5.813559457 3.910250830 -1.201036512 6.004337145 8.152174240 -0.385398185 2.034474558 5.599705303 1.452052661 4.804662782 0.657642690 0.085443036 3.461456595 1.127589952 5.587460556 1.028978139
9.787018736 -10.392012530 -22.778897341 0.775315213 0.112819054 -0.615239473 -0.087398921 4.669069858 1.767331009 5.491069723 -0.557034411 7.835550152 4.444763714 1.586994954 4.881668295 -0.814350919 4.737818376 1.587649146 3.438395041 10.663241847 -1.000285349 2.076567865 3.749619042 -0.273918825 11.499811119 3.990111616 -1.679466703
10.023137889 -17.834518609 -34.541520976 0.970415859 -0.141210074 0.137804228 -0.139150174 2.944823675 3.894343274 3.874704486 6.052331240 1.027999436 3.708065707 0.763451994 4.482169323 1.291542166 5.844846089 8.635254941 -3.372120488 9.832193359 4.757560170 1.698109424 -1.188135317 4.781660352 -1.969224337 7.107151485 8.170915624
8.638857196 -13.746289044 -29.583580790 0.942993500 -0.031308962 -0.310297333 0.116183357 2.459042885 0.589546206 9.228164360 11.403589766 8.259030725 5.058751829 2.747254977 7.038738299 3.216935925 5.121802737 5.629272966 3.249113378 5.763883829 4.021337544 6.317677448 8.272666729 5.740879727 6.756626355 1.771646386 8.022351643
4.515658335 -13.142524481 -32.979322703 0.931161976 0.241256136 -0.273369411 0.001419987 9.762482189 3.510364365 4.959187580 2.521728269 -1.731145015 2.009011941 7.429138895 5.268813904 6.607810290 -3.591377755 4.051479131 5.022576849 -1.394451174 1.610389943 7.226151708 3.735292443 -1.046012538 3.792426283 5.755518284 2.332402176
-0.803574811 -11.740280416 -31.263723799 0.944933689 0.188344938 -0.265430195 0.034253765 9.241686562 2.357093618 2.477232566 7.334091016 9.362056330 3.079087192 1.866629713 -0.435542533 3.134495880 9.075274162 -2.079653470 3.308434766 3.364362088 3.320090234 4.808552656 4.647323150 1.794875979 5.146431747 4.113775867 7.542725160
8.051329053 -20.507646963 -31.473578301 0.996599325 0.045190672 -0.060469889 0.033030009 3.639471255 4.692501842 7.637869032 -0.407085054 11.193696273 5.740186845 3.470538564 -1.347650943 8.340740838 -0.426057876 2.367735896 8.230468544 7.847117684 2.195155806 9.426415708 4.077663152 4.627626101 2.782931448 7.128049356 4.242643174
1.459809112 -6.619579200 -30.525255227 0.799683201 -0.020118138 0.600045717 0.006868491 9.281339421 5.074941861 5.406527397 8.760200595 4.856471815 2.183457148 2.433978838 1.065189427 2.844474068 4.966096080 4.722694149 4.654603689 3.173413744 5.545265696 4.824969892 1.844304876 0.426290230 4.741467778 6.013087798 4.953691319
5.125081556 -16.589102072 -29.351854250 0.838074155 -0.299333648 0.436908188 -0.130928659 3.510492445 2.751627152 -0.950684036 -0.462775156 5.586643148 3.234894751 3.486243664 6.356722677 4.241523186 5.030005217 -0.106677953 9.334671330 1.727458620 6.145273713 4.375185758 9.254139851 1.636205664 5.591738131 8.395884115 8.338600484
4.880922190 -7.953935939 -28.935542588 0.818148813 0.148857284 -0.555374152 -0.005794735 4.040024264 3.018740369 2.038211229 -2.590333959 0.909637601 2.582428846 4.215611853 5.617230583 6.090707287 5.414748575 -4.158957031 1.014086666 -1.451845151 7.067292283 5.842722642 5.414738050 0.439349077 4.277285541 6.537076055 5.430544437
8.083662400 -11.895367248 -31.273930915 0.977366248 -0.129104147 0.160353573 -0.048724406 6.390709958 1.796820827 -2.573340692 10.790528626 1.607487498 8.008251175 5.856081380 2.747560723 5.777269487 6.761413024 2.453065986 0.660563514 5.050057434 0.754088367 7.049179340 0.583255547 3.712581188 4.743693393 1.346254046 3.555499875
4.569183856 -9.129972216 -25.716066392 0.804253224 -0.482683694 0.261853193 0.227213794 8.360111080 6.061292114 5.268999703 4.305081584 1.190083833 3.156977156 4.724815990 5.568625730 4.492321869 5.732460596 1.782650481 5.460050864 0.133330985 1.404071048 3.379242542 -1.899591857 7.310651813 6.908042856 5.578963179 4.116542703
-2.392312782 -9.937062438 -29.970255552 0.998058576 0.040441779 0.046459250 -0.009223862 4.279185600 3.429556525 2.838684495 4.212799277 4.508120143 7.513833048 5.061515584 6.257663432 1.160513726 4.208959097 8.748864190 1.612340437 7.756406249 2.802467656 2.366823187 -0.897152681 5.723779079 -0.085134694 5.587269844 4.969753852
3.451725573 -10.550096104 -18.640620816 0.836693113 -0.440327306 0.308759860 0.103556007 7.855703119 6.677514332 4.503100037 6.713357155 -0.231088310 -1.006623752 7.720907977 7.912031506 7.357933226 5.524897853 6.178902476 1.993122706 -0.902975490 4.191176672 -1.531267167 -0.543304159 10.102838860 5.439577494 -0.818981661 -1.389877612
4.522128695 -23.111801003 -26.269942866 0.992363201 -0.075929906 -0.083764060 0.049330614 7.458783750 7.594001726 1.509038774 5.713824708 4.585373912 4.720107781 3.168892938 4.151527857 -1.220433506 2.255390172 8.626170829 3.785105295 1.874958935 6.220672452 8.578284632 3.292352751 1.198010564 3.829310656 2.522771781 3.482694353
7.190467392 -11.839498375 -25.628449861 0.755971581 -0.522848004 -0.100185825 -0.380919589 6.044337420 5.337528264 3.652096104 4.382274080 1.819224640 4.503770256 2.149336559 4.068905835 4.853281328 4.958378036 1.148488950 -0.283485934 9.145798380 7.273980391 4.638740166 4.746620277 3.994691630 -2.593845982 2.379542258 4.792291240
10.552946865 -13.927179576 -23.269534973 0.905526037 -0.423589208 0.024373025 -0.000857104 5.717800550 -2.863042267 3.321915750 2.548637366 -0.165902598 6.802977158 4.289988844 5.698905171 6.405965664 4.907943909 2.934286189 3.810818263 -1.849707684 5.789019482 6.645884460 0.548250423 4.770020051 5.687757813 5.672030496 6.753487872
3.409057451 -13.438083752 -22.762635684 0.990258761 -0.082428920 -0.051313166 0.099799892 1.235632747 4.631845014 2.644544532 8.762145340 7.277873496 4.664597870 7.767076787 4.431991743 6.663265058 6.166263973 4.573956238 7.494840574 1.214810324 1.416075824 1.637305687 6.258301981 1.310663465 4.700091627 3.510422661 2.416886425
2.861377198 -12.508255529 -24.219600744 0.927736715 -0.302447147 0.181292635 0.122324530 0.926380450 3.297480420 4.292054028 -0.046282723 3.231764354 4.879978434 -0.979759965 4.404746581 4.257021167 7.660324429 3.835561543 10.927423372 5.829932007 5.996819796 5.875278859 1.116605219 6.390340414 2.825294615 2.268482113 5.111980199
12.607533421 -15.897029280 -27.325687222 0.807856723 -0.306507465 -0.500096506 0.057655645 3.109509918 4.455158501 3.633218556 1.940764123 6.287535022 2.532495978 4.187967822 5.230529406 4.542323496 4.425239825 7.438673811 4.654667258 3.373326670 8.745609171 1.147950785 4.136193388 5.955151147 1.818923503 -1.306992883 0.568729842
11.825237780 -11.575666742 -32.750381571 0.965917404 -0.122989837 -0.223126159 -0.045736037 1.387578636 9.299101866 4.540121596 0.435198812 -2.128250298 4.706355985 -2.191056319 3.957426439 1.346844628 5.063012081 6.340093510 7.116239417 4.679505957 6.184580388 3.905431143 5.730305318 1.702121593 7.614908771 9.272530430 2.666737522
-0.403681586 -19.640670607 -27.056479292 0.926900544 -0.314254100 0.169519264 0.115598278 -0.919474227 1.361251436 8.506846203 8.286983603 6.242261915 4.160191757 -2.848553155 5.853756733 2.957175896 3.422412555 0.989083488 5.416393096 2.248662383 11.565666944 -4.013576573 0.701968205 11.226694272 9.076110239 -0.000874056 2.315546926
9.711952553 -15.827099543 -30.973805032 0.983061080 -0.093698856 0.126363671 -0.094040736 4.569086796 5.898302408 9.545602117 5.901637379 5.163031934 1.666849352 2.805858387 -0.414541633 5.199481797 4.177613050 2.729696546 2.522433144 5.323549111 4.482697458 2.089681573 1.680023673 -1.737513532 5.265120190 2.024700144 5.156265198
6.308099277 -5.600732493 -23.985958991 0.900902178 0.400033380 0.016554541 -0.167554491 2.533292894 1.853632992 4.730880088 2.349623160 5.570514535 0.861886523 1.858432006 3.000584860 3.108856903 6.157763424 1.881829475 3.147492886 2.962721093 4.240138074 6.881399768 2.373666034 4.055884690 2.373487562 1.252953374 7.231609966
5.837882831 -16.924839211 -30.669373880 0.915058993 -0.082529819 -0.303485168 0.252492813 3.699601403 1.184168208 7.912165514 8.000536860 4.922154872 -1.717111504 5.671496801 1.357776052 1.373047306 3.158440014 5.894911401 1.533297570 1.571983278 -1.894555885 1.613970319 6.373328438 3.783292021 2.402537380 6.603326470 6.705639385
5.116034103 -19.250546073 -20.315041193 0.746194089 -0.369070777 0.395136942 -0.388391479 5.719626680 3.584539088 2.701000245 -0.457419324 -1.235263879 6.013919412 5.996231795 6.582883605 4.059482365 7.633170858 4.596035067 2.640510557 3.418766771 6.586753094 3.739887107 8.351097734 3.402958676 8.674096188 -4.997524799 4.373718394
0.513817262 -17.815428046 -23.738691932 0.918897611 -0.388944302 -0.063659288 -0.017233838 5.729792333 1.227043665 7.530616310 -1.738200917 1.067097635 12.085871288 7.642655343 1.551912029 7.316714697 1.072901864 1.330341649 2.765952567 5.413849154 7.304544592 1.959713404 6.027807744 5.792871392 1.848064582 3.645322582 6.100325011
11.907405499 -19.394503299 -29.940358529 0.948111106 -0.034836907 -0.245086528 0.199510187 3.997284514 5.400918888 -0.259462670 6.727894116 2.886153270 5.630630990 0.473082709 3.803135719 -4.181547381 0.785661159 3.498705234 -4.356931550 5.290650112 0.487993358 3.295418929 8.022554960 1.406582033 4.096361847 5.973513687 3.784286446
0.046727032 -13.435859425 -34.787654614 0.931452427 -0.332607644 -0.145650141 0.023549264 2.923369397 5.303577450 3.065838867 3.245701655 5.613537653 1.627845340 0.066627298 5.993517722 -2.323855463 2.304056479 6.373863194 3.590946701 5.700202301 2.461924354 5.857459633 6.133210652 -4.976379149 1.836458921 9.708376238 7.587008381
0.053570679 -13.384465757 -19.674264898 0.773140358 0.174963948 0.582129853 -0.181015023 -2.663870445 2.394477338 2.896912702 0.379632627 1.675637978 4.776339914 4.355580033 -5.240780694 3.599350177 5.358357989 6.343574531 8.671649657 1.249355561 9.742018267 5.158819609 8.227500092 12.131300520 5.467789259 5.292216723 5.368328849
1.657124179 -9.411404969 -29.689103770 0.968651470 0.031777359 -0.239732466 -0.056858375 5.681728682 2.261760019 1.739122846 0.449352820 5.470757585 1.594259510 2.075324288 4.079830009 6.815050308 1.307441986 -1.761665258 8.809433942 8.420378930 -0.330039799 1.089671358 2.073527977 9.251618465 8.944111936 4.191428050 -1.593136638
6.199384849 -12.816814081 -28.534442448 0.949787237 0.015519452 -0.242970313 0.196542050 3.195985326 5.400816995 6.733650359 6.071035651 2.513868875 1.706389711 0.572845480 1.825140869 -2.789900830 2.621226145 0.845979579 6.897270494 2.670110006 4.867344586 5.691413846 6.574017776 3.520373029 2.483016990 0.278067586 6.992172712
6.291057892 -4.033245823 -28.662738374 0.961134314 0.233169268 -0.131898642 0.066750808 4.275314262 9.413804869 9.750464574 9.232434576 3.589078370 -0.257804160 2.902784106 2.491362006 5.734309750 5.543469295 1.745989781 -1.258385572 -0.362351974 1.013966660 -1.457500590 4.620695913 0.553080786 0.390228712 -0.813326551 3.832006943
7.506371781 -19.615614650 -34.369167189 0.994443843 0.019298969 -0.079429507 0.066332086 -0.640227626 5.068405854 2.897935136 3.476282144 4.826963567 1.127543183 3.243028021 -3.204511035 7.167149510 11.271105342 1.209154787 3.987458390 -1.129144434 1.549152686 7.176661813 4.113722396 1.636206842 7.914631860 4.969293892 1.132868215
-3.114672459 -13.938104419 -24.047549673 0.859977141 0.201626005 0.332487603 -0.330512125 4.588729887 3.043249027 -0.893359134 6.958083265 -1.663234820 5.312725038 5.105163909 4.870056040 4.868495695 4.912073582 4.486760291 7.481166070 5.273203654 -4.231244348 4.441595922 -0.699007907 4.060936784 3.890337998 -5.369156833 3.979483721
8.773772509 -9.616619328 -25.874918085 0.923176674 -0.270809897 -0.119076189 -0.245413305 -0.723428177 11.658886572 8.102337262 5.322183098 3.890677771 4.224548687 8.809807564 0.419640945 6.842295803 2.470263574 2.176706081 9.020903758 5.994048207 7.966136588 1.941671763 4.634963957 4.587948027 5.947009554 1.513131748 0.017875683
2.196705383 -21.818740055 -25.616535333 0.822500250 -0.526089458 -0.147728927 0.157795389 0.265157709 0.369333448 4.447656900 6.805678187 5.268485051 3.457130015 0.205739169 7.469112585 1.265479973 4.722872993 3.856587101 0.874432174 4.249854941 0.950589883 5.927999352 5.291924549 -0.049895500 9.766307711 2.612274468 7.545530720
10.556789904 -16.213691446 -29.235683050 0.727508234 -0.555319131 -0.322593585 -0.241424547 4.987741352 2.482528984 4.578598643 2.700530354 3.535992080 2.345790449 9.673619106 0.788572900 1.760750896 3.134292961 11.287320970 4.561136401 -0.875031361 1.025359284 5.333505788 1.768645909 11.356227926 7.608346648 5.414151038 3.851227950
8.653404280 -18.504719558 -21.569705170 0.884366435 -0.371219594 0.137101159 -0.247578863 6.452156361 5.524480604 5.422252746 4.757813847 1.461845305 5.762587398 2.701631807 10.062507393 -1.825184892 6.566961571 7.386003064 1.009018238 6.853940123 10.963253078 5.897379460 7.330837699 0.979742878 3.240203931 2.410609470 2.518455883
5.542262930 -9.393362767 -27.600201389 0.890063733 -0.348666470 -0.231433644 -0.180711685 8.696841300 6.324453975 3.328100448 9.445232375 0.042133388 2.316542876 3.724033383 2.990864720 6.228736358 4.547943536 4.108001277 6.210282508 5.105513766 5.771928260 5.449301873 2.758129052 1.652469870 9.243160795 1.575254472 1.770006006
1.101943337 -12.751234295 -18.811792750 0.910571333 -0.285947912 0.293841912 0.052445878 8.808102201 4.100731955 1.500936226 -2.365818761 1.723654986 10.150503495 2.649432183 5.890084527 12.615623245 1.292533237 0.908790759 6.407211597 2.127211485 6.404346508 9.416735337 0.692972367 1.563063004 4.878250260 1.810056027 5.548458032
1.696892660 -8.527175836 -28.990857033 0.975776473 -0.164179656 0.127801787 0.067616709 3.283711051 6.300872740 2.982041715 4.936476404 1.906667900 3.468421377 4.350499499 6.779231522 3.513235813 2.692187096 6.525033690 3.003358496 4.322797179 5.646949715 4.682165340 4.528164480 5.663817241 4.966421451 3.853503607 3.032930399
-0.987856659 -15.523549287 -28.870204018 0.755325684 -0.516456889 0.297893130 0.272057118 3.827040015 0.418398376 2.324055391 7.237644688 1.891914864 1.159453585 4.882630645 7.174983929 4.108633365 5.222976813 1.843079608 2.134830236 7.334482592 4.599082298 5.709573306 4.830486592 2.709044057 10.615279654 1.001639111 1.857007544
10.377655656 -12.678810741 -21.893726040 0.800040186 -0.544117527 -0.015996712 -0.252221973 3.102133145 7.769357344 3.988377949 14.431782530 4.888250693 7.258523344 1.525504525 6.652856635 9.240661790 10.608812267 0.214456169 3.925008375 5.417401221 3.047940103 4.932725076 5.253169633 6.750419615 2.937151349 4.117897614 6.847930714
9.257174016 -9.410555434 -32.067691014 0.951023397 -0.017518937 0.308597971 -0.003857237 4.658692292 -4.263728429 2.766038499 2.736600151 0.045300114 4.014180456 3.187997485 6.929176428 0.745906084 -1.219666595 1.839009510 5.486583829 -0.802078388 6.842075391 8.157744428 2.819623081 2.677836920 3.170355282 1.045368870 5.177147377
-3.681105972 -12.165264542 -27.232945912 0.743737476 -0.042012247 0.664049924 0.064243576 6.970169073 0.789076950 3.466000873 -0.148332897 5.866118030 3.358174497 3.163374758 -1.004908918 7.064912642 0.047348429 3.831128617 0.817250423 8.416266651 4.950028631 7.685783672 2.331023756 1.826920608 7.575528088 4.440871342 3.926381377
11.369918941 -10.523406265 -34.264839382 0.998997462 0.038509646 -0.020111169 0.010799007 1.378491090 5.865438176 4.720942206 8.049543778 7.297818286 3.084667619 3.716912177 -3.233921041 5.206126111 3.980588628 6.087902503 1.005184338 5.848573270 7.723175285 6.805383309 -1.408147918 -1.634248627 4.113010309 2.741626430 10.634440878
3.265652102 -19.344827407 -26.377420090 0.914584773 -0.395699308 -0.023949647 -0.079894718 7.505330950 9.107704885 4.348220296 4.953813479 10.299601479 11.396799372 2.093412697 8.929382934 2.123707896 4.503877649 5.784303001 0.825812657 0.236848901 -0.791598945 1.639180944 3.189600893 5.297294343 3.622796607 6.107453452 5.718363190
6.573834749 -7.348470285 -21.301957185 0.815773671 -0.360936498 -0.165593495 -0.420496083 1.702160721 5.665510748 3.284861293 1.821569948 0.950639045 -5.054227997 0.605439841 2.942479329 5.887480173 6.390807706 4.723169221 3.240050052 -1.963266756 4.553947447 -2.245253852 3.467522411 -1.323284492 2.120182072 2.235858049 4.249612686
0.930753543 -15.326523322 -32.443423605 0.935995255 -0.264671021 0.228566108 0.040245101 6.258997944 4.653629280 3.141727132 6.896897380 2.263489057 3.201888660 5.438026842 9.186312693 4.906022965 3.137707800 8.738393501 1.578315260 4.059735831 -2.112904331 6.024222633 3.972703081 1.854108727 8.820805197 1.399993507 3.671935523
5.861243833 -7.918528155 -26.447726120 0.838194083 0.228911598 0.488976195 -0.077022333 3.346796455 -1.390581769 6.701245973 1.740385525 3.996347940 4.498740333 7.217297885 1.574637746 10.648395728 7.195586432 1.633415649 4.639203038 3.727216809 -1.286517660 2.476602217 4.482501138 2.075257217 1.361972969 8.455444439 1.607409436
11.041010006 -9.561234494 -22.023817852 0.862785305 -0.228785858 0.396722356 -0.214172640 -4.175487866 1.205527407 2.344624013 6.681582623 4.374470816 9.704522214 2.998215259 4.139348725 2.242453977 2.707943513 -3.659416675 2.502461484 -0.050678761 3.169039601 1.298014485 3.076372835 3.052025502 4.163127657 -1.165119821 2.173864840
10.885961925 -9.611912203 -33.551232308 0.933746091 -0.256739027 -0.188575874 -0.163225149 3.233553492 4.421383285 10.622092369 -0.145606377 8.226775546 11.534371026 -1.674649923 3.431824202 0.079149254 3.529845165 6.764778124 4.545199592 2.562080745 1.412698495 9.011046540 3.699382404 1.359727314 2.545245388 0.094533533 1.009711592
4.304599767 -7.236905090 -31.858430984 0.942161196 -0.196225127 -0.268015321 -0.044674024 6.809274938 6.764313266 2.788392420 0.747403787 7.746825035 3.808607608 2.326086528 -0.485723688 3.227373428 2.633336744 1.590746140 6.517824703 0.724245071 3.369826319 4.363244716 2.399371192 3.549915792 1.814255263 6.430522426 2.127291340
4.776544666 -6.174077781 -25.414523362 0.939969552 -0.294207722 -0.029465730 -0.170384355 -1.622577596 4.793239354 2.535625890 6.060267040 6.019252291 1.861774575 2.524254431 4.918322805 5.465069680 9.280779375 9.197047450 10.688653028 3.941564641 5.050357916 5.327616483 2.072890971 -0.699813811 3.385965145 8.628059077 4.783157247
-0.923990290 -19.323024261 -29.072347519 0.729053672 -0.668313525 0.138592187 -0.051283338 -0.270786312 -2.471367719 8.392488636 -1.494771651 5.652542693 7.049236181 4.526399978 8.462306662 8.271622124 4.175250831 7.788474685 -1.093374912 6.832399863 -2.136977958 0.685196608 7.399120092 7.144512139 8.510014446 1.646189510 1.179742370
-3.268738806 -10.191029711 -26.098659245 0.744441922 0.108383851 0.606862733 -0.256469858 6.940048025 1.190732482 4.945079735 4.711355593 4.819732420 -1.434804048 6.104399323 6.838354005 1.701396518 3.999750465 -1.463889854 3.768530244 4.688577028 6.241667677 -0.247800931 5.390840495 5.887693242 0.362541787 0.497173906 10.817572558
9.480236233 -6.870225554 -32.756292208 0.986846347 0.062814777 0.138351255 0.055204354 2.556171322 6.223897178 7.551893068 1.674808105 2.585198467 9.771023118 2.087206545 5.549724346 3.954538922 4.917436305 7.103811218 3.933220664 0.461721076 -3.974484134 3.278866641 4.874079880 2.761432289 0.861706428 3.694401045 1.804105153
10.715673913 -13.753524341 -21.049112056 0.888842940 -0.180577429 -0.410543695 -0.093829074 5.721174388 4.873230262 3.297206965 4.456763855 -1.795378213 5.139220440 1.484007254 2.578009369 1.736636880 2.766682957 8.665305487 4.408688789 5.942784428 3.490581558 1.246105110 6.223710097 1.288077956 2.878731417 3.567515939 10.368447176
9.177299132 -19.090960196 -33.082852048 0.977491415 -0.160570942 -0.135978138 -0.015409491 0.404759938 4.153954598 14.527481674 1.586029773 7.966538705 5.133138130 1.977953187 2.536961554 -2.023629368 8.374603394 2.105212081 2.845089250 1.812326855 -2.565719736 0.334013143 5.479412483 2.814526236 5.292854752 4.311889576 2.888324036
5.894731357 -13.820348723 -22.850127941 0.758170709 -0.637050594 0.126045245 -0.058790415 -1.408574404 -0.283658080 4.067317095 -1.088314454 4.919845124 7.921422692 6.928939209 -0.110562836 2.588145153 7.083752350 2.848245868 -0.027372302 7.558665818 1.766527536 4.322274302 9.927723871 0.435392373 5.990332365 1.397249228 8.002592068
3.678835301 -5.034596179 -30.159560049 0.987311279 -0.068408141 0.141744449 -0.021101536 3.125689121 3.931959477 0.666820254 2.529649223 -2.030054768 2.769601138 6.226311541 4.732215007 6.753516885 5.065194002 5.405080704 0.535559422 0.521006463 4.034559958 0.669171165 5.138563894 7.891650894 1.877817326 5.314923391 3.567284370
-1.586075505 -15.870709439 -21.233399867 0.830934537 -0.437348730 0.206919137 0.274696841 4.207393554 6.812748445 6.225390118 2.070225631 1.965483079 -1.920866484 0.832135240 4.225629299 0.991866935 5.112380790 6.793839215 8.544554498 5.968881144 5.553895591 0.146065895 1.250688984 3.119329281 3.127851210 6.647664379 6.420437948
7.356412278 -6.522606257 -30.525591918 0.915960946 -0.375349956 0.134428960 0.045352083 -2.693663037 8.433721422 4.687520506 -0.934566329 8.242123292 2.911761585 1.355787805 3.296364165 3.981166922 1.952118048 2.835886467 6.389706480 -0.817005689 7.522556701 2.912518522 2.284376943 3.933900394 6.392734371 0.342968934 2.561207650
5.746471140 -14.935783498 -28.294072331 0.845688369 -0.530087763 -0.057846257 0.021724564 10.976133662 2.614558297 5.502948486 6.065663477 7.283243575 2.957818754 6.410925011 0.304811285 6.290088310 3.250109309 3.159217145 1.385625989 4.334797766 3.952690803 4.599681128 6.076176934 3.649757515 2.587411918 10.177362966 3.407115471
-0.681642564 -16.416897326 -34.652323362 0.815448344 -0.574584480 0.063704163 -0.028956073 3.247487424 4.385924088 -3.311806977 4.676859242 5.033175439 7.443345249 3.399655902 1.046375144 2.703943936 5.060497941 8.144185757 8.924521061 11.258386935 3.180624339 5.357106922 8.673732826 2.990737084 3.218468715 5.231203196 6.952755262
7.320300474 -15.152926813 -34.190114938 0.867008882 0.134549685 -0.440689446 0.189696582 7.313279456 7.037909373 3.060260637 -0.315332541 11.555188764 6.358842188 4.172285016 11.680465020 0.474515047 2.371919666 -0.495404342 6.992562069 3.931545990 2.268127448 1.461381517 0.386611742 9.697821657 5.807052426 6.462263791 -1.179956146
11.801596215 -8.486801714 -26.039184678 0.982473890 -0.102889613 -0.154073583 0.020496666 0.805993529 5.500366956 7.652706590 2.165559440 7.303184219 8.129907841 4.849696403 -1.765843714 6.735297120 3.626121646 -1.759417319 -1.499199093 7.028867801 1.615172544 3.894097515 3.456141327 -0.848127779 4.056694950 -4.517862688 -1.029876713
5.449587181 -17.615216803 -29.861945713 0.977050527 0.151470827 0.131932524 -0.070870763 6.245047536 6.423459213 4.038008423 5.880706153 7.097077473 6.293568342 8.106301212 8.253865887 3.593723812 1.947228988 8.469924489 0.624410407 2.400496400 1.559168952 0.624189683 4.480577090 2.589105450 3.424900688 3.770539238 2.689497128
7.274197672 -16.142954975 -26.282113204 0.882528225 0.004709661 -0.455284112 0.117635570 -2.290121371 -0.367850597 6.334781554 2.042286583 5.529610702 1.651281690 10.666427529 7.200732961 2.754420303 3.557274553 3.446332759 2.185060996 4.351388474 0.336654404 6.692133035 2.529929053 3.997892855 6.521567213 6.822342577 6.032083907
8.416675172 -21.225909021 -30.042288013 0.932675741 0.007239983 -0.278399693 0.229253475 1.620896860 9.680061444 3.736396787 3.178062381 0.098391365 2.594047891 4.419148102 3.902934070 2.556313981 4.904032786 1.876736304 6.303358706 -1.686391488 7.906684078 1.500317199 4.178604347 1.080933113 8.517634052 3.534699546 3.270991759
12.116297728 -18.950952865 -29.902195247 0.951175762 -0.015130378 -0.254956357 0.173300309 3.505849570 4.176939907 4.017743267 4.774593195 -0.043784874 -0.501995916 5.632158033 5.498390171 5.311410778 5.177493930 2.907132932 5.464985249 3.421651883 3.303779025 2.560934631 2.598422428 2.332832784 -0.876699911 7.777209291 -0.518283085
-0.542921737 -11.082695516 -24.324994787 0.941151984 -0.279965933 0.110531744 0.153735982 3.705931540 1.982717200 5.330760664 4.528752509 -1.585151508 3.606625044 5.991346839 1.206298542 1.251415386 1.738843552 -1.004570048 1.366618801 3.476977743 0.178329002 4.626695976 -1.597822755 -0.018887010 -0.357920114 4.241557050 8.735534908
-3.940184275 -15.708504558 -24.592334822 0.770650276 -0.434217671 0.407491454 0.226944664 7.844482474 3.587099221 4.495995457 -0.942629039 5.005370172 3.569329545 9.025291366 5.494591988 10.120544363 13.047168195 7.164041310 -0.022394396 3.073186428 3.576558701 -0.338716483 -5.769459725 6.317155900 7.060528806 4.678770292 3.076792092
7.911423517 -19.267154799 -21.319317446 0.786120531 -0.347226594 0.381732100 -0.340189370 5.945500859 6.044548727 7.483815977 5.226890668 3.244368781 2.888504362 3.593321568 8.432872403 3.726884097 3.641491158 3.495152455 3.210593730 5.134813669 7.995425071 4.112006624 -1.137345724 11.564983977 1.800127585 3.228392836 4.797665676
-1.740582476 -17.945526874 -23.092204762 0.826080127 -0.509777708 0.126709045 -0.204115484 0.902343877 1.707536771 1.185838689 4.647912367 8.554200673 0.007935768 1.425266633 8.883224137 3.572002354 4.770129554 2.517212951 4.963510278 5.342650593 2.942066953 3.446584922 2.357876246 5.249002827 5.679957749 8.183352089 6.784521501
-3.213885183 -14.078241343 -31.638437483 0.864567093 -0.126023188 0.484965059 0.038089217 4.677696579 6.498358882 8.359201231 6.814918020 5.372946138 1.100648589 6.266981541 6.456654109 1.909048669 3.544034378 5.212793631 4.081847261 4.777707597 1.639228990 6.862085878 6.611880273 5.150814289 4.220776183 -0.493070437 3.816744452
4.634530976 -20.339711318 -34.222489315 0.782138830 -0.612036629 -0.044024256 -0.108313802 4.131089252 -0.192386584 3.191772671 6.001998616 3.837784016 2.597521357 2.026638884 1.537119788 5.870520488 3.580775882 2.360802303 4.335182132 1.614866818 -0.044145061 8.103192456 5.208722315 4.035014203 -0.166999665 3.357319829 -0.619402825
3.074431669 -18.308195289 -28.742456544 0.726084518 -0.593252740 0.341506893 0.065003854 4.160806950 10.034808204 6.963854117 -1.591806412 2.601121984 -0.055762281 0.863296313 5.988859551 2.328803682 -0.599409830 9.461784768 7.686716133 8.129803723 3.864024149 0.303180620 6.920306913 4.810695039 7.900075998 1.289992741 7.747404170
4.868592432 -22.665019611 -23.533835408 0.891833446 -0.423318898 0.071197394 0.142706505 1.179500049 -0.535941161 7.957163829 9.174565348 1.734702370 2.514743122 4.522227440 1.211640891 4.587525177 2.548305268 3.512674814 -2.469909952 0.603922855 8.419881651 6.815593463 5.409893567 5.517264589 1.552067968 3.692028756 3.181820996
-3.599856628 -12.994938549 -27.693570142 0.961960251 -0.004921489 -0.262425288 0.075770858 1.790409853 4.898528821 5.302928292 2.991798509 7.314981606 2.142140391 3.707739199 5.160363746 7.747070831 6.222148112 -0.669748250 -0.563998292 3.255376047 4.757302444 3.054736704 9.428571731 5.016215558 -0.771502985 5.916773750 6.667378994
5.924676900 -7.793102995 -25.442563011 0.880465302 -0.424507729 0.194962457 0.081016541 6.193696345 4.798162773 0.213480379 4.770490505 4.536088935 2.551401016 -1.445981270 2.938778418 7.690458576 3.777133127 4.953909685 7.492710902 3.412678267 9.417881613 3.677616658 6.494831265 8.928738308 5.474082395 3.323346751 3.775292094
4.289335476 -20.957705114 -33.268034627 0.986187042 0.136274350 0.086053698 -0.038199235 4.100054216 4.548320230 7.895730748 3.455428070 1.787754944 -0.309021422 3.473807635 2.223212234 1.629288151 5.152161352 5.283615014 6.975002521 7.765581904 4.765741978 4.261495733 -0.203579778 6.807048978 4.616191999 4.120093723 4.449586958
-1.270061127 -13.567824125 -26.547507673 0.995247262 0.095866064 -0.010734015 0.013317902 8.391072388 2.828389600 8.265518945 4.235141743 3.949466808 7.391578247 2.686246021 -1.863083888 7.918624326 3.803748023 6.609206096 4.956844877 5.054927466 3.285895610 1.985252714 8.216874373 2.181612750 3.831007339 5.538172030 5.045551233
3.604324486 -16.006833695 -22.201709500 0.797176179 -0.528998919 0.161088140 0.242323947 -1.124581666 5.356622948 3.166737238 3.646433804 6.261577920 4.673756273 5.448209736 3.607401183 -2.145164365 7.566179019 -2.099659369 6.304083813 1.709693341 -4.130983548 4.076408940 8.557672508 5.329248422 1.142593949 4.371824065 -0.774028485
6.989020155 -6.829548512 -31.809619060 0.902346371 -0.165119132 0.396158713 -0.039559730 6.314200184 3.088938439 1.670740756 3.301868290 -1.310721536 1.191867564 3.921402054 1.282645968 10.659508358 3.541033094 1.267754525 -0.540599062 4.965369190 2.713397784 1.163053715 1.597263336 3.972382636 2.105638680 2.624761503 6.245943818
7.460495644 -10.844165006 -18.767225760 0.968233499 0.023046260 -0.205024533 0.141271730 6.000200539 3.704535402 10.441377228 1.487792988 5.519196753 3.591062257 1.123318288 4.050390301 -2.228873689 8.758742249 5.365101722 6.019314514 5.374005245 5.532993962 2.484837741 3.041628344 6.079633645 1.991007140 1.970783241 1.711148957
3.912331095 -7.930992247 -28.430021318 0.958408334 -0.062068106 0.274052686 -0.049961398 4.185002278 10.161178863 1.547151551 1.506335862 1.508121824 5.410262587 4.578992346 4.467810326 2.794352560 -2.326497352 5.764014231 3.859887193 1.033575465 4.019859928 11.972421516 -2.002077515 3.420518240 6.382954146 3.554786247 2.860755245
4.862187437 -21.735374159 -22.948124688 0.924096314 -0.236441611 -0.114609163 0.277499742 2.935969555 6.610566776 0.582856531 1.821556441 7.547076409 3.106282554 6.276122574 2.317287736 7.669007276 3.325116868 6.174348362 6.283474051 4.313514961 5.359940209 6.693070564 3.896978305 4.065390682 5.305193843 0.476120552 5.033164055
11.234818380 -16.011760117 -22.649218111 0.963393962 0.133412583 -0.161895061 0.166922571 5.075157514 5.806146442 2.229605433 2.807441769 1.730747953 8.879850103 4.876937713 5.150742352 5.819198697 -1.505196240 -0.538886687 5.090558896 3.234201271 6.846228956 4.912163864 4.490690985 5.529662881 5.404485309 3.914429433 4.219464203
1.769851421 -11.973793638 -19.778259506 0.778190435 -0.421050503 0.406447387 0.227896120 4.778062313 5.120534044 9.481279956 4.408069791 3.818507999 7.144933605 7.289183078 1.411104099 5.745208211 0.325824686 1.703284433 -0.269694686 7.356345204 5.036812749 8.939276241 2.937106776 4.254343304 0.971468424 -0.835488625 5.864102935
7.157315879 -18.553206367 -24.898323743 0.958080513 -0.181262609 0.052719640 -0.215513888 2.713223135 5.347072541 10.952421056 5.576062481 3.967426546 4.100049705 5.635854020 4.333174991 2.803513835 0.518930079 1.439305203 9.540661112 0.625461666 4.723224652 4.368805547 5.365033174 4.568402801 3.442765745 -0.597049909 -1.348774310
9.609730355 -11.467492671 -32.378563840 0.928429628 -0.351461682 -0.107121013 -0.054938158 8.651294370 -3.012481858 4.586362633 8.835740890 5.600940179 5.689344633 6.534787138 6.255531492 2.591131471 2.673285059 4.676563081 9.604437942 3.563752420 0.685913547 3.243796129 -1.746394883 4.430936066 1.098148616 2.195926174 5.773133216
2.659912319 -18.829851337 -21.712887187 0.872418212 -0.206586322 -0.261094748 0.357824101 1.842184141 -1.953529537 2.538450566 3.555025342 6.725051366 4.921801074 2.524327656 1.886691076 3.637478397 3.101342499 -1.498299913 8.481373027 6.890346740 4.062235562 5.553128916 2.177543476 0.151649869 7.450982305 8.718567545 3.507731046
7.625453746 -8.054397030 -22.489966663 0.892813243 0.387139657 -0.226705498 0.040149926 1.473533837 5.935150419 6.986218395 6.542118905 4.063964220 6.598399624 0.946416625 3.820793137 3.169864807 3.144485020 -1.119537299 3.156022870 1.126545095 9.935120300 5.503628578 -1.029681420 4.187682372 1.797159406 6.959754699 1.900793152
12.578369789 -9.671414679 -32.132378708 0.995157111 -0.040591406 -0.083728931 -0.031687976 4.894796275 -1.094950236 4.848762724 1.240014425 0.897523703 2.145056141 3.890410342 5.769380324 7.312900259 3.096537519 2.578210957 3.826177480 -0.061256122 2.385449259 10.027664633 -1.328604524 2.750558667 9.567983285 4.953817736 3.075199707
13.656128335 -17.541541002 -24.867674803 0.759793856 -0.099476689 -0.485232756 0.421149447 2.822798394 -0.225046989 -2.662180086 4.103911834 3.066807287 6.588705858 3.192893751 3.349995838 1.133752657 -0.227351992 4.237034240 2.156379274 5.645031580 8.194908336 8.402249531 1.671934034 0.123423757 -0.090329619 0.526113268 4.566475102
1.704883938 -15.706219387 -30.266739486 0.990604637 0.103068171 -0.061903328 0.065171959 3.045982824 11.177997510 1.607934807 5.172012971 -0.091657236 4.622004797 0.109695130 7.562716146 -3.125400409 5.476103479 3.777753162 7.050307587 1.731333083 2.129241220 9.234110699 4.072430644 -0.103419435 7.158765761 0.646776321 6.454723916
0.851307944 -8.526145469 -34.777489215 0.791640510 -0.142915865 0.589417328 -0.073943034 4.496400050 6.176017889 6.347110100 4.771702696 4.661096859 3.230526018 4.074804478 1.870533246 11.661241300 0.029663344 4.441899796 -0.610741081 2.811563918 8.770531740 2.191899657 0.163388938 3.988971314 7.592257712 -0.902236495 3.864377177
8.390751352 -8.937022079 -31.500672295 0.987225050 -0.074325920 0.121755860 -0.070977946 5.548510480 -3.160903642 6.566251510 2.701345068 10.049632937 0.419895435 5.207106410 6.477160370 2.921425000 -0.794645694 -0.364358914 0.079576484 1.169977437 6.811084688 2.134647407 4.478761864 1.620171247 10.194696010 5.127702423 4.313799326
0.213836683 -18.738312128 -23.221722232 0.843150673 -0.430823994 0.268305060 0.177482459 0.940244945 3.316209293 9.680867098 4.693219306 2.065388381 3.280783467 3.111725351 1.899074702 4.170183775 10.654145857 4.988227549 2.706675257 2.239011995 3.887615786 -0.137757308 2.491307132 1.271204698 4.562094447 2.319618756 4.463206514
2.053271295 -11.662833930 -26.079610756 0.911839051 0.165105189 0.312297701 -0.209188830 1.772959740 4.336833797 6.075456474 2.733312037 8.230334470 3.850385667 -0.379737880 9.207112159 6.796089466 3.082943645 5.309041003 3.622587344 3.693312503 3.445133999 4.872787001 5.786294031 8.011110480 5.638354114 8.209341266 1.006792567
8.127778350 -20.109591639 -22.735479608 0.848001933 -0.334565939 0.026497941 -0.410190460 5.336040909 3.235214081 4.353068249 2.971164758 3.612248142 1.422809752 3.331688966 1.292866364 5.040285440 5.051785284 8.340490414 8.486268699 2.446864290 7.838825065 1.801586161 -1.567383219 3.821049093 -1.505408059 -0.447990655 7.646398084
7.056541909 -11.915792098 -20.805539749 0.850939954 -0.274690247 0.435760711 -0.102757317 9.526110060 4.460297650 -2.371789102 1.105658658 2.782780434 5.113886645 5.431297739 3.974990594 4.989924191 0.026459121 3.956890316 5.442762351 12.502566678 0.435989034 6.164049223 7.882450148 5.647572837 3.130326904 2.211150456 7.510633570
0.477909558 -19.828683554 -24.099356226 0.759551806 -0.439035976 0.468138146 -0.105712545 0.619900448 0.570184824 0.891814546 6.634641252 5.788383163 1.767640686 3.576430323 2.514986556 2.734939093 4.302906032 5.602312674 5.864998897 3.603387957 1.895899630 9.333404241 2.229284704 4.708657343 5.773232677 5.937551183 5.249434244
13.782433191 -11.824195594 -28.994423235 0.952506894 -0.193768782 -0.198440095 -0.125721136 5.545021559 -0.491264951 4.823332308 5.225841985 0.392576049 3.407120369 3.669202890 8.179109055 -0.585799169 5.146356369 7.478597580 11.480881682 5.041818907 8.421177010 5.726175793 -2.283003311 11.113280557 -0.064034799 3.222190741 -0.332351916
7.385130187 -4.827193391 -31.023624672 0.878562744 -0.409004746 0.241384064 0.050757821 8.426995635 -0.305056961 3.650883398 2.639288890 6.890471791 4.738996802 0.891861681 4.836613309 9.199901761 2.897573268 7.603580108 -3.661971376 3.465742695 5.260937059 4.133236905 2.108159750 7.765682828 3.467116969 0.317609881 4.395506257
5.487966522 -19.047501362 -35.644266598 0.897092340 -0.359656216 -0.237804829 0.096548447 3.924284605 6.589880633 4.590306408 -0.154868346 5.292611972 3.142135194 7.683325759 -5.048760044 8.033327562 3.610810671 1.408383352 3.755629715 4.642235337 5.790463647 5.988497706 5.245754427 3.668518070 5.976496910 3.794959095 6.281577208
