3.337216396 -11.999553440 -22.068370500 0.826187710 -0.364197810 0.422134152 -0.081096118 10.262660893 5.401917236 4.071851686 5.248410400 1.388343804 8.827749139 3.023532046 3.340104604 4.985847098 7.818940119 5.727747578 3.213903960 11.734864040 4.333586968 3.378260388 3.491029009 4.209230935 6.695625269 5.358123297 4.458942203
19.252033377 -20.921680343 -26.003397847 0.740483913 -0.334283630 -0.240181922 -0.531272692 2.761094601 7.075834018 3.060865890 3.700426621 8.366525739 5.288107889 -0.138960084 4.270695478 9.006026885 4.100033828 3.143258128 4.200847088 3.937246401 2.989968879 7.475773015 6.895701199 0.285725048 2.727070960 7.727256455 5.428379914
3.107756208 -11.683121705 -27.270813907 0.982991774 -0.132174614 -0.082691622 0.097052251 -0.436852061 0.867891704 -0.325030369 9.062399841 2.912400216 -0.396790185 7.060040951 3.862261077 3.269767857 -0.325054527 6.047336016 1.982374012 5.147105023 3.119270544 0.714200711 7.453948029 0.566124412 3.792989773 1.670214380 5.897688005
5.317822638 -10.183358019 -31.101174263 0.947119869 -0.313037389 -0.067404473 -0.020692605 4.356024973 5.061948908 7.510813329 7.586829542 -1.352821750 1.630031518 8.515712172 6.157337810 -3.888151724 -0.408841507 0.442753428 4.480553425 7.656247979 0.022405125 6.963084985 5.429102529 0.020098626 3.300820167 10.579396815 8.246927996
4.681926548 -10.808644595 -25.017389060 0.905726916 0.164987929 -0.384348800 -0.068656656 2.278934996 8.401209157 6.434317552 4.186733298 6.488174139 6.014961397 7.750846903 0.192839844 4.032839379 2.776023750 5.921872261 6.362977914 7.265908591 3.967251954 6.362875218 4.173173429 4.626327022 -1.219671164 8.684613899 8.846124229
8.326252925 -19.204403285 -21.494715108 0.840053284 -0.491133534 -0.195121370 -0.122580519 6.572709562 5.358329107 3.395983374 -0.080012961 1.462010883 -3.991248644 5.705265990 2.984246722 8.470028312 7.364288396 4.669723988 3.642835202 4.560480561 4.110107411 1.641471313 3.467943486 3.965521838 2.570340850 7.601122045 0.248486374
5.402635456 -19.329970490 -19.305535296 0.952757143 -0.232083803 -0.175286054 0.087554179 1.490169584 6.763615113 7.769693897 4.314359900 2.517132735 0.767736168 5.556105337 4.614562549 4.674210042 6.185450145 3.152147763 1.026724532 3.505847110 5.602623520 -4.550275473 -0.943032986 7.630057776 12.612715852 1.934793621 3.527651597
12.749777739 -8.419055200 -21.240032722 0.929986170 0.067525235 -0.321607321 0.164726432 3.483463181 0.214094509 6.000540067 6.618216268 -0.162488213 1.423870117 0.337288777 1.965907510 0.167638428 0.032326474 3.678071974 8.173717556 2.653270299 6.152746821 2.743755928 4.068808083 2.908733272 1.768515574 -4.546369275 4.583820776
12.402682068 -9.748509920 -31.977755408 0.966647955 0.190631982 -0.160098055 0.060164703 3.010824567 2.388504524 2.177005008 2.200049019 6.542418758 7.377389721 7.949264989 7.051520022 2.981189791 5.371544743 4.582407066 1.564420363 6.779877429 -0.036516571 -0.566273569 2.432043208 4.529686060 0.445109385 7.120862305 7.962095721
11.409871656 -14.474002996 -34.020175100 0.864449193 0.226158941 -0.435840796 0.107807821 2.106606658 -0.573939815 3.584457548 3.062316830 7.584752591 5.499848506 -4.571612658 -0.029677775 7.414589392 8.168861582 2.116506542 8.643615806 -3.237078580 8.681693833 3.450567225 -1.982304154 5.981020609 1.310612972 1.712620996 3.753269563
9.252528531 -10.050210509 -28.147522794 0.995501589 0.023011773 0.081342817 0.042783068 6.309605756 -2.097474427 1.684398998 7.717032301 3.861312620 3.045276807 6.104673318 1.927039950 3.749694332 4.149602169 1.877924921 1.383074337 1.024886611 1.486787636 6.860034415 1.982249983 1.075622529 2.839594671 4.704569614 7.686007040
17.577334537 -10.870120815 -30.699577581 0.871029780 0.370005578 -0.222532554 0.234269624 2.766666766 3.945591244 -0.698965658 7.741826364 3.518720424 4.789594277 5.105381648 3.346995264 3.419342461 5.280020094 -4.340806994 5.032874260 7.786629456 3.477083680 4.692263396 13.338515647 4.966562570 3.668818613 -1.439520062 0.165810750
10.621077494 -8.990011937 -30.645658644 0.864608254 0.267724258 -0.420680010 0.061681586 2.286459711 4.255868398 3.195031999 5.619724487 4.546050215 7.517129444 7.554533088 9.291089908 6.253555607 0.731442918 7.654716780 4.889905934 1.861888489 6.010782464 3.801819767 7.770217829 4.080254752 8.282661745 2.632360419 4.361727877
9.008147264 -14.583151436 -16.913580562 0.774089952 -0.301502744 -0.545367942 -0.111600405 0.372787666 6.209612775 7.690642443 7.764447003 1.980540685 4.205983539 2.672364249 6.273687267 3.759207763 2.667265357 4.189159538 1.369925202 4.037757559 10.760526370 8.653003074 7.838021792 3.967609215 5.745799127 4.892353522 1.509763826
15.980241965 -10.797498328 -26.681753509 0.851516492 0.206086381 -0.336584877 0.345193696 -3.480906042 0.836501224 5.060769207 4.395792250 4.619790881 0.813967168 7.378081762 3.044314018 2.972736364 4.839080089 7.478247210 6.700443475 1.253700927 3.748530329 3.171239200 3.262306939 8.651882184 6.838577982 3.533796272 3.634248401
6.971558271 -14.911859468 -23.627450295 0.938269777 -0.270362384 -0.153745663 -0.151381231 5.874600670 4.661627877 2.698264361 2.074311233 7.426508731 3.375896884 4.339134662 4.704924682 8.212022921 3.838124911 5.701586551 2.246540491 10.697329761 2.550129664 5.154920255 1.942078206 4.021299850 8.035582312 7.821770444 -0.602220932
7.243053175 -9.077519171 -25.537912265 0.975015308 -0.209840890 -0.032759044 0.065106022 1.100061121 5.357785994 4.505506025 2.494148660 1.343102848 0.411028681 7.925733384 6.536569235 9.303274320 3.517392662 5.699406065 2.449786766 1.748006061 8.885914863 3.691759810 1.002225270 2.753431988 2.173564958 8.328675537 6.721585003
15.001721058 -9.235660467 -27.844868439 0.997022736 0.061187181 -0.036366853 0.029652062 3.122660283 6.565532230 7.400725420 4.479086448 6.200553487 5.006240921 7.795941998 10.713761741 2.758492727 10.375758225 4.924390792 6.491942342 8.080084571 2.704825462 6.166484074 2.734291722 4.819446530 7.184040807 4.162034244 8.930044722
5.647413293 -21.621254865 -21.559251120 0.848730889 -0.260969734 -0.279700334 0.365127923 1.085099894 6.198659898 4.177230552 3.243547525 2.279393518 6.397958892 8.900798081 4.011986459 6.760659252 0.038555649 5.294668030 3.886681778 -0.556319872 0.352018737 5.584438852 3.265894849 0.657148321 3.351450153 0.311856924 2.766416219
13.910745188 -16.350039336 -16.749865955 0.782816799 -0.444499329 -0.338378300 -0.274077237 0.316415963 -4.085795192 -1.840313713 7.023364079 4.657023852 7.126279066 2.038511999 1.051476862 9.374366073 1.476550147 4.127335015 5.070103587 6.482353546 5.758797883 8.356556862 0.578631392 2.142838927 2.752541335 1.505274302 3.927699336
14.954303056 -20.394944230 -29.935253520 0.720565730 -0.517514333 -0.137940924 -0.440381932 1.964388111 4.366235571 -1.582488348 6.200703294 4.770352883 1.448897963 5.651546290 4.905282482 1.043319419 6.970644512 -4.936512615 2.682603994 3.380334975 -2.207810825 4.030723559 5.381774452 5.139973759 7.952506380 6.682982573 5.574544612
6.062664018 -12.235263631 -32.411540186 0.965604815 -0.082025389 0.246478672 0.011288997 7.791077677 4.309811036 1.075417940 2.733306692 4.477821045 2.807113930 3.174132832 6.391272760 3.408668532 -3.603384103 1.615214003 7.585737281 4.212161148 5.416455900 2.055996050 3.914633283 5.389175780 6.101470521 2.469914308 1.343071731
10.190646527 -14.609605097 -28.160878554 0.892003989 -0.272676036 0.335304380 -0.132467489 3.241536012 4.931934474 7.987548342 0.980936193 -1.795431919 1.460168390 5.135018959 -0.596539463 1.327979375 -0.661088359 3.926579723 4.964762193 1.448152278 3.107689418 9.097279900 0.186913821 7.419453206 3.597672650 5.552396136 2.861190319
9.733977343 -18.655581373 -25.726815890 0.892575937 -0.015654344 -0.343180182 0.292045373 6.835031980 8.991159625 0.977432083 4.947154213 5.481429485 5.737391221 9.797792735 2.803220888 5.394875224 4.397969152 1.938508190 4.007582124 2.764166620 3.947096268 3.612616942 7.626387283 0.548785983 4.371317012 7.536828900 6.136425726
14.724986844 -14.880903723 -24.640226919 0.778210832 -0.396047746 -0.375671129 -0.310492008 3.064316242 3.302649928 1.109270263 8.779883334 4.067559937 5.973525521 1.128614255 3.108559370 2.915165766 8.428784214 9.605583252 -0.426408149 3.962613022 2.699639473 4.694473171 -0.670434961 3.481275905 5.406523566 4.053762533 4.835075866
17.627760966 -15.618420588 -19.980138409 0.812681703 -0.490404170 -0.314715112 0.002568464 -0.687814665 -0.045668529 5.428175419 6.828421894 2.856000246 7.466304261 1.709239176 2.453271455 1.631658740 1.274060238 5.395534843 4.842700060 -0.680879391 -0.289381081 4.073182277 4.578270775 4.950544431 -1.294956520 8.018669420 -0.956989619
11.312098327 -15.117997429 -17.630613432 0.781795875 -0.444749690 -0.330789102 -0.285607238 5.533970320 4.518509019 2.141549869 3.425017460 0.353743294 6.122605580 1.502311110 1.289179387 5.296912430 4.784106497 3.788595994 1.611726360 10.669117145 0.513165353 9.103500672 7.931250653 1.758965779 0.441106707 3.088286358 4.916306360
13.977283247 -15.914851381 -21.330901843 0.709563413 -0.659400786 0.068755657 -0.238711177 7.511954320 3.825484085 3.045800266 1.921587932 6.106437126 -1.192459722 2.735890504 3.820189187 4.966929508 3.507029336 3.271851343 6.033925019 6.075509643 0.690133664 4.082502897 5.741801036 -1.458080573 6.223966857 0.764310848 7.155750204
3.320378874 -15.326738240 -27.929580034 0.994850705 -0.013693089 -0.079957150 0.060757122 7.531866823 4.524230644 -2.960576503 3.499603198 -3.072353823 5.390140141 6.062805155 7.558642026 0.965429705 0.325218484 6.432855858 4.395924499 4.723257904 4.952393468 2.123492313 0.858726980 -1.718306527 4.796817943 5.698992512 0.779018314
12.592655639 -22.939260416 -27.756383416 0.763962624 -0.521650147 -0.277960206 -0.258805634 8.149570532 0.974011470 2.903316516 2.476702745 1.306923594 3.221248136 0.423382114 0.892121747 8.220362460 -4.099251684 10.985701993 4.970730424 3.718511150 -0.510571242 5.420681689 5.506753641 7.306629205 -0.111987064 7.748809391 3.519793219
9.679692830 -7.994544760 -20.068013148 0.945472103 -0.317373754 0.072537388 0.009732978 2.156478284 2.453425795 4.619364256 2.672879951 6.747124343 3.655559511 4.143306832 7.408819453 6.684410903 5.006797287 -3.177426520 0.432074006 6.205237225 3.974758083 7.201788374 8.566205767 3.799218142 3.126437257 1.157796175 -2.687146053
14.038467953 -17.076438570 -18.737038301 0.962082281 -0.151589486 -0.142105057 0.176704457 3.599003436 2.130758623 3.564981956 0.018862310 3.371553311 7.992427271 6.298479727 6.811531970 1.588265577 4.481563138 2.209528669 -1.111487774 9.185739705 0.921373475 3.397221981 3.193028364 2.315344304 2.413555339 2.290249719 3.705726821
7.216266034 -10.147979139 -21.750070284 0.967437006 -0.181693562 0.159525225 0.074865150 3.050834908 5.150326918 1.028444158 5.128331301 7.131341940 7.726041934 5.319358977 3.109862053 3.398250825 7.699857331 0.259964364 3.008886520 5.420681432 6.999397038 1.540431338 -1.025258508 7.464915622 2.439291605 7.164762840 5.514662746
12.403017255 -20.992048675 -19.273387170 0.710074406 -0.450478224 -0.443667821 0.309875091 3.880953712 0.971630522 6.178826700 4.457238630 3.182684101 10.610491774 2.898940791 5.591256235 1.731677174 2.826361852 -0.800762165 5.741359792 3.424053964 5.963117617 3.728938442 0.779393754 7.565505235 6.851954541 5.129401376 12.985910908
10.680748412 -19.981737491 -19.439508438 0.861722359 -0.341540181 -0.114945313 -0.357172866 5.077224835 5.401549205 -1.874803687 7.414813871 3.564954761 2.309382366 6.026074203 -2.929914373 6.361653363 3.472159189 2.798297121 4.193165319 2.796253294 9.868267877 -1.676888392 4.699303391 2.474762864 3.109895951 4.448471325 -0.598611201
10.855027644 -17.697168554 -34.303166699 0.744175451 -0.652779030 0.123607032 -0.069308999 6.359239927 3.347831950 3.329375428 10.658984883 0.572841489 1.743421315 5.857060833 1.442622154 4.178083947 2.385770819 3.257120902 1.093997217 6.172924893 6.491327751 8.518879262 0.161904191 2.240703162 4.269120569 4.575038179 8.089529950
15.362578686 -19.976608747 -25.765145422 0.978638348 0.000921215 -0.161769104 0.126873528 2.003005393 8.240350342 6.826317085 1.808361597 2.647581306 3.654120076 1.672779990 -0.378427887 5.157031316 3.723472196 3.135997848 0.639439072 4.138444730 4.282701770 3.010535303 4.211417919 2.871334359 3.086273362 3.217888974 8.226184258
14.315385164 -13.853921059 -29.813469041 0.888739105 0.271005417 -0.328513287 0.169640463 7.227503147 0.003078418 5.895848589 6.100004818 8.181946614 3.082969449 5.548852681 3.226987563 3.320131223 6.619200365 6.561860202 0.899467476 3.309545124 5.946741571 1.624193184 5.896681727 -2.610910433 2.888761509 2.591618103 3.434180629
15.664355525 -22.012460627 -29.728606812 0.767963644 -0.540492971 -0.279390836 -0.200099851 -0.954264770 5.744259136 7.317587461 -1.938872660 1.123625875 11.223516873 3.893798284 4.698893237 8.438776228 5.133394806 3.091155665 5.031951666 8.265987333 2.986626197 4.430292110 3.330276278 0.594090546 3.484480950 6.313182759 -0.251891909
17.474424792 -18.728482175 -25.646478860 0.872541662 0.046452744 -0.382214663 0.300707736 3.757652139 0.014897463 -2.095101015 5.823575436 4.714941493 2.933314510 2.071821505 6.955502597 4.120954333 -0.686989895 7.008311106 5.376662630 -3.423276897 -0.702224465 8.744676515 5.605823835 3.373181726 1.594357780 3.267063163 7.853334115
13.045077893 -7.415917452 -23.179010323 0.935336480 0.135191105 -0.326893422 -0.003118583 4.876259341 -1.084025901 1.911743199 4.781382452 5.445007506 4.134189959 1.705958101 1.072807257 3.694697264 5.614098942 3.723298719 6.599992593 4.871514987 7.009764752 3.681785174 -0.869375930 3.481715208 8.248044870 8.447692289 5.675057589
17.205057400 -12.934593539 -20.547642269 0.807421801 -0.127854204 -0.508601081 0.270274448 3.673184289 9.994953647 -1.764473794 7.773152192 4.698611444 6.330021469 6.217199936 9.486761459 10.357892774 5.858974190 5.751683730 5.426562579 9.954055983 2.804085508 2.502022353 -1.215670087 9.620040127 2.551551025 5.800763827 2.033166283
9.014634158 -21.596622216 -33.521082252 0.933500184 -0.313407418 -0.011074998 -0.173869321 7.757212162 2.897550719 2.817097233 5.262974609 7.276546221 7.167172490 5.251282647 0.734309545 4.785421630 4.664480540 -0.233137013 5.379819385 1.154562373 9.605912375 7.064771243 4.636048989 6.028705927 5.222005733 3.814122979 10.113701595
15.435844441 -12.602448142 -33.691140403 0.866667163 0.138538560 -0.393003266 0.274305539 10.898321770 3.083825273 5.041152981 3.122955862 5.448951331 0.448436214 4.585793572 4.281432688 4.556301746 4.681459049 5.352676112 10.815745520 0.846662129 8.517740605 1.963221923 4.951659328 4.591926568 9.844160696 4.789353207 3.520227804
8.405188792 -16.133118635 -26.144263031 0.914325299 -0.336752174 -0.137535062 -0.178020584 7.103911667 3.369048447 4.251071823 7.312455448 4.364021487 4.076474114 3.890616420 3.653502559 3.481959782 7.337676468 4.870396771 5.861775750 6.459391846 5.624019168 3.410694807 4.620395420 0.854467315 0.247008379 3.915448191 0.927381074
7.173646709 -15.042170245 -17.228448322 0.780097938 -0.277207101 -0.239855575 -0.507023406 -1.798891392 3.230392691 -0.355092070 6.182079874 4.034046867 6.409863152 4.486695527 1.568264259 4.217380284 -1.449621575 -0.830585601 3.717571431 3.907694015 5.888199486 4.677820187 11.472950434 0.786518746 -1.101254824 3.169574386 10.231006752
9.787949021 -12.560746694 -23.422480805 0.736032264 0.184933973 -0.601058925 0.250567556 4.821638037 6.350786979 6.627113814 5.413122786 1.328865123 3.114643777 -0.937776607 10.248157044 1.714339082 9.288679023 0.272991674 6.926572872 1.221501267 1.338158158 -1.154303420 4.564168725 9.082472247 1.942425087 5.807738871 6.163667441
14.712690652 -8.019067898 -27.461142532 0.908781939 0.140143431 -0.369014996 0.135289091 4.152000478 7.318803861 5.702097588 2.138308757 8.819182519 4.340284734 9.089590941 6.467171285 0.038175922 1.030572262 2.437870680 5.313690397 4.393106497 1.388324518 4.372931539 2.554371857 3.717728552 4.954435635 11.974605979 7.661058745
8.540835064 -7.275642912 -25.647253872 0.862313375 -0.224228176 -0.452673233 0.034990184 5.359537383 3.396517568 3.180939149 3.889476281 6.167147748 4.696193443 -0.413531767 1.406918528 6.813074269 0.544984503 2.107826554 4.031105525 7.534607408 11.901890006 5.120129519 0.596440240 4.209008780 4.090122094 6.662508202 -2.845098356
9.200244846 -25.044894308 -22.129878555 0.856869665 -0.347600006 0.146537362 -0.351390688 -1.617355103 6.013066916 8.070430040 13.516532767 0.252040155 1.566797536 2.005468876 7.364168489 7.245956983 5.757388370 3.907242344 6.482635159 4.253609494 4.498441298 4.070847198 1.527952909 0.792457239 4.499429666 2.196825267 2.214146827
5.594486306 -14.076480132 -30.264832641 0.945491829 -0.100665312 0.308981702 -0.021023905 2.694979648 3.259277116 3.545040392 2.398777360 5.779385953 7.582523777 7.036720797 3.693630498 2.046773078 -0.679371595 1.912426702 1.284812453 3.536345509 2.698416904 1.794185603 3.428284697 3.085091090 9.912667113 4.968960703 1.762487333
2.988749456 -14.815237839 -27.730838212 0.961186675 0.152096504 0.163932070 -0.161595502 6.580667784 4.512466974 -0.572222773 3.888183081 1.876445934 6.370932031 6.723286664 5.201740762 5.998454324 9.434429168 8.233701343 1.358908458 9.338128938 4.561570885 4.773072186 5.100875997 7.392909333 6.085226446 4.142939450 0.166324266
5.244480388 -13.999255966 -24.101230613 0.762303827 -0.413629357 -0.408578085 0.284372255 4.558064151 4.690081233 7.793871244 -1.713666303 3.335047537 2.221829142 1.446000677 -1.376765734 2.201046002 0.484245777 4.375558133 -2.247050248 7.072020277 5.597653237 -0.779403792 3.029903507 5.441301226 3.295911664 0.559628509 4.172515660
14.350672600 -20.100320530 -31.587767662 0.939303523 -0.276455063 -0.117967225 -0.165424374 -0.012693784 5.024446883 5.241506808 2.728858616 6.962593200 -0.519987908 6.561123481 4.052970181 3.483064405 0.804196454 3.133188430 5.347624412 -2.265077689 6.319544613 0.476522802 3.309844219 -0.544955983 3.384440628 2.226592885 4.394663872
8.135348221 -19.580213946 -19.236872638 0.871679072 -0.479746377 -0.006750021 -0.099867142 2.590884072 6.542748380 1.977167445 2.836396318 4.847011991 9.140170034 2.519419487 6.438528053 4.324591620 11.148418370 1.102048885 8.395527519 6.074582519 -4.150774359 1.620083575 0.967959738 6.353740747 7.122895801 5.621735539 1.660573601
7.302652824 -23.015426485 -29.330274084 0.825168491 -0.305568133 0.370189641 -0.297799777 1.726766038 5.129478214 6.749828376 7.542906505 3.996998726 5.997243284 6.391528140 -4.144336593 5.625821535 3.332564597 2.880768966 7.925023200 -1.015637711 -1.955120851 0.520127612 0.255734001 2.265309186 2.714702306 2.342315794 0.758925009
17.754721232 -12.362451035 -27.150035540 0.949443864 0.092939092 -0.246949608 0.170101630 6.768770199 8.935173009 1.936464107 5.902898126 5.737335938 6.146514310 3.317750404 7.982567263 6.665011144 -0.419050367 -0.068496785 7.143631239 7.738204232 5.509103936 -3.347641946 5.101491883 4.252782756 4.556966867 6.491506995 10.493625864
8.126209741 -14.260696762 -29.159759633 0.956065999 -0.281369205 0.081410162 0.011897926 -2.343126428 10.681127352 3.622026133 2.013972469 1.322231530 8.450668160 6.564379555 6.690655305 5.710917911 0.145704918 0.991947592 5.616476377 3.997943245 6.401137492 5.579428431 3.242182375 4.206851494 2.984866394 2.573685496 2.872881408
13.969170192 -12.596841926 -18.854680219 0.885722379 -0.093589862 -0.367499722 0.267732626 6.990249221 2.891912276 4.885777102 4.794305379 3.532498861 1.792623949 4.212711431 6.140127414 3.254050172 0.260770989 6.266913345 -0.028342482 5.584468148 5.160753574 10.227817369 3.346092136 3.950586901 5.209726033 5.103971413 5.994559148
17.984688965 -16.772063333 -19.547095577 0.725715147 -0.276307882 -0.501019678 -0.382061202 9.688839402 6.093795979 1.123343142 5.790915041 5.556231932 5.539572003 1.786539958 8.015482487 1.047678280 7.660564793 1.225805698 2.230735504 7.836822526 6.142050890 10.246488237 -1.211365425 1.074813760 3.891253211 4.909133810 2.970216862
13.922357412 -17.761804059 -30.501388543 0.941323312 0.118869873 -0.235842448 0.210139751 1.879296204 3.052482641 6.113745085 3.521650959 5.578799665 2.537321578 0.948477559 2.559448978 13.685571106 3.729878145 9.222509093 1.164914280 7.984746399 7.803130384 3.773998836 8.349501887 7.978554694 7.388333118 9.029172413 4.198317461
14.755777213 -21.892968934 -20.399360258 0.746431282 -0.476916651 -0.454663719 -0.093122244 2.035697246 1.626741195 0.619549664 4.605846022 -4.355872297 1.683905999 7.743668649 6.196710139 2.541129237 6.420195721 1.378568746 6.774678221 4.337035914 1.961380234 7.031028460 4.015448173 1.874831745 3.008954852 6.763212346 3.565085792
13.873211505 -22.517604248 -25.250067499 0.743756080 -0.471049810 -0.206978358 -0.426730510 5.532580868 5.093405776 3.770932214 4.751362037 5.505498744 3.434101114 1.495582304 0.717468941 2.574587015 5.742187962 6.522376273 7.060359417 7.904795789 2.914405951 5.819289776 0.503937283 3.923076916 5.575880610 8.017948695 5.104696355
8.502559802 -21.631013522 -32.673670133 0.992392458 0.022386033 -0.092942203 0.077574622 7.631795285 5.840428802 1.676507448 8.239416736 5.176750775 4.093532368 6.374947334 4.528519803 0.661779641 6.316769473 -2.420968566 2.401899883 5.598139846 4.599406773 1.853999165 4.420520515 5.891605604 1.012469672 9.048977615 6.508078271
11.848413908 -11.329615037 -19.743082024 0.874201858 -0.298343783 -0.382935220 -0.011077722 8.168453394 6.569494047 5.696816863 3.965387841 0.529435189 0.371032012 8.027297504 1.900120848 4.161851195 1.637576987 2.797132916 2.755531751 12.149562041 4.027457037 -6.675007836 -0.061349319 3.050097609 2.908458052 5.566914751 9.287209697
13.507801589 -8.666708514 -21.061036379 0.870490819 -0.248784360 -0.396719444 0.151544578 7.321665166 5.207626353 2.368357141 2.635985805 5.979939473 1.829404907 5.923942148 7.880656442 1.115257629 5.057425294 1.602272455 0.620686322 8.015075359 5.180757727 -0.193709216 6.994126907 8.553599877 1.509713858 11.057733851 6.626259277
9.085664788 -13.111822317 -31.982455152 0.953459509 -0.294895995 -0.037724329 0.050281123 7.389215741 4.290012115 0.284633722 4.499341677 3.629358566 3.360521665 3.671278979 3.610223004 1.175180781 5.706048497 9.363575526 4.269068340 1.891174513 8.659897850 7.317086388 2.296675163 6.000911833 4.810756843 7.075647342 2.800132778
9.300522978 -18.834571748 -23.677147764 0.915442037 -0.300551388 -0.105420519 -0.246010678 3.912183269 10.614789726 -0.005223670 6.113470027 3.347977693 1.015554834 2.661273773 3.501504215 -0.241457565 3.726812093 3.768739674 1.037037500 0.092478345 4.112413829 2.330117702 6.629463806 -2.982593402 4.280963670 4.154172319 3.340164720
2.938796558 -12.580004873 -29.349869094 0.953337567 -0.275514987 0.045263841 -0.114848426 4.148276667 6.140787663 8.495210456 2.200698014 4.899198406 -0.646162051 0.897135471 2.336913198 2.794074215 -1.263826395 6.395359164 5.439021871 3.166657846 1.295157938 6.516161108 2.098788141 0.456604051 4.324868120 0.379569460 3.014300471
14.508863166 -11.438032007 -22.208436016 0.876786233 -0.431481356 -0.144871466 -0.155183762 3.699361589 4.576393769 -0.247285813 1.654393331 2.223887577 6.409344867 3.444262053 5.978903225 0.641769569 5.817615036 -3.443424680 -0.981938711 0.545597940 3.798877575 8.457922269 5.734371846 3.581842356 9.614176466 -1.835740496 0.594154788
9.294940857 -10.518784776 -26.647058283 0.857635119 -0.369045201 -0.270767837 -0.234419328 2.954983806 0.610451215 2.413776787 -4.483048665 9.066361634 1.097995688 4.075559110 7.699432152 4.422841073 5.733699661 2.813640202 5.945432414 2.701920716 7.211512794 3.476517211 7.384299008 3.229769760 3.322624301 -0.496027265 2.787703527
13.527970524 -21.409446258 -26.345213263 0.873351968 -0.424424617 -0.206653559 0.120059950 -0.241961366 4.535630038 2.305654463 6.151370393 1.486278541 5.489678382 1.486487642 9.634006843 0.164048983 5.364268052 7.672347506 8.587050284 3.860281473 1.899778880 10.349117026 6.117841036 5.566567480 7.008318861 1.176967302 5.117682053
7.994727012 -8.805583513 -30.091286557 0.957777255 -0.247621181 0.143398622 0.027987792 -0.614515443 6.599145637 6.508701652 7.166116261 7.538148500 6.446463660 5.935286729 4.989921961 2.402328329 6.731588259 3.167693369 -0.472825018 9.108099084 3.278427506 8.886689977 0.874930126 -2.336569201 2.702355676 1.837397416 5.174369051
9.726192068 -11.010940143 -24.947117647 0.818960148 0.063404793 -0.566342631 -0.067380506 2.221190603 3.895543958 5.341441152 3.044510500 3.265520166 5.331643045 -1.891259128 -1.339105653 3.844216327 -0.672393362 7.288726609 5.486341729 4.799265776 3.160230167 6.133908590 4.311143249 5.937147947 7.010449335 4.568805849 2.169599543
10.522685406 -19.175220909 -26.144879828 0.810675093 -0.109269184 -0.424864566 0.387757965 2.887708665 1.940617727 2.171205974 3.643091851 3.023296877 1.675590650 7.722160839 -1.986649394 -1.398244733 5.452107369 2.096381103 8.393001039 3.313996399 3.634488958 1.666070311 1.465622200 -2.412882084 1.473912532 3.175503861 0.922049838
3.317619855 -17.237517319 -25.285150060 0.981506388 -0.108574294 0.151616593 -0.043234723 5.268262982 -0.437660857 5.382952847 2.583554466 4.796425779 4.809675278 7.793379261 -0.715193005 5.985001860 4.035019854 3.025665022 1.844379946 4.189667942 6.887195333 5.063258173 1.932811983 13.472594656 0.180143267 5.591925482 6.984289299
16.480239513 -14.171111458 -33.225717840 0.916550342 -0.353216822 -0.021576500 -0.186300300 4.349417213 5.981417183 3.330633844 4.674017173 7.384987820 -0.820519957 8.813098277 9.288907220 4.179281970 3.345485931 4.195905584 1.047976544 4.255956085 4.249056981 12.818252707 3.543119634 6.160562826 -3.513362534 2.883074934 7.045035104
19.389205167 -16.880756725 -28.181259302 0.938258136 -0.274908819 0.102886461 -0.183060610 3.783572035 12.607124729 3.787022643 4.287628253 7.056527135 5.769088174 -1.147189960 2.852402476 5.529059930 -2.439400947 1.026510352 0.688039598 4.869690327 5.070835598 3.286546565 3.795413796 9.398090022 0.721490221 0.974000530 3.450932851
10.039804808 -9.735603001 -32.531812739 0.859754762 0.319896843 -0.397373893 0.024119463 1.790538792 2.355330032 1.365176729 4.546317570 1.116122031 4.923688811 0.428522440 0.049887643 6.306803628 5.721779493 2.415459957 9.045581527 6.570929038 1.623360816 5.108893097 6.781162275 -0.900670175 6.701676263 -0.650894507 3.838313795
14.462853114 -19.337290344 -20.091193153 0.767878847 -0.281550122 -0.372203588 0.438812140 5.476135854 -4.239877273 6.831185002 1.040649646 6.384550428 5.470107826 5.576602518 3.214773952 -0.610618499 7.225827624 8.276044440 3.943648401 6.224443928 7.944921513 6.425964611 7.869751977 11.670180890 5.172726345 6.960307734 7.015333282
9.400918451 -15.551864301 -24.492432771 0.947342541 0.255336147 -0.132643460 0.140539230 5.262950695 8.706518259 0.904248671 2.333447003 1.346179943 3.887629728 7.361105074 8.661071419 5.547833719 2.923067196 6.314694696 2.792485708 4.024724706 3.191197653 2.423897306 7.564648940 4.609644628 -2.817913698 3.827177017 4.095012572
20.544519835 -13.552318518 -25.998390175 0.924656290 -0.228350086 -0.262368492 -0.155015347 0.608138744 7.308984468 3.938988763 3.083044570 5.293355294 -1.485485221 2.486512937 7.997722827 5.623508338 1.382055771 7.065704489 1.348380103 0.398019361 4.966229812 -2.338976805 2.076927796 0.718462643 8.100418550 2.799463239 1.875092533
15.045476600 -13.350819148 -28.025017682 0.988964120 -0.092723429 -0.003093304 -0.115510898 7.008010133 3.157124877 8.486291389 1.458085926 2.636321986 -1.330557808 3.714649340 3.797295222 -0.084919475 2.512908834 7.770300205 5.819412721 5.088520798 3.026537086 3.840899975 5.932760353 3.216548732 5.834723542 2.027971851 5.526612905
14.637963354 -22.482476267 -21.754760151 0.829569781 -0.506909558 -0.180827142 0.148856384 5.785262861 5.961555862 3.609088088 8.561571163 1.127363680 4.307022967 0.490696481 4.907629470 3.086254653 -1.728139448 5.201324968 6.712568023 7.511140279 8.332591910 2.218335217 2.095121541 5.572322359 6.086943983 0.715636384 2.050480746
12.423314906 -9.707881749 -28.524257915 0.839638325 -0.148558602 -0.522412825 0.004760729 5.066648265 6.557362033 2.793208964 1.408342366 1.972846036 -0.454685830 6.083775543 1.750769922 7.115584512 0.520025991 2.965601240 2.562236661 7.418531066 7.765563998 0.985853681 8.481965980 3.130703468 0.935113511 3.346984203 5.907773754
15.508510755 -17.356955338 -25.570540948 0.837625092 -0.458769927 -0.213252928 -0.206003757 8.396340218 6.428720623 8.130650005 1.341128777 3.362208142 -1.112671177 3.730950403 2.425771595 3.940209934 3.376024432 3.040785363 9.528627430 9.467160958 4.098679519 5.412062019 2.101950404 7.646631312 7.981423125 3.636627242 3.260045597
14.480984989 -22.854153776 -26.262439587 0.987528637 -0.060109557 -0.120537602 0.081515138 2.764100576 0.852740645 3.993869779 4.454737468 7.648312559 -4.882338722 3.899308157 5.887671090 1.826115331 2.927147738 1.892051564 5.497533966 9.602013357 2.386435053 10.778992830 5.815506320 3.486909221 1.734056300 -1.470555987 2.651042819
6.452634019 -20.087269093 -22.560191353 0.890960459 -0.413506616 -0.142688000 0.121827229 2.435227628 10.430516721 8.812380965 4.090481338 5.630485875 4.646782954 5.752740631 5.319813816 1.169871524 1.191542330 5.349704345 9.270275084 2.711072598 1.412824451 4.221738344 6.337404434 4.258960865 3.408130860 10.473921110 5.848578972
9.587179499 -10.321528271 -23.295322660 0.871335895 -0.207637188 0.399268000 -0.195564875 3.718665339 1.261373710 6.853137336 4.073923349 1.579007183 4.232935780 8.481338367 4.649192660 5.816898713 9.932965525 6.640705166 4.614655036 8.319722301 1.287996807 3.487952080 4.940587927 4.919661182 7.928009682 0.528530483 0.318319812
11.773432175 -25.529435221 -28.407739360 0.886726940 -0.391225363 -0.139629404 -0.202883411 2.060646805 -3.393518315 6.448380440 0.473233768 8.659525453 6.739440518 3.793560977 6.647079908 7.444209240 8.233199204 1.975223731 4.790139841 2.180811830 6.171869361 -0.931434284 -0.685949529 3.777953815 2.775871605 1.312615028 6.148530702
19.186800842 -18.948666871 -30.292718385 0.981261763 -0.051208027 0.135952492 -0.126570177 4.065948089 3.195190349 2.808017336 5.405748593 3.108055806 0.487633767 3.979443422 6.277349200 6.302301894 5.286632070 2.549482568 5.472879840 4.651362777 9.949969491 -3.750237174 7.487364073 3.546243738 3.256546875 5.773168328 7.828077014
15.252429550 -11.401972938 -32.556513740 0.999457200 -0.016638982 0.027777703 -0.006070392 6.232326960 -0.108324750 8.536014815 4.912410882 3.468123582 -1.464145503 6.380050672 4.955327248 2.483490898 4.655713792 7.183322236 3.948818469 7.384435574 4.088303361 5.422099340 6.189779185 7.943478160 7.451466889 -0.793125033 10.956264402
5.442345493 -16.619955067 -19.753837821 0.882264544 -0.349867598 -0.128444399 -0.287582987 6.090274913 4.074587601 -0.252924496 2.251919298 2.884446738 6.615792227 3.395157503 2.968752778 -1.244125807 1.027494757 2.594811014 2.613679227 -3.348122664 0.378817047 8.338154639 2.993518375 8.572447394 1.894556400 2.138104598 0.947856862
12.204088890 -9.702166978 -20.266308820 0.936653538 0.243730053 -0.042328795 0.247959842 0.401745510 1.620541454 4.886960181 1.669220571 0.847515330 0.826822501 3.045958120 1.522324966 0.537985774 2.112079995 4.393033501 -1.493342916 5.628902413 2.196556542 6.389549870 4.068035029 8.388402508 0.552170364 -1.503709405 0.010718303
7.579165876 -20.381491520 -29.592749732 0.986892029 -0.091141257 0.060263259 -0.118767559 -0.519361977 -0.924513881 0.300687574 0.140523831 2.433679698 8.110667375 0.748836501 4.088218770 5.790315058 -2.157899442 6.081749057 -2.576022352 1.510127519 3.438106096 3.505641320 7.959219173 2.305923916 3.219448867 2.884393133 3.675941946
4.895176475 -12.839079235 -19.589792844 0.912348236 0.018381763 0.405833050 -0.050816748 1.220968514 0.855229400 2.571690438 0.562486530 5.378286413 5.007667106 4.159931597 5.221062842 3.733209095 2.976931727 3.648939672 4.478201468 3.426395043 -0.731499770 8.024873263 2.565241803 1.710398320 5.390768801 0.434855444 2.240270625
11.523393549 -7.273105799 -21.340655282 0.816075594 0.039130954 -0.566958236 -0.105108285 8.724739425 3.294477878 0.129059422 0.372606678 9.443444108 0.817300909 3.225766125 2.854170219 7.080480197 7.982133190 3.217007751 4.880587896 3.628851437 5.181331224 9.331404508 1.276922520 4.288003998 4.460753355 2.279191280 1.215818636
3.482865389 -21.931382364 -23.759272981 0.750187472 -0.615397704 -0.235668910 0.054448037 1.760025604 5.382192442 -1.944206020 1.840218055 2.877239144 2.859991413 7.511743146 7.095494593 10.655721360 5.596238376 -2.375513915 1.390159642 6.850194952 8.077614712 6.563811009 4.402917060 2.630190154 2.961038529 -1.479697465 5.272060147
11.960593442 -10.592549145 -21.681086186 0.757194328 -0.182724907 -0.531045225 0.333555583 3.773963344 -1.970843778 6.842321363 6.726614495 8.286237593 3.443725250 -0.951467092 2.989874630 2.472532619 6.751907370 -0.589900244 3.003449346 6.034833538 5.485276196 1.862379940 5.765512767 1.195914188 2.236453416 -4.165629901 8.771020679
10.560309665 -24.851037172 -26.134854662 0.923793334 -0.359382762 0.097903873 -0.088683362 2.173996775 -0.696390510 4.341021678 10.121273909 6.722656216 5.033891753 1.002904571 2.702954860 8.205463198 8.847774116 6.856492614 7.700860653 2.401920023 6.770308290 -0.292111935 3.979345399 2.808709233 6.779971538 4.144667053 2.410618697
12.769658358 -21.276772838 -33.606704944 0.999373200 0.022464298 0.026939585 0.004777261 5.278805191 3.734082963 0.061772542 0.260141561 2.830105344 4.678305074 5.341917978 7.105744581 0.165098304 7.567129223 0.342465701 6.586381709 2.621336156 9.011226446 4.408718485 2.941622479 9.165156338 3.307188475 2.876396863 5.796227511
2.318947607 -12.248056066 -23.933352067 0.952175659 0.231327586 0.161749631 0.116987690 6.154008060 2.288906281 7.183088365 3.830948839 0.319673354 5.546263810 10.538759156 4.216185547 3.140118750 6.380328766 7.909595489 6.133790270 3.600709900 4.599331403 5.111170290 5.101569488 6.950966298 4.009321740 3.093067246 5.169209595
5.634778979 -9.387138892 -29.271821289 0.958899674 -0.246125536 0.139232219 0.023409910 2.869469945 7.394683389 5.031392644 4.989186909 0.308687534 2.064212117 5.282939305 6.279128078 4.131501825 3.102220869 1.775097762 3.179206453 0.180614370 -0.920702982 5.278833266 8.261229824 0.222201270 2.224924738 1.597324520 2.741370754
8.459708002 -12.621740934 -19.773955814 0.766116627 -0.608203822 0.196300267 0.067967863 1.059838456 2.852692623 2.590027165 8.814708120 -0.790140602 12.247907647 2.068202921 6.267092434 -1.541039692 2.720313805 3.687253109 6.744850907 3.406482714 5.385652524 4.463293141 0.100636983 5.259063750 1.737692806 0.222811093 -1.640663176
10.219489163 -19.403730397 -34.264368790 0.929748095 -0.326007259 -0.170551226 0.014143038 8.253415478 -0.694834769 1.282454334 7.511093920 6.474172499 6.083510191 0.352778424 8.422444352 6.055775304 0.374619673 1.107876215 5.993367321 8.626479048 7.357740078 6.561831257 5.735677606 1.089979192 9.085431715 3.714145598 2.150310336
7.272940056 -19.660140744 -18.881935429 0.746179319 -0.394041381 0.369654008 -0.388977800 2.031707546 4.741273956 5.663610792 -1.130472921 4.648143208 5.932726469 1.836584745 -3.024980369 5.907073631 8.905090419 5.320911264 0.304366511 4.976376182 1.566716765 9.943827142 -1.682129345 6.941647857 4.675809555 6.388007088 4.137272015
11.771131286 -12.031487383 -24.645155088 0.877121529 0.172475268 -0.313168478 0.320679918 7.008877021 7.188157379 6.967384066 4.623639027 4.815583486 9.231299249 10.465463853 2.284676595 6.442513348 2.531794787 2.994244712 -0.002159445 11.951328395 5.046217945 0.284891913 5.104510518 5.237300393 6.797626946 5.408451174 5.048891237
9.729327996 -14.247175097 -26.026342481 0.817607226 -0.568896110 0.088009150 -0.011403044 8.906797029 2.321354851 0.387568349 3.435586643 5.434701914 4.160612703 5.322779646 1.765605884 1.845160023 6.269996089 -0.392105039 8.910030032 6.013528148 10.363885227 3.280866314 5.692506787 3.895186546 3.713104195 7.138168495 1.845675437
7.330616043 -15.217804544 -20.802771196 0.959472341 -0.160283465 -0.165156594 0.162620221 8.865647259 3.194936277 2.712328896 -1.977810319 4.528535215 10.785122159 -1.235914126 0.942205363 8.442326138 5.582089438 4.322307565 6.066501341 7.683027741 5.938476537 3.825519108 7.889934941 7.514254805 1.414184614 5.394523444 9.416954062
6.173319742 -12.724061537 -33.315165287 0.962396202 -0.003195606 -0.261440001 0.073705248 3.318089595 6.458858158 1.673860918 -1.733402099 1.798882614 5.309064725 7.946656421 -0.137091274 0.772589631 1.551563898 6.588028331 8.061823325 -2.164696143 4.925579849 3.810615830 6.514610236 9.591931088 4.487863219 7.797493791 5.162681874
10.922184209 -8.026812613 -30.422643324 0.985246486 -0.035661858 -0.167368335 -0.002331292 5.583027462 1.156879314 2.694947022 3.112245473 5.058825834 -0.579047721 5.939159091 5.994106791 4.170495203 9.752985710 2.887648821 2.818760467 0.688748880 3.078477501 2.328528406 2.142166243 3.928935384 -1.745214571 4.244769292 0.684512873
5.058773142 -10.304967903 -20.493065609 0.728128375 -0.161232286 0.660874023 -0.084135282 5.520905003 3.490804623 2.234378887 7.254510583 0.051528722 0.905357970 2.880040844 -1.192822309 5.143711067 4.020642481 3.303077637 5.570502664 11.044328827 0.501435525 3.464646556 9.017625765 3.511819083 4.551757306 7.161725024 4.656502481
9.727258586 -13.424741334 -25.592994637 0.734996315 -0.571659145 -0.296359029 -0.212503095 5.387010388 2.952803008 8.816541493 6.897226801 6.779798587 1.377499783 1.203533940 3.603986085 2.613285923 11.936650374 1.774991469 3.983924842 6.175816864 1.892394390 5.454463128 8.436798733 7.117180178 3.213156269 1.159534598 6.935228745
17.954373138 -20.293159980 -26.491101018 0.749725536 -0.349508996 -0.226018778 -0.514461460 -1.788633635 2.080297012 10.230567763 0.330471535 2.962954076 2.649700295 0.193885632 9.752907210 6.460053689 1.856139037 4.582124381 0.029574181 0.646068730 2.688489342 2.546843379 2.615979344 6.022474894 5.306751753 5.415346292 8.363273285
16.588755850 -10.912142210 -26.008640912 0.932498951 -0.013845821 -0.354455394 -0.067936537 7.787344399 -0.427190125 2.044823885 -1.588969975 2.173559455 4.560346350 6.693205137 5.379254676 4.490810677 3.772637378 8.434842014 5.617169742 4.055703008 7.496452467 4.169845992 2.559827503 0.890773362 0.094727545 1.587458397 6.402955050
18.212374460 -13.018820308 -26.576252043 0.727222742 -0.449094518 -0.397886153 -0.333388371 5.152997921 4.553718121 1.912797476 2.191470724 3.517100397 0.790689226 8.324756061 1.657446147 6.819899884 3.475913782 0.272949632 4.651899902 4.557063216 0.310382057 4.443220776 0.752191052 2.687377530 8.879967942 -1.196745158 5.621871709
9.893503287 -17.704956111 -30.879265876 0.909060576 -0.336476630 0.034381060 -0.243331646 -3.923152561 9.610789280 8.601424157 -2.395706042 -1.027800290 -0.617872875 -0.299241622 3.435370246 4.040538900 2.442776930 4.115183743 6.514604384 0.516790467 5.562488163 9.336400475 2.058077373 2.792028809 3.411977957 4.445481191 5.448670007
13.663021569 -12.721042056 -32.635899819 0.963736516 0.188555966 0.175465562 0.069788341 5.051856245 3.885513030 2.492875933 4.897285791 2.736523492 9.333536935 2.837794351 2.241277143 6.278594044 2.364537877 3.325521889 5.542817742 1.022137214 1.943736601 -0.671049004 8.539151925 3.487120145 8.561355923 3.342573453 4.223379666
10.734122267 -20.243897224 -29.947392881 0.917196953 -0.274900230 0.068893577 -0.280059435 3.903639744 8.071131583 13.075054504 2.756639349 0.994289635 2.156731957 0.804089067 2.586123800 4.880648916 5.330321015 1.167128578 2.934225552 3.231809825 2.825209409 4.429267030 0.487334080 -0.373520273 3.363729843 1.608836587 3.155076274
9.505717888 -9.538365259 -30.235748702 0.952967245 -0.295137263 -0.033083391 -0.060439359 10.352289952 0.045091369 6.097649831 2.191784944 3.636768421 1.767224141 5.160611919 5.251098895 7.043390688 1.807443459 3.725917355 8.838504624 -1.270407627 7.006906470 -2.033283930 0.903985004 5.368931594 11.335232634 3.699145665 4.298962148
8.639790707 -14.753603675 -32.167763233 0.845378542 -0.192387818 0.473400346 -0.155609000 4.058488484 -2.242642631 2.809163600 2.745341979 2.546247276 4.392906265 4.440024137 5.181172822 1.742598526 -0.511891579 4.400306635 7.371311706 6.053700984 -2.944496018 3.165863005 8.250821072 4.076805335 6.930967717 4.489257781 6.732682658
8.705094087 -16.345680810 -27.133310959 0.856839997 -0.251252171 -0.441377632 -0.088788241 -2.905405759 2.581759451 1.510030414 1.437411778 3.101680721 2.836117595 6.439058991 9.070938505 4.475937006 -2.724076691 8.752907563 2.017461054 7.005204148 6.666271262 2.860153283 3.475460979 -0.350449904 4.738927410 3.747083239 6.216875737
18.548689470 -17.209197114 -31.282844811 0.983980650 -0.141810729 -0.009543358 -0.107613762 4.096619691 5.319068851 6.745848786 8.242220754 1.658511101 7.516172488 5.087307692 4.366377131 5.396340352 9.659617077 9.221435791 2.349848140 3.487417860 5.043761873 6.335960539 6.897848476 5.774031322 6.411483061 1.952082391 5.978998183
9.161036513 -18.762829584 -28.766722918 0.940283888 -0.318342009 -0.071579761 0.096958309 -4.009854777 0.351078614 -2.681295468 7.235478827 2.119837282 8.457385543 4.528629757 0.897909014 4.669445118 7.939521841 7.909949544 5.502728465 2.486495332 9.405332212 0.889838245 2.256532716 2.089040338 6.366203583 5.232626678 6.068002357
15.721080455 -12.946757455 -27.010406161 0.730379342 -0.652024102 0.044257243 -0.198624983 5.665030393 3.151807224 1.248614854 7.266227607 -0.666847880 6.759534488 6.492465205 3.041638413 9.056953352 8.549531133 6.243068802 3.604845311 -0.951799450 3.475573123 7.914990730 6.084283310 7.413993395 4.448459702 3.263066464 7.082830298
7.696980724 -7.883780775 -27.360381113 0.840433151 0.394372199 -0.368622932 -0.047537583 6.463440417 -1.455681722 8.983605607 2.664901157 2.755326118 4.783643945 6.087065915 6.204211090 4.009807164 6.657840306 6.419452730 2.988306711 5.114165248 0.765775761 2.775810962 3.774674546 0.033555578 -1.477679564 1.960249019 3.765201911
17.691766452 -12.503234009 -29.185734525 0.796576743 -0.349230310 -0.486504437 -0.082565828 5.321324855 4.962457644 4.248164555 1.744182792 3.320632970 4.052167078 -0.198724241 0.255077956 7.574113928 -4.669112376 7.296546482 2.156214481 2.250939850 3.228396372 7.468231149 1.820584289 1.822509272 6.721546925 1.813487557 6.809809999
8.094516193 -17.245866852 -18.380312192 0.985216525 -0.158370487 -0.005102585 0.065124120 4.452518070 4.319636405 5.188223866 4.900939139 3.030556549 2.220769238 1.251776571 4.077017725 8.932130985 7.762085761 -2.847542342 8.357799022 3.479691152 3.530613784 -1.064797613 5.027349929 5.739720367 4.279834023 1.395842360 8.816037520
10.209502980 -14.041355733 -19.595947261 0.965250376 0.098500353 -0.179885310 0.161958843 2.099962037 3.274875202 5.527789544 4.411468248 4.283023738 -0.002132798 5.571305070 3.692341548 3.294631899 4.404326118 4.759700579 6.642005037 3.952193764 1.538369131 8.834643209 4.733816744 7.459666026 -2.225006210 5.811252197 1.623977322
9.847710348 -12.535555229 -31.592323853 0.738425355 -0.590581845 -0.046942445 -0.322083044 5.790594321 2.434412469 1.266935584 5.128662622 2.760609382 4.437657213 6.635750656 -0.592884375 6.614959223 6.032602746 0.867614077 1.414043114 0.626636198 4.033323354 6.743968652 5.175869719 -1.983002260 2.957529784 2.547786289 6.336865196
8.557021443 -12.112413970 -25.307130681 0.838929597 -0.532251124 0.029170426 0.109795074 3.140356771 4.914938322 1.320175585 6.768948780 2.768340340 7.484649822 10.282772401 3.991954299 4.840285217 6.810499213 2.269099788 1.248542181 3.599676580 3.154761019 6.074089116 5.575385763 4.553351443 7.653111220 2.710790471 3.868445458
7.436816884 -16.023935788 -19.666690135 0.966195420 -0.080375395 0.184213926 -0.161466516 2.893860887 0.198059575 6.542367233 4.457117227 7.585237188 2.620598653 6.005620502 2.678762113 4.688124025 8.045078195 0.975813754 4.579734367 3.052707910 4.283760749 7.481823775 7.999310567 0.700635199 2.409246645 8.640946412 4.580400411
7.092961439 -16.893498907 -29.184213975 0.893548036 -0.171925368 -0.414199329 0.021271846 5.776309270 1.038585475 3.112427064 6.855058815 6.463086340 4.189683716 3.075738442 0.894210689 3.530226129 9.072268445 1.530448551 3.631765841 5.002496730 3.253185459 4.954719202 0.509182050 0.319378213 4.991890104 5.940024091 2.919526923
6.038807813 -10.747793559 -28.246594672 0.864877808 -0.259347821 0.416669260 -0.105412583 -0.625381474 9.245944682 0.087797845 7.038742324 0.398049056 2.305702216 3.559577601 5.603463884 6.659032667 4.527373609 6.169344057 2.631668577 2.545770781 6.284711074 5.644032424 2.178330257 5.274000803 1.639098223 0.808823434 -2.549338008
14.422696407 -12.438089468 -19.069576460 0.993821600 -0.004775485 -0.078089354 0.078726581 5.770661507 4.661771822 5.849057061 0.720346845 2.659731826 -0.371149750 -2.237906860 4.168490500 4.365995483 2.035035809 3.218509988 6.282517696 2.315076027 1.514240977 4.216703367 5.978799185 -1.721068947 6.874346104 5.566608777 1.721419313
10.226119977 -23.140459417 -20.383651811 0.760518858 -0.605726789 -0.227313355 0.055088686 9.314135812 -0.633618463 2.448043764 5.242548621 5.518026519 2.333209697 4.325082719 6.060662993 -2.284890968 8.469743456 1.427192771 6.598984556 2.497421381 2.273097003 5.393807102 7.145074611 10.380696162 0.739414546 8.723777405 2.240641469
12.778987421 -18.373515876 -30.950448641 0.775444761 -0.549986425 -0.217843324 -0.220781885 2.216233804 9.797962300 6.006060150 1.937539699 7.632399894 5.056019525 3.945756605 1.075472355 0.713747092 0.717070644 1.626778433 0.153124420 2.197830254 7.362704078 3.315901458 7.242156930 5.354380885 8.046368278 6.046294213 9.304718514
13.622359337 -15.241862585 -17.516952666 0.746458664 -0.472891923 -0.363457677 -0.295078310 0.751024468 9.480786520 4.460945591 3.328267201 2.635897303 2.273352612 0.765634971 2.693884539 3.252757474 5.891337648 4.361637262 11.141800682 -0.912760486 3.676995140 1.986290797 0.704445298 5.678307088 8.822405839 0.692947963 6.209065366
4.762626124 -15.770257396 -26.703066595 0.795079229 -0.569592492 0.198055987 0.064708875 8.833377527 3.445908385 2.417689260 1.589479583 5.985499883 3.458729264 1.327908878 4.866227321 1.561888125 3.652769368 5.318486201 1.158417986 -1.171544447 5.530056792 1.002537125 2.293028470 3.516015186 2.956419062 6.308980526 4.059381223
15.163691963 -17.088004246 -29.680126756 0.811056396 -0.363514167 -0.451248432 0.080123814 11.260373699 4.986666809 2.994453249 8.626728214 2.925219441 2.065950954 2.792970182 -0.904030351 5.870901359 3.123721705 8.224170101 3.416881909 5.787216447 7.783745670 6.577907366 -0.267041129 4.749841638 2.653345513 3.884040348 1.634596982
13.786940864 -8.739994548 -19.716397076 0.872087174 -0.204522906 -0.444239876 0.016890099 2.534210935 4.671767442 7.088294185 0.664861018 5.081000709 6.540268393 8.216565320 3.820276639 1.251473556 2.353694070 0.904179090 2.635100902 1.725200280 3.712147896 6.156130705 -3.998308275 5.104908906 6.383015214 2.823379902 1.208853301
15.758710944 -15.276195081 -20.593421986 0.960376118 -0.109262498 -0.241165418 -0.087055496 4.213480845 -1.187914493 1.421367874 -4.202694486 3.486650420 1.296147924 4.273152896 12.188538826 1.896660187 3.086058530 4.422856890 4.069867474 7.391213655 -3.311595587 4.276507398 0.376638423 -4.028404047 7.082525730 5.273327267 4.205498267
6.749012986 -14.819845285 -29.115041181 0.945626650 -0.208529590 -0.204168684 0.143599431 2.238795409 -1.994978036 2.074226566 -0.260394176 7.790497316 3.232634997 4.520881087 4.049357321 4.263743568 5.042457674 6.827634125 7.189480558 6.843558933 3.270066385 2.209059960 3.224247537 3.186906666 4.351052845 4.179967743 1.929523965
13.238379481 -18.221641624 -29.585268719 0.954188531 0.002247758 -0.253049941 0.159639980 7.504344215 5.944020418 4.509365447 4.276654382 -2.131105928 7.109361485 5.463308584 3.829090369 -0.237619164 11.754213370 1.825900805 5.804424900 -1.441349066 6.220392084 8.967011405 4.300730342 5.523157463 3.125654902 -2.510131604 6.220470007
11.600364568 -13.343263674 -30.160950718 0.879854054 0.167127599 -0.419793358 0.147304943 3.875890471 -2.052336822 0.309440202 1.459096192 6.041340878 4.259618597 4.895192905 3.569766054 6.176857281 5.275915403 5.090083376 4.086472987 5.796111140 6.105102709 -3.051540263 6.419736024 7.902170580 8.174837038 5.912838315 -0.476612146
17.872624570 -20.117314883 -25.872454530 0.975878010 -0.001293010 -0.172018355 0.134425156 6.252506281 4.886860626 4.470767437 1.302092737 6.283423271 8.453708811 -2.788214027 5.618486941 0.173560007 7.328948540 7.280604398 0.932317128 2.761395709 13.216483004 -4.023917396 5.461871067 7.093396586 1.163455948 8.692579875 7.917122774
10.852229607 -13.554641379 -26.194177243 0.973982310 0.166180987 0.135997585 0.072436151 -1.658371002 5.634995585 7.610447494 8.352533216 6.326263594 3.350593777 3.819809735 5.229516903 2.887823583 2.210313977 8.008110888 2.567775601 5.039114024 4.079141527 0.883356705 13.600289002 2.711632060 6.459115307 8.198515165 7.875677990
14.073036222 -10.031349348 -32.297872613 0.884590685 -0.138832983 -0.431567571 -0.109426481 3.277016296 4.607715030 1.560775493 1.899195991 2.187050792 0.239206338 9.026528281 5.764777116 0.906157855 4.763740836 1.030197147 0.216816225 2.741782343 4.114526480 7.026092761 5.227753287 3.691173986 1.899906609 4.342677708 10.252366337
7.414967350 -19.983078995 -20.212754816 0.899865077 -0.089844518 -0.311015751 0.292301230 -1.330441169 2.714818163 3.926773019 7.354978697 0.917275846 7.911394747 5.321602535 4.373312767 6.381327625 3.222953070 4.431515100 2.623707715 7.800188877 -0.631213577 3.230156252 6.072768175 2.753268901 2.357766849 -1.564735070 7.614362917
6.426037647 -21.695911296 -24.590251961 0.847014630 -0.512475600 0.139761481 0.020042562 4.433825977 1.228445192 7.356552053 1.471839593 6.316584527 6.557152763 5.867877568 1.263739467 8.881572475 4.232429353 7.476710828 1.914035864 4.752173306 4.715691208 2.322151443 3.544769821 3.016590547 1.248452122 8.121032964 5.109736446
10.587283523 -24.658649835 -21.495446519 0.850932274 -0.477878987 -0.205578689 -0.072686602 4.934696390 1.683447377 1.159943748 1.861982703 4.980072703 6.413442907 5.966320227 2.095472812 -2.085367874 5.238872022 -0.104425039 6.958569786 5.274166339 -0.328354790 -2.131848429 6.135244151 -0.249003304 7.416614049 4.982956615 5.213854526
12.101577441 -14.759366510 -15.838817853 0.820424620 -0.375412863 0.209072580 -0.377170095 1.661261019 0.487290412 1.788836949 3.707641341 7.095081033 6.190119172 8.446014899 4.405141927 4.203072944 2.711774782 6.071062177 1.373963981 3.353203550 6.098406305 10.170266171 8.311686917 8.326726801 6.248608266 4.876947134 3.855728737
7.429910658 -12.187476149 -19.751936551 0.900299629 -0.368043667 0.229092707 0.038999602 -2.692895653 2.540024063 6.100029988 3.796101091 3.104852349 2.884040282 5.367722981 5.122635570 2.963960373 0.535106412 10.356490141 6.464843991 2.227482178 2.194676135 6.551060611 10.191371975 2.744170789 4.600476384 6.294632870 6.040894634
16.870447488 -18.447518474 -20.013997760 0.914711380 -0.386314929 -0.097112662 -0.068066130 5.283312570 3.899516209 4.674036621 4.510704009 6.898710617 3.353433085 2.930085271 0.806570241 1.656246884 5.515090497 8.532819348 6.837217813 7.063454554 5.581368070 11.737142131 -3.272174507 2.181538351 0.517060709 3.386914027 6.691731508
15.450761981 -16.737669373 -20.893737739 0.878464609 -0.228971960 -0.380187402 -0.177000880 1.249814533 2.963593788 0.861264986 1.277813252 0.918555259 4.058401782 0.338275118 4.182564177 2.303631435 3.968996270 7.215147058 1.899808556 3.561667633 5.335831134 0.545663768 5.352262681 4.889150547 7.568364508 8.200243102 5.241006336
13.502139656 -9.844878507 -24.138335680 0.750092226 -0.641429027 0.076364450 -0.141770679 1.469576214 4.204844832 3.370360330 4.874552352 2.538722947 0.079816036 3.682706287 2.126307188 6.566589541 2.348442253 5.480022978 2.011712252 5.185278403 3.288204312 8.323358336 3.353362367 4.077639984 10.772970074 9.768950505 -0.394606953
15.306601480 -21.224324639 -25.815656186 0.952398234 -0.110329035 -0.234743020 0.160189960 -0.666467379 8.576021731 0.881108073 1.181703544 -1.381021812 2.593402156 2.075651557 8.944394506 4.318617604 -0.001377115 -0.428047134 6.383239598 3.488543533 6.422635452 2.157876970 0.370826239 1.979446990 1.737173467 5.940171986 3.741975457
19.336985844 -11.616442980 -22.745923684 0.780532777 -0.324128124 -0.294677458 -0.445953742 1.127422550 1.462653361 4.272601952 6.719660259 3.052129937 5.118986432 1.414920889 3.414969191 4.293396381 4.779939955 1.169661739 4.260587968 2.658427736 6.093555643 2.528305280 5.703682099 2.326466721 3.158409735 -0.018681482 8.246354006
9.544339517 -24.643318076 -25.730301328 0.767950984 -0.608284308 0.138126058 -0.145473981 -1.321632268 6.153476280 5.523963505 2.280146961 4.615697799 0.885829871 2.410230823 1.937119455 6.283197827 0.766026743 -1.675258654 -4.881023031 5.405494981 0.835553684 -0.336350824 5.172953879 5.664954457 5.586272555 3.601540317 1.940234104
7.951911580 -14.791235513 -28.137986423 0.901901905 -0.123869506 0.405480717 -0.082551117 3.033258968 3.728440411 4.875691384 3.793945624 -1.389127253 4.055222616 5.789268804 1.050287435 8.057525283 4.738871854 0.329762804 4.416335463 2.832373737 2.886521277 1.226843205 3.629487685 4.167264910 7.228177342 7.937896458 -0.213070028
7.617329370 -15.694158320 -27.562790679 0.875877483 -0.138513494 -0.462180033 0.006501072 5.295552754 3.842653070 3.633605024 -0.138780059 9.672187729 3.075501102 2.420340703 4.480967943 2.246245846 4.166511102 5.886210814 7.804917716 7.398360329 0.211641124 4.371789730 -0.949447837 6.421605760 4.274672593 6.030290004 4.051682559
8.712890311 -18.539502485 -23.958627096 0.925337528 -0.263081749 -0.022519219 -0.272087004 -1.412062085 4.073393787 6.328578368 1.319958721 3.410778058 3.021021484 2.219669767 10.989850514 6.955910755 6.823649662 3.913783490 4.272134664 2.584953786 7.912611026 -0.726049950 5.746939982 3.427056057 3.242875067 3.383865391 5.156420671
7.482978129 -12.530074995 -17.801575585 0.771982867 0.070497324 -0.489955993 0.398767734 5.459794247 3.483378249 2.025821757 4.440009989 3.959187245 7.232357226 -0.854156128 -0.034111636 6.195669991 -0.824224122 2.448472134 0.132607701 -2.105601309 11.072521972 3.093282568 8.823840534 6.251232910 4.070288422 5.798002401 2.301659922
12.157602568 -16.778136703 -25.880454318 0.930219955 -0.081848306 -0.356428521 0.030828533 4.648534379 0.337717722 -0.255204377 0.758407462 4.809118637 6.852614136 8.683900460 4.648344219 2.381804585 4.079967798 6.933933315 2.066452099 4.667637326 9.638319279 4.495656580 6.946388206 8.792088119 6.989517469 4.900763107 2.153826502
5.106030113 -15.462601459 -26.132068654 0.712140491 -0.636741263 0.001269014 -0.295660066 0.419289157 6.841950912 6.578632765 -0.311562931 4.108388702 1.087290490 2.982009797 0.117945509 5.706781650 3.426770770 5.004014801 6.836261959 4.349229117 6.401324988 6.010506040 4.261707455 14.261988638 8.137038512 6.554187919 5.295099687
8.681279677 -22.642868695 -20.790184554 0.907055482 -0.270352886 -0.150559846 -0.285466989 9.633674924 6.231888038 -1.110220737 7.319321840 5.108906434 -0.252336808 10.343601764 5.677601628 3.237861321 5.529331557 -2.210718188 2.516820041 5.972021653 2.877859499 1.906683366 -3.097286627 2.083806094 4.578655285 -1.849866872 3.168624944
14.621395046 -18.422943016 -33.013330826 0.993624755 0.099504843 -0.035983689 0.038907661 3.237566557 0.924406845 6.232211492 1.972218612 6.496979233 8.988020085 -0.883161099 6.657746999 0.944125028 7.090791081 4.428439258 -0.192479034 -2.232243404 5.883491137 3.248762388 2.921800902 4.176611379 6.645204782 8.039979327 4.555928732
15.905574920 -11.007908832 -22.636872262 0.894937603 -0.212760114 -0.392114284 0.008136870 -0.560867765 3.283129345 -1.874642709 -1.923699520 7.247165285 -1.213402877 2.796077621 7.912647951 5.523759407 1.343586942 2.229473557 -1.311108363 3.151471101 7.397666799 9.242653490 2.136125121 4.913629039 4.935421107 1.836274041 1.724981950
14.417299590 -13.247991711 -20.565499195 0.935766589 -0.024304068 -0.340150439 -0.089709995 2.857880645 0.881269090 8.595635367 7.616038618 9.044606916 3.391721129 3.726499881 1.364659813 5.106005363 -3.023994694 2.933508596 0.784656078 1.858548999 3.069883782 7.897647625 3.237769549 2.020293248 4.501185357 5.720621223 2.278737084
7.090041916 -22.659359282 -30.599093375 0.799001373 -0.531862940 -0.030833689 -0.278868970 2.543155233 5.129323977 5.345063877 5.770421546 1.837943814 5.195500997 2.736082536 8.637473683 7.953786492 6.073039362 4.282109912 0.334644392 3.640703003 3.141925569 8.080204797 9.129290880 6.018500433 5.382359165 3.088336690 5.343434035
7.901395581 -16.980810251 -22.602539085 0.718681789 -0.680977174 0.033438330 0.136559341 -2.032511456 2.387845836 -0.340746173 5.628811034 -1.350054072 4.241727633 2.428005365 4.454470216 -0.354565137 2.339231131 -0.752491239 4.400388069 3.170182237 7.502069060 0.552411387 4.577431690 0.756547773 4.356471141 -0.268613779 5.671399160
6.669616650 -12.203197904 -23.891684545 0.953180347 0.138546009 -0.196427703 0.183489474 5.831301678 5.513126823 7.262518395 5.343792580 2.340201816 1.132189682 5.796449506 3.068717260 1.367096230 2.119335026 6.527436484 0.456975285 6.121858046 3.272279294 4.307898334 6.443421399 4.461688590 4.198232296 6.541633684 2.152089981
10.146791599 -17.125735527 -31.197641098 0.954527083 -0.279663843 -0.100707997 -0.022892822 2.997507598 3.245726013 6.543911827 -1.344937304 0.321372834 9.683658165 3.499222791 -1.063656967 3.973363896 3.936186204 -1.444261913 2.428756901 3.201517765 3.615839147 8.360010234 6.041182971 7.174304689 6.322174079 4.949961115 5.717595488
16.876746048 -19.083519623 -26.998151860 0.835071998 -0.354931924 -0.416205211 -0.058747848 2.290681812 1.090636935 -0.662505972 3.818116299 0.896695798 4.186351635 -0.171186541 7.043145292 7.077286029 0.236567687 2.673962177 3.637999937 1.801058390 -0.507553524 -0.737765353 1.439751231 4.744358242 6.543803744 4.024516037 0.924677030
11.386769146 -9.760054601 -28.334790139 0.926591186 -0.271182542 -0.202821054 -0.163561678 6.964464384 -1.335108036 5.490621574 6.800885388 5.820669219 1.416571358 9.559448421 2.134335515 3.533728402 1.211134474 4.312536590 2.472618901 -2.760776947 9.349360440 2.431729360 5.908667009 2.379583301 5.028237513 9.508865853 1.530882678
11.040475389 -10.488986171 -23.006993769 0.932181511 -0.180700689 -0.293997743 0.109317059 5.873231600 4.461261362 5.302131926 7.488999727 4.727252905 3.523922899 4.426668660 1.666500153 5.248035624 4.213558872 3.215909327 6.443545133 7.562854380 1.198327589 6.620447172 1.032279251 4.490720012 2.773194586 4.822789654 0.037866935
18.447889858 -17.222238510 -23.150248174 0.926177418 -0.238490173 0.071820306 -0.283124834 0.582178158 1.724575196 2.544824057 5.775170574 4.301162380 2.004743690 5.659922073 3.958402797 6.579113327 8.284588612 2.034658713 1.808637305 2.966170308 3.165087363 3.305698940 8.333778695 5.624873116 5.330428648 0.312747962 3.730931427
12.152240576 -22.899007894 -29.744348674 0.998623630 0.004991756 -0.040582493 0.032847970 1.978966611 7.363529619 2.839655872 2.601997586 5.832978547 0.515833024 6.891451416 6.435030191 1.276507491 4.112495864 7.758214920 3.611850626 5.478320373 2.445353429 0.858846173 -3.350781248 -2.948362714 4.813852939 3.263846581 3.438121599
4.537593761 -12.965147507 -29.390212504 0.833253970 -0.503733917 0.007109160 -0.227792498 0.032316927 2.249564437 4.557109406 1.415079267 3.639218922 4.710954085 3.865133914 0.881603254 4.293732766 1.695110784 3.735876241 4.672372491 6.359382072 12.038485961 -0.974513451 0.072584412 4.964447857 -0.513775844 -3.628507345 2.757708405
8.481044040 -13.451808224 -30.985669092 0.968568010 0.239330600 0.050705195 -0.045009515 8.441354404 4.569411068 -0.952891477 2.347715570 3.277956130 5.550076694 4.879941451 2.090682835 1.930204281 -3.704439126 0.931694865 3.837128638 2.882469192 3.520236992 6.270220444 3.195965730 7.395631121 3.541931674 5.977569786 -0.541716195
14.353247852 -17.879576311 -29.813498293 0.998073193 -0.046865775 -0.033236247 -0.023427608 -0.199423336 2.396993875 3.001423899 0.186063972 5.934948122 9.113609733 7.317168488 11.115198013 2.752508945 0.858803358 5.825710186 4.647491656 8.277256554 2.756613058 3.309117848 3.225945924 -3.397143109 3.647397909 4.789785050 2.762388798
15.764573230 -12.614662836 -21.086824184 0.948473710 -0.050702981 -0.301915352 -0.081694240 7.684930062 0.954678594 5.816509068 0.219490509 10.125174928 4.635920393 2.083728654 4.955756165 0.724319042 5.662342770 9.073026818 9.070089051 6.257697001 4.621430792 0.897307431 7.256831380 4.604871709 4.129442861 6.571167704 4.935205239
9.969036564 -16.537750158 -22.678767752 0.763653735 -0.485678079 -0.407132880 0.123258244 1.264321062 9.844268998 6.992421526 7.466868064 -4.126805158 2.776847817 8.133311470 8.509403995 7.180191765 8.442019565 3.395293089 -2.496180683 6.078829194 0.551519618 4.818658267 -0.501429831 8.112458875 8.025105504 2.317144948 3.266463261
4.443678079 -9.316742470 -24.283636955 0.935648988 0.324297468 0.134547672 -0.035903314 1.547334310 2.781346882 6.917441822 6.957725562 5.980821005 3.850759188 5.129565759 5.386975273 1.823491032 5.239747900 2.406886727 5.621946520 2.782147135 9.074382666 1.365517164 3.624195916 1.462799885 4.288138644 -3.627781026 5.009961326
3.626662156 -19.025322162 -26.818205531 0.918999787 -0.247513423 0.182645099 -0.246611566 5.592083551 6.749448674 1.884753633 5.325456708 9.049242500 1.764224212 1.381672677 2.460674319 3.675768141 1.154117771 3.828019878 6.278926072 9.598279079 5.146015537 0.910804841 3.972670967 7.970451645 6.266238612 10.813470461 5.967036284
5.600771034 -14.950108226 -30.624291685 0.939238748 -0.329500323 0.045986585 0.084530148 3.746836621 6.429158702 3.686614555 4.891513646 5.784663930 4.570336134 4.567226295 6.096772366 -0.849062942 4.156283616 5.448322559 2.564557351 1.688426130 5.919147131 1.622594761 3.651300609 0.897566325 6.671535940 6.754723761 6.473748070
12.709499433 -10.191506841 -33.344718792 0.945447676 -0.004974496 -0.319931050 -0.061221480 2.939358506 3.222017143 3.283220772 9.281491209 3.351741112 -0.350122743 -1.056231830 6.972485069 -0.192665317 4.655579193 4.227516972 9.257232014 6.064203698 7.624436138 1.943310337 5.080388455 -2.801579310 3.928071188 -0.041771093 4.845511321
13.638352110 -23.767250601 -25.780048487 0.914402731 -0.277454159 0.086143386 -0.281897413 2.752643227 4.385723958 4.284546287 -0.006393426 4.395834628 3.367791279 7.037970795 2.209517404 4.717532538 4.732033538 8.276060314 3.488090631 1.381844837 11.920822124 4.416193579 7.081824094 1.865027944 2.117516063 0.793037003 5.099095162
3.607211742 -11.755798651 -22.859669208 0.996481556 0.003414969 -0.070198012 0.045662744 9.731177519 5.903456147 5.434025440 0.748611076 6.474332369 2.067747342 -2.955271522 1.219902977 4.143848460 2.097734231 5.039272231 4.484024693 3.744412544 0.962787426 0.294459672 0.949004668 3.678173357 2.415489467 2.212960879 5.639213286
10.662693560 -8.601749076 -23.814502774 0.943213755 -0.306328748 0.015258792 -0.127584011 5.279394004 5.777558898 -2.688157534 2.833106432 5.493343305 3.154073762 0.181434341 0.544125225 2.886056616 2.317869996 4.970475857 4.756197867 2.633936381 6.335823130 1.800760644 3.037166329 1.254677633 2.213711349 -0.498854661 -0.639506025
4.504840639 -13.338927668 -28.582300482 0.880094033 -0.320057508 0.342178241 -0.076887815 6.179143758 8.796428280 5.652285426 6.391631506 -0.105152818 2.391485746 0.423481127 5.473123228 4.432175067 2.921973848 2.912745180 1.519009877 4.417089328 4.181159825 5.354515893 7.489183055 0.840719400 -1.002719994 -0.447718760 4.219140659
10.978244435 -12.077725570 -33.719912312 0.871296484 0.036217307 -0.424085068 0.244300221 6.064021178 5.008221329 2.641097675 3.284969614 8.901359574 4.568217146 -2.899453780 4.210401143 8.223278991 4.853425110 2.561717801 3.447281623 5.484162292 -0.896106189 5.586577832 -1.403587784 7.115178527 3.154079416 3.342160106 2.651638078
2.001498402 -20.207961396 -26.586685016 0.910560848 -0.319854530 -0.074262805 0.251111643 4.318521641 0.814124400 1.330336192 8.544870469 6.654941768 2.560613071 -1.527781737 6.342967931 5.524507533 -1.126204412 4.169781622 6.859842682 -0.528300736 1.678562478 6.254668868 2.902003372 4.748725312 -0.917478647 -1.529436537 -0.283522631
8.647807306 -8.880653885 -27.696786085 0.872856831 -0.303657849 -0.290944013 -0.247516555 6.001321016 6.458462986 4.385753383 7.758285426 7.846552111 6.918794315 9.650685231 1.766423524 6.109693602 0.393838832 2.773594331 5.951416281 -3.358914096 3.051776978 8.811246086 1.048269779 5.536269762 2.455043359 1.692273753 -0.702357569
11.161030828 -15.279485181 -17.975711280 0.923078283 -0.187639772 0.184948382 -0.280199743 3.523951095 5.022135195 4.909638249 -0.280714587 3.202195283 8.088151369 2.449269781 4.500832160 5.621273008 6.998124517 6.062500566 2.775482880 4.327685379 4.749633415 5.933660912 0.288620020 3.054573418 6.632098684 5.434987500 1.389720874
12.992735742 -25.904246178 -25.809915468 0.821484736 -0.211495534 -0.364763636 0.383900974 3.263177670 1.813415765 4.113950115 3.354712923 3.272337218 0.755553879 6.894240899 4.928062587 3.292847324 5.426747600 4.877484292 7.522770145 4.166737502 3.393011300 3.889981276 4.423950576 -1.393544665 3.653640974 4.771474412 1.781659439
9.159587671 -12.119522514 -31.074892790 0.817096150 -0.508272710 -0.033007569 -0.270043023 2.901079162 5.266885063 5.555298076 8.117582204 6.364154907 4.136219344 7.286945854 -0.247208397 2.933465087 1.048504154 8.456278872 2.694723790 7.887064988 1.955542945 4.217595440 2.804450839 4.701796527 8.736177879 7.220411570 -3.020147619
11.274380601 -10.661169435 -27.220342130 0.982847476 0.184304926 0.006318850 -0.001613857 7.550773356 4.403602717 9.477155676 3.075864613 3.760836494 9.569994567 9.167229254 10.016669162 4.525993417 4.076779444 5.119425210 4.244983105 2.942905483 6.613510197 6.401430632 9.614745661 1.173450425 1.365816485 -4.508227089 6.952602046
15.433966966 -16.724338722 -28.771592083 0.934861293 -0.028182360 -0.288956875 0.204313585 0.685856587 0.915214482 6.567833033 1.639374521 5.243558516 12.663159774 2.888810697 3.062767000 6.216932653 4.709657853 6.387891349 5.350096305 2.925774530 0.967638143 5.936035480 2.112867452 2.407702745 1.322066955 -0.948219800 1.588960248
6.338701595 -11.708600465 -25.426898899 0.883448487 -0.462471433 -0.074879130 -0.005662098 5.216087540 0.506754365 10.048555689 5.234866994 7.420255834 5.078163367 2.842289747 2.063414764 3.015626046 8.723379984 2.747638544 4.267840158 -2.393863169 5.959054608 1.094240709 5.507176077 4.805272174 8.772526170 5.309829300 11.138189453
