14.771169683 7.319140947 -30.940909644 0.870236687 0.393697615 -0.256226902 -0.148452251 4.533127138 2.800455252 5.989083829 2.362524127 2.441120401 0.456252948 2.272663276 4.964940670 2.785472213 5.699459643 3.449598922 8.030185283 3.811824523 1.293648971 -0.475977351 7.546993638 3.945447974 6.928469046 -0.304050963 4.199345816
17.160414672 10.272640167 -30.246919490 0.786909781 0.487272588 -0.326449530 -0.191752770 4.955062091 6.918704895 2.598956631 6.956976329 -0.039823806 3.632884722 7.370292889 -1.665213397 2.855004283 -0.227959181 1.651063025 7.230757722 -1.540120143 2.107248140 3.692600580 4.000449123 4.589276963 1.693322885 -0.138462722 3.783411606
14.701990140 10.849451460 -16.265934850 0.732050611 0.519848090 0.070536900 0.434608342 4.036213314 2.009699910 3.643615469 -1.065146373 4.468448498 6.096825172 0.977183059 5.211447483 4.756458685 2.470095117 3.115488391 1.853770431 5.260700731 0.737963949 5.537311888 2.553600447 4.618061506 3.874030055 4.762605277 9.324039553
10.477802583 9.622873398 -27.973351515 0.787499260 0.483054017 0.166765087 0.344518705 4.390532551 4.882737400 0.982858110 3.104311139 6.577160680 4.985256561 1.197546141 8.707807924 4.425389927 6.184732755 0.352285109 5.330729187 4.745443165 11.234745521 10.167261210 6.292461115 9.985441617 0.455670210 5.172179739 5.997381634
9.361664665 10.877507269 -28.062727626 0.981311335 -0.111842537 0.101456626 0.119272223 8.284354686 6.480275562 4.247544830 7.546709521 6.936148450 7.608415733 6.220670834 2.638778618 7.931863643 2.458235731 0.979777536 4.696911172 4.232961790 0.232998278 1.017606875 0.897235988 10.089528903 5.908254406 5.443986932 4.598392025
17.048002769 0.394499057 -21.985304722 0.796336008 0.331958241 -0.453136786 -0.224320624 5.571415003 7.508258170 8.661750201 9.813019936 5.419280797 6.851352138 -0.084394318 3.055674355 2.003119203 3.883052574 3.150623535 -0.271674050 3.971784992 6.341677829 -2.237898381 2.526659473 9.167876233 3.206244573 2.801093524 6.326969083
7.397701528 6.840719370 -22.156044761 0.986735301 0.136475271 -0.068465144 -0.055140467 -0.166505321 10.239347090 4.668510827 2.515664116 8.139259334 8.231492219 2.322456987 6.800320185 -1.128370259 2.554583502 4.848996587 4.509306214 3.443956793 6.372594182 0.959161764 -0.923579604 5.475459003 4.762569443 3.207496616 6.718386599
15.206256432 16.729398716 -24.620843060 0.889727809 0.289184749 -0.065006221 0.347175457 6.978957323 5.050650471 6.745435928 -2.071169068 3.903341909 11.967491467 0.633527337 0.726114631 -0.180351775 0.525583225 0.998292720 4.303586872 1.663962909 1.448632289 3.427241957 4.836520964 4.315841272 6.289125517 0.673462029 7.831033289
16.929159229 4.740275653 -16.138146934 0.852731320 0.453567841 -0.200120110 0.164552275 1.241964066 4.652630504 3.945569391 4.137457877 6.298529899 0.161592249 -1.910384646 -0.753716805 6.939816298 6.744718617 4.642465292 0.786097933 3.169928089 5.039385123 4.546972244 0.051570772 1.647916152 1.330949492 6.873977497 1.666710658
15.396290240 12.257304259 -24.246523997 0.735960310 0.616894174 -0.139634239 0.241466934 5.230542278 5.435713546 5.298488759 4.924628431 2.261215550 4.543749188 4.094084834 0.360803438 3.941473349 3.450827352 1.394257757 1.163704842 1.498207609 4.098990270 0.943555321 4.310178534 0.618725903 7.935399630 8.490866018 0.263741629
15.035686393 12.325269227 -26.743892426 0.922936882 0.039560760 -0.266628179 -0.274830626 2.519786783 3.554771873 2.413495216 3.462867558 1.082691357 1.618619362 3.702656154 6.582754044 6.850127395 4.973761515 5.446321303 -0.177738292 2.451824661 -2.455163119 0.598221557 6.156764593 4.234641081 1.493676952 5.544537739 5.303745542
8.522917007 8.630712385 -28.232902347 0.848015886 0.366025168 -0.203722200 -0.324641184 2.681178635 4.902721651 1.007793931 4.207321958 6.091677719 2.269305671 2.573963384 3.372580556 4.383798316 1.106373038 0.989262669 6.459487778 5.738968945 6.866449162 6.377072549 -1.003259135 5.122833624 6.428838494 -0.867201826 8.252705071
10.960330501 2.085861269 -27.005111756 0.994591963 0.039251385 0.073832403 0.061603021 3.428111782 2.786696630 5.119185785 2.196902514 3.093472741 10.396149182 4.469021355 8.948264662 0.941420668 3.058984442 -1.265306528 6.728784739 4.987295035 7.910679431 2.504977127 5.566306903 3.964123718 2.529770331 3.949154167 9.987762585
18.742930897 4.867037540 -27.482211126 0.858322288 0.291728849 -0.402363482 -0.127596070 -0.328022779 4.986265251 -0.528812238 3.659317271 1.679920645 7.198355118 7.157841861 6.472889744 2.983233910 3.111502649 8.864046639 3.043844261 6.399404115 1.245273073 6.333243033 5.513789976 2.786691858 8.311795070 4.085208274 5.989739757
19.594595582 4.948168758 -18.032888644 0.859118079 0.201612682 -0.301327667 0.361206436 4.260947045 0.516751867 8.184942190 -4.620837230 5.836214335 1.144662363 1.522863052 10.245044722 1.850298922 6.704433449 5.280905612 5.922446127 6.629289589 1.319574996 5.848912497 0.920611881 6.621988724 6.188484002 1.024141968 1.001917738
16.345033207 3.475618901 -14.046119433 0.849735365 0.168897484 -0.498009675 0.037547477 1.371205714 7.146985470 2.477033176 4.063391157 2.924149089 3.421992303 3.138184187 -2.109760684 6.408728608 6.690962685 6.630803752 6.621355432 5.865195737 0.467527395 5.386212936 2.385776328 4.483377468 4.093852889 3.673639880 9.655431510
7.128580516 5.670821345 -23.192426019 0.929982918 0.366054842 -0.033657761 -0.001666964 0.367323414 8.286583188 -1.605651869 4.290003889 6.687658197 3.547727010 4.317355953 -1.015934765 7.420016583 3.057793355 3.212237086 3.337922399 3.848780634 4.923362560 2.854114861 3.729713850 1.447562409 5.841473064 2.965275253 9.296239382
17.579606426 3.655829436 -25.456580583 0.835319271 0.395559271 -0.031322316 0.380517399 5.698419369 4.185232886 5.438174889 9.106777416 -0.780751922 1.230526051 -0.453026751 3.292347272 8.242461851 9.786331043 7.466838356 3.228226717 1.769919545 5.927420615 2.617367145 3.419454857 7.609444793 2.250966120 6.073787825 4.578088369
23.079290432 8.187159408 -19.426681412 0.746180549 0.419855599 -0.485788816 -0.175912168 8.249186841 1.711367241 0.885139939 -0.465361233 11.416988806 2.598106061 8.681022244 3.957901677 -1.221430655 2.045800021 7.289638431 4.938345803 0.076941409 8.554695575 2.824056059 3.346265905 6.254913766 7.155618160 6.252606256 7.779314658
9.920887211 6.114133298 -30.669440720 0.793611295 0.200485967 -0.525815789 -0.231309845 -1.362770463 5.823734346 9.446351953 -0.010924811 8.202319161 5.951166302 8.062391771 13.574990587 6.652600638 2.574631928 5.976942905 3.674925578 -2.661763625 -2.525753758 -0.815943509 13.007429826 5.403633279 9.564300296 12.420165958 6.956019647
15.596309833 12.423569345 -26.239909823 0.994717612 0.094539139 -0.039757144 0.004311926 4.059947844 0.191329128 1.905821130 6.111504070 4.322998293 -0.212467243 5.770792308 6.869950099 0.516498167 3.564180211 4.903896046 -2.535779767 7.030280490 5.587996810 0.996805547 9.012087984 5.162948280 6.232949744 1.808197667 0.378312283
9.353753181 4.303386128 -16.205127564 0.918946716 0.378630616 -0.043752481 -0.101299111 5.239873284 0.050097958 3.904770706 5.787610062 6.106771346 6.674016400 -1.840527397 12.243029669 3.540928590 6.860220922 2.319000989 2.531179683 9.559572422 1.981851366 3.139748534 3.245380993 3.612596010 4.290658307 -0.414513780 3.259506456
11.096057320 7.253342597 -31.100156531 0.867110364 0.486978600 -0.012563755 0.103988512 1.215804141 3.872220992 4.187277791 3.255070489 4.739040291 5.767459370 6.612642681 6.471037776 12.955846119 2.638956353 2.688848309 0.456462207 2.168974595 8.566178248 6.624458476 1.408443926 2.949989688 3.116832866 7.635683613 4.415247392
14.338163832 4.641100933 -24.294774329 0.946354925 0.181783550 -0.265480581 0.029785179 4.024815386 2.634747515 -1.368780753 4.590056048 -0.176957744 7.278793262 4.394440698 6.880867403 5.012175756 5.317120034 7.065503456 5.120079321 2.079166579 4.138672598 8.397242654 9.346071584 -0.578840783 5.649611224 1.084700673 8.436856783
17.692321001 6.142640525 -26.605347915 0.972266291 0.143510349 -0.170484856 0.070978533 3.785535642 3.852214601 5.288750664 7.114428190 4.296904726 4.307567044 1.574935339 3.214672784 5.572950197 3.000249977 6.901853780 5.252930611 -0.225932039 3.849263306 2.480386882 2.216389770 3.116422157 5.098917346 0.815251026 5.854998114
18.688552811 14.716294440 -15.643109398 0.897944371 0.267783586 -0.284354604 -0.202806107 6.791399029 1.929267093 5.190849998 2.306709252 7.615618535 3.464997523 0.340005728 5.125506235 4.332035242 9.522400913 9.103087553 5.611510617 6.449195962 0.877591175 1.354155969 2.917821485 1.184703564 4.457350650 2.682199225 4.713305701
18.098219479 0.810707432 -25.331610809 0.981188831 0.032286144 -0.158376600 -0.105560104 3.315484544 0.690848920 6.037127039 3.505412576 5.530504190 5.546732617 3.276267186 1.760607653 4.641520420 0.792734271 2.819867177 5.546344630 1.489904652 -2.324174135 2.763330065 6.267617129 3.256662881 2.540184273 2.514366194 3.999280050
8.495313249 0.795060477 -20.180754343 0.996739776 0.055995767 0.025881027 0.052004482 4.505375465 5.820326870 9.096574107 7.099915409 1.029973086 4.828485017 7.969656769 7.282624803 0.675332524 3.463209293 1.913091364 6.877215056 9.523283936 4.996532795 3.938258036 5.349157080 4.202820842 3.339512855 1.854760602 10.954186186
19.807984029 15.812713593 -24.108833009 0.999047690 0.008091515 -0.023862377 -0.035620592 1.952588493 7.750863555 1.212756507 4.040596175 -0.479293027 6.132655788 2.996767618 4.153556492 1.058044859 1.577346025 11.478727302 5.537701377 2.855372369 3.315384641 5.555781009 8.285548249 5.696085543 6.916096695 2.097502096 4.629756399
22.002090771 6.472706876 -20.750270816 0.894060829 0.293994502 -0.337934153 0.004793180 2.000439439 2.220203597 2.070100705 4.039113280 5.956004379 4.423557428 2.976463886 4.927054635 5.105940871 5.510720033 8.181837948 3.592485887 6.496424711 3.620138584 1.561085386 3.072940537 6.671100358 1.715154572 1.800166168 5.661482012
11.335592783 10.733929034 -26.074412173 0.911123977 0.281932283 -0.295921170 -0.052895633 6.415523868 3.921905185 0.309229369 7.092208367 -0.144694019 3.696020555 3.052338663 6.777488046 3.944112537 2.741356537 8.686631325 9.399804767 4.599357792 0.354365411 9.065186377 1.486232603 3.864966650 3.438350431 4.396688070 8.378439795
14.407556893 15.297799024 -16.849571243 0.845843080 0.511575662 -0.092848063 -0.119243717 6.116396039 5.093519705 7.142139713 1.821524348 1.820201067 3.058768849 6.631405973 4.784840041 -1.515039057 1.836986155 3.416341885 -2.515558255 -0.694820140 5.807559796 0.590930696 2.756863881 6.702979311 4.572763881 6.972297112 1.385476191
15.925081471 0.414157487 -21.745388207 0.793863811 0.291956885 -0.444211362 -0.295326418 7.767354913 8.716745375 4.045886391 6.481425991 3.929423591 3.420503054 0.153676640 8.115196565 3.221447595 2.875847813 3.930607197 4.001289969 5.926010708 -0.048697055 6.716961209 6.803797866 4.201619194 3.279371482 2.630585386 -0.223180407
18.248967572 11.821580166 -18.602310907 0.909688221 0.302601850 -0.276109124 -0.068287721 3.570072484 3.352272036 3.288855321 5.606348432 2.746514066 0.521864878 9.108627988 2.271666418 10.167746889 5.959595313 1.985906843 10.298003415 5.033219577 0.840972953 -1.163613891 -0.155928681 -1.725075435 1.004893708 3.835042789 3.242017935
6.935152145 12.183688675 -24.352413170 0.772331849 0.603079988 -0.136880937 0.145126332 6.685183967 3.266990578 6.794228648 4.973302735 1.033574402 0.548190546 0.317237857 2.545467067 -2.022691952 10.287577734 -1.864364406 10.117379313 8.406195291 2.397466982 4.513201563 7.323628065 6.992911180 3.518537227 2.993854276 4.041658398
11.715384527 13.356775788 -20.728399803 0.753749332 0.460384213 -0.235314828 -0.405629452 6.563601981 8.542438980 2.824844131 -0.854189258 4.797943675 2.605439186 0.728647333 2.578648114 5.009383130 3.909626227 4.003211408 -0.912729634 -0.055881695 10.417239716 4.789701934 6.124027342 9.044635227 4.413202008 6.097268544 -0.019935039
14.786511714 12.313531662 -18.818856149 0.712538243 0.539940714 0.097176582 0.437389975 6.906089144 3.375472755 3.056025239 5.500524721 5.645220906 7.102063557 -0.061524644 6.169196823 0.768246053 -1.850586153 4.295035378 6.257581574 -1.191500524 5.415431430 8.217979752 7.206006254 2.998518308 5.189378061 2.780638217 9.479879599
14.687544840 4.012493616 -30.429739603 0.909004607 0.081644876 -0.391573285 -0.117111488 -4.810796271 2.267903950 6.868704074 1.143809194 2.905053142 5.506201557 3.720245538 4.109266895 10.344135965 3.753891519 4.438380154 5.136022659 -0.941570536 -3.722204425 4.625150284 2.390429704 2.261872396 6.444779915 -1.705361053 1.464524298
12.603560555 7.595053620 -19.868981656 0.837938671 0.504613894 -0.096888388 0.183946301 0.731479249 3.194671751 8.380782176 6.545247261 -0.351806185 2.629163701 9.629801048 3.914191025 4.086023810 0.291135921 4.431593638 2.693530717 4.682683761 3.775044197 2.921594523 0.354562264 8.391587361 1.262993585 3.238021709 1.752954045
18.098335051 3.456561595 -16.853158152 0.718994232 0.597402534 -0.206057173 0.289305978 0.409781435 0.424721247 1.550287829 4.019368641 7.285705965 3.573744190 3.942635968 2.361047233 5.076781344 1.657406307 1.967434908 4.924185999 9.673435772 4.920228167 8.842696492 4.239068724 4.130208283 4.333585503 6.757811148 15.716478640
13.527935996 13.740683092 -28.708440917 0.799143372 0.434201121 -0.029291840 0.414706217 1.246441600 6.488192298 7.055494342 6.028254592 4.195613736 -0.021137601 5.589160482 -1.301432761 -0.416840874 1.215392594 3.033688418 4.328880900 8.627441699 -0.814170165 3.193520425 3.667572643 5.872507945 2.699694071 -2.776113423 0.211806203
15.757513422 18.337174276 -21.966309021 0.744760058 0.483071371 -0.419004403 -0.190813563 3.481458894 8.547876911 0.717392915 5.766278512 4.116091450 2.816293863 0.811611800 -0.886377053 4.071109872 8.874662840 7.771111771 4.754204608 4.943564071 3.160671457 0.967636057 5.965653624 2.641297200 6.249460146 3.397834004 7.822145267
14.895775878 14.427575934 -23.702624227 0.867696208 0.434303367 0.017617497 0.241191833 5.226489405 5.990904591 12.540813973 1.102635484 6.459729300 -0.781618949 -1.252146408 2.296267105 7.574244907 10.680233338 11.160697014 2.526947635 4.496072507 1.338780009 5.847772899 0.085380476 2.474485682 4.908165077 -0.053731806 2.688408137
16.213889819 6.362580821 -28.717792556 0.988308671 0.116705048 0.072158377 0.066476090 8.119639271 6.630894595 1.283202935 4.511071939 9.938783129 0.871971632 6.068754207 8.993285721 9.255176965 4.629762002 2.982550811 0.550207946 5.564061212 -1.941228663 1.512671683 3.971009943 -2.855649835 7.108739736 4.408035384 2.668607376
16.781324273 13.899173046 -24.842804246 0.859539233 0.434519469 -0.263801533 0.052857242 6.989866350 -0.590850187 4.192432012 1.267379284 -0.694439771 6.537036909 3.946676129 0.981676222 3.393277976 8.266930719 3.552150908 6.744708569 -0.423077656 1.515329306 4.212095879 2.304562007 4.499736540 7.082893775 4.545157650 3.227944176
14.611245248 8.716026448 -17.096033748 0.797342025 0.586636556 -0.055078119 0.130650859 9.388774548 1.260255112 6.220553276 5.873267209 4.429128335 6.674634280 2.900607400 6.261745989 2.605625729 4.634405487 2.325114134 1.048090753 6.547247694 4.236900635 1.381346143 7.567191143 2.043673261 3.836049156 4.227230557 3.604048957
17.707046900 3.830953020 -16.162091825 0.927999309 0.220211478 -0.299948528 0.018843275 -3.249514051 4.255718466 5.979119163 10.122427184 2.269244873 3.618724824 6.481865873 1.389396770 6.685703846 6.795508512 -1.284514454 7.994395685 -0.446651469 4.225403914 0.171135640 2.420471671 2.715294588 3.723559292 3.076829669 8.856829948
6.684076474 11.657695321 -19.421668141 0.914668184 0.378935109 0.137184047 0.031158184 2.134958096 5.118902461 5.221277136 4.836763494 4.020394616 1.466251758 4.438410233 4.119556417 2.482092773 6.269858415 4.109640267 1.042106935 9.588859386 5.954425905 2.733949071 -0.653483424 9.625250552 -4.481373557 1.222497183 9.885841810
20.343224126 6.782122149 -20.502055199 0.813889421 0.206273058 -0.534000770 -0.099391213 3.258736826 0.794967492 4.980661808 0.810245893 9.773340932 9.718856117 0.743038505 -0.864115475 3.343893651 8.703322015 2.017732010 3.190336492 6.666203395 -1.036339281 8.693249206 3.466372419 2.263111178 0.498453786 1.426223047 4.956208818
15.550116675 4.370835968 -21.977974425 0.838422318 0.186387682 -0.508927725 -0.057447544 -0.834752995 2.839562128 6.957682559 1.921758961 2.631268457 0.166632316 6.972233878 7.582453776 7.123695759 6.800615121 3.475866633 3.059148078 6.446254728 2.886820866 6.072434817 4.918138781 2.122282660 3.070306555 -3.496164897 7.211084446
4.850475463 7.392334539 -23.499805778 0.723104023 0.591051788 -0.176068073 -0.311092253 5.715604297 1.732723608 7.700287561 7.970739041 1.883852752 3.123655473 1.600866110 5.659838961 4.702445086 11.286428457 -3.450614657 3.106411828 -0.025523173 2.188584407 6.317697594 5.131655587 3.425514926 2.048021489 -1.905841455 1.769589074
10.441203208 7.968952629 -14.237556047 0.851205693 0.462279549 -0.227905107 -0.099023980 4.981338617 10.195531313 4.063914645 2.485826529 -0.428879245 8.704947242 4.264600289 4.229515088 -1.526161674 2.233603240 1.045688977 -2.250408723 -0.153784448 9.817371610 0.230672215 3.027228615 5.441890298 5.464135728 -1.156495596 9.767287651
12.828402726 14.399833858 -22.813621015 0.828445240 0.547929729 0.036015361 0.110246955 1.800411826 7.418848316 5.947565976 -0.613949626 6.704150581 6.010772774 9.707737073 -0.026501480 -0.443021303 2.048407241 7.606903556 2.263448143 6.555611864 4.700999419 4.383689190 6.538791993 3.639219999 5.439079879 6.998113000 7.192689567
11.818941675 8.671718916 -31.418863115 0.842081702 0.332948544 -0.290865750 -0.308934928 4.461075677 4.213850576 1.500147478 2.996557969 3.459043932 3.260591048 8.986091946 4.189510067 2.139364936 7.735807082 6.283942471 3.763275848 4.992349433 -1.773341587 6.084508085 1.759954051 3.181565607 -0.139872495 5.493144384 3.476438492
15.522486609 17.149538069 -18.468076703 0.823981853 0.498086098 -0.208010115 -0.172325088 7.011736968 3.920000508 2.032045526 4.597871642 4.787041505 4.583787691 1.364983646 4.698657857 7.009059760 4.497339189 5.489853934 5.226855541 8.837664657 -0.192077785 3.839683867 1.555319589 4.431276810 -0.724049804 9.586412181 1.789757553
11.266864627 13.375226878 -22.749313275 0.897264194 0.403605072 -0.014524386 0.178350652 2.236450189 8.608282485 2.270410717 4.365121725 8.968203084 3.101684340 0.491586123 2.774665933 4.379685685 3.299777645 8.447821827 6.836754074 2.413697715 4.971908752 3.839015639 5.202042993 4.525888834 5.344259538 5.984588601 2.804115110
21.056514302 10.513608596 -25.055400302 0.756767493 0.403910760 -0.408992624 -0.311262098 10.791486605 11.378046381 2.840980960 8.684604235 4.859511175 6.722776627 5.709024072 9.202566814 1.566996796 -2.612751069 1.534321421 3.004341508 1.445706812 4.588706522 5.268434067 4.511748941 5.545425306 4.493891434 4.034664672 5.755102233
12.024284620 5.514679790 -25.575178368 0.912735664 0.372487230 -0.165673250 -0.026818735 0.701618224 5.460942060 3.790789986 0.394077053 2.032589585 3.904479024 2.115608606 3.341519031 4.282196405 5.191251184 4.924233140 4.172061055 14.549930413 3.342284221 6.376995462 0.196906198 3.355717630 3.001127847 4.977803585 4.849393041
9.499065735 17.666549853 -23.336081478 0.992365913 0.065278122 -0.066203559 -0.081029313 4.225552259 3.877845042 4.474057866 2.770456692 -2.801264620 8.530782012 4.298297594 2.971019381 3.913779094 4.529182009 2.049202812 7.004901907 5.947737553 0.174332821 4.881983615 2.342179424 0.379734337 4.525987507 -2.328194776 3.135325649
19.011910091 14.125241474 -19.468415844 0.865321824 0.184607413 -0.313893920 -0.344396358 2.410353855 6.625457844 3.279665296 7.224301836 4.426083785 10.220989696 2.005394860 4.054388470 1.185294497 7.473108935 5.425070679 5.255001747 5.658657092 0.903674164 1.379774983 7.788242973 6.028819182 7.890351506 7.579536120 5.820231082
5.830433913 3.564863421 -24.729435749 0.996525774 0.054904503 -0.042256939 -0.046219345 9.763108545 6.075863052 4.182358072 2.712162573 4.095731640 4.910955275 6.453312988 2.553465210 4.802470740 -1.987880488 5.129206993 4.053787451 8.057556695 2.637348126 6.031229762 3.109662288 9.700801463 2.439062470 1.989417527 5.229276216
21.581149924 7.437747877 -23.455521109 0.848696616 0.381956123 -0.356871895 -0.080411596 2.260187955 -2.904071836 0.968846219 1.827524843 9.216213397 2.596489795 0.930764055 3.315479825 9.379229891 -0.010263327 4.070571053 1.778159889 4.729751267 -3.172225917 4.049078383 1.802326464 2.042700030 9.040869090 4.722665932 6.864621301
15.474339653 15.683542628 -28.615342436 0.786282348 0.607167606 -0.072334991 0.088742419 4.053441526 3.642393166 4.394838509 -0.855062531 -2.367051066 4.229704147 -0.737611302 7.119511578 -0.624092926 1.385536893 6.858100392 2.045972672 3.390269145 9.949910428 5.479335958 2.774179497 10.068532164 -0.003617785 6.815613914 3.807952733
14.127539181 2.149683110 -14.857572493 0.907944992 0.216202241 -0.285164530 0.218113900 8.551023597 1.002319429 -4.445378166 4.696349968 2.287428909 5.890015386 4.434285923 4.764434136 2.599615461 5.674544149 -2.492202587 3.731162101 6.039850988 9.373425468 2.213051002 3.847398139 3.544341167 1.905667803 5.897200747 7.673972279
8.841575677 11.414264504 -17.569083278 0.723792175 0.616916407 -0.261482768 0.164820498 7.597959642 5.942463566 2.800040315 0.790939515 5.618193569 5.287217314 5.607192221 7.716864566 2.613539917 1.601788133 3.525315571 4.710861611 5.655681717 9.649135697 0.615579767 -0.139732930 3.234587005 3.084563997 -2.578776987 6.697357148
11.760081990 3.880828614 -17.483720664 0.922418438 0.299719246 -0.219864362 -0.104748560 7.570164807 8.984993890 2.987189353 0.868438865 6.789473268 1.489403985 4.761751377 1.693247091 1.569292392 3.512723851 6.816120262 5.062535737 -1.906891553 2.018455781 0.644061613 3.771728403 2.426729152 5.074107842 6.559688336 6.793221190
14.105550483 2.968979335 -18.863754409 0.923271578 0.329527435 -0.159131682 0.116869037 4.430956439 4.821536966 2.456192934 5.177767704 4.349821136 4.282270471 9.630405821 9.834569230 3.149403760 5.205634696 0.532709266 9.260728343 4.836559950 1.788862553 -0.713549383 6.114879512 0.182641000 2.200715398 2.870175140 4.373136529
13.406869062 1.407011283 -25.020643941 0.986430274 -0.161881537 -0.008060382 -0.026167010 1.061961949 6.907615537 3.140326871 5.173321217 8.851382877 3.005617366 4.795367888 8.271936584 5.081068783 3.785460080 0.740035234 -0.059518425 2.755289867 6.128035589 3.460518260 5.347497217 4.543473241 3.292491136 6.008981072 2.098609273
14.653363780 8.420239087 -19.446212736 0.945767199 0.183796299 -0.174227651 -0.203440537 8.385331653 -0.917283784 2.758949224 1.501875104 10.681154803 5.333984069 0.211245879 4.392955066 6.362209315 6.827703534 5.248771973 2.610115058 -0.886171882 1.796629803 5.217031830 6.131384728 -0.713735577 2.602846840 3.381207758 9.758080049
5.361248019 4.761290719 -20.453163141 0.943966872 0.278764913 -0.105386118 0.141811264 4.694511781 6.440839131 1.163374190 3.616376850 3.962507773 5.572694568 3.347312431 6.447524460 1.911560294 5.585148457 7.080775148 4.151652889 4.266030986 8.976063206 3.897108600 6.319585099 -0.614642507 -1.943892341 6.012365587 3.583322092
5.163730503 9.401375723 -20.014118630 0.795023511 0.425847952 -0.160531796 -0.401024540 3.948650840 4.694489781 2.445016701 2.783098433 4.123619229 6.002009925 2.325914654 -0.992438457 2.000556581 3.584455295 9.668427020 6.393597817 2.245277063 3.707319731 1.420579541 1.766931115 3.472086464 1.473139152 4.606423313 3.339184978
6.814177440 14.808913669 -22.240618809 0.984203364 0.165674626 -0.059984657 0.017248120 1.445897346 -0.362691453 3.025740125 2.327264181 5.750891374 3.286511404 7.171715028 5.984249513 5.500495983 6.729333486 3.981307384 4.719663600 5.255832014 7.516157912 5.529582854 3.230144942 0.371272869 1.570528522 -1.195795939 0.076871471
11.545024016 15.587503453 -25.873633609 0.991298823 0.123753132 0.027942781 0.035085706 5.464291647 2.198587793 6.358214119 3.822914889 5.503009145 4.713310555 4.044664510 4.120180440 12.105793484 4.935055620 -3.791204036 3.691089063 6.787009409 7.395433993 7.411270456 -0.918524195 1.639958251 4.913199917 3.315867887 2.130581534
18.605967347 10.626727925 -20.472816040 0.896721106 0.368775577 -0.159845850 0.185324410 10.412052312 -1.499498037 6.222606030 3.798495471 2.449334476 4.243978283 6.819981016 7.303046283 3.265451931 0.760398267 5.080735698 3.349058950 3.632625024 5.211057962 6.723593517 2.863817021 6.294249070 5.813159035 5.460509861 4.144791644
7.769473953 4.118574416 -25.800996458 0.928395889 0.364463147 -0.071880407 -0.008994175 9.217372098 -7.539668078 3.014245425 3.956026045 2.480838243 2.334294629 8.278642522 3.120732745 3.401170214 8.275060628 1.497142119 5.083055593 7.417726092 8.411142938 5.312079788 0.451737270 5.296095955 4.152221233 -0.318875179 3.455051868
16.348367878 12.888410179 -21.556849179 0.796271143 0.417646717 -0.225748308 -0.374914908 6.041243470 6.632305682 5.684207342 1.809902736 5.644266544 5.498797459 1.807015325 5.747262459 5.468165441 -0.164166195 0.022629200 8.303438753 4.594842517 4.121823388 0.318260048 -2.464884745 4.535436354 5.206451253 8.973083822 7.003280792
7.600603420 9.661452483 -25.549961097 0.916032126 0.393125369 0.077092925 0.019856204 8.448712265 6.865876904 0.695623827 6.746651522 4.604765789 1.599023727 7.762244191 6.405154785 9.643393338 3.103056484 2.093826915 6.966358433 1.547893485 2.678094427 2.825098667 1.349390081 3.098385169 5.847866271 5.016821022 6.397357136
21.060679966 13.585783570 -23.801723957 0.915202065 0.256713851 -0.275763233 -0.143030832 3.819511307 6.563751498 6.460119181 2.993171108 7.479798709 4.156839612 4.282978597 3.595413553 6.278998276 5.985364645 5.013458356 6.362397198 5.517027470 4.164026461 6.069865150 6.351294817 7.418204587 3.485146166 11.204891140 4.421847560
19.922102389 11.878544999 -16.035714015 0.916825607 0.324499112 -0.165200563 -0.163828894 4.306775893 1.440704780 8.175666092 3.834572174 3.709366974 -4.905609810 3.345740586 1.114311679 2.526409432 0.674833822 4.474444483 1.969375580 9.344976263 6.064192408 7.900265635 5.147452814 4.317625632 14.121168367 -2.391710452 0.863384788
6.356115210 9.380170299 -18.530117729 0.918079976 0.340129938 -0.115382357 -0.167713133 6.339262139 4.476297916 -0.286940790 1.160249334 3.210629962 5.892703914 3.009079240 1.975974068 3.066004330 8.619488380 2.689179704 0.102192336 3.188269768 4.514567453 2.699984539 1.609967681 7.104983007 8.159075885 3.208786810 3.234016350
6.971620585 7.568428244 -15.821703251 0.810099578 0.455742253 0.064905810 -0.363077000 6.122289512 -0.614900865 0.689017593 2.291004803 5.802693774 0.488675160 3.003895146 2.536980934 -0.812681323 5.537946361 1.816690252 4.423189830 7.278432587 4.069924477 2.459030453 2.275452578 10.554014943 5.062060120 5.024095873 -0.722363425
8.768329966 4.583293314 -22.100767883 0.744750704 0.552324932 -0.228205199 0.296994858 6.383502496 1.296634523 5.492930935 7.466105562 3.826904560 6.340345240 7.489191939 1.474611617 3.787561134 5.963539463 5.278057635 -0.137286003 4.459348277 0.647171302 1.320474264 10.775486511 -1.391153936 2.908747844 6.215594563 8.254113592
14.259991365 10.384554361 -19.172667215 0.860477316 0.341398288 -0.241329787 -0.291180240 2.794239440 7.080787220 6.515647777 4.718157877 3.278368036 2.998588106 4.248073510 0.567759748 -5.070398831 5.642804774 1.770950698 4.297111081 -0.821602136 -1.222506233 2.614854394 2.886485660 1.363464933 2.631504096 7.466165437 3.369203048
16.608284173 9.152799307 -27.201614780 0.709171115 0.223563791 -0.615321207 -0.261677996 0.037597939 8.380128859 -3.907744924 1.863290556 3.760175629 9.657458645 3.683976291 -0.231912430 5.090468030 4.746797926 4.106563695 6.756679684 8.036915259 0.743927667 1.315675188 4.227656309 5.613687260 5.562260162 4.802656857 4.540195769
20.274022959 5.352759450 -27.448844228 0.872975663 0.357331102 -0.008102141 0.331907111 1.517536710 -1.939196784 3.658319692 3.772754848 4.253708067 4.728959926 5.219880517 3.254159022 7.889250141 -2.686122308 3.256159919 9.570848029 6.323097224 5.100492655 2.269102122 3.235477714 0.223509030 7.028892668 3.269090778 6.751708210
15.655073918 9.548674561 -23.892222720 0.939936847 0.229792012 -0.231419810 0.100792990 1.051311740 5.028557887 6.599823498 2.380073986 6.363766872 4.490705916 2.886176121 7.586857588 -3.166233285 7.741392651 7.245284522 1.865827761 11.678015648 5.749668509 2.777910075 0.388317972 1.979907651 3.907727129 0.770930583 3.747756719
18.421785344 2.489235544 -20.231402874 0.727473847 0.506849212 -0.305156316 0.347513023 6.820106430 1.283333732 5.854023867 -0.318711724 4.076497352 7.664371903 1.044516225 2.741678722 3.512096779 5.330038701 4.135052146 2.800618251 4.075859491 0.637002947 6.464968784 -2.710957622 9.058332424 0.954774549 1.002987793 -0.426716741
12.280607900 7.762964832 -17.262421417 0.862686528 0.380357596 0.124065770 0.309366672 2.535615740 0.868092529 5.337992298 1.751721190 0.260214016 9.033118446 1.765204047 1.723166955 7.272623484 4.163615929 2.762795398 3.937912089 -0.773223262 3.156666255 -0.573306895 2.559634309 4.882781130 3.581891428 14.398031351 0.717612783
8.506286093 2.970244639 -25.852241061 0.888593916 0.292116450 0.172216105 0.308885812 4.911001050 1.174020768 7.720158762 3.543532390 8.800769920 0.979861138 7.068643634 5.171759047 5.425478175 6.048870717 6.470257463 3.068909607 2.516754130 2.576250621 1.673633589 1.252252788 5.328114042 -3.410976788 -1.355510892 1.907359587
7.952053096 15.619553433 -25.851026718 0.985341141 0.124216419 0.088147111 0.076832311 0.738128021 1.395610516 3.598565874 4.144951988 6.665032406 6.828345446 6.043840801 3.981602038 3.391234592 3.936614565 1.483460051 5.585997123 2.397441580 8.147905061 0.274456826 6.660975110 2.129598067 3.871839403 7.534776580 2.469000239
9.318057515 0.630307286 -23.605204986 0.728023494 0.297228822 -0.533672518 -0.311175935 -2.575109311 2.985452449 3.064979883 8.583320030 6.051238380 -0.725807727 2.779744250 1.457213158 9.051346733 -0.247920353 4.742251441 8.266678460 -0.384458958 5.039212008 5.340865430 4.575143634 3.830956740 0.439077077 3.182328248 3.638059534
12.067751396 16.334057621 -20.718212328 0.768637825 0.613464278 -0.110530396 -0.143668041 -1.798333748 6.014589217 4.948229746 5.302755000 6.797139527 2.511215585 4.380572833 4.316673422 3.752715948 3.715720158 4.327965854 2.879465182 -1.650603299 9.463721041 4.798049445 1.852187509 6.460659423 6.815200055 5.968795816 1.592446256
15.487111882 13.124201155 -28.738855415 0.794243875 0.407110562 -0.449445755 -0.037896841 1.650668448 3.009979099 -3.237760016 2.292251188 7.092118678 1.606505263 1.031295518 4.062043223 1.624551626 4.929229227 -0.167936502 3.958800225 7.036021500 4.346313214 3.842012166 1.356715492 10.999713325 0.833622343 0.489447729 1.618560518
10.637886119 16.629370262 -19.358474775 0.880743364 0.473443046 0.000294785 0.011946671 5.073216644 5.439451136 -1.036922668 1.551723347 6.422391384 1.015318098 -1.264867041 4.615036725 3.971797145 4.212652894 1.994958649 1.525840209 7.453611376 0.226456920 3.455032070 -0.677724670 3.084140126 4.751812655 10.674621680 5.120546779
13.465665596 0.992326902 -26.775546839 0.994637134 0.014061385 -0.101876230 -0.010976430 11.344214476 4.463961873 6.928964381 1.111347081 6.708486310 1.457898115 4.661102068 2.843564407 -0.564155848 5.685481410 8.176673215 3.956578715 4.940177429 2.966636838 3.123429998 1.237632926 5.459813894 2.589626529 6.185445396 10.677181837
19.247675080 4.365725768 -23.612916870 0.878802166 0.159287051 -0.304489738 -0.331089697 2.717779093 7.102644709 0.597486505 3.584705386 4.834816514 4.179874586 9.438019856 8.044924814 3.921519936 3.740628737 3.030667742 8.387541514 3.512580181 2.714618998 5.509030607 8.006265481 0.650936193 2.473895712 7.874107355 8.621431362
12.175009642 9.290615806 -13.862882178 0.822614504 0.325489595 -0.330677654 0.328655125 1.334943255 5.405265178 0.118066810 -1.211772086 2.231230182 -2.420426697 -1.005464768 3.942404840 3.481050026 7.481945945 4.433681519 5.831493829 1.595897009 1.827291858 3.063820424 6.156083785 1.963714375 2.728989749 0.564010343 3.804677524
10.823179630 5.973121567 -20.974501812 0.836696459 0.332679701 -0.434759007 0.015743463 1.564176917 2.861150639 6.624599303 -0.296650366 2.796268643 13.740839663 7.894653068 4.164910682 3.295554274 0.782086635 -0.575444669 3.039928128 7.262740348 3.174076676 6.981614117 7.105280218 5.963976073 2.306929056 0.907509978 3.756372013
13.245439106 14.312770970 -19.732562083 0.875861483 0.432940727 0.056780617 0.205438436 10.311796053 -0.254578015 0.379204356 1.738092324 -0.275939432 6.351252358 -1.095686530 7.481899209 8.555109783 8.229299316 3.065683813 6.123100577 6.627492195 3.392684625 4.041939629 6.801302296 6.096200039 5.919064700 5.634170768 2.186204828
9.297528673 6.916448663 -19.782733202 0.998376883 0.054825187 -0.005019229 0.014581029 6.814238461 2.852624817 10.358490739 2.845263771 7.506982952 1.129952468 0.407003263 2.242329971 9.372867317 -3.008865829 8.880539448 -1.510446759 8.419763688 5.741088839 9.004458025 3.806311143 5.925057705 0.877254091 9.034961986 4.626484602
20.614685745 15.119133524 -24.193732052 0.912241841 0.287806631 -0.281923362 0.074171326 7.012925237 5.147425781 3.283553021 10.726209899 3.170244554 2.236245013 5.790535610 1.912501957 9.266553941 2.264704965 4.195203641 5.405367310 5.216541982 1.201572392 1.328699531 4.044646168 0.571507465 0.049948430 2.046593347 2.166541948
6.146116877 12.069755704 -17.565782899 0.864789957 0.489740726 0.109158209 0.019412310 3.817236838 3.028695830 1.947527715 5.348276250 4.999307554 0.337890640 -0.235764203 2.228739046 5.811172358 2.710292415 -0.168666100 5.410458209 3.818541241 2.247871890 3.084309525 4.082284711 0.040835957 6.032174934 10.357025706 5.301460519
12.151946249 12.197662794 -14.582743718 0.751425467 0.568579241 -0.330113687 -0.055698900 4.308950657 1.207052070 1.679541439 7.441756423 9.305628819 5.230042434 3.514079409 2.684800722 10.746886647 1.239635478 3.248727269 2.818154059 1.994828422 1.887839028 3.771173099 7.216670363 -3.445934533 3.642031232 2.384032866 4.669819617
16.814712268 14.967096279 -23.418533645 0.988648001 0.135515943 -0.055274294 -0.033989870 -1.097549838 5.332584107 8.036950605 2.916920129 0.080750063 5.792098554 2.774496295 2.741762975 6.016616697 3.922391993 3.022886786 1.695386701 6.549801348 7.022717224 4.567233593 9.082507115 2.532888646 6.174199797 2.057008400 5.808409333
21.092218559 4.030252587 -17.569397186 0.733041943 0.494386404 -0.424540183 -0.194928774 5.103967406 3.797152403 3.536588340 4.132448301 -2.138336130 3.510638015 12.987583602 12.074499992 0.933530917 1.027920440 2.683099829 4.241554750 4.012269123 -3.166496647 3.037354021 6.301667288 2.643594497 -2.716162358 4.663756695 -2.067238378
12.210995132 16.968517674 -24.003572746 0.973913636 0.203764076 -0.099748061 -0.004770229 7.713098230 -0.558110561 1.229238090 0.437457025 3.365044229 5.408077129 0.583643314 10.553721828 3.545686403 8.236803522 1.007876410 -1.312560511 9.722922550 3.156831726 4.632135987 -1.054977910 -3.609823826 9.811647543 3.423872561 6.057894165
14.793171459 4.542509888 -14.316131374 0.885477840 0.365453455 -0.182704267 0.221341178 5.048161603 4.891047235 1.136167216 3.351871552 -5.371321521 0.515795836 0.964001849 2.331089100 2.939887134 0.578010011 0.357038757 7.746967105 7.246876871 5.155697853 4.569283103 -0.436224815 1.711410108 3.174594767 1.674784928 3.189981928
11.060003769 11.389319630 -12.964368661 0.748582268 0.553638671 -0.327667664 0.160445358 4.849727649 5.208183800 6.264055087 5.425508458 0.151949168 2.052239293 3.232456601 4.279001291 2.980383011 6.374093124 6.984580664 0.811225752 -0.422851130 2.085565475 0.776656543 -2.184536035 3.927212272 6.059209757 7.780857465 2.635664665
9.343764317 8.660663683 -17.463691970 0.842057032 0.331774898 0.057282298 0.421407297 7.699790494 8.246014442 0.923073989 2.293795415 2.258000348 2.259917775 1.188579974 5.716662286 5.032148385 7.103414024 -0.066514818 6.750140256 4.183411415 2.054471021 4.198519156 9.980575450 8.399689229 8.044582724 3.531309737 2.296259142
15.186804228 13.351337055 -19.873184795 0.893551306 0.362765768 -0.063479840 0.256782730 8.679810936 -1.535127313 6.792522793 10.411730875 1.743821160 0.797659426 5.408395873 1.909362314 3.835415366 7.147097040 1.812919914 6.240857231 2.513054013 8.628905962 6.609975463 5.539633190 3.919844716 7.153603158 0.077418186 3.139326045
18.290054398 7.474031875 -25.073136746 0.839335453 0.307540653 -0.445986371 0.045065513 3.463093194 6.521046221 3.349551021 7.816810950 2.567164354 2.979013790 5.022297854 8.481999636 9.832156431 11.654501118 0.078358827 2.928730665 3.314236318 8.206076269 4.407291064 2.829756231 6.798817927 6.332310904 1.554784911 4.826890622
16.517720114 14.307841120 -26.991534190 0.815045889 0.411011734 -0.406864278 -0.035085801 6.347757127 4.099498821 5.510625638 0.658634474 4.707264993 -3.254335158 8.505738596 4.458418651 5.067082689 5.976904669 0.176482926 2.148750903 2.402766667 0.949148933 2.492666871 4.568455980 3.508167026 3.865048409 6.564334170 3.851778165
6.959124204 12.004100251 -19.885862073 0.854264134 0.468706230 -0.126796626 0.185660645 6.960680205 6.667627304 6.551960351 4.391830551 6.111960482 6.368826921 4.452953898 -0.253740965 6.551164286 5.858446260 3.333187621 7.615484674 2.942533259 6.283021110 2.434636670 1.175641607 5.666340463 2.502290071 7.220678784 -3.750323842
12.358951286 10.397931574 -21.328008597 0.881288150 0.430432616 -0.081222941 0.177374725 3.235665522 9.073648046 3.182243370 2.291015772 4.554424647 2.139772138 1.801584165 4.305285438 7.584795183 4.655979952 3.006726230 10.129015869 2.146132265 5.814879725 9.793641375 2.049088849 8.289026359 6.203098760 0.700125209 0.790013778
18.731757284 9.610142566 -21.643737146 0.827451108 0.509841064 -0.235343829 0.000188143 1.077629768 3.515985272 7.690613853 4.511952212 0.064881278 0.013709050 6.479852307 3.250277908 6.363907244 0.115629361 7.070360756 -2.535539658 5.022548736 3.748810911 6.527286834 3.110195372 4.805334183 2.463344501 3.997279248 6.504784246
11.266820545 14.284215766 -16.661669952 0.930409755 0.336280031 -0.145337880 0.011416130 6.912622265 4.272395586 5.600911785 5.550082314 8.090793892 7.087623099 -2.520296190 3.162753547 4.365100665 4.774489566 8.658823826 1.942152545 3.402119460 -1.455087909 0.801643138 5.818913161 6.687042962 3.878772057 3.017614300 -2.353999893
16.231810947 12.951047848 -16.813315035 0.861608125 0.322551028 -0.223327614 0.322051316 2.918512506 5.226919566 3.922921727 -0.180222866 5.141248348 2.667252877 2.514184884 7.468914252 2.813034537 4.384103498 1.083095267 0.606492056 5.380850356 5.952265320 2.889181779 4.659853163 1.565830971 0.337772936 4.441327287 1.430038046
12.734214079 15.327078416 -20.195123388 0.734232219 0.529446010 0.146332206 0.398969744 8.003811838 -0.534727166 6.193907483 12.278633019 -0.186195993 7.959194957 5.117413732 4.906651871 0.408565217 1.465681241 8.555025434 9.927789235 6.075816524 5.048090680 9.632787483 6.154435616 5.287225853 1.769512041 -0.927426538 1.680450442
14.589758879 12.623728055 -15.405395468 0.873873688 0.392146267 -0.092769672 -0.271955640 0.200900880 4.703517253 1.282611315 1.393206307 -0.370529890 2.600477268 8.662046385 4.175470194 8.005657526 6.733948478 3.305490480 3.812616188 7.082727485 1.891673004 6.413561250 0.310921169 7.529968023 4.247025626 6.782037085 4.810406351
14.805431611 14.649780090 -19.574397182 0.866871350 0.456767455 -0.134525840 0.147649426 0.273199773 1.183112436 4.988920359 7.615445259 9.181169132 2.750402538 -1.642409391 7.317298451 1.160378374 1.224104238 3.797929935 0.547140768 7.446709189 2.885690298 4.701594174 4.528373993 7.969146038 4.245224747 0.699315832 0.747076347
12.098677651 12.705795362 -29.947686899 0.951018327 -0.005097204 -0.218034693 -0.219086817 4.740455770 2.601173433 0.296054765 1.735244243 5.585243011 5.428144253 3.086574258 1.466607572 2.792375744 3.670788153 6.432755152 3.996404794 2.190841724 -0.449114250 -1.399068991 2.923519369 4.928945113 7.816264495 6.466401832 0.725834642
22.440455583 8.802125912 -22.335775754 0.799915190 0.184344487 -0.527689503 -0.218395485 2.424229222 4.805073766 1.013856550 2.109817770 2.815895215 8.566805053 -0.335725865 1.182124486 3.677693537 8.557337003 2.113851933 1.645780422 8.524738365 5.464664412 8.335589508 4.847463445 5.299363013 3.246545560 4.846938365 5.644600308
17.101697506 13.309582771 -14.918194991 0.845582250 0.461621616 -0.210451824 0.166151052 7.352516094 8.244160028 4.125156737 2.498275971 4.987338564 2.865746106 3.655004454 2.760968383 2.095571351 0.413844512 6.691156849 2.978325871 9.609913408 4.807497660 2.831254321 2.236373875 4.938933421 3.674259677 4.045841801 4.835893760
19.242925866 3.731955491 -24.009970275 0.916617341 0.313076016 0.103174775 0.226165922 8.133436317 3.647384558 2.677623309 1.622544834 -3.812695240 -2.217327688 2.597838980 7.763008384 1.781236044 3.382412864 6.814239289 1.957757457 2.272811051 4.556976121 3.562650750 1.859310123 2.322938145 3.169425243 3.429588868 7.225785899
5.230795091 8.166014931 -19.655180198 0.781230552 0.494805455 -0.331283681 -0.187343290 5.991795849 -1.580214072 -0.728157405 -0.259307303 4.690432828 6.219763725 6.102232581 7.811070380 4.869257532 8.841348729 -0.802852380 10.066822138 0.729171415 2.908082947 6.392414400 -1.810128655 5.089612363 7.473120118 5.167950776 2.792050683
8.910228133 10.914116811 -24.499791955 0.757121578 0.558010313 -0.145215378 -0.307089401 1.147562227 0.954711276 5.856613702 4.397054494 3.273937164 4.752048700 3.550269294 4.625731074 8.951972317 7.793389593 1.936246305 2.584553982 8.201302525 6.986665772 4.077251204 0.410503057 0.135034746 4.899216414 5.307157952 7.925319676
5.838244255 3.253654106 -21.815973841 0.975332301 0.190176797 0.111990155 -0.004230196 4.207272345 1.228265643 3.821146002 -0.351962068 10.583573119 0.500185635 1.462669035 1.166448517 3.639594736 -1.644913015 2.637222786 1.955270764 3.636969027 7.811827131 3.088175398 8.988747993 4.848674458 2.151550573 7.249048366 2.893756958
9.394651751 6.055796419 -26.519110637 0.927875961 0.337611125 0.024697812 0.156380778 6.289735799 5.231919426 7.128311773 2.520124104 5.975139390 7.179178052 8.316122005 7.008648294 -4.051277315 9.565616390 7.144156750 3.828210313 3.863437766 5.839491833 -2.235777927 4.931762762 2.074442074 3.414974059 8.728892794 1.475440709
12.341392567 12.059431753 -12.759002784 0.810652804 0.436210729 -0.370556333 0.123491841 3.470059524 5.754508899 4.696829664 5.692874340 6.755368083 2.757005466 5.896509480 6.083109488 5.073295239 3.945717182 2.233747384 1.620228930 2.819212380 7.848043575 1.175304765 2.264858641 5.297391579 7.261967584 -1.165614127 4.545920978
13.495296684 13.496370434 -20.523358513 0.889900016 0.356265204 -0.168241523 0.229886614 1.138547200 6.817747476 7.581493501 6.105896829 3.146535179 1.104299881 6.791986572 3.051990945 2.087062401 6.173072859 3.989081571 8.264850903 5.516631503 1.782799315 2.769380295 3.556917588 0.565801334 6.975356496 4.894384615 6.120890381
12.388227243 17.927691790 -20.894403592 0.827284244 0.409176995 -0.152928191 -0.353253357 0.718200055 4.534192093 7.340390116 0.255871506 1.108923694 2.272380147 10.589074516 4.508024434 -2.739193319 3.397476765 0.537973939 6.133348635 7.886785593 2.416381643 0.736780644 3.434088223 1.215158215 8.775832667 6.398764395 0.094517982
5.699818276 3.539466047 -24.288796876 0.731724398 0.670807679 0.036325341 0.115225569 8.351230073 6.103505065 3.801662901 -0.240684830 3.593766810 -0.324772976 3.657068151 2.513565382 1.638599166 0.579102516 5.920637912 1.801793348 4.348193814 2.396858620 3.728054167 6.214261783 4.540671368 4.816469369 4.610282613 1.703426363
6.930976078 11.340651803 -17.592173815 0.894394595 0.364391484 -0.116466467 -0.231760041 6.110914402 2.607673692 4.764668892 2.291130710 -2.262587729 0.061059874 -0.042908483 7.671649140 3.567183039 0.234752061 -2.649468974 1.421284620 4.623841478 -1.080926118 2.823907962 3.927163350 2.766948612 2.268179413 3.707103992 7.613172631
8.210240704 5.902937148 -14.090256513 0.930035014 0.313914620 -0.121615888 -0.147316190 4.825270443 3.433878434 3.021351715 9.093955679 6.022328853 -1.941276445 3.461879762 -0.767413170 -2.676235653 8.632415160 -3.650588373 5.810777441 6.094742469 5.063344466 1.373528806 2.196975759 5.513144312 2.614821084 0.361916425 -0.602672271
13.762394006 15.347705561 -26.128402576 0.880222684 0.323153037 0.085427907 0.336871213 1.960043322 10.097354720 3.164460506 -2.227479207 -2.655401027 7.038314123 0.515687206 2.341791183 4.206072920 7.308000228 7.462868316 1.477523064 7.154456340 2.815745378 1.186186407 -3.480308824 5.343866038 0.466980194 2.222622796 9.313457645
9.837034375 10.014808529 -21.797081133 0.876053617 0.408004971 -0.151120215 0.207905471 9.108004661 -0.760499856 6.104972416 1.822157718 6.937766442 3.035935156 7.760123082 12.276473544 0.144344095 1.031162926 -2.471199902 6.172418558 -1.637068069 -2.304658527 9.598524955 0.581939083 -0.823956666 1.030816884 4.537218696 5.449650407
21.661712758 6.572894105 -19.274304730 0.790699687 0.301549144 -0.290714150 0.446483372 2.274628151 -5.517232352 -0.405415279 -0.831811298 4.017468408 6.242741876 3.775334160 3.015141160 0.931761348 2.667826384 9.488805691 8.194886382 2.412437099 3.614087269 4.877224011 2.169115215 7.594462008 9.052324613 1.783857831 4.425608437
12.423226852 3.801107629 -16.348654593 0.795171153 0.421977439 0.011953282 0.435310231 7.299854753 -0.946917527 1.605695718 2.484289096 8.276899348 6.842398074 3.505298463 4.043542788 4.464064810 7.698238635 8.175234861 -0.434604181 9.182033549 3.394455201 6.237515263 2.764859246 -4.612427948 6.004503843 4.414761987 7.651280587
16.649923118 10.045152658 -18.468613848 0.861896837 0.348077938 -0.103756162 0.353850604 8.203343297 6.377087232 6.700615045 0.840170753 4.693815410 4.662512146 5.194331879 1.151939286 6.697287229 2.030846523 9.408783358 9.839876860 7.133258918 5.116535156 4.324422427 -0.186571092 5.227973637 6.333459037 4.320186843 7.436108867
21.544032198 12.195481345 -20.207864713 0.875916494 0.336929148 -0.310565972 0.150989476 6.896033974 3.734274437 -0.101582128 1.267313690 3.976809649 0.981205858 4.735406737 -0.575812640 9.588746266 6.830683484 6.310794977 2.521838126 1.193634599 8.444184743 3.518251901 2.973410667 11.867602477 0.889787239 -0.585951348 4.031997692
12.283211743 4.957426238 -27.314306082 0.944947948 0.268822731 -0.130263760 0.133562972 5.089515855 2.308576804 6.186004563 5.715958419 7.483461744 0.757349998 8.961627237 9.553331668 1.237246476 5.921402450 2.597949836 5.370069071 1.732577368 6.669245750 -0.396551274 4.257076454 3.577240731 5.922855073 7.235219064 3.404466132
8.165840399 11.893397712 -16.476958342 0.948719848 0.268766232 -0.162255721 -0.036992485 1.903620491 3.542940913 7.467164412 -0.362554270 4.473544318 10.495841547 2.778915577 1.984642431 0.392399837 -1.558008292 6.540807363 7.443208622 7.070070073 2.518029020 2.055094489 7.715654789 2.047413832 3.307604158 3.774750888 1.079123811
13.342767792 11.835809913 -18.885607804 0.802646186 0.578680942 -0.143158132 -0.019829699 2.447095357 1.205381925 2.370213576 1.335097593 0.678650466 11.691697186 6.408888203 1.121560450 2.038752417 6.475657829 6.230338313 3.311139507 5.528911111 1.353239760 1.816985194 9.462482147 3.049018531 12.623245817 6.975949271 5.802127894
22.125998632 9.588289585 -17.449991708 0.846360404 0.287696850 -0.293161260 -0.339059086 2.775609027 -0.900846228 6.481069320 2.141063193 5.809345697 6.605128301 0.667672418 8.432495494 4.026986011 -1.236482340 -0.473594765 11.952974471 5.386568585 -0.834059387 2.606777381 -2.345973541 1.544263595 2.371357486 -0.314667275 1.934350760
18.119779442 14.429297254 -16.294182482 0.818959316 0.471878814 -0.200295679 0.257910189 2.018542895 3.274954267 -0.577618227 4.801384655 5.640561961 4.889052075 5.310862964 9.967111185 6.506465218 9.163124686 2.118883716 3.592819641 5.113826937 6.503595679 5.359118062 5.818116164 1.469583569 3.461235245 3.353763732 -2.846529434
9.483129091 10.567877926 -19.046650017 0.818887545 0.569418543 0.057508165 -0.043341924 3.731779933 5.506661197 2.691037166 3.668750519 5.786616478 0.788114630 -1.448750867 2.264867070 3.955393567 0.397272204 5.295794548 10.718223886 2.266131173 7.782025549 0.150858923 6.942533411 2.930498244 3.168015818 3.754099122 3.960632010
18.634803627 5.952234178 -26.716130541 0.740059045 0.600486182 -0.302137709 0.021018098 1.113072669 2.981829653 -0.816555830 4.921582403 4.055772449 4.746317875 -1.381399564 2.328376100 5.709217421 0.242120912 0.968387883 1.832147675 -0.636807633 7.344761306 1.734711555 3.620447229 7.282109821 4.024759672 11.429097062 3.723432386
17.436773434 5.143079820 -24.328644900 0.967210421 0.061458594 -0.168822897 -0.179515103 4.713422721 2.471372300 2.078710559 3.873150388 -2.669959048 2.493521675 4.564855915 -3.061413545 5.643677463 3.521018355 2.493183418 7.323750233 -0.101284492 0.344699531 6.163518264 3.957146878 5.599196163 9.749793648 0.212941939 1.391715191
7.102974644 12.400742683 -19.517011096 0.809219296 0.508267612 -0.127196969 0.265798979 7.721137694 4.408904175 3.002077001 2.517190368 1.284060833 2.050932856 2.121526780 4.235100080 0.472191785 0.667587844 1.792879706 -1.056706944 5.073149166 1.131512030 4.471712437 8.044568634 1.801974033 7.937099598 2.456819723 2.649636476
9.562529932 7.283081714 -18.496459931 0.877981187 0.354762671 -0.107177333 -0.302994228 2.062602470 -0.920152022 2.444553274 6.469271642 2.429906589 4.105238080 2.088715178 4.671276225 0.737630049 4.287407866 4.837173314 7.044123494 7.230814150 4.522060454 8.265196506 7.184043226 3.615436358 7.166949917 6.481343036 2.513145338
15.436795592 8.926431503 -15.017183928 0.854178567 0.408303463 -0.181699315 0.265805598 5.684700540 1.391162235 0.779725669 5.129512303 1.235443412 8.921981571 1.973865733 -0.189431978 7.412777675 4.359639792 3.706248443 -3.544164085 3.505743630 5.674402044 6.274685657 4.306022242 6.509106697 -3.264894169 1.357496504 2.055076709
7.628346553 9.926673754 -23.415481275 0.745872619 0.392947138 -0.454495268 -0.287577178 3.542762955 9.260118554 2.794690790 4.011175429 4.733225628 -2.340837526 2.929999769 5.302944538 9.766663817 1.834675996 4.817626271 2.202031463 4.013048509 1.916486628 5.595118352 -1.657743079 6.212073683 0.004432780 6.643215390 10.192159653
19.220941242 11.115757303 -26.875941472 0.792720511 0.462550793 0.050670227 0.393793707 5.808705106 0.453917633 2.597724247 0.889652840 -1.372199042 7.514329406 5.421988473 1.688397954 0.305091144 4.025972886 6.504426967 6.261970566 -0.520984593 -0.362496170 4.422074016 4.454157789 5.090958252 5.322679862 3.016350904 10.641162908
19.624146412 6.043981723 -25.445069607 0.754357105 0.435541676 -0.339945866 0.354521670 -1.085386830 1.681207605 5.632662821 -1.529711635 9.069825642 5.173424710 4.541218558 1.439608861 3.496072790 7.914475154 4.926108081 7.114337338 6.308008111 0.375616111 4.425258814 8.647788375 -0.562856942 2.015405669 0.422322579 8.717639841
8.495352489 7.826689671 -22.173572815 0.938356951 0.282867441 -0.140849871 0.140119795 1.336005173 1.928052432 1.728308145 0.632944704 -3.896479260 2.281120998 4.148145095 2.572500568 8.153548372 5.790642846 1.447672253 1.145311054 3.688719346 4.523521086 2.827661663 0.736654230 4.795605306 3.766196444 3.882227334 2.786881706
16.811351020 2.737240188 -26.249658197 0.919792818 0.272640709 0.017243234 0.281692893 7.271006313 9.342904001 5.376945077 4.164010028 1.426843059 -2.007868475 6.942760175 5.332063766 -3.509717603 4.731876868 -3.348436038 5.290494378 1.451496830 4.241800180 3.143348403 0.991365283 0.571804305 1.195868260 5.388650253 3.213992062
14.606250567 13.773737487 -29.123728587 0.954347784 0.258049232 -0.118465042 -0.092719655 2.141389227 6.174708475 10.038686468 2.772329140 1.916153034 1.696663589 5.642621078 8.947446349 5.658433085 5.486631961 -2.657950707 2.155495393 -1.395454913 4.699837897 6.901896345 3.295941742 4.269635093 -0.269244965 1.103036395 4.397836310
10.348497587 11.375003997 -25.022250619 0.730692501 0.454084555 -0.336256256 -0.383180657 8.719914880 8.741914616 5.394781736 5.348494298 1.403586693 4.136967704 5.593210826 3.645101371 1.778760348 0.621548847 6.630143087 6.781647197 3.400597417 0.767469738 6.314455020 3.921908395 4.189652436 8.570845597 -4.794183947 7.511799674
8.896831758 12.285600541 -29.446597692 0.902111270 0.430750318 -0.025472993 0.000740094 4.167111618 3.914068261 4.449854138 9.965081153 0.790034060 8.556108710 6.917862882 10.097805917 2.214711727 3.039222756 7.520872121 5.186575812 5.476041512 1.799460239 6.493040079 6.432725414 -0.288285493 1.376249475 5.907164817 7.549730729
9.114805758 10.978489838 -22.326815723 0.793938755 0.581406825 -0.145600663 -0.102116615 8.063109775 6.218066876 5.562347025 5.210338737 1.857082444 5.002474572 3.331398039 5.991908064 1.087572092 0.768354238 4.059628049 3.685336860 5.572463146 1.157508599 4.806038151 0.379004119 3.018790911 2.740496382 6.373952786 1.967791980
12.022350043 12.210396185 -15.316376472 0.953093542 0.300583795 -0.004267976 0.035268509 6.342216327 9.486076619 2.607354345 2.440359381 5.800542456 -0.345152898 -0.340826982 7.910284927 2.960691023 5.046134657 5.087857359 2.058676394 7.633855700 1.124288039 5.890147504 7.626483021 5.861002008 5.593554366 0.088379459 4.520628481
13.474899123 5.484735406 -14.642548651 0.837489267 0.385129631 -0.319518179 0.219533663 1.031790476 6.305647576 2.890437366 4.001098920 7.071297376 3.772590389 5.155949141 0.836143121 5.475900130 5.127506847 -1.678201370 8.034645872 0.594328704 5.818765363 7.302026404 5.158682369 5.282502259 1.813383345 -1.661519944 8.651477902
13.732522998 3.536554920 -16.383097151 0.913175805 0.378644741 -0.149309191 -0.021092035 7.683198028 5.797895015 7.439542357 -2.679958364 3.699571610 5.479847208 2.951414438 -2.439161004 1.034263357 6.060791824 0.870085082 0.475321366 3.027950012 1.374078266 7.748332974 5.889492837 5.858577148 4.275521059 0.419675333 6.568162293
15.702973303 1.128963459 -25.857540652 0.994375188 0.049946921 -0.080258485 0.047768891 2.579525831 4.479585883 7.662388699 6.097096602 2.622294184 2.977732402 -0.152715244 3.516646222 3.352404022 -1.182465709 6.028566426 -1.365402397 2.459135272 5.608612546 5.621916461 6.563095194 8.999232392 5.606976403 7.004412604 1.594100945
21.567694182 11.485357017 -20.958748311 0.924562483 0.277241517 -0.230069835 -0.124053325 6.692325064 3.891140715 6.409379483 10.120983941 4.642713433 3.052398572 1.438731722 2.222354119 -1.463295082 3.906771954 4.982524824 0.380771104 5.767955724 3.548658283 1.811109228 1.324801408 8.758925143 -1.830605475 6.373327006 5.204269965
14.935864317 7.709707428 -27.583247489 0.818958100 0.448259092 0.226343190 0.277741205 9.574406523 2.282715121 0.549597039 4.714891230 4.125132921 3.682091855 5.565586072 8.380641253 9.108761610 4.224382305 -0.783580035 2.374869873 5.760968480 5.301604203 2.589620812 4.283008691 5.173172096 0.146308988 0.176535825 -0.084294404
9.154471423 15.206501465 -19.770402338 0.831182332 0.400734128 0.185984537 0.337576425 0.843221306 4.884925812 3.422554541 -1.708785632 9.324338582 9.288247695 3.814917707 5.317409319 4.072720916 5.292947620 -0.094976897 0.280393372 9.038663513 5.594316033 9.072514424 9.386964434 1.731161048 8.393586614 7.871114626 4.220678829
17.517688357 14.106236123 -22.475132055 0.983067367 0.154467453 -0.089146823 -0.042085645 6.394851009 2.790648191 3.566857916 8.435349496 6.316368193 7.010480144 3.790783627 2.325786619 5.031122614 5.919630818 0.402166505 7.248495068 5.824348992 6.304941033 -0.065646181 4.672834018 2.813003008 1.599124468 4.637796748 6.879611409
12.259321270 14.001479283 -23.017669836 0.852504888 0.461797836 -0.243571993 0.025511925 5.693781858 5.749484799 2.127331348 0.963257333 6.948945391 5.015308477 -0.530309496 7.747504764 2.054121550 1.402945526 7.498655513 1.919359679 2.024981247 5.360952759 3.904008691 2.223889402 5.048490100 8.130200660 1.862215379 3.744268789
13.357142469 13.099736696 -20.443300457 0.954593829 0.282363183 -0.052490239 0.079160778 5.329063718 0.871373294 -3.243371246 8.491664113 2.546263908 5.524922135 2.518015651 5.003714316 2.120364856 10.134944742 7.597272548 10.678120163 0.356117321 10.364151021 5.027060306 3.696470800 3.734411344 5.735188739 2.742189122 5.416329230
15.315662012 13.039291369 -24.410396774 0.761534974 0.428810084 -0.327339091 -0.359215138 7.025328236 4.369197962 6.219638869 0.600563956 1.507914736 4.291268323 0.752214236 7.571351529 3.481369737 7.367877972 6.371222145 2.944216138 5.505042401 1.981371739 -3.732577010 4.029255216 8.514488793 -0.118817617 7.021021843 4.043930433
12.466802241 4.750559177 -29.157694051 0.905161203 0.058990250 -0.396937368 -0.140157311 0.738935648 5.393744991 2.311399479 1.939826601 3.640860334 7.688871909 5.159413577 4.583040510 6.981264074 0.989177534 4.790037439 -0.211314040 5.655594472 2.031266674 5.811950273 3.139031393 0.203026958 2.299953381 10.584921596 5.535696310
19.289155235 12.660388992 -25.073298310 0.804877373 0.472121231 -0.301326161 -0.196154283 6.966511267 10.110134145 4.916493050 9.101245559 -0.391457203 3.264666803 4.675672891 6.635616227 6.459249456 4.957924366 2.521993577 3.286993492 10.698883821 2.972098588 2.752465171 3.487987432 -0.980554164 5.205684354 2.869160080 3.417525237
13.002217897 10.138451346 -20.341484460 0.907682143 0.235633768 -0.226096887 -0.263571721 4.651434507 4.432925482 0.300701687 1.616392730 6.543016098 -1.317273053 5.502932461 10.406417972 0.963015807 5.201847173 5.987457693 10.567812422 4.629635801 9.557325627 3.118082363 2.778065600 0.308721922 -2.317867373 0.862808560 0.880724189
13.457321357 11.540655188 -24.791508182 0.972076472 0.115877074 -0.134677654 -0.153302854 7.234541830 3.607466574 -2.516853821 4.158211937 2.932431382 5.342839756 2.450705827 6.370999475 5.886985073 2.240107581 9.219524845 4.012926020 6.013773142 7.958591812 0.730873335 2.356288697 6.812752104 4.562213353 7.888832550 8.443734628
17.316167314 17.515322274 -21.663543571 0.894501556 0.355111293 -0.229125553 -0.145823235 -1.378160562 8.289513190 4.823464372 5.436288352 -1.892785354 2.768095316 1.953198711 7.841969471 0.674762962 1.547588769 1.668153695 4.638803929 6.819555628 1.592484663 7.274403998 2.626154262 -0.727633077 0.243301422 -1.411737088 6.073642945
8.057766406 5.132184305 -21.616783916 0.882571940 0.349269227 -0.101858458 -0.297829873 0.749081707 5.504558347 -3.176023133 3.390474473 6.491837973 3.509283060 2.827113135 4.673017392 0.024107980 -3.625243781 7.679029256 4.805814233 9.179195554 2.424330480 1.346716090 5.240726590 2.927162240 6.706849857 4.324933910 2.193058843
17.816583182 10.492948706 -15.879755549 0.866713525 0.336458529 -0.141036571 0.340164681 3.735971789 1.688278129 0.153121918 5.079472082 8.488783424 7.202881025 3.968385028 8.380348341 1.746168238 8.940960080 1.487037673 3.995393421 1.480718993 -0.459576425 2.360118963 -0.338087265 -1.726489042 9.593721627 5.177449538 4.425446802
10.009726890 14.466802480 -17.576219515 0.886294767 0.461506276 0.036405327 0.012969015 4.315890505 -2.112105590 1.927105556 6.875267470 1.106401695 4.200766923 1.192664021 2.559262095 -0.412132178 0.310157477 6.483203295 6.593432547 4.209010438 3.102150823 4.924752507 6.052765408 1.723537175 -2.344026236 -1.923857500 5.571455186
8.081574054 4.654841739 -24.226498292 0.988027014 0.011213864 -0.111364462 -0.106182978 2.639422818 5.834029383 7.282955227 2.383726274 6.213691378 2.053272541 4.709197150 8.873810528 4.065093780 4.612845550 0.871477998 5.724705013 4.483663439 4.007803990 2.790632941 1.195341001 0.684321828 0.240821002 3.711549359 -0.428418514
16.900906722 6.179418571 -27.697702755 0.979711803 0.081862664 -0.155101860 -0.096988143 9.350903692 7.622622192 6.060360811 2.838889477 2.862742506 10.044749804 -1.398745481 4.416485184 2.833118944 0.997071645 6.953518907 5.452853404 0.761676109 2.408507955 -0.239552245 4.251353075 3.558656590 4.038115736 2.514781448 3.083667908
14.822012176 15.392470676 -28.525405125 0.912453646 0.401303807 -0.079278138 -0.009928540 6.117609415 -2.395130995 3.188114870 4.578528490 1.008619648 1.488755053 3.096575114 3.946365499 5.373991315 5.318089855 4.088312993 7.385222645 3.053348999 -5.263580604 5.400873839 6.274067961 8.554038297 5.154663424 4.561758264 4.916347642
10.282745698 13.127956369 -27.266256451 0.714190403 0.604136700 -0.203691396 0.288895709 8.855124819 3.779136456 3.953945100 4.644515038 2.990436917 4.728212248 5.726007835 7.412155020 5.926049992 -0.625462641 5.292788333 0.184677955 3.816539337 1.881865553 2.815773875 1.170977023 4.721047279 3.802253249 3.746281614 1.396386499
18.491695063 1.988965320 -22.915290024 0.811914524 0.415252493 -0.408646707 -0.036987051 5.144330925 0.835759914 -2.446057512 6.290372832 9.442702111 3.468573221 -1.947294646 4.579069091 8.705462604 2.219991142 1.812335314 -1.701075807 -0.633322001 10.743168442 3.261725842 12.358139602 0.918493929 8.721158614 8.951398126 1.280195044
15.220057814 1.206662356 -16.410356695 0.916717818 0.321772288 -0.185152301 -0.147680947 2.586390808 -2.349860157 5.557704333 7.635793224 7.671883549 -1.134694215 7.453714264 5.968399098 1.727692142 13.164760870 1.950837673 3.438055238 3.682794301 3.414384062 -0.359452844 5.361880832 2.279240426 0.530002574 7.814162612 1.103026628
17.721607791 5.067899023 -22.292958432 0.910735005 0.272581861 -0.286867804 0.118185209 5.726995485 3.348882667 6.937169639 7.352535812 2.665038081 3.954083690 6.073311437 7.407928051 -0.360097331 3.694674397 7.318712874 -1.486154363 1.047695418 4.961481434 6.117196425 -4.374425889 1.822423793 1.301017412 7.504884024 1.299084736
16.899708216 14.133336286 -24.780687182 0.747986007 0.415166914 -0.348138931 -0.383344038 4.241565913 6.049197416 -0.458056218 2.544026328 4.728346339 6.520210408 6.775082691 3.320748769 1.745120894 6.319085011 4.126111252 0.964636767 5.331600066 2.168089056 1.155447051 0.561876800 3.440660124 7.977670430 3.162901823 0.692305422
8.016320575 5.881586260 -18.720011119 0.960402888 -0.004056776 0.197890951 0.196084183 3.007514607 5.777254597 4.556829479 6.822898934 6.486290160 5.655862491 9.547343479 4.711382998 3.782233037 5.238553714 4.868867114 2.555985424 4.032043588 4.267378591 6.243861937 5.334345406 7.916723920 4.714902810 3.771090948 3.997733648
15.636999172 4.432610695 -23.673160089 0.949371403 0.120139872 -0.290263539 -0.002725344 6.900011312 1.896625966 2.921370610 0.616079999 6.240112167 5.054349456 6.361798020 6.087719404 -0.201794650 3.066548543 0.329785070 4.279611175 4.192540704 3.763219670 0.938891416 4.632017050 -1.227958727 -2.404708618 2.831128499 6.161425650
19.396447175 6.215744322 -27.012361403 0.721513464 0.591701632 -0.210485955 0.291553020 5.319930203 3.221827389 -3.034257749 3.756077805 -5.621068106 3.246317709 6.187579235 2.256844536 0.661234087 -0.699331711 -2.919615318 3.025192522 2.751976592 8.767404092 -4.399486093 6.074656871 5.005514622 4.873457073 0.640725848 1.570783200
15.950827074 2.338858243 -24.222801103 0.820675032 0.271041999 -0.491343726 0.107750034 6.260158907 2.926892326 2.384338329 -4.141785901 -1.729479687 0.954855304 4.309164206 7.293735174 5.069902045 4.857196351 -2.363171097 6.282817099 2.388514097 4.852158504 -0.652145506 3.487280101 1.719814689 9.532141679 2.969224271 4.591631333
19.720187344 14.759639997 -22.505775910 0.861213530 0.466658807 -0.198800444 -0.031924852 6.623626896 11.096899852 0.949563116 2.147464227 3.232838647 2.221456644 0.728571456 1.345263256 6.733557071 9.366447848 4.119842991 1.129718639 4.159842782 5.466498560 -0.425932559 6.153955033 3.836421767 5.263431284 5.470861710 -1.170861238
11.355591381 3.715690169 -16.531530872 0.789857355 0.544522324 -0.153459753 0.236792953 4.078730165 0.192779554 2.257782242 -1.232628338 2.742621381 5.502353898 3.804057241 3.489793527 5.904416127 0.475427736 2.146506690 5.263766524 0.042891841 5.284881534 8.432529917 7.535412806 5.680452712 0.108948574 -0.104868723 2.514580863
11.120407314 15.973765164 -23.300718066 0.799181193 0.380512837 -0.354378937 -0.301554259 4.123328472 8.456537330 1.948065550 3.896153607 7.478707689 9.487527553 3.933228868 0.617661563 0.938332871 6.671393294 2.214277702 5.981594318 4.157435617 4.449077141 0.357994829 2.720998131 0.583386024 0.881584049 7.446635630 4.090545755
11.958304776 6.027835828 -17.398037274 0.788878400 0.426430037 -0.076751596 0.435818179 1.942041702 4.755584499 5.450115752 2.606276628 4.708992249 -1.056155636 8.560115858 5.101135314 6.622500202 4.972125715 4.918081786 2.161674668 4.776114711 1.072982669 5.324677227 3.799394714 6.831044240 9.550396333 0.397263025 7.639515886
14.459067031 2.656145264 -25.378652589 0.823906580 0.356844001 -0.440271473 -0.001155862 -2.146630737 7.270406904 8.895249343 -1.096615737 7.768788278 2.266784636 0.269084112 5.839320256 3.979131794 6.481366526 4.890695558 10.866211607 5.723476538 5.119947576 2.011658455 1.436185102 4.516198973 2.522066014 2.769276294 -0.032617398
17.187746616 7.238159587 -29.041564087 0.767854160 0.241425074 -0.585875260 -0.094149360 1.415313442 2.810443501 1.284669333 4.924512412 5.014401091 4.161506266 4.847383713 4.219749000 5.212124313 -1.516502824 2.945619995 8.609636842 4.888475245 8.077252284 0.102646826 4.038829772 3.318086447 7.198373931 1.839641510 5.873952314
9.806624695 10.683553701 -16.701162411 0.831938527 0.525147818 -0.068025473 0.165742543 2.506838235 -0.101638468 -2.196934923 3.665792709 6.838181146 3.357862775 3.072436769 3.641940855 5.652079335 8.342426262 4.659487366 2.610357045 7.119735969 4.377894936 2.425422151 3.038335259 3.070261014 -0.802594080 -0.128593815 4.112432702
12.109139257 17.130244145 -18.679616324 0.782883622 0.572005432 -0.241664467 -0.038746695 3.594207892 0.317791316 1.407333835 2.930829844 5.732655300 1.784034514 11.489534405 1.128054527 -1.324969608 4.737762484 0.523438403 3.356309996 0.866363003 1.422088532 0.916690102 9.247935248 4.319656263 2.465457448 4.999417117 0.949346431
13.299578808 3.199326411 -25.137604416 0.725287649 0.447066030 -0.374865076 -0.365466779 8.016137147 -1.343386759 0.467243319 -4.129329168 1.537955205 2.001864973 4.803972594 5.183867222 3.939773061 3.100856868 -1.200526758 3.762170780 2.106518994 4.585811777 6.438154501 7.321872035 7.022536434 8.578492827 0.425451645 4.770063293
