12.392334807 -9.481797524 -22.315361681 0.946520934 0.303529501 -0.072957332 0.081518041 6.171861623 6.961133477 5.086575326 5.509065445 1.235970227 -1.170386231 7.242814306 0.889193579 4.904622074 5.393655812 5.381975652 0.936729070 6.088159445 2.657953461 4.978307975 -2.912790477 10.714521728 5.736114287 4.177689187 3.985643239
21.163998319 -8.689098355 -25.842540945 0.981978198 -0.090803704 -0.165719411 0.003253022 1.913106195 2.888573003 3.260882531 4.674242297 5.555287522 11.469150186 4.394202434 0.405860604 3.120177447 4.146268179 6.543211351 2.326774334 6.183633292 -0.810215928 5.814493425 3.384738955 4.725824285 3.071475347 4.453499393 6.222402511
15.975376900 2.453010003 -25.057133387 0.907606951 0.318176845 -0.269748774 -0.047420635 4.452522347 2.103666644 3.791348565 0.981593725 0.679493305 3.745967754 -1.922271061 7.361032028 2.107338103 4.971382963 5.266439931 9.512167035 3.686863639 6.160642618 3.062990103 2.871332724 1.140548649 6.670900891 -1.667350157 7.826848796
22.228079933 -6.962698393 -29.531656258 0.998608364 -0.041495611 -0.005557403 -0.032071234 -1.535572524 -2.422588840 2.661582190 8.454061063 12.359830745 -1.945093165 1.750938884 3.967534598 2.999545398 2.964352727 1.944672223 -2.307163418 5.742620828 6.126322854 3.091303867 1.680611787 3.149588279 1.493814901 1.601577118 -4.698256443
15.014866522 -2.076758560 -32.387413289 0.724885462 0.097389934 -0.677161437 0.080676240 4.623395548 7.770621491 6.750067855 0.493350399 1.404428240 2.885673671 6.757206438 2.058021267 3.286912036 -0.021896970 4.352836946 5.425338864 5.742089917 10.384893491 1.575461783 2.563740807 -1.337315652 5.031017237 4.498963736 2.322321829
14.586290821 4.577352345 -25.439276756 0.938062606 0.254692257 -0.224019822 0.070608226 3.965220573 3.702202096 1.199542590 7.057458203 10.612360329 9.844486939 6.686755949 3.477609125 1.917655443 7.973033201 3.620182507 3.559260182 -1.808355287 8.015207250 -0.816432290 3.928352265 6.908058513 10.287318019 1.146386495 0.817486240
16.896926498 -6.906025169 -16.934750286 0.931483467 0.121348577 -0.341182297 -0.034752191 6.219669304 3.731907977 0.622686798 0.475624538 1.673882427 5.110348825 5.649793184 -0.224085191 5.073610928 7.457005896 4.319684943 0.835166948 1.648192480 5.702485666 2.960070716 9.154706433 8.441129990 6.290519216 2.438671693 2.974252348
6.420164550 -4.828670005 -22.407322211 0.938869631 -0.213340651 0.234084569 0.134959244 4.005778429 4.415239087 3.558869912 -2.113274392 5.201867178 3.405264966 5.348804810 -0.724909588 3.288474122 7.555330881 5.310649596 1.731476957 -0.324818292 3.171227047 6.343115919 2.687186888 7.342556790 4.673371851 9.068555190 0.870266754
17.980095744 -11.575450235 -25.866798775 0.913797358 -0.245280698 -0.278818711 -0.164535387 4.128622808 3.587866993 5.904454617 5.164171906 -0.158895047 2.171428729 0.710357782 6.723177818 0.794117048 5.782357871 2.622815618 0.324343708 6.848164271 4.143625438 0.576490784 1.691157608 -0.105460177 2.647729810 6.219562990 6.725686471
13.039373062 2.822704309 -26.162366850 0.972045007 0.226729537 0.044612505 0.041616642 0.972695265 -1.464363839 4.576049485 4.214431979 7.110052877 -1.040559368 4.675349437 3.436175843 5.321912076 8.675592108 3.082624955 4.973737552 0.325194124 0.260785285 1.802727804 4.903845308 8.644540796 6.829503625 4.012400964 5.236230686
9.673511160 -4.483501492 -23.926895611 0.955568915 -0.142958071 0.257404221 -0.013932182 1.203726677 3.193183938 7.258548481 10.323811601 4.897854018 2.736382023 0.777352121 -1.148407511 3.662691943 3.549489419 2.543825067 4.527578006 0.251334821 5.501382737 7.283503882 6.681484187 7.371074548 2.922498786 5.532910449 8.851251790
13.891121110 -7.810445515 -22.055104075 0.906175343 0.297099697 -0.283641865 0.100624604 8.607350095 4.288176374 10.436801995 -0.293126989 5.421435587 5.419605930 4.929428235 5.118241356 5.740731162 3.580162737 3.703361705 8.565401385 8.755050176 1.904018982 11.073769621 9.410849341 2.259127330 3.876940242 6.377701730 3.695596333
23.142721362 -1.506662883 -29.816373968 0.865539632 -0.017301077 -0.353764638 -0.354107891 3.391279518 1.698154394 5.980755569 7.078601269 0.937410075 -0.566308419 3.415379183 -0.680012032 3.027751588 1.908025164 4.760864728 4.779533389 2.774831509 1.648741649 2.859038035 1.682980370 -0.725007257 -1.448593576 3.147639162 2.369732035
15.787056803 2.096439218 -18.555407583 0.794237321 0.337509732 -0.497053677 -0.090619542 4.252223916 8.856834583 -2.719655036 3.225595881 1.846408666 6.587434102 3.403573650 6.917119537 4.401844882 1.202844627 0.429876122 7.808070303 7.425212922 6.937240310 7.306175212 3.717189509 2.856391929 2.916130373 11.321156290 5.520619905
16.121938321 2.168352358 -24.273875931 0.944789358 -0.311367675 0.017641078 -0.100558603 6.209962611 7.841098704 8.331990206 3.886973272 -0.334886081 2.644674904 3.341356420 6.337952571 2.020740489 4.199400850 0.024570261 7.259286466 5.702647338 6.001199562 5.219918090 0.762159088 1.635985361 2.743553216 -0.342003530 4.684042505
11.115663890 4.031569406 -26.435175545 0.731364114 0.369171331 -0.447406192 -0.358673612 0.326955960 2.116189586 3.192029776 1.318890375 1.178234276 6.158705604 0.152586929 13.832553309 -0.788150549 4.176116417 10.543179421 5.443776085 0.846982660 2.806655437 3.310789234 2.734171581 3.272467599 2.731547326 -0.862424048 2.489831885
8.498976915 -7.759125531 -22.068901239 0.890471036 0.013751196 -0.449528183 -0.069257867 3.547822011 -0.276732091 5.493848170 9.310970660 7.967582030 7.928729342 4.362128574 3.537445463 2.303719989 8.184550571 5.299413427 4.030152445 7.480835456 6.265323372 9.533140692 11.544344849 -1.983477205 5.201470607 3.269869944 1.797093757
21.388994634 -5.195965083 -27.731424120 0.759639119 -0.094467324 -0.643418397 -0.006090959 4.961844434 -1.232735611 1.253180185 2.325377942 -0.870767656 6.985770606 -0.102370855 2.756574569 4.306903078 -0.844061579 1.421165412 7.933455778 2.999922662 3.836718877 2.526280506 -0.449323216 3.449504428 0.299718804 6.359152375 1.661192580
23.040912144 -1.911679358 -29.840218536 0.968594758 0.175755177 -0.156978923 0.079321691 4.225995751 7.154640558 3.320012896 9.185201137 4.701188700 5.521203698 4.622607084 4.776709530 3.359620430 0.950979678 4.652891529 6.944797140 9.051527516 6.990556015 1.687764114 6.163247489 8.700751774 11.447832106 5.830257933 9.513746748
14.365790342 -2.452508784 -23.773396931 0.773195126 0.467549566 -0.423490413 -0.064981306 7.234315979 -0.421102053 4.845162023 2.347946753 7.805314607 7.056809808 -0.776412009 3.231380925 6.943957658 4.742573436 2.088394771 5.135019163 3.250289681 9.604074272 7.717458384 0.366145152 1.102496740 1.743171024 5.673307407 -3.597257209
13.949174164 -3.629888395 -14.497329479 0.951714219 0.197298687 0.109203123 0.208297748 1.499319639 3.793243156 -1.041154566 2.165261839 4.360818045 1.047182688 0.968827482 6.459828843 5.650504768 6.065319452 4.009328095 1.356170075 6.873355792 0.137646833 3.772397000 1.099137165 7.014232604 3.735634918 -5.074918516 1.787613115
12.861660481 4.294518355 -21.375112961 0.891739441 0.390912976 0.054496675 0.221399926 8.471869045 7.331820866 1.662494776 -0.126023150 3.096959912 5.287053986 5.206134780 3.625011848 6.398121362 0.384237663 1.964567935 4.381105636 1.543033562 6.322623282 3.112141870 2.774155667 1.253800566 -3.531842148 -0.160656417 1.117133865
9.455859974 -3.199640556 -31.094926553 0.731840394 0.546805517 -0.390119116 0.114980175 7.293722535 3.558627988 2.229390863 9.109019573 5.060089705 6.191853391 0.265171012 -0.933649430 4.694172145 1.774875161 9.458255941 -0.433222425 5.323491676 6.177713308 6.835084222 6.600246154 6.181781795 4.582927947 3.520298825 2.310864078
8.882290846 -0.531160264 -28.445404523 0.929837360 0.233008689 0.188760475 0.213257865 5.074017041 4.139645745 6.746709117 6.214314607 3.389569765 4.530091370 11.088126777 3.232066044 3.879988029 5.333662185 4.105510556 2.351435903 0.163803142 10.618372766 1.459625196 4.266813996 2.809177558 8.254943964 3.158110348 5.756939422
18.946133384 -5.517701058 -29.099980905 0.846091927 0.399432520 -0.243151491 0.255850475 4.899900241 -0.650361117 1.576262486 -1.618380269 6.062337121 6.369285183 4.123621964 5.237883775 1.654511283 6.216513199 4.766139833 3.319272414 -1.159013730 -2.476172935 1.369494659 5.056693181 3.030695430 6.638862485 4.035613080 5.338369230
21.609720765 -0.232258334 -26.281720801 0.714760786 0.239777056 -0.597746207 -0.272623281 1.450118828 4.282146266 4.153907916 -3.409129365 7.128834720 -0.186049651 1.778244742 4.059814842 2.798752429 3.944370704 1.794855937 2.016218920 5.205639190 3.529432692 4.555704537 2.245613591 5.352959064 4.004616744 -1.121122707 2.911119603
19.954676221 -6.244473731 -28.351751821 0.951719200 -0.062680256 -0.288397168 -0.084432361 5.494305357 3.670198283 6.933956841 5.017415563 7.534855755 2.456078395 2.268061163 6.881607403 -2.476538841 5.296363229 3.694323821 3.130676623 -1.576461475 1.009048106 4.637781310 0.704020564 3.450920729 3.614190917 -1.362656167 4.318004116
18.730506039 -0.722103484 -19.697034737 0.947924191 -0.055762309 -0.153273219 -0.273564644 7.205662418 3.424852560 8.462895357 1.379766396 -0.219512726 -2.597594144 4.990939794 3.036754608 3.109838167 -0.398153820 1.068311981 6.263046911 4.983424029 7.885321646 7.228178217 7.756590539 -6.999711185 5.166018835 4.465932058 5.380453166
18.833590058 -3.195203170 -15.843337647 0.815314218 0.005361940 -0.303272946 -0.493213439 7.179133806 3.519692536 2.067811372 3.907610328 3.659078428 6.815184897 7.145243534 1.975853698 10.748449244 1.298763576 5.577352887 4.054278383 3.470516159 7.339038286 4.287842068 1.516708230 0.040199820 0.274897813 3.965786577 3.928180852
18.258192688 0.069539656 -30.837892205 0.736944884 0.274212412 -0.605450487 -0.123083304 0.504567438 8.226023001 -1.430705063 6.679869159 3.909944874 4.664394193 3.300535311 0.479009420 2.604265929 4.464224387 4.103440317 2.558156846 9.324431804 6.208318394 6.095410636 3.303071311 4.566538322 0.634952200 7.959390358 4.272496117
20.592409775 -6.925442765 -22.327028296 0.708854402 0.061985509 -0.698300149 -0.077846872 2.105046581 4.181657627 4.484548220 -3.839011659 -1.031559838 7.210757840 2.666141398 2.470517807 3.080319277 4.578717887 3.913904510 1.384257337 5.594299842 5.202552039 -1.169073447 8.516534633 2.203299152 1.690133256 5.672401203 4.949624595
18.961269152 -6.174303759 -28.463355569 0.877707461 -0.155701668 -0.444757966 -0.087045709 7.266278592 2.277614685 4.937953948 -4.579908173 5.032533332 5.250195647 6.373541002 2.719721499 5.886104151 0.819536962 6.036674955 0.554128653 4.806049295 1.675201487 1.488718565 3.342796510 4.528434158 -3.735760049 5.198644173 0.597781737
22.525967379 0.053269885 -28.966058028 0.834040839 -0.128950927 -0.387338874 -0.371101245 3.433274747 4.826855918 4.041686580 7.526526896 2.879871310 1.271606791 0.691759500 7.118416323 7.489139632 5.060509855 5.164868816 2.158118056 8.701779900 -2.457469444 5.774389536 1.580510379 4.783403100 3.431588454 4.843005924 4.482663395
13.530785780 -12.493731490 -21.554017244 0.737488951 -0.624907993 0.002168603 -0.256115880 -0.982003802 4.997064578 6.371378159 1.817605138 4.312132938 5.317712647 7.545824276 1.989894964 3.517705191 3.477626057 -0.770320416 5.262756312 9.932688058 4.217767320 5.567464201 5.871200257 5.240491864 2.756773527 5.397891353 2.057175511
6.836173052 -2.843909384 -22.123686318 0.901012087 0.364811107 -0.192795936 -0.133864863 3.244223225 6.095467458 2.581627953 3.281097897 2.618918841 2.011101929 4.207052441 3.239543095 2.214604696 8.578942064 5.376843298 7.183933772 11.076895114 7.752973426 0.670414586 0.603451207 5.069838654 4.036622927 1.230726648 6.014390861
13.477339214 -12.548591751 -25.505908791 0.926914074 -0.331688935 0.123433511 -0.124807522 0.547001212 1.918128540 1.167165228 6.612425976 5.389084212 8.837694363 0.057931946 2.588033028 4.149061015 -0.583212177 5.332161008 3.339611957 6.599041292 8.703159837 5.534269981 3.630600147 4.073708101 1.586848554 3.806848705 5.069015957
16.015154876 -1.554807621 -24.306800932 0.752055545 0.410919621 -0.357266044 0.371373795 2.758702336 9.732775632 8.185272821 9.844665190 4.742364743 7.605125647 3.881753182 1.874050764 4.492402495 6.163639971 2.865202478 10.532311721 2.329501816 0.515691567 5.741830861 3.640615553 10.173527712 1.070432839 2.797465081 2.705359738
14.615163241 0.855665445 -19.169027906 0.727764475 0.444908116 -0.329075654 -0.405123254 1.406836544 -2.060313865 4.420104270 6.563274490 6.559908353 4.425686982 3.980008563 7.698532903 2.343216146 3.704072085 1.469891488 5.819311689 1.636438849 9.875603276 3.013149607 -0.488720606 2.146245660 0.841725985 2.740677629 5.756090170
22.422751364 -1.147475923 -25.161529951 0.781174501 -0.055332510 -0.595306111 -0.179764698 3.031494227 4.311471835 1.126353985 4.834032317 1.847645069 2.018905175 8.678891285 1.808422964 -1.417774406 9.524774593 3.420040792 2.987816503 4.769066742 2.585516621 3.694379449 2.329652040 7.914287471 1.951808563 2.159723720 3.260982038
18.528664057 -9.986170622 -20.606162264 0.759613246 -0.081098319 -0.495969151 0.412826088 3.362430768 2.851286075 2.211030858 4.504363929 0.178107451 0.460160173 3.018371509 -1.487363399 8.009307630 8.255215331 3.175525445 4.200111284 -1.027607106 0.123787411 5.219975060 7.120049514 8.138640954 3.692042033 8.442115399 2.930865367
22.286221709 -2.924678213 -31.540767076 0.990644828 0.083302844 -0.053514457 0.093913062 4.169795353 3.886417074 0.482918479 6.621766332 4.723352086 5.651925422 1.456917743 3.443584559 7.554784475 1.709763630 0.332457949 -1.233992487 6.189967036 8.018291640 -1.876719116 5.234925715 0.790180554 -2.511852030 7.823101908 8.000817676
25.487407209 -1.227889559 -24.905385219 0.901972626 0.278056382 -0.228551958 0.238524702 8.207603889 4.886523265 8.474222169 1.155751376 4.213603312 5.241905983 5.784283738 5.551600073 2.223527682 7.055208523 4.772440347 7.503272200 5.215026383 1.268557705 -0.447221233 0.448272183 3.209525684 4.400937660 3.684823357 0.554433985
16.648709005 -1.408296358 -17.081778692 0.960967185 0.187262271 0.056875441 0.195550749 3.447654179 4.610510389 5.527712375 2.983401388 7.749022989 7.854374101 4.066734260 6.638828528 11.979193955 3.059746726 6.808398327 7.448412422 8.383554319 3.681753823 3.248941203 0.162822135 6.024791099 0.040918643 7.590742920 4.331046038
22.734824051 -5.841103589 -27.580865244 0.906697073 0.097592785 -0.403271467 -0.075816817 7.581057207 1.555255836 0.996715114 5.473053375 -0.055365050 4.506648498 4.492707123 4.425251475 6.158633582 5.387467420 5.103859727 7.105622731 4.365268482 5.222397506 7.559887318 1.295946250 3.969929102 2.783963094 10.468309878 3.842126243
13.481250203 -1.893641330 -32.550899638 0.835974746 0.512595527 -0.131092021 0.145625998 9.491549340 -0.408654467 1.401902668 5.360153122 8.762983748 -0.043937147 -0.679596907 5.944457944 4.182978011 4.571857136 4.440446838 6.126999179 5.746851649 5.192864250 1.422939844 3.703630625 5.019900851 8.315906987 3.566453985 3.510775439
25.137401243 -5.297018642 -26.016435473 0.953424086 0.178948216 -0.098857999 0.221781750 -1.860767514 7.347928080 1.376992473 1.937241573 4.912963793 4.069067693 6.250435498 5.319870524 3.695606435 3.788516144 1.577264939 4.578688921 -1.603289274 9.415356227 2.215091123 0.684733190 1.814025313 1.960075352 4.173381842 8.324770967
14.017042128 -10.657978281 -25.155033789 0.953142827 -0.080022427 -0.277487488 -0.090088053 4.107702787 -0.074848847 2.201579999 6.176781371 3.494808981 0.612763033 4.487712847 9.541686539 5.624508791 3.736873386 2.668973552 1.968916541 4.050542511 0.804695638 4.303810588 10.233569107 6.653601342 5.130800643 5.184393902 4.211955861
11.332923075 -5.936910360 -27.606427589 0.802050675 0.111537375 -0.527753199 0.256418974 1.993551873 0.283535600 1.102072645 8.400297314 7.077934849 9.931379544 1.323062282 2.122749728 1.243331035 0.008944656 -0.531223995 7.379042133 1.297523316 4.452783893 5.449735631 0.331627631 4.536307285 1.728318498 4.925244747 5.247769758
8.337812548 -5.981988035 -21.231894370 0.989688096 -0.118801949 -0.057921676 -0.055214577 1.453481992 4.959507460 1.676328890 1.683444696 5.627421602 7.312131256 1.911575264 4.442566016 0.984952299 5.830990594 4.995905661 1.180871847 3.670319695 -0.830933523 3.417380025 5.167931188 2.363956693 7.604263772 -1.192963865 8.530486726
21.419142033 2.049979251 -23.023451982 0.794676407 0.276580160 -0.519504477 -0.148687325 2.552584011 8.565948234 4.384204358 1.542828537 6.429757576 4.408710655 6.490869161 2.748568546 5.571566701 7.739202065 4.048785745 8.011585134 5.668699114 6.015596807 3.756238331 0.862774935 6.396321491 0.690923226 3.167168551 -1.532113211
12.425018680 -8.370694583 -25.244075854 0.872220742 0.413098377 -0.155809681 0.210485275 -0.736114058 3.532349016 7.040415935 8.183756831 -2.994211023 3.871901918 4.446442531 4.051825714 -1.368449999 4.034490909 5.340523766 2.858991564 -0.979302908 0.255070626 7.726283185 0.298364742 4.172601750 0.780245228 6.322927849 4.246528330
13.727096371 5.246660063 -26.800425351 0.848293587 0.436760973 -0.251780249 -0.162001696 1.982365675 7.804183960 5.478210787 4.191819535 6.222001004 -0.020935821 6.281863582 8.338668124 3.770949366 0.906993831 2.504009454 3.469480337 4.250675724 3.339988423 5.235666074 -0.550313567 5.124125875 0.253768244 8.230267321 5.705231024
10.124529713 1.538055679 -20.288681182 0.845564345 0.510762290 -0.125301475 -0.091882325 6.771824430 1.713879834 6.750606149 1.932469292 9.393329741 1.871472106 6.562177842 1.597083736 6.063454879 -0.302085345 6.608046193 8.306170509 9.796050492 4.242894033 0.668362916 6.602918053 2.941208135 6.500458691 1.474817475 4.418697829
22.218355226 -2.450099820 -26.989183456 0.743136298 0.142233599 -0.592795872 0.275882402 9.218642020 4.933301454 7.401151377 4.379580514 2.667181624 0.533168623 4.804244531 3.564992254 4.184311262 1.860388902 -0.467522193 7.845527635 2.375022884 1.322452693 6.640644754 2.610967310 3.432461059 1.367840854 11.272409552 3.802656949
16.354025897 -4.201118383 -29.244240921 0.998698778 0.008970311 -0.049718263 0.006955510 4.955925014 4.370293293 2.869432971 6.986733405 2.306282810 5.629534487 -0.472954177 4.353561379 2.702803937 2.488556448 4.504955274 4.374212418 4.409783746 5.244100979 1.292868964 6.862116242 10.282627821 8.635890725 7.275047541 2.672462722
13.955414706 -11.793842017 -21.035545576 0.970789240 0.017993158 0.213236613 -0.108511032 3.333608955 4.305267773 10.437437087 -3.012609201 8.498565088 7.632990225 6.323910449 5.748910354 5.463513689 3.521444635 1.095199317 4.774315770 4.345624634 3.671759973 9.083071228 2.212193881 2.521641725 7.885435256 3.144831300 2.615839688
15.272314254 -7.725698619 -26.592819786 0.997051538 -0.067091792 0.027894952 -0.024673753 4.149980497 6.736068432 9.982433039 5.950449504 -4.500929452 3.576108138 1.506649288 2.442788963 3.153527359 -3.556392156 1.842604090 7.382675871 4.271795105 -1.644603914 6.471542962 7.350511189 8.726220851 6.944989212 10.646870003 6.971489482
11.656716132 -0.629612239 -24.473007607 0.900105724 0.158052723 -0.402017373 -0.056666168 5.588538639 -1.680161595 0.037900925 6.769493734 6.758790117 4.766625413 3.446308553 9.489935339 2.282524036 2.258488061 6.207276267 3.040989168 4.538167072 3.637803807 2.099031805 5.517379319 2.966345987 1.691660412 1.367135758 7.689943590
13.488400097 1.421101008 -21.059966534 0.990399354 0.051268485 -0.121195329 0.042336213 6.435393401 6.882865438 2.204128843 3.501221004 0.129583896 6.781017747 4.808804983 0.929713031 1.701169289 3.118711600 4.477257278 6.275090118 -1.688490641 5.862219031 7.514823244 1.914488184 1.374802605 2.663479995 -2.350218463 0.964551716
20.337624975 -8.147360852 -19.525394539 0.905179572 -0.067176744 -0.411429414 -0.082843619 -1.128720944 -1.819614572 6.278645758 3.324214370 4.896973296 4.273361108 5.829922738 -2.889172299 1.864921133 5.795541984 6.676177235 1.162278135 2.428914691 5.013604487 9.573876581 -1.145860222 5.311172889 -2.702930350 1.696632176 4.107076092
20.124488494 2.455178280 -21.397960575 0.735501931 0.400644573 -0.543155371 0.059186821 4.921592208 6.305419708 15.032568210 -1.217172459 0.141943046 5.546544269 1.162910131 6.431925400 7.106321361 0.347823383 -8.920761348 9.491494596 7.187004211 -1.507468385 4.402700369 2.707800389 6.661288745 0.780026861 3.854354098 5.556225193
15.925699971 -5.372428056 -14.743532983 0.924077910 0.002543543 -0.369717523 0.096863302 2.890801161 2.634662585 4.990867220 3.797118479 4.431214689 5.783299063 5.928233508 5.034887289 2.804334391 5.269783321 7.337252656 2.874715248 1.668006556 4.353259035 5.407133646 6.225280419 4.573316094 6.691308404 3.639955727 6.216283332
11.571192744 -5.367460499 -20.545820363 0.930677794 0.112825515 -0.347582363 -0.017197312 3.580397566 5.985761330 9.184784729 11.902531483 6.359562508 11.817057822 3.967040286 1.712977530 4.575610023 3.421499717 0.117788620 3.598410653 6.906904650 4.274559932 -0.400278612 3.599124051 6.518962696 10.361753455 1.987400140 7.975720132
11.671312577 4.454205049 -21.888461575 0.854497939 0.298116538 -0.368994902 -0.211666162 0.350601759 1.796869381 6.943286048 3.464499765 5.388533969 -0.999536558 1.993691623 2.884571643 5.401432063 4.358678265 2.070699853 1.972112153 -1.875122686 7.365973794 4.154478522 6.202570066 -0.797461558 6.754788562 5.368172329 4.949989923
18.789829681 -9.712692556 -31.214702871 0.882714741 0.184640826 -0.301669324 0.309383371 0.757606046 5.265892557 8.127750766 4.915006688 3.752282575 10.388997962 5.188202254 5.533208926 10.052164768 3.903757748 6.225794248 4.655971676 7.848020069 3.390674067 7.834683475 5.942746394 -0.182963193 4.580919495 3.261603263 4.245672447
24.212395924 -6.062105302 -22.460792390 0.905269182 -0.099127598 -0.197044633 -0.363090676 3.660720509 1.552579635 5.531193897 4.496524592 6.628620047 7.708099560 -1.211385104 5.831436088 3.368600449 8.506705305 0.072147417 2.989890640 3.955775803 3.272148665 1.986866203 2.196760769 5.219876294 2.288254559 8.272787854 4.958060571
17.075675532 -1.475855012 -21.724626595 0.951684051 0.090468221 -0.209411448 0.205571916 5.326518190 2.903778772 4.902546602 5.069138982 4.564835085 3.229913424 4.608070414 6.601796894 4.467414057 1.551040468 6.755722017 -0.913544810 8.281982706 -0.231929956 6.895491393 -2.963968698 3.445090960 6.290901037 7.986540745 3.447095276
23.724459715 1.607217576 -24.163581686 0.957233875 0.190984335 -0.212777795 0.044202966 6.242424005 4.486621522 3.351519070 9.299610140 7.860752025 2.295496286 1.882879195 1.425132381 -4.176796938 1.536250518 7.624183669 8.277614756 4.839531487 3.708525548 4.865112977 2.881783113 5.616447840 10.480351566 2.068263656 -1.842980386
12.640267759 0.120122024 -28.868543456 0.944106145 -0.218660223 -0.115796177 -0.217813084 -1.792281531 8.071597824 5.263105694 5.074628933 5.408797394 3.050187540 0.792004926 2.398789819 8.867507011 3.996865205 7.438926993 7.725395392 6.761414603 6.608338078 2.951500072 1.452942793 2.637245998 5.574122780 3.283623095 6.739756986
15.287569133 -2.950674166 -19.120818752 0.801609634 0.350665061 -0.483029778 0.033737871 4.240183994 -3.760914151 2.173126079 4.039174763 7.213981114 4.189997633 6.338589628 4.546514315 4.374598681 0.570456150 2.095121763 5.743036105 7.336448954 2.332365080 0.750288343 1.789988396 5.222140171 2.048921877 6.318911728 1.948006540
14.775461614 3.807206244 -21.991337739 0.770632900 0.592383128 -0.232502849 -0.033905589 3.289667240 6.997160751 4.113979295 3.916645793 0.701039017 2.505450578 2.375007092 0.076981032 0.349009472 -0.810584378 2.894729485 -0.108032220 2.433371278 4.772684813 3.349047072 8.217755040 1.633741628 1.780165179 1.753005704 5.832589710
23.385529866 -6.000678237 -22.283213037 0.900045442 -0.105806822 -0.403464033 -0.126253290 2.577451403 2.536811543 1.002520387 4.964214046 1.443498044 3.240514419 6.046730340 7.110481105 -2.597889004 4.222937371 1.675030554 2.275930805 6.745817632 1.591040857 1.950793842 0.070829690 4.275068675 1.708092643 12.150449830 8.516147373
20.370053705 5.059398053 -25.822746212 0.829702475 0.204513579 -0.513947735 -0.075004830 6.621782885 -0.528212339 3.395158023 5.741171361 6.507466182 0.572266706 3.739396495 5.216899903 4.966112299 3.834478373 4.012148484 3.374791207 3.092693523 1.324972319 6.782065891 3.442941589 9.045999958 1.683870948 2.234944386 -0.857202348
20.994406551 2.323805182 -23.210369578 0.992672315 0.093785246 -0.061641436 0.044792146 4.234677585 1.727331077 4.294222237 11.168645613 4.999153394 7.351762146 2.020950443 6.041289666 3.785136497 7.181483141 -0.215751682 -1.375124517 6.309521629 3.678540585 6.341303430 1.598208591 6.796595536 8.098630909 5.881874728 2.635521349
21.231596656 2.580456102 -22.142187043 0.965520414 0.184294400 -0.150551913 0.105546325 4.154327999 4.860466339 7.748909235 6.479621575 10.006302645 8.908610506 6.526444502 3.671453958 2.593246948 1.893080350 3.875376414 4.087049960 6.041935557 0.763676551 3.973983600 -1.166306302 -2.490489838 4.450038519 6.411332171 3.932360573
13.727825452 2.338060980 -28.668025770 0.995254430 0.067445591 0.006861140 0.069804279 8.672468589 3.858378992 8.258707196 2.063755112 4.309931643 9.523095642 5.991036346 4.201604491 2.479676043 0.594195596 7.201339754 -2.725207568 4.998643844 7.215548064 5.286985200 1.012740480 5.252909847 4.021387963 6.650627540 2.361325604
14.237444850 -8.499752235 -19.707354695 0.849977453 -0.508521582 -0.074109476 -0.115982398 2.960764378 0.913444326 -3.282549804 2.301439503 -0.877579372 0.574352242 4.884341713 0.480756032 3.249510323 6.187013449 3.380135659 6.211474124 5.511233760 2.344669367 7.238341670 2.931144748 -3.394301957 2.515267085 6.874954671 4.943097063
17.439313350 2.022018475 -29.761882768 0.928181996 -0.050550178 -0.300065437 -0.214204565 4.552897395 3.992516475 3.311949528 5.654168614 3.299839371 2.158356168 -0.910000486 0.341713915 2.130125372 2.573644442 0.537342966 7.903359945 4.980670974 1.330636116 10.643789211 2.975790667 3.419939776 2.342409615 1.285253051 8.766222435
13.250738729 -9.391385238 -18.903726919 0.947406531 -0.197123831 -0.247147629 -0.049810748 1.887565192 2.612126306 5.644441143 -1.074215294 4.895016832 8.712483207 5.817780978 3.475854284 4.554275407 6.635123996 4.171163245 2.163082293 0.933960029 4.255467481 5.432819664 9.354437789 5.478049664 4.268608715 0.128630846 7.611269491
24.119147634 -5.519055673 -20.805872139 0.768026075 0.105016863 -0.443183801 0.450217198 -1.282591730 6.886776177 3.324822785 6.012021373 2.905456442 2.363997443 8.692038396 2.289934248 1.038544940 9.137879373 1.458335413 4.359990477 7.986850293 -0.150268329 5.065820675 1.852841169 4.069085947 5.433576303 -1.409208013 1.754392524
14.580776510 -6.575732986 -32.720958544 0.995026588 0.039207849 0.079245072 0.045880858 5.140706862 0.896564237 2.732346673 0.965921600 4.122034234 10.042728408 8.163933400 3.429799014 5.894339736 6.195864088 5.704672481 -0.115311344 5.668335724 6.372552420 2.221151820 4.926196299 2.395261408 2.567677678 0.734997076 -1.139361263
13.002840075 -9.702864439 -19.058060583 0.726200817 0.185117466 -0.463494190 0.472797033 5.057302464 1.599519653 7.648748948 4.573694725 4.679422499 2.083068661 0.719755722 3.494323439 4.142453745 9.448048975 4.557128575 6.878309228 8.046862532 3.866328318 5.927793281 9.171573304 5.824618185 8.979682112 3.751303392 4.492939401
15.461536052 -7.732266343 -30.015336775 0.784061683 0.300539896 -0.468375571 0.274858823 2.045858758 4.770485278 0.550640755 7.037333218 3.383248283 3.216775350 2.100387215 5.280805468 5.263871099 4.697065340 -2.476058039 4.685743442 2.675851474 6.316675732 3.736929387 3.660865214 2.460683346 3.176705950 4.116413210 2.628256964
11.220014663 -4.549972196 -31.629608646 0.966499061 -0.186824361 -0.072996502 -0.160149101 3.063255890 6.807764613 9.044724593 1.866237231 3.250348206 3.363428240 0.148188489 8.272782715 2.017268480 6.101188379 1.834552130 5.321120494 5.210536410 5.639578763 2.096511984 8.911492106 0.893412649 4.407621607 6.137903925 3.899228700
16.904456978 1.579693131 -30.020915998 0.864961593 -0.202338943 -0.338300071 -0.310569567 3.913290041 -0.477407559 3.949582603 7.266475311 -1.467252545 3.609087080 5.603721673 2.759543389 4.732695305 3.578991258 2.667433754 2.367884470 4.106631543 2.330370669 5.366867752 8.284493670 0.588188753 3.646453997 3.038463399 -2.484252186
20.110388656 -6.591990464 -28.926300452 0.761099864 -0.011517015 -0.623127189 0.179741097 1.886143272 -0.676312358 2.493936558 4.183611434 8.420198873 -0.427986047 2.405352345 0.491517625 5.886102887 3.942779827 4.748706824 10.936576076 7.001656123 0.861825881 2.157983493 9.845258727 6.084129119 -0.683642943 3.854455200 0.821417181
20.933718653 -10.833445332 -25.093243926 0.937933265 0.214303116 -0.189087581 0.196472011 1.054839724 5.176980294 2.873250275 1.732859483 2.309025636 4.396725071 2.334989582 6.199617280 8.618771033 11.085698265 5.514410506 0.119548083 3.163308635 3.628095878 1.313070399 0.363295623 5.811540454 6.383257850 4.423135476 2.007198302
22.635019556 -7.645743471 -22.712990569 0.757002979 0.290392830 -0.499683198 0.304852744 1.143348675 3.952970362 1.308082938 3.988598086 10.300316660 3.655710606 2.642222149 2.494620624 7.163114576 -2.343076745 4.137735958 -0.705345865 5.782290243 4.782971102 3.173640460 4.812550617 3.407671240 7.418465660 8.613630773 2.074274767
21.626116287 -3.242450164 -23.040947395 0.980690064 0.151543897 0.033895417 0.118880385 3.303905315 5.735923662 5.760146626 5.463985785 2.709545151 1.172036750 2.577785440 0.028352586 0.229142549 5.198433079 5.107443889 4.142271691 5.434081971 9.759684900 2.010907228 7.140793082 7.014596972 3.808400759 2.865226428 6.239163104
20.974480205 5.060135908 -23.204623386 0.810782693 0.459229517 -0.249398331 0.263704659 4.955884336 -0.154598769 1.746848894 6.444353767 5.623481321 4.506876377 5.988818973 2.088447319 4.760607614 3.519728359 8.452069945 3.980222932 10.257162880 6.106470233 1.729924670 6.782786569 7.172164438 7.583597451 7.861079167 7.441904152
9.986737934 -1.944985019 -25.202817029 0.948606887 -0.227655489 0.199140629 0.093064287 0.801047065 5.939039260 4.293973678 4.309433577 3.689099265 3.468662226 2.838383241 4.079269053 5.373761139 11.146604859 0.739243660 -1.366893357 2.991364526 1.148345467 1.818988563 8.324620353 6.390316326 6.862089267 1.376322639 6.008466559
7.533177169 -1.811492403 -19.517483305 0.993783038 0.005386778 -0.111202814 0.000435749 -0.322834094 6.154746675 6.296837393 0.730936696 3.149078518 2.372958499 6.336806984 8.614400996 1.829349559 7.404471504 -0.736649898 7.531538100 2.048799904 4.345946195 3.242086033 5.614354406 5.846351341 5.440348683 7.518582390 2.311239618
10.488390263 -8.060331347 -26.820898060 0.744119940 0.265035309 -0.585241613 0.183123056 2.692821573 2.270309787 5.050607599 3.390806165 6.244505693 2.385047473 6.293953422 4.632012018 7.002946428 2.887180722 3.191587195 4.628487949 9.655113234 3.581726214 4.863964487 5.829289706 7.199317906 4.975280221 -0.658159049 2.955448441
8.028235685 -4.136677520 -18.668931813 0.959776678 0.176513823 -0.168574053 -0.138760177 5.744707390 4.347973605 5.995983925 -0.588278637 4.706531047 0.913157685 2.605213057 4.593902916 2.049677308 2.268615301 9.653376791 -2.515906733 3.599267489 2.643881057 0.336830943 2.381565720 2.841250752 -3.164238546 6.690300016 3.106968703
20.063589457 -10.138799341 -26.026512447 0.858497451 -0.348970564 -0.127592013 -0.353442993 5.774977479 3.673260103 -1.948589784 4.480375117 1.891024712 2.111178929 3.262690983 0.672129440 4.961029579 5.723607909 8.336066502 1.730162012 2.950824136 0.514817040 2.178081323 2.565360936 9.631316199 9.458088423 2.304150373 1.910273173
20.042669050 3.556943578 -21.540681308 0.808666821 0.393825029 -0.436974747 -0.003590241 4.574775795 3.639890944 -5.844941736 -4.776082585 1.222976971 6.678238870 2.840368782 9.102229789 5.077394360 4.461734544 5.675554407 1.006116102 1.387904224 0.852447514 4.979249953 3.292704149 0.732436385 -0.743181702 6.677045936 0.458492120
18.349020602 2.764942851 -28.887338175 0.905665290 -0.213759484 -0.150078878 -0.333996402 8.035032843 8.849436530 1.344141438 8.520878421 10.890368263 6.305803715 7.326996302 2.106172499 4.038283821 5.197188842 -3.428578213 1.840778697 8.727253761 6.939310282 2.912753183 2.022193452 3.094147989 -2.619932591 6.557919665 9.128068907
21.080159385 -3.109694414 -27.902547735 0.868824090 -0.211567050 -0.193329738 -0.403742117 1.186444412 2.790927009 1.763981841 4.278511268 0.726244680 2.193819764 4.448164405 5.512666684 -0.200431683 -3.168807644 1.529918470 3.350135650 5.351339778 3.508282602 3.567941119 6.920116121 9.145035119 6.884674863 8.676229701 9.303556676
22.302319307 0.712858847 -21.504474563 0.822105308 0.253434541 -0.495494645 0.119995221 5.774855054 4.213155890 4.517755339 3.193579789 1.774773950 2.693515919 1.233637713 7.676382807 0.596571101 7.754991226 7.454639637 1.143216617 2.262790273 3.526111474 3.350710736 3.282792411 8.045724566 8.416732693 7.902220306 4.765553815
9.271147182 -3.453861423 -25.659044425 0.957733377 0.005442549 0.281809325 0.057451377 8.707927963 5.389965180 3.212330141 9.198922725 0.648143880 3.415840871 4.944231625 7.852504483 1.040994710 9.175167751 0.881025171 8.230088793 4.515981177 1.223718781 2.090955440 2.787406613 1.795952209 4.785439205 3.432224487 5.604702707
11.784772743 -1.185308779 -17.486793183 0.944965030 0.285126761 -0.123541708 -0.102378063 5.276545799 0.231233376 4.462020970 6.659005361 5.025945349 5.698358130 3.295576151 3.256263588 8.042539208 5.859062823 1.905616355 4.943631563 -1.094120971 2.239585850 -1.053746518 9.276254209 2.518696915 3.775365464 9.641975215 5.848954770
12.126200423 -3.907151044 -19.515871594 0.714526557 0.536043393 -0.424566166 0.147827096 6.681399025 6.024913272 1.692507955 4.522733969 0.987628910 6.651630098 5.008169947 3.083980488 7.110207106 11.259630995 3.430968075 5.994576607 0.121442696 4.924151688 1.777038632 0.864186177 7.235637404 5.069047121 2.308255878 8.908762849
23.148682491 -5.108639949 -20.808195910 0.928103221 0.143401257 -0.343588772 -0.002691763 10.793740932 6.277593676 6.466577510 7.339574315 4.569480206 1.047621091 2.046440070 6.406190038 7.983890332 4.031438548 0.048337570 4.415706401 5.465616763 9.499913009 3.526781476 3.464238336 1.962041793 4.616806638 5.211758280 4.901658964
14.632717588 4.130819185 -24.815334258 0.972346332 0.092742106 0.185120394 0.108036810 3.856290305 3.841098282 4.703343727 5.527476654 1.197195590 2.515805959 -2.637286825 8.323649785 7.485241892 -0.103415609 7.439800024 -0.270190061 9.586013268 1.521603284 2.409309971 5.896877009 4.980157725 5.885946660 2.562760892 3.499189879
18.323516392 2.755077833 -26.706037989 0.958097081 0.005328598 -0.272307713 -0.088713581 1.444885162 2.909128139 4.185251148 2.426747574 -0.131149403 4.782602863 5.802165005 0.811933962 1.825033115 9.909408733 -0.180331552 7.570930978 1.273514422 2.122211583 2.784852805 -0.529656761 7.789147388 0.693576593 5.124228286 1.449627498
16.456498203 0.477949804 -17.396198581 0.881767759 0.064499317 -0.463193571 -0.061458704 -1.453975427 4.307095633 7.914400352 8.968096587 7.361109335 3.048817805 4.681454963 5.025616173 6.520864286 5.910203182 10.273902992 1.861837338 6.624880657 3.021770599 3.629588292 5.980895418 2.988077963 7.847339080 4.845367334 6.517933791
18.730811605 4.435338179 -26.487835266 0.962505646 0.244866077 -0.064380986 0.097357971 4.349892455 6.884336897 3.415995426 1.274830806 5.769611662 8.195583070 7.452075387 -1.331276252 6.408398838 4.672789469 0.366515948 5.735124987 6.088647172 0.962176380 -0.277445558 5.606757077 6.422149002 4.842754565 7.477957451 6.640105134
17.386449818 -4.683069704 -32.353458296 0.841034838 -0.014415800 -0.539308135 -0.039991518 5.618040446 8.477113701 5.029332991 8.170362856 9.379881760 2.493695156 1.713162719 0.887911214 1.241037544 3.597827177 11.548319690 2.847805480 5.259229457 3.950329429 3.997192324 5.083140842 1.084757969 3.807914526 1.660460996 3.320327992
15.750221252 -2.634378266 -27.737327154 0.813480634 0.492585906 -0.183287284 0.249026416 0.138969728 3.438779151 8.204887419 1.613759673 3.013636613 7.959261894 2.009295059 -1.491359187 4.444953009 5.701336229 0.188345434 4.596122922 2.214102584 9.503509158 4.483312480 1.919933950 -3.587606404 -4.281507410 0.591846830 11.071434777
15.878758228 -1.519091985 -33.477368046 0.993681146 -0.064420198 -0.090119084 -0.018065698 -2.214984873 10.652001588 1.294414531 4.393253586 5.448418391 1.136749430 10.518326565 0.978762377 5.661462197 8.009115027 8.526946865 2.601854631 7.590471827 0.877184970 -4.304331762 8.853394559 -1.918243602 3.459336846 6.347242130 -2.012245884
21.642339899 -5.783668113 -21.767946177 0.996610189 -0.025244810 0.076214511 -0.017949323 2.928200809 4.727632993 2.193320865 5.281745307 4.477487490 2.169487873 -5.126506814 7.114016978 1.940206861 7.001628438 1.332135136 3.071566615 8.091517989 5.920825896 2.379103204 2.134621167 7.194584081 3.807040567 8.950105338 -1.477374064
19.032419265 -0.468477729 -20.520889736 0.895391359 0.346956882 -0.178788065 0.214313006 10.246830040 4.865251321 3.609064490 6.610111645 4.307972246 3.689916658 6.330389613 8.091486351 -0.720441460 3.789183995 4.854553413 0.853926507 10.443780060 2.309022699 4.172004488 -0.872513612 5.378526380 2.418755303 0.577047636 5.863210886
12.301612197 -0.604645481 -23.452379843 0.993535832 0.107010796 -0.034712829 0.015174278 6.778712697 6.069306945 2.802020460 7.884070361 4.948211833 4.970015651 6.963082138 2.700457714 1.936613829 -3.257454524 3.003103496 4.357160465 6.257802772 2.894812370 2.203925393 6.991886932 5.086833317 7.855542452 4.529970289 3.808357350
16.385152003 -2.318753506 -32.348775866 0.827758847 0.380563728 -0.412175466 -0.009895758 5.126641633 2.509285290 2.108191384 5.768133794 6.997880746 6.099074559 4.207773975 2.867610533 5.865516021 -0.010340619 -2.309328160 6.721031911 8.400811968 2.596274393 4.816496561 6.576440462 2.211661868 4.873382678 -0.888635974 0.739748797
19.259471139 -3.284593072 -18.616296922 0.761555574 0.376202871 -0.366456218 0.379755643 4.987830683 1.810157953 5.136370726 6.986089253 1.388671231 -1.838291963 7.029344707 -1.059496661 6.913800136 3.916514498 12.784150173 2.360917110 1.886203034 4.734612279 4.966649566 4.549894967 3.643447510 1.389983591 4.178647988 1.197976785
15.734416707 -4.112743155 -23.861185959 0.974643945 0.126062270 -0.127372139 0.133991879 8.084698604 4.664764111 5.080681151 4.812048621 5.091105485 3.685253083 2.980863269 6.126524874 6.580076689 0.465294747 6.268012886 4.934950217 7.499406045 4.615130445 3.808524585 6.948921689 6.039248414 5.887251422 7.897912864 0.821828702
13.715840956 -12.566925225 -24.965650447 0.928581842 0.085038792 -0.327034184 0.153469242 -1.521869571 3.476234997 2.001294652 1.492340207 0.946645622 7.472221742 8.251857001 1.659689294 4.860375426 6.411369315 4.560812698 5.971613714 3.967431000 -0.145920987 4.655328518 3.291872471 9.103201735 0.106253068 4.787945320 2.158539051
23.117906255 -1.613475943 -25.649285753 0.917967140 -0.025279242 -0.201968624 -0.340449651 1.357972935 6.790908933 5.778229051 5.069343719 0.563982526 6.687243189 11.041897621 -1.071313684 1.488866373 5.878592075 1.708272021 4.445653792 7.957255575 4.264543082 6.391575069 6.141407547 -0.964177426 3.989919838 -2.518329209 8.050074511
18.512476046 -3.532386735 -20.683999304 0.726026271 0.153807426 -0.637266118 -0.207656025 5.351075285 -1.108855776 3.602724009 3.905773462 3.588189697 1.441493776 3.988867133 2.063639375 4.849398360 2.348974899 0.108984103 7.708026048 4.437926951 3.475157835 4.462888973 1.550985822 2.529386467 8.407933973 7.792568086 0.882187276
14.259952870 -12.606152982 -24.907833257 0.908261345 0.102107390 -0.308557939 0.263490814 0.715663263 2.773856121 9.665568725 8.344200856 6.052721735 4.265398159 3.219766700 9.905092361 4.611315384 2.097235391 7.576171600 -0.605026416 9.040924091 3.483273379 2.094446384 2.645768063 3.369889827 1.008010286 -0.387404266 -0.486588641
15.380353752 -4.978859451 -28.610900244 0.711910748 0.459773523 -0.530143764 -0.027184256 -1.021475766 9.219518710 4.956009401 8.158187638 6.070922833 0.390652589 3.170054943 -2.223103513 6.080316478 3.161235793 0.982193538 5.555824738 -0.679330060 2.721635098 7.458169404 5.306679019 -1.125039582 5.125567509 -2.676128993 3.230223136
14.430652371 3.259727207 -22.058651348 0.942002269 0.231485375 -0.205902824 0.129035940 3.117440446 8.554978637 1.410209902 1.642864597 5.774430912 1.479880266 11.078968390 7.713606833 5.862670716 3.804944722 6.465414594 -1.653385441 3.220111453 1.189035324 5.923017443 3.080627616 6.668566804 6.068562292 1.589038930 3.156279880
15.845421409 1.716438168 -30.775073685 0.778153391 0.354987236 -0.456891327 0.244359730 1.400458747 -3.534091375 0.584580540 3.669467658 -0.812533892 3.199492173 8.267839259 2.555018327 3.117303976 8.558082806 9.214086941 3.896687332 0.781477130 4.491915600 3.353871536 6.979099580 2.103413696 -2.495215060 4.148115917 0.601085954
14.132299518 -0.687129031 -32.901881757 0.949832758 0.117153190 -0.267915696 -0.110968649 6.219409501 7.980101827 9.299578980 6.370971416 8.453053934 4.202651563 5.125273454 1.968270208 8.247186473 0.981741056 2.177520843 3.507305228 1.704550283 -1.828630434 4.734784081 -0.825650102 5.841338812 5.394407882 -0.289894293 4.872505558
23.928679917 -4.319457266 -25.186871421 0.842582387 -0.351188857 -0.312830977 -0.262408245 5.695778511 4.664653704 5.514786511 7.392275735 7.910901294 3.977018347 -0.519982770 4.450679936 3.134971516 3.218946515 4.573437930 10.809297817 0.677281641 7.104056154 0.443412037 1.278275875 5.307271829 2.910808274 5.602246896 7.869264851
11.268840024 -2.161120867 -16.652786446 0.835772926 0.346959387 -0.111804888 0.410612307 0.956927390 4.312029378 2.579822440 4.291482453 4.331195523 3.776595057 2.726890831 3.815880078 0.597827365 5.695084540 4.576292601 9.039905684 4.467005348 1.124143490 5.357659034 6.144348385 -0.929831948 -1.655558379 2.670891253 2.557117808
13.615755027 -7.456465603 -22.026964797 0.909091291 -0.394888897 0.110344652 -0.073755287 -0.541725480 4.945309831 2.247788762 -0.066359833 3.839431195 -4.459072087 5.982584774 9.423107840 7.913729408 -0.969689205 6.729496227 2.668787537 4.932641805 -1.863265320 2.771857461 2.685412484 -0.642577415 -0.297702303 8.768816889 3.941515025
14.712399518 3.625517900 -30.714070966 0.987466828 0.110515783 -0.098723691 -0.054306146 3.746007142 2.089495832 4.698013923 2.586301708 1.658036129 6.383251789 4.381013710 5.131101171 9.248152260 5.999470456 6.253908455 5.004870578 0.115454745 8.132612540 3.750846795 2.901976791 2.829399930 0.622901014 5.164825457 8.216005085
20.274744517 -10.356822137 -22.451463387 0.822297541 -0.114501371 -0.557008417 0.021396594 -3.549050105 8.563641265 9.227885862 3.959967065 2.888844419 3.777558908 3.302047661 3.578847918 2.699692332 0.937634465 3.302594115 3.095229634 3.385630911 6.318523262 1.722542861 3.878934759 8.428617533 3.153348860 3.882753897 1.225817279
21.484352400 -6.115099983 -26.160400373 0.862949241 -0.206560851 -0.339944915 -0.311590560 3.536554844 1.236089247 5.398555817 7.448848182 6.613165038 7.525060790 0.338478843 1.092068635 7.141369424 -2.217572100 7.231560758 7.498702430 2.599369061 2.214849850 3.413184184 0.988892975 -3.400896533 -1.100228585 5.642854404 7.040192740
9.436408389 -8.791514692 -26.302551679 0.990507350 0.095648359 -0.011983991 0.097994714 -3.070869280 3.101141391 4.209072180 -0.392839783 7.490390779 3.148237271 3.465232519 8.260344018 2.169151286 2.285736846 5.255812990 -1.231143915 6.162969691 2.783602008 9.448378756 4.980922854 1.627536921 -0.544810871 0.571606080 0.438640616
15.920652128 -2.806063414 -33.807788759 0.993211983 -0.050148587 0.094518720 -0.045621120 7.306945333 3.196673431 0.673448014 2.198308335 4.418339373 6.005961540 5.965362888 1.503047990 3.202126292 4.991312016 6.585814226 2.816109729 0.527786478 1.234846279 0.556303461 5.329620258 2.312227248 6.950279957 2.138598076 5.940159751
11.755992097 -10.864734304 -23.819109650 0.983072324 0.086209437 -0.138936954 0.082663538 6.926836928 -0.320101469 4.443928333 6.483450011 1.971678784 6.281776776 5.649681840 5.533879363 2.301974869 3.060189759 -0.057241447 9.023666384 6.851095368 8.814509716 4.901759570 0.791674892 1.206992224 7.986657229 4.769176385 8.873335297
11.238940042 -7.573566711 -18.236938554 0.948520199 0.133891447 -0.260566239 0.120365063 2.003078595 2.756574882 5.284325405 6.468095506 5.090135798 -0.910786331 4.480121301 2.581271580 2.570467421 5.129758543 7.370329567 1.377603356 1.262468830 4.107575249 4.299735632 6.135818037 9.100584321 6.791608440 0.309352143 2.123696376
16.950796471 3.702764836 -21.009097606 0.981414725 0.112323714 -0.101010877 -0.118344089 6.047270858 4.075072563 5.276220255 -2.305331987 3.394450383 -0.125596191 6.499779669 7.270134940 6.995132941 1.769200941 3.737367522 6.203172755 7.835246895 1.193472708 1.204965434 -1.076021183 0.283593211 4.548264412 7.521700152 6.066781996
21.850050413 1.101973817 -21.981726005 0.922866906 0.150650275 -0.300071041 -0.188622740 6.340901185 4.707132198 5.254084051 4.351628668 2.571754771 -0.573562468 0.129469815 10.260720038 2.297247238 0.293036528 1.109703790 4.721250063 2.044433485 4.020592713 4.836766786 4.282958296 3.361978526 5.032484816 3.569972213 0.867173500
15.378685028 4.649502184 -25.729026407 0.795899282 0.273957882 -0.459974794 -0.282691707 2.556392526 4.823276385 3.112862565 3.889043501 2.477117983 3.291568289 4.960078596 6.690492281 1.188556365 2.347742938 2.667635445 4.552079317 2.685854331 6.853780264 4.894874998 3.912502623 -0.082630637 6.508958257 5.409612317 9.226016295
12.559565552 0.170508382 -19.681243463 0.978571100 0.092620078 -0.162342756 0.086399958 6.686953287 5.754691942 3.117395550 0.777963580 2.245782801 4.521660194 2.478584690 1.072548767 6.403969898 0.198252432 4.685420349 -0.252840735 3.214912576 3.483437150 1.523912973 0.521230852 10.959543373 8.848124892 4.276275421 3.805328123
17.225149653 -0.192958002 -24.114226314 0.978520987 0.119679636 0.056055389 0.158212692 7.333211692 3.496660222 0.006085956 3.443178330 3.792809415 0.933638872 -0.287052820 0.860401974 -0.123989009 11.661025629 5.174965687 2.908988558 8.976782778 4.480757835 6.891311735 -0.270491626 6.356048225 6.201523586 8.165439840 3.624298551
23.081772318 -10.144763668 -22.239566823 0.729651736 0.072282967 -0.675351027 -0.079274885 5.546965174 1.568712992 2.188085472 6.056954899 3.465162368 2.614003911 1.498187752 6.377802018 8.770522533 3.531008742 4.686823572 3.707243445 -1.156805323 4.703769466 3.584601328 5.229936933 3.521696353 8.434269936 2.723937690 -1.110881628
15.245752678 1.141180463 -25.686151388 0.710467177 0.478868477 -0.356622124 0.372480916 2.361018602 2.553750047 -0.489455584 4.733348116 8.892618566 3.432484982 2.087089103 2.605441715 11.515630046 5.714761896 10.030526631 5.377227499 -1.482853179 8.350242030 4.356039609 5.044284232 4.113429908 -3.431570834 1.605492782 4.171288169
9.030252852 -2.443779651 -23.646229146 0.769063584 0.284762336 -0.552685494 -0.148291468 1.123039799 0.881442119 2.581350376 6.089476897 5.546260716 -1.320488882 2.024064766 5.443167152 -0.979629794 0.497609214 3.465018465 -3.966381352 5.633715758 10.175914989 3.572407571 8.405487344 5.159727075 6.484178935 8.183390340 -1.927953595
14.314574871 -1.974207939 -16.145459396 0.778972479 0.512269720 -0.223228096 0.284518590 6.846555154 3.210690340 4.032195962 11.913257600 3.271649671 2.089348127 0.186466765 1.823167501 6.343042508 1.726825858 5.993720028 2.123894079 -3.725448433 6.218184336 6.462136004 6.185207399 2.886176786 7.226066006 4.403728738 6.493568485
11.383344801 -9.347134526 -25.176532653 0.988593969 -0.146919135 -0.032122742 -0.008053692 -0.325926846 3.004256430 1.920092708 1.056675963 2.517221781 4.672508230 1.092344423 3.907965549 4.681382522 4.093651098 1.785367479 1.582559462 4.243404981 9.502117611 1.818713375 -3.915341543 5.296044145 4.607765397 4.292810153 -3.571219019
21.082397668 -10.563807442 -22.898031097 0.755489537 0.208654565 -0.580574555 0.220526683 2.100114877 -0.910932370 1.436676522 6.275884342 9.783761346 3.742758856 4.231423631 3.019684551 0.273258780 0.244069034 8.537296694 4.434171688 8.839977857 7.173188969 0.644569692 2.376966283 5.963929371 2.457339887 3.819812694 8.442046376
14.880711140 3.008745365 -16.660724956 0.857672768 0.324289574 -0.393055283 0.068856661 8.491086993 0.251208667 3.877030765 -0.933856065 3.172894231 4.273767955 5.502538135 5.913073332 3.602338222 6.809680134 4.447085366 2.651776165 2.053329901 4.737542969 2.716749831 7.214645409 4.053474735 1.936307153 2.731608111 6.777441804
15.241497497 -8.583388313 -24.701033752 0.968440626 -0.142134554 0.194163748 -0.064968935 0.258891559 0.951731191 1.646433133 4.961083330 5.038521501 7.441246758 2.979783347 2.639448750 8.045718750 3.522248840 4.798622897 8.181435351 2.390882180 8.694935223 2.693044096 3.808910546 3.748717992 3.279973920 2.492652556 3.129728807
7.191494651 -5.435274749 -20.587136271 0.984339835 0.111838294 0.115246331 0.072701921 4.559347024 2.414927395 -0.051060997 2.742108733 2.131432468 0.729812634 8.674524808 5.382020354 2.821704428 5.807489670 2.833255476 1.572189511 5.038313964 9.453319586 4.193318661 -3.445196534 6.616161820 -3.635480350 -4.488487711 1.961301353
11.067166239 -5.943645376 -22.648232158 0.751457731 0.403600832 -0.365467434 0.372627430 9.708590183 5.896553278 7.061798512 4.662293894 3.946129727 1.975518545 -2.546515896 4.291890429 4.931815927 -2.337039955 3.490516235 4.275016368 4.459542228 2.161106473 1.552278552 2.068714407 3.699396318 0.180002340 0.096617607 9.457084194
12.023828900 -0.315899353 -29.209307873 0.746958490 0.405156519 -0.526876941 0.017375240 0.934106784 5.006159067 5.664777726 7.853965675 -1.064036906 2.786289860 1.569095924 5.640371927 6.201208581 3.475999640 5.150535594 3.103771767 3.617868206 -2.840824119 3.298035699 3.163770225 2.045742051 5.142424500 3.141762687 2.554340346
17.483457847 -3.010677676 -32.500773327 0.939082439 -0.003572888 -0.327386188 -0.104545166 4.960883238 1.010299783 -0.608091381 4.221434706 4.416619459 9.883370677 8.182397730 12.953815893 2.836426462 0.905159168 2.021668975 1.459384728 9.200316623 7.861276992 -2.760552568 5.375772164 1.187931910 5.253900746 6.587605458 2.234032342
12.341255688 -5.968395753 -16.256799555 0.790075942 0.218356709 -0.560725177 -0.116994143 1.750268474 7.188901052 6.294640384 -0.242593912 9.850569131 4.944362487 9.050642076 0.186251846 3.844186447 3.776837730 3.474644373 2.714132119 3.857302478 3.967843575 -0.253093779 0.177688695 4.764377591 7.340313045 7.886713553 3.500125792
13.817189477 -5.199774582 -22.638906354 0.796936453 -0.310409221 -0.210819767 -0.473385077 1.479505087 5.357729534 1.235367815 1.409225168 0.352231904 -0.980600291 2.352424063 6.159943422 4.069789668 -2.685460395 -1.840611512 1.622862857 0.914610070 7.347167343 -1.575955520 5.533169341 4.131916725 2.939202046 3.514478228 5.672197393
17.485141971 -12.950588738 -26.376151869 0.877566320 -0.452299755 -0.097943827 -0.125336716 7.712988831 -3.234727217 -0.137260392 8.122750820 -0.464886719 7.387216029 10.413624705 6.462610725 2.756023831 6.126648468 -1.636814371 2.887278633 4.440234674 11.043714154 5.907566877 0.445655979 5.674863392 -0.533896396 0.491632488 4.955377658
19.381064527 -10.296293035 -26.887193353 0.844072555 -0.456740223 -0.229338121 -0.162277285 3.422957767 2.587973703 7.675047229 4.107247709 1.858648180 3.580711384 2.910313169 -0.641533369 9.734995282 2.998806222 -0.428226436 1.975661050 -2.452739938 8.984388847 -2.527188608 1.626556184 2.555958801 3.093837096 2.203332350 2.934852732
13.393497208 -1.332103239 -25.674387341 0.794386186 0.348574354 -0.345498328 0.357879047 0.124526405 6.731990830 -0.466400848 6.146599349 9.558496765 5.623605232 2.288668150 10.331047703 6.841602139 7.301046139 3.671580993 0.836034205 2.965401925 2.877856512 2.260691715 3.325813456 4.137855802 0.231431032 5.026100357 -4.483230305
20.083402255 3.766598182 -25.200359487 0.759411687 0.557684888 -0.195239759 0.272328646 5.970689322 7.258549608 4.289498738 1.478063270 4.732263366 4.193102808 3.489133734 7.091820757 1.949446888 5.974757229 2.473176174 6.063520993 2.317571216 1.122290818 9.761851318 0.393034384 5.850265596 2.746015609 2.156903541 2.339028667
10.949996528 1.551035731 -25.683600083 0.939772081 0.293635897 -0.138873923 -0.106397509 4.039076440 4.925969602 0.572348671 1.983599821 8.110807210 -2.712542602 2.715496704 8.388737195 0.015743766 9.820215284 9.988513493 5.908355520 -1.291261245 7.455613528 12.087303726 6.181928962 6.309105188 3.555842736 1.440464988 6.628782927
17.624965618 2.462137376 -21.736608510 0.964408728 0.231411295 0.003623996 0.127872920 2.801025693 2.833579008 1.769555873 4.847405578 -2.351378211 -0.973262698 4.745916323 4.942113734 8.149883612 3.139551556 4.769844752 8.526173425 0.681631800 5.239995451 6.107235072 2.411905404 2.826526641 2.060097048 4.269615295 5.016993711
21.020851584 -2.255866017 -16.224445612 0.924846053 0.200715937 -0.257619942 0.194948344 3.714981199 10.227433832 7.455391918 5.611948407 -6.157638908 3.738946190 -1.780739036 3.233792307 0.774265207 2.397686268 4.179563232 1.266230574 1.551817960 -0.764964451 8.648670203 6.844753607 2.781580026 1.837823228 10.637181460 1.075634573
17.792778965 -1.245112980 -15.956845254 0.831285220 0.386734001 -0.359855871 0.172931915 6.119698856 8.226233931 0.849346395 5.005043819 9.434934549 4.377702784 4.375651555 1.613628920 5.044674618 3.512749481 3.934400130 1.466590709 10.996516388 2.572418798 4.086889694 7.501946284 0.294751966 3.468209167 5.982342297 4.980212149
14.931230656 -2.306417222 -19.682495618 0.809210307 0.322312876 -0.440338749 -0.217703641 3.671023651 2.245207887 7.274173380 -0.257548292 4.313629337 1.736087977 4.332027907 6.912100547 2.322483592 5.581706545 3.991017939 2.596563679 5.986677481 3.903527340 1.600639239 7.618392725 7.124034632 5.560889736 1.599445643 9.071911719
13.250525289 4.580102352 -22.147795548 0.760425569 0.415973056 -0.370063524 -0.334323733 2.932319676 4.703334460 2.824871926 1.441652476 0.694957642 3.699069674 10.854499971 5.363540181 7.803541808 4.423843777 3.921288431 8.061003123 7.863124489 5.758892163 9.614712002 2.726551724 8.808270876 2.765840995 -0.704797910 6.891451963
22.539447051 3.042943162 -22.565132220 0.826457585 0.295545613 -0.439960578 -0.189882439 6.060360520 2.014781370 3.232975568 4.764206117 4.409103178 6.371754543 4.398910810 3.303612727 2.499427375 5.535077537 1.383369766 7.300738910 1.389173009 7.962055215 3.639002400 5.660148555 3.975838942 2.733125384 2.887856225 9.775861589
7.941220764 -7.117173013 -23.006071741 0.993047227 -0.074458951 0.009202454 -0.090710437 -0.557767446 7.632250644 8.663076209 -0.910567577 5.944296428 3.595867267 7.549413562 10.590477275 0.126927098 -4.078633360 3.677923831 4.167594856 1.161583092 9.424407764 0.914699599 4.779584661 4.707117428 5.563549222 4.620882754 8.080504179
24.033933122 -4.427036623 -20.862178051 0.914371472 0.006381915 -0.402708311 -0.041353347 4.061775348 8.163519721 6.386205892 5.474162282 7.954274852 8.644872414 2.636926734 3.849272100 5.882578640 -0.827963816 7.457612404 5.197945742 5.704042259 3.019013747 4.926683756 -1.257317022 1.190580324 5.030470059 2.979163226 0.438768322
20.397148337 -4.506558088 -16.369715727 0.707358455 0.344432594 -0.562637899 -0.253867680 2.363904069 0.756287692 0.604788025 0.388887784 1.782302272 6.039795428 3.207644549 3.486517304 6.240864913 0.921262573 3.341774478 5.247944069 4.121365406 -0.025688206 2.304924925 2.444009652 4.421013993 5.397484634 2.464802496 5.561421044
19.787067837 -11.842342227 -27.685005817 0.981857153 -0.104964498 -0.068718461 -0.142185649 4.907215598 6.053995783 8.059704997 3.805719357 2.762777910 4.075852544 6.107672649 3.366775166 3.398029611 3.438668369 6.589392999 5.644958788 2.271437271 0.744550054 4.574513437 6.324869674 1.254116808 3.833915541 2.786511297 4.845937201
14.208902370 -7.947284808 -18.282492673 0.926859226 -0.342258820 -0.150616811 -0.033248322 6.851637450 6.236144576 -2.583940952 4.627831915 3.307791973 4.064887813 5.822326287 4.966403634 9.521355202 4.681609950 -1.932192842 2.341970623 5.887971395 5.393038663 -0.735221148 6.419686929 0.006922459 7.476720874 4.335292272 4.474138542
24.919200036 -0.382039118 -24.441594815 0.803545890 0.395672223 -0.305025965 0.323599528 2.101197871 3.129628017 5.149265148 4.295527128 -0.549613880 6.170027173 4.850243276 4.146962454 -4.585019364 3.609452480 3.503091277 1.594057728 2.424320062 3.595783491 -0.260366569 7.210434726 -1.984032918 0.896424395 4.191746178 3.757303006
18.045347094 -7.507480067 -29.099493839 0.971975891 -0.066217889 -0.221389597 -0.043182239 1.542951718 1.207165254 5.100037244 3.328459045 5.998379931 4.690606991 4.657303503 3.573256919 4.480193224 2.575510398 2.552476709 3.280124759 2.569278092 7.928653208 7.291400766 2.998006486 3.758957502 4.941424597 5.547959781 3.299760449
20.622595743 3.703423958 -24.776253251 0.824130497 0.295566780 -0.464224556 -0.133958065 3.522485472 4.450081862 2.543940720 5.338678600 2.245071551 3.638798027 6.298224898 -1.832949801 -0.347907664 4.515573275 3.584462550 -3.384321361 9.200758946 5.749464424 4.188952356 1.792804068 -0.779466471 3.085052065 9.370074662 6.364839595
9.892871806 0.155960925 -26.197800424 0.962993011 0.187388352 0.009414156 0.193497907 4.480216840 -1.093000940 7.306585197 8.311684771 4.342563495 6.746734623 4.105716274 -0.371315836 4.186813076 4.224599874 5.221885508 1.255411489 2.213200495 2.708031128 -2.060106848 6.266261120 6.077442680 6.670924250 1.341931577 3.253264325
14.371945373 -2.536143079 -26.784398438 0.962586801 -0.250636309 0.101908262 -0.014926428 -0.983789905 2.058294714 5.550810191 7.796821827 9.583717322 1.505594038 8.284077293 4.503286298 8.377637773 6.446473187 6.357684114 -1.119267588 8.306370135 0.109808993 0.810647153 2.655131598 4.511391344 6.501334963 3.786999753 0.356036092
23.904623982 -7.246062713 -24.199971392 0.977111289 -0.028428474 -0.207215820 -0.038819509 3.088311712 7.621748711 7.624373941 0.033234018 2.292431707 9.194879712 7.280508322 5.417695708 1.859535267 3.465370010 7.400587169 6.394966367 9.333065187 6.224297522 1.418903365 3.845306482 2.891001823 4.641013634 8.903012498 6.222320502
7.926578721 -6.245682122 -27.961800931 0.971901106 0.088955981 0.190252125 0.106297703 0.222155612 1.494764722 6.300260366 3.205958289 6.555729706 4.331703470 5.027231376 4.623143642 3.629376898 6.884164942 2.197281810 3.721562326 6.704013326 2.913762072 3.770656929 4.840544590 1.050862451 3.817019192 5.146175760 1.788943920
8.345414019 -0.549246033 -27.481402067 0.969717585 0.128130780 0.107843484 0.177764147 3.496295507 -1.457537733 3.246775291 2.868517341 6.690869472 6.864004790 3.622036281 6.973536158 6.095828449 1.050212516 3.811617355 4.697210222 -2.321325211 5.187790102 2.566825059 5.875145347 3.177015276 5.466847378 2.565931926 10.596027508
15.092851380 0.549926915 -15.163021131 0.923789386 0.318876450 -0.178170247 -0.114831803 1.539010667 3.715892197 2.649902939 1.282427358 8.284926928 2.731024644 6.256465204 5.881137511 10.019491670 4.076088550 7.296600540 7.368169211 1.709159144 5.633446398 2.803696718 4.624698405 5.958041153 2.870507497 3.222926093 3.878711933
10.982920274 -5.232918796 -25.512924295 0.797994071 0.574260276 -0.062405873 0.171860714 5.533154620 6.386643091 6.918000870 5.031667357 1.621879180 3.310037683 1.497227235 5.270773686 5.375862184 7.958832627 3.992136681 7.092350380 4.767838727 4.474902927 4.140969012 3.420953918 2.448676502 6.147276901 4.819818626 -2.200972571
17.056457580 -6.102372928 -19.693817568 0.905888060 -0.181326416 -0.165212265 -0.345242613 -1.203430205 5.381372369 14.354409205 5.732890299 1.966571711 5.964774221 6.431794241 8.014132376 4.415409311 2.874721197 2.798329775 7.116002094 9.157929968 8.265688140 8.283580880 4.467363972 5.189352160 -3.498750971 5.664910335 -1.403938501
20.818911110 2.925224778 -29.554893882 0.903066647 0.196000124 -0.371135577 0.091175471 1.245209599 -5.672219212 6.519036240 3.628755499 3.903366856 6.265412356 -0.758496287 9.208933123 4.732785681 6.885859491 6.060452763 3.346841963 3.499307862 9.495020584 11.317604830 5.587811765 5.409819225 0.491652575 4.525595667 1.774826209
9.759121600 -8.924489108 -21.395829498 0.815467853 0.541472641 -0.087773893 0.184703283 5.494521406 5.676388742 6.229131877 5.302000403 -2.185018980 7.247399094 -4.657551223 2.826165329 -1.341225660 4.771849689 5.641134806 0.626261946 6.000570079 9.161443302 7.423212715 7.177002353 4.795587680 4.027919235 4.781965007 4.763650825
8.527905726 -1.132576819 -28.589751633 0.880715158 0.373405700 -0.185180000 0.224983023 1.956530418 6.573318600 5.774659205 5.444691412 2.436001784 3.395163905 2.579379504 3.537655409 11.198255110 0.472212534 -5.907951186 5.577819436 6.811091125 3.502051124 8.577543522 8.388974164 4.557379697 4.994179879 3.565659304 1.102606048
19.200332881 0.988338168 -28.783883864 0.938045978 0.114905297 -0.303332637 -0.121884481 3.163304832 4.867290273 0.731661923 4.834990960 11.702709582 -0.841922511 1.690831856 2.218702865 2.577490862 5.098760563 6.608240701 -0.116604495 5.187804967 4.923823013 1.529674588 3.358988704 4.381432363 3.685143954 1.947351416 7.019415397
14.569506821 -7.768545730 -23.031324585 0.963433709 0.201545121 0.146383364 0.098726710 6.590862003 6.000681985 5.441883609 8.059414284 4.306528658 3.374542201 1.411973935 4.959694792 -0.059722321 4.369801721 9.154827132 5.188811032 1.666351763 -1.061659885 3.632252008 5.907028984 1.395986670 0.651145947 2.579464467 1.984997708
17.978097563 -10.542332224 -28.804533531 0.756867678 -0.022667493 -0.624405372 0.191717068 2.362584702 3.557806156 11.488655253 1.555427088 -0.101686516 4.104177318 6.763228842 1.642961533 7.300793045 5.642980464 3.390134895 4.409655474 8.444542569 7.020093707 -0.403409240 2.028347940 3.562036951 7.030763480 4.380450741 0.171728865
19.124801291 -3.703713895 -21.541895938 0.908459241 0.162694667 -0.248125317 0.294391032 3.249313719 5.635151378 0.034264819 2.087852940 3.205825500 -0.936482767 1.942578791 -0.827727205 4.982186334 2.951799525 6.655309941 0.821386394 7.515642665 5.757254988 12.384316735 5.215156610 3.754607008 -0.572945146 8.507150239 5.869467801
14.818819218 0.415643715 -23.425877186 0.800072782 0.547000680 -0.246270015 -0.004987945 -1.759392284 4.390275816 4.866279480 3.971750951 3.804393302 7.922747957 5.253255504 7.445655996 2.436293485 6.267676630 6.031544449 3.750758618 4.278276010 -2.639184774 4.007597770 0.363765548 6.717169497 4.211171384 4.307526506 2.172574068
8.195687113 -0.768911176 -23.142886666 0.936190993 0.021452640 0.347183024 0.050499074 5.177662857 3.006347344 3.388562452 0.203519764 0.105467684 6.591398701 -1.617359710 4.868295612 4.733626202 1.426168003 7.765289616 0.378430403 2.190214034 6.499447021 2.362394849 -2.594166733 1.309316365 1.556155963 6.958875283 8.260570909
10.112963749 -11.278573104 -25.588347863 0.967049157 -0.064341546 0.240048829 -0.055250826 3.205894472 4.824736086 -1.879470359 3.127642574 4.432791024 5.250432198 6.194725226 5.991004284 1.916300631 3.599114538 1.618633369 1.021783248 0.485250921 3.058461990 -1.010966209 1.372550732 4.410119511 6.702341405 2.645831697 6.400134131
20.097050154 -2.332134846 -21.565414980 0.937196629 0.266213383 0.036365160 0.222419622 0.442088178 4.531512396 2.751628033 0.819310318 1.649590566 6.924375749 4.640060425 7.487552007 5.154827056 4.250100079 4.735927885 0.662029425 -2.913512354 3.704386977 3.992940421 5.539085228 6.191971618 1.279024296 6.819635094 5.110691199
24.120824503 -2.494822845 -19.072189890 0.717475507 0.244389413 -0.487145805 0.433810646 2.479264120 2.140829323 4.816503051 4.495069901 7.161120761 1.052021781 9.509349534 3.687994203 3.215413331 4.031904815 1.436566352 1.143450101 2.126869817 2.628333858 10.000793276 5.680853935 5.189569935 7.958621173 5.002656019 4.868536228
11.018890331 -5.879627457 -17.797746670 0.718594990 0.420788029 -0.551413078 0.050022915 3.521794467 5.483915462 -2.672247570 5.044731672 6.257596545 -0.065464048 3.268162846 5.460490550 1.750927146 0.513876583 7.407562150 2.965410995 3.650555932 8.140275958 2.406167451 6.688513489 0.572353461 4.463447156 -0.451626031 4.540012844
14.921315047 3.518669800 -20.992531960 0.907167276 0.369082436 -0.021779280 0.200876458 4.759327987 8.702337850 2.482615505 3.717723751 4.181925347 -0.252465503 2.244110327 -2.007912192 7.560691949 3.363902471 2.488127902 5.708868766 2.898498746 4.600872509 6.067216180 -3.532711109 3.744923456 8.563779469 8.385831171 1.004477571
16.860770490 -4.305674417 -30.724839745 0.986846075 0.105216575 -0.035894111 0.117370819 5.031750558 0.414093542 0.821323706 0.758154426 2.720375124 7.057392674 4.499160606 5.751172645 6.278095061 -0.491983056 8.932550052 0.593462243 7.606746279 1.316128741 -0.850083700 0.597116123 7.352891631 8.802642162 3.628990535 3.270400675
7.831006406 -7.458303146 -27.056351496 0.898796204 -0.413701328 0.138381134 0.043211752 0.849826048 5.754564693 -2.462782213 3.927073795 0.555052288 6.109401836 7.387920580 9.492607357 7.063083106 -1.531447755 7.312869642 5.027493531 9.949421471 2.509878351 0.327609131 -5.397852779 0.117705640 3.505754330 2.943757855 0.876449282
16.382493997 -1.379688705 -33.112100121 0.871430253 0.478500628 -0.069504415 0.082556643 0.137038194 4.824472341 0.016235231 4.976879458 4.440833658 5.143910928 3.976559370 2.024802144 3.490442512 2.226423764 4.746303069 3.493896751 9.605538934 -3.646823651 4.922564290 7.428468098 3.640581859 3.092909009 6.222475490 7.113194830
10.387001083 -5.633252903 -19.667657471 0.829724115 -0.049264346 -0.545988748 -0.105010498 4.160134949 3.006137523 3.834285641 1.388020466 6.702436464 2.781005453 2.410885640 7.641090524 0.297597066 4.328853366 10.516871056 4.195180023 -0.983716178 -0.744038998 -0.803507829 6.341048142 2.884209935 1.435856340 0.518031980 6.794641470
16.428195999 -0.657173562 -29.417339222 0.841004419 0.379663854 -0.384505138 -0.026883528 3.191989790 8.192389627 -0.367490220 3.531857132 4.428461274 3.832031905 -0.484073076 4.076440456 9.747119608 0.969911761 3.887318771 -0.458611834 9.058897145 4.171349807 8.518663275 5.115073300 1.751239366 2.504277673 6.157322456 2.355581824
18.738273682 2.461905194 -27.298046242 0.991279442 0.060559205 -0.095647338 -0.067448038 -2.260978930 4.491752832 8.623013665 6.736149328 0.136501387 2.163372433 -0.344544677 -0.014122129 1.798207705 2.908221151 3.077841521 0.373003973 -0.830254246 7.536133383 5.594055989 1.519543728 7.717872642 8.059342704 10.219466026 5.621863149
