19.965532117 -24.760542238 -9.990305305 0.783641176 -0.404148851 -0.203262822 -0.425739873 -2.801717806 5.712833122 0.659009091 -0.813119060 3.063338654 3.739262251 5.613888755 2.786539562 7.870896630 4.808938339 1.717546775 2.022074402 6.180464793 6.486061396 2.584673043 3.493032787 2.620397456 4.535958211 9.304672904 1.327535167
17.606801614 -23.306161198 -20.350414364 0.813303381 -0.560097923 -0.145012677 -0.061638070 9.490090743 -2.237491899 3.235966844 3.423725106 -3.467539735 3.154051516 2.157704360 1.938536031 5.562515182 10.031456418 4.105702453 3.091796823 5.706740413 7.511351562 1.957605476 0.619201797 8.793612339 1.976580453 2.291896043 3.168115129
16.929755566 -24.311841425 -12.969169735 0.709738705 -0.508456489 -0.233822129 -0.427867014 4.316022156 10.821261496 3.192945495 5.685365537 2.685517507 -1.273710402 8.179960094 3.232681276 10.093006282 9.051092901 3.314427422 4.847244578 9.525231407 1.621441984 1.380002901 3.695434824 4.677384498 8.698936393 4.064665714 4.148997674
19.443509324 -23.330857185 -15.024497935 0.934791228 -0.276849451 -0.075007632 -0.209507986 5.196113289 2.753972094 1.051300875 -2.068088110 0.197301108 3.606418258 7.399698381 1.362435927 1.336731501 4.426705464 0.477667628 9.514835104 6.743941783 5.922871352 3.940011738 3.348782491 0.758452819 4.826426140 1.901830208 3.143655088
14.875219675 -25.136183138 -21.831631518 0.886647004 -0.273702018 -0.104778863 -0.357722918 3.067112726 1.500632280 3.753807549 2.613998448 3.991418905 -0.807212810 4.520092506 3.335836304 0.445247839 -5.712182446 4.619704596 2.019740669 1.970860644 2.406191440 3.632909080 5.245198360 0.467349020 -9.471680034 7.802385167 7.432310148
9.279991084 -20.962552370 -17.233094633 0.901421092 -0.422478981 -0.090532142 -0.027485593 3.569678353 1.876143733 3.301605072 0.636836536 5.765819788 6.730511576 4.559878438 1.282829342 4.766971300 4.825230866 -4.112698796 2.266413267 1.867709942 5.907530586 2.599076624 2.961109540 5.205652375 3.987614161 6.142576912 2.956277192
17.296504497 -22.669806242 -15.529472697 0.772676720 -0.305485560 -0.367715803 0.417653382 5.011455297 3.786830742 3.284845685 7.149457112 5.770824788 4.062110090 -1.789355363 2.196528210 3.414440246 3.663543559 3.692815341 6.576432960 4.933466355 3.774705869 3.771013004 9.361912415 0.011030563 1.800937087 1.386977628 4.020523467
12.585105228 -11.868223568 -12.746531274 0.875290054 0.064527043 -0.476417748 -0.052246647 2.090649361 1.834215865 5.081285180 7.489827234 5.541765533 5.404369212 2.954414713 1.885434871 9.290290935 3.360579009 2.221011699 7.934272610 2.862206140 0.971156144 7.492039944 1.699283157 3.895669301 7.117550145 1.174972371 5.908832724
21.831591992 -15.350942722 -10.012089198 0.816009430 -0.137411766 -0.404200957 0.389702712 9.098839858 2.479484509 5.553034490 6.253697049 5.642970689 3.692245395 5.616119162 2.747723493 4.440630324 7.123703421 1.462320039 3.696280677 6.007473774 1.462047917 3.365450847 5.894942662 4.192144882 2.421714295 4.940709876 1.695782494
20.878064660 -14.821077432 -18.260884263 0.722540974 -0.215001381 -0.302385697 -0.583328242 6.937537512 8.812837115 4.804768098 1.904304668 3.321525381 8.204339773 2.334824256 3.282119566 1.736133480 7.710066808 9.010305554 9.830724334 -6.030400853 1.049428769 6.176395932 2.410295326 1.961551117 4.648752643 3.880296476 7.525895849
16.531762500 -13.479518269 -9.167785151 0.831438559 -0.354724708 -0.133998937 0.406109086 4.325196085 8.950796838 3.358176058 4.946026652 8.646255947 8.265469317 7.959003216 4.750067824 5.892495883 1.332277032 5.061827974 6.451331656 7.583051493 4.254657559 5.739966590 1.356381367 2.921438636 3.253606367 3.894683818 1.512338883
12.069926526 -13.126947626 -9.834659535 0.893670003 -0.203512217 -0.391261240 -0.082772855 1.121156595 1.533180823 4.973547985 4.737378995 4.640091806 8.143321770 1.819203498 5.250191634 2.123370230 3.801819779 -1.637482209 14.353816075 3.737215041 3.983464035 5.838704482 0.318889088 3.350166136 2.741200544 3.149983666 7.820036811
18.172256466 -22.082490989 -19.576560418 0.772944763 -0.269612216 -0.572965683 0.039698511 6.857136539 2.921994759 10.776067703 -0.762275590 7.878055592 3.077573351 6.866807543 1.978349757 -0.423784162 -0.919732630 3.736192216 1.432126018 2.419140444 6.289412736 -0.501187129 9.484728729 2.428093755 3.662131551 3.440166507 4.134896120
13.335084707 -11.469367640 -12.497239216 0.859301649 0.143004535 -0.482677358 -0.090404350 2.582039699 1.435079611 5.165945478 6.831418130 1.628451828 -0.180431588 3.175735089 5.098220773 3.322784290 -0.499808788 6.434854911 2.992764566 -0.650185942 2.636706596 7.991535916 1.505650782 1.988104330 2.130463279 0.805197952 1.905374290
14.270418919 -20.190080179 -23.771721308 0.926334695 -0.313429498 -0.099532127 -0.183737148 7.258669090 4.166428215 1.169646359 4.427744186 3.084198994 4.951062271 1.051213267 1.629127693 6.768840142 5.320328987 8.230974285 2.191444847 4.605318265 0.648910353 6.771234014 4.880756332 2.270412434 4.785738485 7.615735485 2.409390575
20.263408879 -13.369394416 -19.450479814 0.991517404 -0.097338988 -0.005388838 -0.085961145 1.701178068 3.052247022 7.351472466 7.952899845 6.804877219 5.653855345 4.678847773 10.801800223 1.402920571 3.231161369 2.670983188 -2.034671812 4.290446778 5.692979097 0.643399083 3.393094185 7.925124472 8.313450208 4.062529208 0.356194224
23.194241116 -15.918238106 -21.019659411 0.779389123 0.021586778 -0.440337155 0.445185125 6.711473002 5.314847987 4.666809007 5.201009612 8.941673145 7.488358525 6.796245865 5.707697410 6.733440676 3.434678871 12.172885030 -2.520352404 8.379047665 7.610223789 1.759825663 7.968661021 6.998242323 4.199512968 2.153638178 4.609636056
11.903678604 -20.847533689 -19.168146462 0.723584517 -0.551764269 -0.388083816 0.146193673 0.720523384 4.457371047 5.061240491 3.286035341 4.269991403 8.418479185 8.050012288 8.756841912 8.277881437 2.661563721 6.500973063 1.321592880 0.723585409 6.821669150 4.500937864 4.796067167 2.837584024 3.811510383 0.416546342 1.017601082
16.237334582 -17.029276668 -23.468805333 0.720213006 -0.044154497 -0.655609317 0.222530965 6.717370266 6.809802876 -3.174239836 5.238998365 2.776586442 3.987677288 3.976344816 9.167971522 -3.028213442 10.583302834 2.305815578 0.936079840 3.933452066 6.022154428 3.859583886 -0.088448360 -1.492093802 0.489242066 3.250170731 9.926709923
25.527133103 -16.747728648 -17.459276440 0.829032052 -0.098774325 -0.443423292 0.326075565 7.028429797 -2.164481625 8.692866929 3.532087071 0.195548681 6.588761206 6.108746175 4.468574628 0.000247221 7.052406171 0.168788003 4.525000179 4.537870135 4.336452501 2.623914855 0.332693717 6.057572228 2.167370016 9.633268227 6.725042978
23.018207282 -21.827608496 -11.370345559 0.809590055 -0.236180891 -0.427283506 -0.325900807 -3.219805866 5.782233385 7.271649016 6.449510605 1.515521120 2.114830304 -1.729723272 7.911261122 4.370784250 8.054028549 6.228069061 7.812940279 4.621964014 1.865468273 7.816083449 4.223290475 -2.211029550 3.968938904 -1.923541751 8.677754555
23.776559436 -24.732039696 -16.605552067 0.746573753 -0.556329762 -0.364862540 0.000392094 6.154896220 4.813615822 3.938952606 4.963934680 4.365827313 6.902777458 9.817516459 5.484302313 7.593917573 2.809702998 7.156303970 5.697215590 2.138221599 2.985061710 5.457175489 2.115094991 0.304562000 0.495872054 5.727947242 5.242565692
22.223624437 -14.603130853 -14.181894144 0.789591465 -0.230256086 -0.390392534 0.413667890 5.215524669 3.937517182 -0.074402115 3.777468536 0.224661754 7.439056968 2.913331344 -0.200551112 2.537072017 3.383018844 -0.840723889 3.062834217 -0.676156773 2.213258830 5.893871365 2.670415750 4.767291062 2.046845674 0.788458174 8.426442645
18.204953455 -22.232570617 -7.962332334 0.813774241 -0.220515907 -0.476536937 -0.249111957 -0.870378031 1.587701859 2.134672067 2.223584875 4.524092470 4.858822605 8.557805014 4.248422496 5.054566947 1.549399444 4.091414031 3.370120437 8.347305061 4.938795827 7.562222621 5.316628551 7.075297919 3.208039726 6.658826731 6.398160488
17.451159155 -22.060073632 -19.074262444 0.780035038 -0.284257851 -0.545397121 -0.115259680 8.649502950 0.703351184 7.995168621 5.149365257 -3.214481347 2.372376842 1.979101830 3.867439563 3.425552119 2.997321254 -0.449875079 2.307548294 6.258967114 4.832722494 4.155184984 -0.123469032 4.788967985 3.365700172 4.812293972 4.590581235
25.047270324 -23.412743938 -11.724305856 0.815073125 -0.126046493 -0.271559774 -0.496007432 3.184869719 4.489384806 5.905614894 4.569588432 8.171236731 3.784509009 4.283315726 1.894335095 4.501682976 0.492152135 3.761631600 5.060955761 5.678765620 -1.717815564 -0.724185834 6.707244382 5.333108699 -0.631828287 0.480307798 1.818728598
25.545425967 -13.588391314 -15.615551634 0.727184400 -0.066952497 -0.486088847 -0.480039418 3.060517001 4.614443344 10.241777954 0.468980819 0.360788159 6.414338076 5.429903546 2.751608817 6.508254617 2.612252267 3.954131736 4.559029222 1.675854198 3.284910908 2.583749839 8.767571255 5.206454184 4.159361552 3.928861380 6.338294163
19.452989332 -17.377822770 -19.572930243 0.848070047 -0.272037590 -0.407553325 -0.201675560 3.807453165 3.504580720 5.447443902 3.084049249 8.621893514 3.775417127 3.376256883 5.204922166 8.156334608 6.782136109 11.036726405 0.330737396 1.796715883 3.844268122 2.984909181 2.868679075 6.351960247 12.005684716 3.948607642 -1.842651184
15.146752396 -21.373180666 -11.637569733 0.926575902 -0.311392356 -0.046709046 -0.205694345 5.558037180 1.596266436 6.319920001 1.384552927 4.175671027 4.185760642 8.365940268 1.051938409 1.357031443 8.502927618 4.290412205 0.602835173 4.629562050 3.959208226 6.259510074 5.079917005 3.738422207 6.326914228 4.957151052 6.969678422
13.848487642 -18.179441489 -17.188898351 0.804121646 -0.543484539 0.020444920 -0.239989458 3.853080095 6.441723389 4.050668841 3.084014719 9.600996245 4.490299048 2.746362311 4.872053375 1.609817232 2.455543702 2.155400961 -0.368642332 1.006730670 12.956485645 -1.305557517 -2.598219321 6.356297737 3.677739804 -0.408499862 2.360005103
13.442623748 -22.248853742 -9.375309725 0.805276017 -0.451225048 -0.343742703 0.172532453 4.369159393 4.929665950 4.933614117 6.144645523 4.548213163 5.573153540 2.027331214 3.450669052 2.073577527 4.759537572 1.184784373 -1.721371554 6.239698717 4.030417491 1.399694868 2.259599515 4.251496622 0.977718387 2.624068906 1.919139536
20.302639000 -13.080710989 -9.079217270 0.851797082 -0.328206732 -0.401772209 0.072809096 0.016078532 5.214620963 2.593938635 3.753766724 3.575520104 5.822041988 2.669517267 5.510623648 6.058128420 2.808874462 -1.873314343 1.676085239 4.372681545 4.497951321 5.650542844 3.167415619 0.271064875 4.135346195 2.790947188 3.460585599
25.622997121 -20.954460526 -16.383118096 0.841574556 -0.173880254 -0.420045933 0.291683627 5.136519566 3.126123846 5.591738391 -0.795309400 -0.720042234 7.203268248 3.299326357 0.707709975 -0.713609173 4.795524700 2.323452423 3.368231694 4.599868400 -3.673190042 1.744403948 8.410464498 7.594618875 6.146840649 7.357650766 5.670727590
8.792441045 -19.549590450 -18.557337527 0.777805148 -0.215831120 -0.409990371 0.424669253 5.026688572 -0.692119793 5.183089196 4.765222202 -4.353029288 5.598059397 3.489735196 4.533334609 2.922769419 2.578373977 8.377569733 5.797799427 2.333590214 2.221510069 -1.945687174 8.800197381 7.863142500 9.146184228 1.474358950 3.210877979
17.706295210 -18.161185661 -24.986473717 0.968751130 -0.172541966 0.022821520 -0.176719259 2.999392587 4.418483697 3.516086966 10.174335290 7.860716178 4.968422960 9.833595719 2.134721514 5.289742324 2.390925871 4.075571034 4.263229940 4.445087188 3.344076818 4.001078062 1.820346059 1.158447642 2.321894145 6.382450662 1.283775068
22.075685584 -21.513933410 -8.110467678 0.845918230 -0.185069353 -0.400490217 -0.299631889 -1.935523344 9.292287341 5.743776345 -0.493506920 -0.527827145 1.959277436 3.009802027 8.432568424 1.794146268 3.924093242 4.922068264 5.101030169 4.782631227 7.898361629 -1.270037113 4.478894181 8.021370229 1.230445836 6.276193626 4.095032130
14.931760679 -26.607119800 -16.515261833 0.828131436 -0.365299854 -0.421157164 -0.058146230 5.017129934 6.974988476 1.497290813 1.907171178 7.285713405 2.587434393 -1.020387449 5.554035739 -2.842417392 0.262678876 2.125673047 1.754136105 7.943953252 3.677126953 4.399318151 10.189759529 0.784597056 5.810021186 -1.224127277 3.943693694
14.379180657 -15.675309155 -15.257644289 0.830772103 -0.277139673 -0.307700868 0.371929416 3.790482378 4.568283833 4.470964719 4.205756511 4.361607426 5.871433756 4.831918427 7.325569151 7.578847168 2.009116219 -1.174197089 5.861217268 -0.445986672 4.281521264 3.786969578 6.938529752 2.944478850 3.056462635 2.120242899 -0.749462934
23.322991257 -25.125533526 -18.058341764 0.835991661 -0.441569837 -0.322019401 -0.049371316 4.255767765 8.923432904 -0.208519466 5.923203210 2.622343400 7.058676990 2.185034387 3.951961348 6.108256507 -2.261760217 3.313514626 4.352887508 0.835635648 -0.856093379 4.439482099 6.910338412 4.447199809 2.127281345 8.252783378 4.319884067
25.341042743 -23.429214675 -17.371362349 0.812771859 -0.319759465 -0.486983945 -0.001557818 3.267990338 3.905823247 5.065481772 5.049234771 5.525279962 4.325955217 4.027495949 2.969771448 -0.540806501 8.730891989 2.825237352 0.576461693 0.113755352 0.326835250 5.640219872 3.379754918 4.445714232 6.024367999 3.689643910 2.084284855
16.485086610 -16.192393000 -21.967787888 0.793354349 -0.579865059 -0.109469007 -0.149539048 8.513175682 2.933966808 2.115038489 4.992916301 0.604020893 5.225016480 3.501584800 3.734951886 0.528610352 5.071324086 1.336766463 0.639575354 2.833631864 3.915009465 4.107423988 5.061828999 1.864820772 1.871537499 2.335204437 1.143802843
21.593250672 -14.954404164 -23.512833963 0.993155726 0.017250107 -0.092073669 0.069760860 6.443864775 1.727618979 1.477979927 5.143036919 6.365918645 3.824043011 -0.725351312 5.225309347 8.783918749 -2.432730885 5.090871694 3.779187178 2.602256918 3.735826913 -2.025219789 8.529885637 4.335982564 6.934143965 4.540157420 5.376757358
17.992789912 -13.427267135 -21.716804273 0.977569907 -0.059791602 -0.183983363 -0.083259618 6.780604657 7.976185500 4.049031912 -1.444644012 3.493048587 5.552868700 5.874539153 3.231440896 5.307398249 0.695388785 8.812518230 3.972575331 4.232893032 6.081189156 2.443224909 -1.980714902 5.230008257 5.359349803 2.147406752 11.466349328
17.598078213 -17.207993154 -6.629939292 0.847368021 -0.291719045 -0.443641385 -0.007053869 6.593623438 3.801104112 2.420820378 4.676943804 2.993046701 -0.701280014 7.290397165 2.373695551 1.492224650 2.409314432 5.459487511 3.033091523 4.784311689 4.710695005 4.096144093 10.859659995 4.636198985 -1.280041373 -0.573500840 5.639364802
14.586015884 -13.355277108 -15.763579705 0.809783378 -0.215716211 -0.243903800 -0.488086399 3.355918177 9.923653575 0.711592461 2.748768067 4.119611436 3.043721911 4.320142237 1.942880934 6.863543722 4.781330221 12.145390569 4.826244154 -8.487733603 2.086114130 1.698701371 0.072403186 5.433745842 1.370225573 9.804130318 0.820551096
16.242480682 -14.963714289 -15.773071789 0.905127024 -0.097858432 -0.335652817 0.241880105 5.814090222 3.575718478 2.821725825 -0.539603002 1.937937817 3.096312523 9.668894165 -3.625582704 2.887743618 5.315281810 1.643517684 4.653065452 7.109261399 8.758167104 5.545701506 3.252113598 3.957381036 3.822893295 4.703504089 5.076859371
20.623027076 -12.555483765 -12.600506680 0.898903807 -0.091772319 -0.427981607 0.019532850 0.066511182 3.312021114 6.572452045 4.929249675 6.609624387 4.319553093 9.821040446 3.946229817 4.657884750 7.915519954 7.879628169 7.591215093 8.663196155 4.033354065 10.103531652 4.742580239 2.649622463 9.178898537 2.200683424 3.626954931
20.710567733 -16.958263649 -19.930517831 0.757284248 -0.388777376 -0.517942988 -0.084307652 0.214937892 2.177621047 6.184010334 -1.657595340 -0.475041291 0.773939777 2.956265087 3.643884750 -1.305655650 3.455359671 7.245722010 5.891820884 1.439434583 10.399300175 5.943173072 -0.181783027 8.995417310 6.498931000 4.114709474 2.202919565
18.719105244 -25.447245704 -10.286894239 0.816969843 -0.441217360 -0.148181813 0.340484460 3.208514819 1.684243414 4.088593031 6.184271682 6.459271606 4.242620616 7.758927086 8.779729914 5.103897669 6.683098012 1.933333243 5.150630316 6.865252977 5.053529092 0.359007769 3.733104208 3.245579100 3.110892729 7.588724446 5.688780339
12.758081661 -19.334502965 -15.474747076 0.820621359 -0.333458726 -0.336855723 -0.319239855 6.273486452 4.251147233 3.117170512 5.142572001 4.548895033 2.023964217 3.148427278 0.061168221 2.712772084 2.083785535 0.895524201 0.763632044 5.662340989 2.340776355 8.690237396 0.447600192 8.662113410 5.697752608 0.418773595 4.746649632
23.753013666 -18.370178902 -17.192909673 0.765377404 -0.095293128 -0.449108469 0.451019105 7.955747461 1.962973786 7.155941643 1.444817753 1.018129416 3.068299398 5.565466116 5.685907898 8.012547133 2.390830530 4.200134705 -1.073338215 2.995598122 10.089430232 0.395790989 4.501825774 0.891026686 4.043104374 1.691200912 3.343395397
21.066366032 -17.341637087 -10.802257831 0.815303575 -0.318865369 -0.265259319 0.404032735 1.925170920 6.810569879 2.087557372 1.602937839 2.728824328 -3.699283652 2.296134839 0.226354400 8.915822174 6.368445120 6.787044646 1.054043924 4.327828635 2.907374708 1.375500612 5.871510680 -1.393530212 -1.693463222 6.011938436 7.745086790
24.978043801 -17.670990951 -10.695844873 0.899799400 -0.133085140 -0.348616549 -0.226088227 5.790842009 4.635091541 3.971600792 6.115204250 1.346633613 6.225543804 4.287913164 5.520449889 0.445488968 -2.550723465 -3.789112372 6.386940269 1.286966070 4.367433079 8.204233784 8.922328402 5.498509419 2.930286951 -0.222009175 5.491949819
17.120927753 -14.194386234 -10.045015661 0.724659498 -0.550372602 -0.283695878 -0.302448772 3.866537126 3.585926198 3.395055573 11.533763046 10.238607717 2.351012199 5.096992469 6.085702752 2.467446910 1.230573801 1.451901246 8.165626261 3.232927286 9.551443268 1.383952500 0.849352556 1.564723853 2.336609168 0.603149654 9.840396743
15.377338632 -12.090234036 -16.017974845 0.740183585 -0.206055355 -0.462598865 0.442347987 7.021561900 1.053626534 6.373870138 7.788245638 -0.070448297 3.745841300 0.491404741 1.788801437 2.230055722 -2.442931321 0.871527052 4.661810529 6.604502323 -0.253892671 0.827319021 4.493435914 5.677671688 3.129714182 0.696202851 8.937112157
11.985406809 -27.301321492 -15.381089119 0.709012521 -0.569917478 0.081654903 -0.407219585 1.265657665 6.195253642 6.753352222 0.249987605 8.712608267 4.945089954 7.670284287 1.059601548 4.744143023 0.798775445 -0.110213809 -0.707058436 0.907504955 8.861155358 5.403578607 0.620594232 0.655815778 -1.650552992 2.464430348 -2.210447465
15.920625681 -14.935791961 -10.964206457 0.801049325 -0.311234261 -0.254910659 0.443253617 1.651049680 2.351951665 9.741341226 6.386732139 5.727696400 1.164609722 6.332727660 0.063309038 7.908022760 7.721742106 0.480261106 9.112435440 4.761788180 2.632677552 7.693924242 4.828774855 6.483886201 8.480361383 4.092987773 3.696110744
17.894700619 -14.020301888 -11.569350678 0.889274253 -0.067931264 -0.423640568 -0.158446573 7.256351427 7.103870584 4.373900966 8.414965404 -1.673180152 2.103095697 -1.964202503 5.513004267 2.808975361 -0.472885079 2.216562798 3.401851551 5.690858108 8.086758675 -2.683603113 0.414582612 -0.287578208 8.315012662 4.258152863 3.666684100
10.026175987 -13.794098538 -14.253041404 0.905382343 -0.163257380 -0.384534276 0.075915954 1.894818740 8.628404664 6.545960564 7.063648409 4.488585056 1.889992135 -0.384176823 5.975148006 5.323787231 6.401803582 3.135460018 4.956068825 -0.506072487 3.906207399 5.565754413 -1.128890936 3.593186569 3.702361624 6.631786509 2.338501485
20.944980038 -17.999768800 -20.102128836 0.952435163 -0.133354001 -0.188949194 -0.198449419 2.326639534 4.613597659 6.087850612 7.727318650 0.812029968 6.705058789 9.850754150 7.869047281 -5.266667148 1.700850000 5.681730043 5.423545402 1.362460756 4.980654803 9.583096912 6.271888654 3.134696029 5.662037139 6.924040026 5.576625243
14.172031628 -24.725080106 -19.686572176 0.822274520 -0.387722105 0.137783750 -0.393130794 7.278502958 3.290572081 4.251512061 0.890841990 3.780632475 7.611399784 6.226415459 9.945546491 8.445807641 8.429341230 4.261079083 4.353104055 4.529698873 7.063618106 6.076209026 5.038278902 5.561150820 7.943643941 1.162249574 2.499492333
12.088351434 -20.069840281 -8.973103852 0.859689881 -0.428113077 -0.252706422 0.117439199 7.879732924 2.686012118 3.833968095 1.633751391 3.898637133 3.348853780 1.535041058 4.716004343 1.487312120 3.951178637 1.184624876 3.543242458 1.866722486 0.195636693 -0.681641432 8.384080740 4.766661110 3.708880247 7.594829846 1.585959629
8.954251839 -17.995311522 -13.940028457 0.946372116 -0.274219158 -0.123704222 0.117817387 1.125308406 1.570132032 4.113152741 8.771675189 6.254746332 9.189626282 4.259139073 4.121808488 6.687628802 4.800662513 1.211029828 1.428865074 3.058987054 -0.183576395 1.768170744 -1.108667617 2.316654739 6.045115290 3.281726578 3.271250459
8.349731600 -17.480981721 -17.377744881 0.838768564 -0.519041818 0.069933104 0.148903488 1.331781805 1.912537434 1.292737133 2.161869356 2.693790952 3.858313928 5.113229869 3.656226943 7.752499104 2.397685204 3.296685895 3.984887210 3.534214864 3.550511548 1.024674574 1.801697917 5.195736392 4.488149790 1.925645111 3.964850565
16.127602303 -23.467934260 -19.999926315 0.827419436 -0.392333656 -0.217380723 -0.337930467 2.506834684 4.664292358 0.951360771 4.060937419 4.324281501 6.029048586 2.836053420 4.416739945 1.938650720 5.380142203 1.695307118 8.511986162 3.646376811 3.806529533 6.122522496 -0.322299756 0.067468999 5.908829829 4.677943077 1.673412506
21.945720444 -23.444307956 -11.395485977 0.820838750 -0.310149491 -0.226585594 0.422717410 8.974879318 2.183622033 3.642357935 4.603390541 7.409400875 3.096409245 7.351021181 4.836405019 2.704778803 4.068643114 5.163805379 4.370403695 0.081662527 4.196547963 8.380685700 4.293120638 2.813803496 5.751885922 3.307602095 -0.728602186
21.668638923 -26.937965763 -17.398789749 0.841778123 -0.239419670 -0.322414657 0.360744510 4.648659247 6.253812575 6.492881196 11.039908780 3.712308505 -0.023333186 8.353565920 5.659641080 3.204072788 10.378564553 -0.232664669 4.875923178 8.986104046 4.020173499 6.233349053 8.847286043 4.541346417 -0.077530208 8.035666225 6.933976626
17.256385120 -24.417687314 -16.022521744 0.900499060 -0.226669557 -0.343530980 0.140388109 -2.259582991 7.229847182 -0.513936724 1.349456177 1.805086164 3.696730146 3.571447393 2.178406133 2.594202621 7.106158997 1.927468308 2.114112986 4.261895937 2.152261503 2.712007695 6.118689411 4.701145309 4.125431782 1.335378225 3.103913408
12.606217405 -24.413440892 -11.021186926 0.878446589 -0.323637556 -0.268423821 -0.227021971 8.749104681 6.037258299 0.461987182 3.940036536 -0.307947642 5.183445340 6.505733354 9.869232125 1.108804863 7.838555015 2.942205336 4.244171698 -1.400060067 0.016492279 8.368260888 2.531897988 2.669196547 -2.062472658 4.879342384 1.632139476
19.457075924 -22.663608997 -9.882523419 0.752704984 -0.421819000 -0.166892299 0.477127760 6.535337969 4.995651082 2.032029349 5.758469520 6.913035533 1.609191277 1.442352197 -0.395848125 -0.252123898 3.309411465 0.360904159 4.803032527 -3.627441837 8.277473331 5.287561534 0.218975020 2.743143298 3.428590099 4.107451415 5.156895886
9.627838876 -14.202900700 -16.141878993 0.736169641 -0.318112319 -0.341587352 -0.490078456 -0.634871852 10.742032674 1.032471373 1.835794448 2.004972419 2.018246259 4.789220676 2.820557397 4.876597788 -0.262366120 1.743998794 6.090439139 -2.221907682 3.383609909 5.680056013 3.798271779 5.325979211 3.234803251 3.127286019 8.785588499
19.320087330 -11.326823074 -12.403994608 0.775001380 0.142953439 -0.422538818 -0.447658488 5.053514712 2.283213243 4.219661025 0.099799016 9.890538716 5.401605529 -2.384717022 5.353026234 9.212090181 3.717129707 4.754362978 4.633826693 3.057721528 2.296271704 3.892335249 3.702952452 5.247979661 1.189109179 3.035372176 9.709500918
17.254076303 -15.604371623 -15.397260820 0.869686624 -0.102560801 -0.482361488 0.021303802 5.115348795 2.468346785 7.201164114 4.706334943 6.124325593 3.605331551 -2.493112062 1.061494334 5.665316085 5.499004145 0.508772639 3.379063164 5.164655527 4.184827986 2.259492571 5.491327650 3.340207833 7.017540436 -6.163291992 -0.912307666
23.903169558 -25.102077881 -13.399007243 0.807145271 -0.316168316 -0.494779188 0.061218157 0.083126428 3.636156266 3.734111240 2.946463001 6.116752480 8.290723227 3.392913405 7.041472789 5.377660923 2.154284654 -2.219474685 1.425810345 6.771625680 5.129765309 6.166656686 5.000005031 0.063775840 2.196485893 9.014845672 -2.979391443
18.877543758 -19.717407052 -13.639582012 0.781349679 -0.258351254 -0.383615842 0.419030065 2.136397385 4.180495495 -0.866600834 0.607912195 3.570688808 1.784143375 6.425350644 0.708635771 6.644212940 5.184030966 2.501191790 2.431320238 3.267645709 2.311414207 1.661132168 4.518935509 -0.014835664 6.807339626 5.864193948 7.856754620
16.895605915 -21.692988145 -14.618215096 0.822293523 -0.269460056 -0.410814770 -0.287151294 8.561364163 6.630797458 4.511958706 6.495965632 1.355320651 2.502961272 6.350605398 3.544999013 6.997655045 0.909057597 8.091121498 2.201770063 -0.142821646 6.407428199 6.077620470 2.269383151 6.140685555 2.294663686 3.747703610 1.703733216
18.461161294 -26.922162161 -11.910567119 0.831708751 -0.339131988 -0.250934525 -0.360945858 -0.360704887 -1.752023600 6.742803932 2.708206548 8.893114602 2.785466245 -0.310500334 9.365907405 0.934771905 5.819374814 6.811475049 5.381663429 0.820720223 6.218667690 4.092218375 6.078485823 5.129852924 3.329217984 2.274176691 9.596972256
10.090430867 -14.531841318 -12.131890649 0.882136142 -0.166648259 -0.428429438 -0.102530007 8.494063158 5.397282273 -1.485830031 7.495702120 5.844373594 -1.571403744 1.162352922 3.995362945 2.677361281 4.901913741 2.204808691 -1.029485875 3.349149803 10.950785337 0.210296533 0.234363233 5.815703749 5.176726146 4.571094603 10.693257345
16.730158608 -15.527555527 -20.115138114 0.718485278 -0.358268096 -0.467848160 -0.369514514 3.812041630 5.438918989 6.969705528 3.024567926 -2.125052584 0.027637994 5.842357702 6.941208350 4.389079021 5.953659852 1.669352977 5.387087189 1.900967613 0.955629277 4.706690449 1.403942304 4.676640271 -0.744021424 4.012999148 9.797775234
22.231555539 -12.921876244 -21.674732844 0.958427267 -0.107209771 -0.234985461 -0.121264471 9.397015133 4.529435192 9.053311329 5.522368044 0.347692406 6.130335868 7.993925949 4.318509208 -0.731975325 0.845540406 0.872413872 3.859599547 4.098679316 3.224196949 1.469382346 -2.492360420 4.198368078 4.875848129 2.220785439 -1.450123393
11.220632656 -22.588275468 -8.815467754 0.732986439 -0.422337846 -0.288608159 -0.448404900 9.609994222 6.622601000 5.134410983 3.480643849 5.153585090 7.390148767 3.722092378 7.379630965 5.144757369 8.800561498 -1.215817444 5.324634261 10.217925919 3.878245399 0.431922104 2.599426214 5.592885676 4.925834368 1.433288682 2.572086524
25.455444983 -17.421010149 -10.537137634 0.765308572 -0.159366197 -0.402147353 -0.476636876 9.836459762 7.730607281 4.819827127 5.703712141 2.548146186 8.131772021 1.595390382 5.223887729 4.378123781 3.350174863 1.806556649 4.026457424 3.992652830 9.474280048 0.171124528 4.245972358 2.976313164 5.091591080 6.022287511 7.673773753
16.567833835 -13.699470885 -18.514845366 0.767428613 -0.196051758 -0.604934715 0.081676331 1.686666788 3.907580752 6.041339517 -3.092217213 5.071389332 6.056342997 3.513788145 -3.327341370 8.778048527 5.918899416 7.845273966 4.886922128 7.879703123 0.190059103 4.943939046 4.823153108 2.984434096 3.053428189 6.339710571 7.762840110
14.815521016 -20.966318467 -8.240172984 0.831335738 -0.435540893 -0.149071488 -0.311388363 2.594614267 -2.625457046 4.975121709 -1.252534550 5.663478972 3.241542483 2.135864659 3.505079997 2.431837545 8.616889786 8.109162526 8.130285589 -3.019473224 5.033712073 8.610818770 -0.961680320 5.622846772 4.023584858 4.994048407 3.021884236
9.862756913 -17.756640243 -20.296321168 0.941483904 -0.270153422 -0.001755086 -0.201549265 7.673511807 3.867811984 5.099844586 4.146336461 10.269443240 7.121699705 2.326236091 3.255876732 4.567259290 6.660162111 2.282419569 3.742114469 2.504987319 5.720230630 0.824002498 6.446960387 3.686074897 5.250603865 2.456900644 0.936311211
9.827682847 -21.297138110 -11.456597588 0.777658375 -0.433503593 -0.070288784 -0.449868396 9.248666749 4.267247331 3.671029339 2.437672926 4.241172175 3.715512550 3.494847917 1.931636633 4.345304309 5.967138352 7.286426967 -0.108024198 4.849358744 8.538318775 7.262983235 7.426881392 3.353195823 1.532258814 4.377820764 1.098466767
12.486936815 -18.753500335 -23.259576683 0.918371686 -0.353759005 -0.053149959 -0.169183611 -1.754275776 3.915802740 2.291496902 -4.854870145 2.822419881 9.276657717 6.131972596 4.538709909 2.687826881 2.087435161 5.608309478 5.320956559 2.048026326 1.976150780 7.601743392 5.800314697 3.955808954 4.958345895 6.075342615 5.815975047
21.912262017 -19.695210939 -18.104874198 0.747857918 -0.214787302 -0.287302407 -0.558598493 3.223132412 4.780490153 6.756104172 4.506976934 3.400735242 3.917043299 0.897919510 5.313130854 -2.604481773 7.782548377 8.144545993 2.229830197 -1.371012202 10.220449663 -3.985160920 7.231725816 5.919685378 2.345093335 4.137848073 5.659984157
17.609170214 -21.809119057 -12.842285675 0.738853917 -0.486428053 -0.456847648 -0.093663576 6.816815401 1.816659621 4.174079933 2.853771558 4.504764084 2.237707716 3.175512792 4.119660035 8.008403635 5.926790924 1.909158815 2.991251581 6.870862037 5.677070961 2.462301244 6.249991943 6.230806727 6.164801677 4.229695126 2.657349984
23.098589399 -22.866391028 -18.111805516 0.711356413 -0.196011070 -0.464580392 0.489608796 4.519048967 3.608063778 -2.940767205 -2.994317459 5.218540230 9.521929162 9.115118532 10.348399875 5.015687952 6.377387783 7.947426510 3.267925587 5.567099471 0.800440745 4.367775033 5.451913745 0.214787560 3.089991465 3.954297296 1.584010439
13.139333911 -22.940813508 -18.288420964 0.796892804 -0.226729156 -0.384306811 0.407264072 3.346194482 4.442581025 3.710286325 4.137592435 0.609605935 4.246454850 3.387477702 2.387417906 7.123787477 -0.137768714 10.141046006 6.967305379 6.084922004 3.325679413 4.723131459 1.237282610 2.733444808 4.834142050 5.454040698 3.077632107
14.598640331 -26.228820687 -12.587068259 0.913794099 -0.268045962 -0.234191621 -0.195668067 3.053128649 1.197373171 5.626778684 3.246235663 3.782657866 5.211920509 9.368336225 9.383822008 5.136398959 2.961185171 1.265370570 3.032399122 7.299916718 -2.084607811 3.567069875 1.802114762 5.147341299 6.587478100 5.144960044 5.836916566
13.850735903 -13.170844809 -16.934180634 0.809388472 -0.005581166 -0.462936560 0.361315504 6.016994151 2.611866367 2.985051255 -0.161162858 3.888657941 5.980212973 2.444700034 11.889158995 4.370368238 5.946416787 0.371136426 4.478167564 2.416476392 4.545482927 5.365981082 3.841820085 0.565783281 5.946351196 0.985314511 7.647648906
18.927235216 -22.969868245 -20.034176454 0.827295515 -0.252076582 -0.501821329 0.014658844 4.738978914 5.637858921 5.120501102 -1.739410112 7.370595028 2.499796688 5.817075582 4.857046586 3.250613149 6.334330856 3.819861196 7.446708424 2.066979451 -1.648645056 13.136163203 0.715670236 6.459817247 1.511908870 4.840804928 6.438245399
15.946444121 -11.887202462 -22.030644357 0.904942294 0.112304587 -0.335493092 0.236456149 3.462170873 2.163807037 5.761085375 2.930541851 4.329554726 4.552846330 -2.005957151 2.507558084 6.204287059 9.092995241 2.899863196 7.073298626 0.165799742 4.606754201 5.494206660 4.259755665 0.877687953 4.778138045 3.143857626 5.121404435
20.218864331 -18.291214280 -16.205504927 0.779787067 -0.455237004 -0.427774147 -0.041239293 2.074648903 8.774106597 9.157449545 4.289827551 7.869734884 8.599032117 0.005350210 6.310998347 5.962777080 3.552760466 4.230995277 4.528011013 3.743812763 3.622930687 3.599950211 3.252944890 6.456623761 1.333672881 6.443593101 3.971651089
11.397822639 -25.897199648 -13.912176828 0.840351485 -0.538179439 0.005948685 -0.064318633 10.127984963 4.658721595 4.182391089 5.542580803 -0.068258814 5.253934583 3.755463106 6.747622706 7.210713046 1.441351401 2.400419087 4.702531128 5.265191005 2.262372640 -0.088073915 0.875520399 3.393843144 7.622425377 -0.993480947 -0.700828501
18.836570895 -17.427913289 -25.224554483 0.734358205 -0.625568709 -0.226700841 -0.134121384 2.697655979 1.190884624 7.099594525 3.268930323 6.715961320 3.478265183 5.159497616 3.197148030 0.354486005 8.534007591 3.613259669 8.774165517 4.862169707 0.433779551 1.678282563 1.836739932 -1.306519384 6.542006429 -0.452605943 5.300022167
19.096427797 -15.561699170 -10.563474940 0.809671070 -0.497208716 -0.311755745 0.004960508 3.170733450 1.599192667 0.305605367 9.300644884 1.374043387 5.583715354 6.604104877 2.752167714 5.907294155 3.988495424 -1.201359510 0.799332362 4.718383666 4.523980479 9.167279769 -0.260691363 1.779207971 0.822773553 -0.715059774 7.811461959
16.102385023 -17.619776387 -23.249920737 0.998915254 -0.035385234 -0.004109616 -0.029988539 0.619371599 9.513667730 5.329620752 1.765963207 7.380973163 10.891460085 4.481071621 5.299475869 8.949579010 5.698743320 0.068280513 5.906189353 0.720309442 7.776637587 4.300211032 1.341436605 4.930720783 4.313252308 5.694048440 2.343175491
10.786437303 -15.896154786 -19.186865601 0.815438749 -0.165953323 -0.467124430 0.298854326 1.439995163 1.447184889 -0.160442971 2.275519739 4.879250005 4.477964548 -0.760480729 4.806043889 2.819037695 0.280304031 3.407481497 0.790437383 6.276455767 1.543282893 3.595204431 -2.747548518 0.546710602 1.330478425 4.669671689 0.714745462
22.859058622 -23.356297425 -14.516699221 0.720610837 -0.275933985 -0.432422491 0.466466769 1.935773852 8.841107517 5.305103370 5.970892474 7.327287013 3.090284039 0.873726642 6.657953076 2.314424564 3.205531616 10.954879378 0.582552070 7.044155488 3.565612644 4.698265920 -0.673960672 0.945776432 6.545978501 4.848920557 9.369175781
17.293240858 -22.958817349 -19.007828935 0.713966999 -0.455642322 -0.526612160 -0.072944030 1.624062204 5.383387825 9.857337977 4.809440829 9.854647775 4.610037113 4.082836231 2.577375036 1.538785822 -0.409557578 2.164195374 6.135852021 1.223397036 6.393716771 6.707340184 2.544719791 2.880096264 0.254803663 -0.370100198 6.970516915
13.431840169 -16.832444325 -15.409198921 0.754938717 -0.270080097 -0.354787014 -0.480885069 -1.109783501 2.963209688 8.776114689 2.609208803 5.293269862 7.094163207 -0.878477072 5.988139575 4.963684241 4.193527114 5.141288810 9.792772920 1.474931266 7.109512574 4.611288356 3.454383747 7.538242446 4.907397906 7.073004967 -5.881042770
16.200860046 -25.333241056 -15.565872381 0.740850917 -0.610091067 -0.216316381 0.179265254 6.108531635 4.278504404 -0.435346052 0.309824804 4.819978466 0.943559543 4.867714182 5.539831561 7.390244612 4.549941716 4.295661990 2.492517521 5.201055797 8.801920804 6.579562620 -1.259404510 3.298851536 -2.237958474 7.034154623 4.764804564
17.713811367 -14.850051622 -23.319227558 0.800628491 -0.541614248 -0.003622215 -0.256193103 -0.375664376 0.983107998 8.221771536 0.989075162 2.351554631 3.659804861 4.243785034 5.230170668 0.307242882 3.927658054 7.762496346 0.749568175 6.389496286 2.016787278 -2.246647131 4.761323936 3.937609804 -0.717757623 0.541772689 4.346453268
16.930693945 -21.840248808 -19.366920634 0.933464430 -0.111342336 -0.279608394 0.195105580 7.076446435 4.146393203 8.233399216 -0.106489443 2.290128761 1.819023090 8.478383439 7.222744993 0.274409672 7.955918896 5.157551918 5.913278836 2.903624439 8.736604640 0.878023781 7.024265821 5.309325703 -0.522788050 3.700407052 7.525362723
16.396607137 -28.313139847 -13.720990245 0.928035529 -0.353811243 -0.104339210 -0.051778278 5.241531076 1.311441155 8.087857833 7.173516313 3.356924767 7.500690691 9.309243385 6.872157019 3.244669853 2.150322580 4.142588358 6.558448641 7.885696387 5.927969880 6.838733041 7.848875000 4.742162698 -0.448018650 0.522766629 5.562616616
17.917587390 -18.084711635 -19.113374360 0.826190925 -0.160615969 -0.455443208 0.290142292 4.322668868 -3.729819531 2.016810819 0.978313577 3.402058630 9.365102750 5.897250253 5.670128550 7.320571645 5.385905295 1.765962166 6.169231827 2.638682442 4.536291049 1.205553506 5.509107316 0.632051981 1.357398539 -1.024311114 1.334632963
16.583096451 -11.140976991 -15.940661647 0.767344224 0.096692396 -0.597206071 -0.212551949 12.422795829 2.743383489 4.503796029 6.986486972 6.734133038 3.473292173 3.526747886 5.198608719 0.586698652 5.897648508 6.842340795 1.884814407 10.129453061 0.915142458 2.123118489 5.046511208 0.040107779 7.909703330 0.782005748 -0.124991946
11.819457010 -25.388251568 -14.668123083 0.916996475 -0.336747748 -0.173862660 -0.124459608 1.140062672 7.345359222 1.549764235 4.663769362 5.036127970 5.770558434 -1.517386400 5.074547432 4.352384187 -0.758156196 5.945290941 3.569344290 5.532376738 5.077097154 3.020203555 6.905523795 -1.820979805 -1.484783851 5.700954741 -0.209735274
10.728356693 -25.782829073 -15.762372068 0.823975140 -0.563452394 0.042398989 -0.042292944 6.859778520 5.031124349 6.003391412 5.386740916 7.483110625 5.393284054 3.043500339 7.838541454 4.251982187 5.654364742 5.818965008 0.613433741 6.143771670 7.357445768 0.017415111 0.640528529 5.089549922 4.546188714 13.096915206 1.732030830
19.794326092 -27.861313163 -15.138207021 0.764197643 -0.390850955 -0.441357971 -0.261611610 2.304265296 6.191766926 4.045237251 6.603116864 6.597585091 0.846553272 0.150123269 2.850621923 9.778791332 3.116924028 3.704497227 1.634050091 4.101923646 7.766251664 5.972488897 6.285104319 0.779593305 0.054535019 1.155157657 5.890052666
21.947261909 -15.374395211 -9.901093909 0.862516189 -0.078412059 -0.357892889 -0.349041619 4.629997164 5.376331091 1.653443514 10.225333178 2.420756852 -2.642938773 -0.573969312 7.327357403 2.671385188 1.385736459 2.261375530 5.034152169 4.747021893 3.193680792 5.636401670 9.268300936 2.261978645 3.557510691 9.383081855 7.222621697
22.845933179 -17.548821406 -22.212104453 0.942089512 -0.204784335 -0.044820267 -0.261766825 5.499942077 5.011129942 3.730592087 3.119375161 6.205151765 3.410379033 3.760915088 7.265550272 -2.278830382 -1.898654563 0.511979677 1.225491053 4.098633572 5.271638951 6.750776181 -2.190600906 1.974131776 6.978034874 0.825894967 4.582916886
21.479470490 -27.991824655 -15.373731174 0.783467620 -0.478630270 -0.112366292 -0.380086003 -1.674540625 -5.156442606 -1.931039454 3.461308036 7.638925840 0.616093988 3.925812865 1.523851314 4.050807349 4.221866924 3.720961324 3.708410076 1.695443281 2.649087592 1.552982357 1.613977827 2.407129279 2.861158026 6.008564099 3.735231499
25.098794895 -15.904252932 -21.017966799 0.848378228 -0.251552801 -0.465701098 0.009902376 5.614415325 2.428382493 10.662551613 8.949297313 5.106232120 4.974456750 4.793741478 0.881342721 6.589986496 3.229335698 0.792548265 2.435391398 5.517109172 4.724120876 1.097706735 2.176143913 4.329640286 0.007673615 7.259653743 -4.098545710
15.771898468 -12.663365115 -20.617974274 0.786067802 -0.279400687 -0.319185436 -0.449614639 2.084487156 -1.439268507 7.446390569 5.502551030 1.247537491 2.163477309 3.360455116 0.894269123 10.721492579 2.717036576 9.313969791 7.588605609 6.012532855 4.360657324 1.393025759 4.714444776 4.512097048 -1.029710502 0.666938104 10.737617067
15.044793186 -13.442977875 -14.339645501 0.874537250 -0.337931520 0.011358134 -0.347646198 6.549057408 4.365529345 -1.705929953 3.541597427 6.106778155 3.637652524 0.166297301 9.643843133 6.675716701 4.304463366 4.041240582 2.649633498 2.016201924 3.692745954 5.378257520 5.304268744 5.464472683 4.116116767 3.558697142 2.679927629
11.715715930 -18.349503586 -8.749630953 0.966673365 -0.234194032 -0.068670460 -0.077331293 1.570833120 0.416989455 -0.240211083 5.148157262 6.751797292 -0.180012240 -1.158896733 -2.764768425 0.572461225 6.465329369 3.643102053 9.544809057 6.510346483 1.058349472 5.477877096 2.855352227 5.408822024 8.136125293 5.975457442 6.232143696
25.374293362 -22.125974055 -15.837308049 0.825134918 -0.247732471 -0.471246659 -0.188964484 0.330767202 1.518829821 2.905745728 2.718583755 4.395670754 7.574136778 -2.783707003 5.135182954 1.326964068 4.633012973 1.949542329 2.375045742 6.722722501 6.777486666 6.806279084 2.806867276 6.321308695 6.005967502 7.944891522 3.954088530
25.971100483 -21.409381205 -14.796951991 0.827954547 -0.230157387 -0.499020153 -0.111793257 -1.945112187 5.178972380 -0.196972357 2.594476188 4.582281725 -0.290526792 -2.054774309 6.393821385 0.389037007 3.471346812 4.727754032 6.071233333 4.777132387 9.853906368 2.694287764 7.608563906 2.962143104 4.995161234 -1.448305518 -1.049828465
14.715754758 -18.851653198 -14.451713353 0.819944303 -0.353765651 -0.321226121 0.315206254 11.989600109 1.546080367 10.361698576 1.471945159 5.789386127 3.875264061 4.168134118 7.862526954 -1.350052479 7.693276666 6.868431678 -0.506077737 3.704002768 -0.145108418 4.860417466 6.843795951 6.550821710 3.895030874 6.885896071 2.132588957
20.322949534 -26.602016520 -13.544174966 0.832432773 -0.489241373 -0.259411114 0.020110483 2.288974846 -2.236757744 3.916498427 -2.632125032 -7.561071523 8.028768887 7.460329598 0.444184881 2.447927647 1.134993449 0.640429742 4.786102516 2.975481024 3.035398261 1.067712952 1.646171573 -0.382139437 7.742896423 7.076117258 2.563072346
16.808183448 -26.035760008 -22.022896097 0.830833760 -0.453435885 -0.210403108 -0.244625620 3.813005092 2.583646594 7.609212150 3.337069022 2.419368136 4.745473027 5.016353238 3.014940678 1.557474066 5.063679392 1.651531896 4.965718736 2.318699845 5.106619404 3.517656278 6.404917615 1.757000038 2.951928253 3.753253373 3.953701309
16.333271474 -15.189038875 -22.276873119 0.944931427 -0.223364842 0.076553096 -0.226610612 5.793309103 1.669077725 3.705624825 -0.989349577 6.170864152 2.656201286 -0.629669914 1.589990191 7.142577748 -0.964618642 -0.455081894 4.583354530 0.327487121 4.904309868 9.320281027 0.874807236 5.487789999 0.905779843 5.852344135 4.166668656
15.310444387 -21.070683302 -12.802623129 0.850308776 -0.174295036 -0.454321817 -0.200469234 7.331774265 6.661800838 -0.319747546 2.729033162 1.841981493 0.016764455 3.269733963 8.788309418 9.739013626 2.917783852 5.269241659 0.213870292 1.899572087 0.204217259 2.048114024 4.520802707 9.404434691 10.831032157 2.519198615 4.262327712
14.135699870 -16.852859222 -8.823221267 0.865637265 -0.316626148 -0.382206157 -0.065866992 2.755276461 3.645889217 -1.382370288 2.314144567 5.272180380 3.515050006 5.516274125 -3.998157084 4.976907389 4.306790980 -1.375166543 5.735553138 7.611217547 -1.097924706 5.711781292 3.966913297 1.546298409 2.956429193 5.668457301 3.123685622
15.068449577 -14.646005452 -22.105049928 0.934831637 0.121393707 -0.233237727 0.238649409 2.441989423 5.361280572 8.985471335 6.397877754 0.317350697 3.489055076 2.204557649 6.746107344 7.443026272 9.726556458 2.997524607 3.162620127 7.731072437 3.424852303 5.377674576 -0.766135520 -1.353572326 -0.099550221 5.753425480 6.631425951
10.272877204 -25.130474111 -15.847900506 0.831517755 -0.433690438 -0.257123225 -0.233191924 8.140503163 5.622370790 2.550730262 -2.225348394 3.622867312 2.853102726 6.165401236 3.048362493 5.870548798 3.282874487 3.257984027 6.734937367 5.912291539 6.753057676 2.478145727 3.448959318 7.904983404 2.192777065 4.171927275 4.418078750
14.561853596 -15.097242746 -23.374826006 0.936804033 -0.166563533 -0.281932881 -0.123161044 3.588663717 8.576775819 -1.636230622 -0.354441426 -0.609953235 0.911333051 6.742552343 4.538611652 6.261137139 2.315649603 -0.814610250 4.708753816 6.134356560 6.789234200 7.536600801 2.042232038 0.394669266 -2.111295315 4.399597842 5.999190263
9.398469386 -23.518695614 -16.206414393 0.735720820 -0.429034600 0.099423400 -0.514547544 4.554012149 3.771141385 5.873919225 8.330599913 6.816787806 4.606576230 1.285452297 6.764808243 3.457288716 6.166262876 3.702440542 5.224626021 7.350722156 8.465823286 9.468899866 6.176599137 3.668370109 6.606731469 5.186851097 -1.601334591
22.693940522 -23.418582047 -20.574710314 0.840948302 -0.466706297 -0.138104548 -0.236470547 1.698815534 3.197997191 4.161958693 1.647593952 5.241630324 6.523353280 6.323990827 8.757130030 4.789055880 2.405143006 -1.024268792 -0.416114152 3.509763263 4.114388460 1.698361101 2.946807214 2.400390935 4.611666299 -1.991259266 3.160555413
10.618563907 -20.868703365 -16.321725908 0.726372676 -0.531494138 -0.426692991 -0.088486205 5.679927474 0.784781983 8.093229994 -3.095566759 3.007565394 2.942022677 2.861000335 5.430074513 4.973858072 1.719670128 -0.406092413 4.038228282 0.878613712 6.581632538 -0.037434538 9.742794407 -2.185011499 11.785338552 2.516989839 3.453208086
20.190440737 -13.964425664 -15.885546890 0.761809189 -0.052001696 -0.644674636 -0.036567710 0.442796968 9.818118615 0.801365758 2.482830037 9.205894759 7.492986731 -1.161194970 0.792628210 3.471020768 5.171039300 8.317573590 3.810796374 11.968428038 1.975642429 6.155528998 6.862037133 0.088026877 -2.152765664 -0.656879170 4.318734046
15.994596028 -24.782938611 -20.956202203 0.720936775 -0.480620323 -0.485802289 0.115110415 1.198340167 7.144295474 6.972852710 2.159911422 2.795505576 4.762752099 7.180911515 6.127944830 4.884808423 9.015896454 0.265304372 6.515810909 1.284891799 5.858026025 4.989388299 2.399663960 3.424689200 10.050896996 6.425589791 1.916590337
18.300406995 -26.118940269 -16.912158296 0.756879822 -0.525545410 -0.388263608 -0.013650211 4.756052568 4.906932144 8.737111581 4.426771761 6.149031043 5.367672849 2.292876009 2.022879589 5.315101899 8.370913724 2.270828654 0.877753193 1.342288857 2.392995710 6.583751507 4.786685322 0.535684484 3.181299626 2.849197388 0.666561461
23.405477437 -12.154212357 -18.282330990 0.864824679 0.043544635 -0.427962595 0.258901826 2.285212512 1.162209103 6.657378757 5.247963196 3.628833300 4.213894512 -0.515008433 8.477084851 5.214697547 6.523652079 0.526867321 1.926435154 2.671961355 -0.520929745 3.965623700 5.448192291 -3.866737000 -0.878289570 6.972786537 3.577197107
21.475353507 -14.746515437 -22.436613378 0.865847744 -0.101029572 -0.487973835 0.044522431 8.033263818 4.747458435 1.379551062 5.613028411 2.891856501 5.781481176 2.406333065 1.224495532 1.115994548 4.551330931 4.561984691 0.461887663 6.764312263 6.461766291 3.584321207 7.249100911 5.902036045 5.157245687 5.199447796 2.482488555
16.586067572 -16.472141162 -17.151196603 0.865995809 -0.231706806 -0.422279673 0.134324579 4.385531769 6.919786332 4.515276505 3.243598689 10.182386774 1.455319611 7.510871786 6.010767193 5.897668929 4.583343258 5.210672079 4.306352485 2.335504941 3.644387727 2.851417630 5.234629965 3.185937074 7.315643194 2.497650162 2.729742639
18.525191720 -10.848964323 -20.008563171 0.849735989 -0.043053715 -0.524433346 -0.032631162 4.190592070 0.097380585 4.086013677 2.049492692 5.709595354 5.810007015 4.819179675 -0.205536695 4.398350015 4.055780850 1.495038046 4.548022654 1.907994996 7.587635844 5.459333989 4.572428218 3.000946578 1.254931838 4.753274805 1.620152056
26.351189268 -17.528409967 -16.502026216 0.729023056 -0.044760655 -0.348275910 -0.587559153 2.834140477 0.036030951 4.526379725 7.285417124 4.432384778 2.739709925 2.175861932 1.815497419 5.302078546 8.429518693 7.287198286 11.771670576 14.509205831 8.080360795 4.696111869 5.778579535 2.620528137 10.967046911 3.880638177 2.946188623
22.202816080 -16.980462466 -20.752859284 0.910894650 -0.261268292 0.041441723 -0.316689753 2.824648441 7.686460306 8.271312651 4.176818946 0.115851379 0.449945937 4.829717636 0.585367601 6.203983114 4.835215533 9.303149484 0.314933821 7.109704027 2.004377677 9.277336731 6.404289676 8.422777591 4.575889616 1.030647176 -3.487105110
7.928208316 -17.666565848 -14.098599299 0.765772066 -0.492190351 -0.405343932 -0.083893377 7.818701614 4.551086776 3.994155135 8.902010831 8.523822707 5.071672899 5.387508317 -2.033645436 4.228306309 2.144123959 -1.250233685 1.838378931 -0.420213151 5.228859834 2.114433734 5.633686311 -0.533340678 9.024410656 2.425862116 3.817917578
13.880151001 -15.677763381 -21.378893740 0.858679462 -0.219322504 -0.335717178 0.319157010 3.179734132 6.220598552 4.373255350 -0.038840036 1.149953423 4.778114770 9.860668324 6.330832095 2.913978002 5.067477941 1.151577133 3.780873080 4.738097417 1.189174769 2.902736001 -0.033258951 0.373245736 4.004793421 7.474632397 3.081454986
19.073438283 -18.557409066 -23.496145726 0.714904098 -0.229906683 -0.641262842 -0.157597637 7.241742667 0.283213072 5.054638531 7.598372682 6.260973846 0.136683034 3.097255970 -2.314584799 0.702214314 3.546598546 -1.097554038 2.970326784 7.251265672 1.987071198 5.916045254 7.671385987 4.470303014 8.092279919 5.119292785 6.887128676
24.490963724 -19.884535430 -20.324957607 0.767954202 -0.151480903 -0.448188229 0.431772152 7.418992073 6.629355433 0.215653784 4.303197190 -1.066296669 1.414211146 4.077628841 3.079421687 -1.566030529 4.716229174 -1.620440425 5.117412320 7.857891097 9.577862281 1.416303047 5.288478573 3.860378922 -6.763342681 1.002227778 6.218568139
22.154928726 -20.619164257 -9.257920238 0.834741931 0.054940678 -0.296142099 -0.460963434 0.435178886 5.501108685 4.085673142 -2.058064751 4.481415385 7.006497128 7.998677546 -0.572995501 0.929704460 5.873970882 3.099325513 6.030093389 4.179067743 5.304061116 7.481870539 12.767880766 7.598483422 6.660138958 7.248703031 4.250510753
16.464139013 -21.876978322 -18.316409006 0.927224415 -0.140110024 -0.287380144 0.195030045 5.436796997 5.315016291 3.307176893 0.509508730 2.623766073 6.891966714 6.226166639 2.513278905 3.950677899 1.966170303 7.743245355 5.103414038 3.991876955 7.591702961 -1.040330365 3.080749738 3.027177711 7.846101963 2.278620689 11.213015768
16.734804966 -28.092291605 -19.750469101 0.797674747 -0.255899254 -0.367094092 0.404317323 4.555255256 2.411563631 2.682952187 1.718276000 5.491251211 -0.385133948 8.073652645 3.189117186 4.697438230 6.817923382 3.121030176 3.834530701 5.363860577 1.015705924 4.862428358 6.380387595 7.449254371 -1.032474428 4.510453096 -0.111417914
12.717900492 -19.687363898 -13.238687603 0.854574015 -0.172789754 -0.222964954 -0.436043098 0.147842650 4.538427472 3.357391882 -0.193276461 0.823005329 0.476593952 3.410907017 1.269627618 2.652673130 4.328082498 0.759934668 7.814549871 -2.248841085 9.980537111 9.350113102 -1.498766198 5.555463851 4.969314614 3.937984132 1.398619626
9.820634136 -18.298589030 -20.924999124 0.787921597 -0.556853095 -0.018853469 -0.262180729 5.609475194 -5.196269101 4.868698029 6.547243521 6.650226650 -2.044368983 3.926989669 1.035289443 0.839793835 5.785791059 6.085318844 7.206518402 3.011391283 2.701032688 3.461940959 1.981169886 1.894758870 0.422920730 5.557863911 3.266215842
14.593912116 -26.836790653 -13.063160300 0.905117813 -0.212832323 -0.151257859 -0.335537193 6.062620876 5.230044225 3.724601270 6.700344860 6.316437409 3.450666027 2.218749482 3.386599449 4.901776523 5.133489406 1.350433951 1.498494516 5.082297921 3.324400535 6.981129044 3.410461181 3.441107969 4.375975786 3.228739020 4.858042122
17.737411260 -20.119632486 -9.504109350 0.846913238 -0.361936861 -0.380036503 0.085509843 -4.557341443 3.076560783 -1.899642062 2.636215023 -0.071937002 0.204637659 4.824555144 5.302502651 5.683598121 4.007789334 4.351832741 -1.082861744 7.482883634 2.256647985 5.373796126 2.170026482 -0.287882032 2.593823111 -0.111666399 1.098987462
23.587656730 -25.795996836 -16.299044586 0.841551943 -0.235096911 -0.209007247 -0.439130665 9.885438510 2.822460932 4.150066202 2.498177559 5.822131765 5.678459045 6.663005156 2.348306958 0.961100641 4.332809885 10.299744337 5.245799775 7.122496099 4.153430117 9.722206207 3.762660758 3.379393617 3.872758514 4.610735814 1.478682370
16.306017796 -13.837073274 -11.730328451 0.958089340 -0.001102271 -0.284221116 -0.035804445 8.119796963 5.483142514 7.836023708 4.129654577 3.039363419 -0.049150679 3.689010183 1.912995739 -0.488814589 5.501592899 5.890846911 4.125300866 7.246016960 1.858014926 2.389619089 2.053841460 3.793152868 6.502784367 -0.723308209 6.337688718
20.963318047 -23.841776417 -9.721972229 0.851974502 -0.319268298 -0.411843280 -0.050914767 2.423955772 2.084994092 1.629755683 4.910886225 8.003207694 6.158981837 4.395178873 3.128687524 4.475836622 4.818947826 7.538485243 1.035323172 1.578116187 0.974729127 -0.132847550 9.878536194 5.312549620 5.841734215 3.978841851 4.574512301
22.585380563 -11.969945016 -14.852413198 0.809187367 -0.149957054 -0.568090344 0.001430948 6.269880715 8.191126830 4.838669805 4.294102860 7.891010528 4.531862499 2.425897333 3.418124581 2.659084416 -0.887561815 10.611109847 6.455183102 3.977067594 4.918277465 5.086425058 0.255127341 2.225150133 0.580496486 6.953762509 5.763989037
17.514656104 -19.770028031 -16.413733330 0.967592779 -0.193029127 -0.117027211 0.113175092 2.714416069 -1.136484183 3.624656465 2.564149945 0.993515949 4.856816253 0.057274755 7.087844667 7.454235648 0.972562706 3.080779356 8.249882540 9.527375039 5.961333584 3.272207063 4.037744780 1.383850732 1.950169307 6.957528607 -0.564598967
10.890615291 -23.351179623 -15.770177520 0.743790032 -0.391442611 -0.471061600 -0.267675251 2.679775868 -1.046050979 2.508382826 5.034633919 4.587951503 6.151260630 0.661145146 9.733996293 2.674275474 5.594833605 4.904559234 3.846138714 7.612282395 1.811922613 2.966857134 3.576531434 2.370295790 7.272746493 7.746626056 0.381190274
16.306649416 -28.624425937 -17.157765626 0.865318888 -0.492157997 -0.092895040 -0.019345266 6.083234276 -0.088170021 8.272499089 -1.164338792 3.823252192 -1.493742911 3.233566268 4.631393458 5.351824660 3.602833346 1.092193950 -0.358956604 1.886650153 1.670754479 10.942223747 7.570194774 -0.929274205 6.487038993 5.938251146 6.101490873
15.424644441 -21.612005860 -11.806688545 0.778169013 -0.415364758 -0.270881458 0.385419694 5.247437858 11.378249960 3.837604015 0.269792065 5.193951851 -0.737193069 4.114191347 8.868518173 8.387832042 4.878351352 2.266520832 -2.230265152 2.926851149 9.740325767 4.173409479 3.029885125 0.788939979 5.698239666 3.531050604 7.993518865
22.680164238 -19.556952090 -7.317389812 0.761916192 -0.163947361 -0.597036372 -0.190138239 2.771584137 2.947585770 2.900873310 4.571646250 3.284152839 -1.093508573 5.402602893 8.716127056 5.873757716 1.918137717 1.636564347 4.002577711 2.936060963 -4.975333642 3.460679675 1.936163043 2.593078548 5.836299186 4.876238241 7.471298073
14.358899969 -14.648736333 -10.524257362 0.828178145 -0.032089259 -0.556462990 -0.058653051 0.202143458 2.599717889 6.582041441 0.046266197 9.812681742 0.574651441 6.434327620 0.711453908 -0.373503915 4.460476531 1.776630471 3.676329500 9.473970063 3.594124057 4.999489371 4.153045856 5.509022062 3.611715806 4.223748735 -1.316204209
11.504286357 -15.177655753 -15.026898878 0.934812412 -0.204973798 -0.257289636 0.133841468 2.796024834 -0.833145023 5.152761797 4.490941684 7.987935153 3.712828812 1.953649531 2.818883121 1.422637875 1.865095857 3.068319002 12.805938160 6.180728498 2.247445164 8.584224208 5.002663519 1.940833109 1.505217639 3.027770354 0.522816802
18.140406641 -15.829788815 -16.596978522 0.806313323 -0.023645867 -0.476276406 0.349943542 3.475121138 8.527674535 2.123964425 -1.742361199 -0.144267008 5.341961992 5.095833717 7.331463019 4.192380804 8.287827756 5.204007013 1.631431693 -0.704910108 3.320993082 4.545279332 -3.927335157 2.299584157 5.472543006 3.502026104 7.328428787
14.555402383 -15.904115212 -9.127051019 0.894812269 0.003668147 -0.314078729 -0.317257150 6.330393031 6.705612274 -0.087567752 3.689953591 4.982866231 2.380391663 4.444766332 1.141211933 3.152541821 1.882807416 3.667557199 8.469637100 1.420448590 4.099201879 0.230960617 5.716140548 -0.195514097 8.262777059 4.589310137 4.400820792
15.431423257 -26.433469196 -11.922770328 0.779587236 -0.400770781 -0.282594450 0.389572713 3.519747450 5.637978552 5.116405568 3.432620235 -2.213912732 4.235209449 6.998608872 8.697878145 3.786574284 6.335573245 6.785449900 9.279822661 2.729119750 5.957405862 1.117599693 1.529615787 -1.168306009 4.322924172 8.680150710 5.616872383
11.650361035 -13.335564942 -20.015878346 0.915022500 -0.097482164 -0.384249684 -0.074721037 5.964028145 -0.891517124 0.015218036 7.301595667 4.839497501 -1.718186145 9.141679872 4.875432412 4.563403175 3.009123963 11.104866008 4.463956804 1.190793092 3.069355876 7.108783004 7.498066713 3.439421567 9.800289456 1.890235160 8.013253980
17.749899764 -19.026507724 -8.961487379 0.819125211 -0.403209068 -0.358650248 0.194489938 3.847788150 2.782828026 4.968416420 4.193873765 6.528595322 0.573440365 5.754276321 3.951982818 8.781480310 -0.229866107 5.863342669 -1.470632624 -0.898022207 6.186459362 -0.293224070 3.528722530 2.245629590 4.046317995 2.049456292 2.055803666
18.944108952 -19.929767893 -22.028990597 0.978902559 -0.127981387 0.055075762 -0.149456362 2.710339274 2.228192958 4.679825469 5.916010858 5.173679703 -7.559743167 2.170268400 0.418253230 4.429470721 3.746465643 0.325638193 0.925113149 1.968639218 3.939946644 0.767894954 -0.888492001 7.619412383 9.780479908 4.441618929 7.358548713
20.013789954 -25.244252587 -10.576043200 0.847450461 -0.220033910 -0.349097696 -0.333981426 3.545435765 0.068107739 6.530605500 8.567019365 1.911230402 1.618545092 2.365542330 3.440307818 10.164403407 6.236401008 0.110798190 4.738365300 7.069957175 5.252023873 3.140759341 -2.122249690 8.076746967 8.167595807 1.903601047 4.762271562
22.236449537 -17.537507803 -18.411137885 0.937975313 -0.119934999 -0.294978146 -0.137134248 -1.840076958 1.509155959 5.658600954 8.362615011 5.269491608 1.035206079 7.354865079 5.297123972 2.711496343 -1.119332192 3.899951529 5.577803942 7.184448184 4.538331310 0.106879246 5.173444801 8.606594091 2.478064090 4.056592213 -1.155490938
14.633678310 -16.053505306 -7.130068583 0.870847756 0.038975569 -0.262995394 -0.413447111 5.124797116 2.988479401 4.966982351 6.169213487 5.725214965 8.781777982 7.925869360 -3.395582519 2.221833193 4.816840720 1.124567152 -3.812785460 4.078498344 1.789537520 1.713100775 9.615367699 -0.198519434 8.543530926 -1.125243458 0.674309362
19.781335588 -21.436613619 -7.266225643 0.823571906 -0.309642939 -0.466025755 -0.093115858 -2.722788109 5.429772767 13.384561273 1.793798192 4.694959457 2.588372793 6.011310090 5.769065808 7.452140013 3.146452875 4.039436185 2.355480055 5.333768387 5.370776485 3.349879629 0.345292380 0.327048664 5.603955747 -1.032833381 0.841435012
9.687029381 -23.429062302 -16.934442810 0.958927048 -0.257200736 -0.022367881 0.117500533 4.375145378 1.186653068 7.324717687 2.107677747 1.356268399 5.835708093 3.835617486 7.350621921 0.479779102 0.063748129 3.131640437 -0.397600089 4.214518362 3.263780140 4.036153582 4.617270794 5.300986503 3.756337748 5.183604244 1.856622596
20.094883019 -17.879256052 -24.437620687 0.728196999 -0.393585206 -0.555175823 0.081238052 3.459970782 5.057950046 0.197857001 1.808500912 13.088742898 1.990825238 0.852681477 0.116311423 -0.232448129 3.102301757 2.797030513 4.497870471 3.561513158 5.615104535 4.448300799 3.833540146 7.615280687 8.612674416 0.162977414 3.846713569
13.006833348 -17.478675758 -21.755965552 0.930762329 -0.356863210 0.018299842 -0.077429014 5.515404002 1.178488638 3.637798856 10.160808459 1.382985148 4.993852970 2.125590334 1.691642583 6.208104755 -3.933538893 4.479204728 3.997507920 2.050994053 2.114757266 1.460584465 5.904916649 4.704839038 4.587368096 4.271194077 0.738654758
19.327670264 -13.183470411 -21.465148006 0.994018701 -0.032635205 -0.087974521 -0.055877096 5.072288397 6.266572291 8.419115757 7.387644339 9.369092292 0.664535580 8.699730447 7.337517080 7.293498710 3.049472583 5.047719568 10.243848517 10.920489242 7.621207453 2.859544017 3.555712052 3.597920576 3.801781488 4.353360625 5.375503664
13.829960988 -13.048253165 -17.406465910 0.819075163 -0.490346504 -0.291247067 -0.062059080 0.132880129 2.908913072 3.763990752 8.911526567 3.043601660 1.210012230 3.939964718 8.745330212 4.966258389 6.509284778 2.200906478 5.096726661 4.149808222 4.945860548 6.131722830 3.753770618 -1.862531376 0.697949630 -1.824273700 4.509619088
12.618834366 -24.048089699 -22.130161838 0.823924727 -0.495982408 0.067575193 -0.265674780 4.658346094 7.226247920 9.062490877 4.478982052 2.456266816 6.765274124 1.441890866 10.457546673 0.429492666 0.815269035 7.476939527 -0.507353493 2.131432538 3.447101093 5.851687640 9.360001449 0.374766560 3.076798014 0.048285401 6.411010666
15.221532109 -25.624092238 -14.028513972 0.709880115 -0.448823028 -0.182610459 0.511157052 4.773508933 3.813276201 13.838622863 2.648915649 1.403395575 6.410034632 8.125717907 3.622301724 3.665502002 7.027184708 -0.101942964 4.266900398 4.948658146 3.510894974 -0.339116891 6.409350762 2.449280663 2.944390062 6.757336524 4.653901866
20.005199710 -19.910418888 -17.512398039 0.819741883 -0.149410980 -0.395125062 0.386750295 4.186051081 3.270921494 1.750198071 0.527090321 1.992927486 4.301425225 1.467666060 5.397518871 -0.879146752 6.213747650 6.681460985 0.652926214 6.056072839 2.068707491 4.723818053 5.507455199 0.795646009 4.995242918 5.089880971 1.532799823
18.915034399 -16.668212805 -11.390156478 0.925840708 -0.295549620 -0.144936914 -0.185641312 9.304383710 6.133620905 -1.487226713 5.546267265 1.548444748 5.651699012 4.286717937 1.654442232 4.679072820 0.452686417 6.245350516 6.111872371 4.783609847 6.505420871 0.758009971 4.429397450 6.814470718 2.758036253 10.327362553 1.692652922
16.975848669 -22.892868409 -21.215665673 0.783989794 -0.220711117 -0.404588559 0.415878233 5.796570613 0.600514717 5.927515234 7.016471141 -0.837215865 6.421173435 4.490301145 1.433603775 5.977359485 -1.096894000 1.936096758 5.095905216 3.995968690 6.877249443 -0.311582912 8.561980833 3.179116832 1.917076705 3.829777148 2.035649908
21.789598399 -18.263773703 -18.830484988 0.897345317 -0.176363177 -0.348897297 -0.204787909 2.884787484 6.094753521 4.347473672 5.158575015 3.031230828 6.898612493 4.590962785 5.642765838 3.863398665 -4.904229213 5.978561781 5.482191766 6.051320093 3.173954350 4.021189853 0.147334255 4.187996035 6.647641117 5.979048255 5.060149996
12.963949502 -22.294097001 -10.841937934 0.725652592 -0.431796858 -0.455059249 -0.282667418 4.083509551 9.316256227 7.171180536 5.014908864 6.173999880 1.329892070 2.913058423 3.862667330 -3.320367980 6.021588765 2.217744479 5.527247074 7.424119996 2.939872088 1.308034408 7.804851942 4.326787037 3.777362695 1.181796185 4.747076364
17.830471090 -26.023063116 -12.365542266 0.735309028 -0.428302315 -0.444936272 -0.279122686 9.041241638 0.257385176 1.928257465 2.802914062 1.465960578 2.585042827 4.302789088 0.372952501 12.126880957 5.139299335 4.702140336 2.666852440 6.387542314 5.395687208 5.672175223 6.877932213 2.368963143 -1.957224479 4.594742693 2.352900100
24.459148421 -15.310850582 -20.921237590 0.794346645 -0.160260619 -0.583328786 0.055294381 5.048522388 2.729011809 7.200806784 6.448828887 -1.904929510 3.337970257 5.069773162 0.810364421 6.453942978 6.677654965 4.075115599 5.097147237 4.867770661 2.783659409 7.545805799 4.839799590 2.899616126 5.465726996 2.940671265 2.438255429
25.356744199 -19.998117670 -12.193681921 0.838178146 -0.137032079 -0.249815840 -0.465050160 2.855869344 8.055629883 -2.625036495 -1.004417042 5.891099890 2.451938702 5.137451338 4.526486993 8.103854454 5.715974620 11.081719603 -2.679389017 3.616029097 -0.006282461 6.624830145 8.623110489 0.039165598 5.638974653 4.028130086 9.433103374
17.531786510 -13.682748511 -20.603586709 0.785616667 -0.311109875 -0.500308542 0.188966825 1.422057887 7.841385232 -0.212021175 1.543080007 7.508555967 3.582141349 1.037148507 3.620630871 5.082928724 1.430985479 1.413880088 11.061024174 3.784818795 1.238712137 2.770942484 7.253463240 3.785715553 3.167185324 3.238905981 9.441668832
15.950224169 -15.867692804 -16.083588690 0.721357764 -0.024139562 -0.356877122 -0.593042139 1.610718735 3.756887345 2.773879842 5.344712996 3.338296367 5.982823334 4.600443768 4.922162623 5.705067017 1.133203853 1.295170092 4.909329388 0.517582629 6.413899548 6.283836994 5.824842994 6.875639906 -0.167549888 2.954220184 8.345861278
14.136460839 -12.307243026 -11.340362983 0.798220801 -0.139640175 -0.414121808 0.414544693 1.227918823 -1.963029082 5.827283700 5.982922794 6.803853625 8.964115949 6.632177876 14.003550446 6.097664975 8.778133204 5.579365592 7.327180156 3.952998579 6.003395758 1.800272346 4.933239633 2.968707879 5.895421833 0.387949087 3.699884221
19.800976563 -10.501918225 -11.590254023 0.901072428 0.061288805 -0.427106152 0.043502851 3.082372247 6.166140250 4.332084705 6.027536302 0.714963214 3.085383702 1.999360245 2.484124297 0.768207147 -0.516683843 0.977930947 1.416382213 6.940766068 8.684352886 2.613767411 0.163807944 2.626955829 10.278212988 2.842800828 7.024773838
21.061786301 -21.568182657 -8.308582250 0.872938252 -0.363879652 -0.174558697 0.274043187 11.570225142 1.534941405 2.951055321 4.611227350 6.808183071 4.462254245 7.976832127 4.278392190 4.666658950 5.182589051 6.697563826 1.474452693 5.408588745 5.663699863 -1.060061043 3.150375664 1.159731738 5.207994603 -1.333779463 3.530335864
12.591429135 -21.298175672 -21.339557170 0.796865678 -0.325598304 -0.465687301 0.205246617 1.168311674 8.858245250 5.887062627 0.617224510 3.570096307 1.589677844 3.094782732 5.548028981 6.559250697 -0.216206269 2.277051253 0.020030202 6.133662641 4.678534543 7.346327412 0.092698320 4.609483788 9.499503537 0.426500173 -0.492155244
16.787564410 -20.137831755 -6.578453347 0.928038408 -0.269994048 -0.161802763 0.199167750 -0.494526670 -2.975805297 9.576189461 2.081676610 3.127721408 8.255114319 4.197219955 1.650372302 4.481239676 3.821141673 1.059828697 2.203957762 11.403024350 4.320635093 4.968020975 10.382391257 8.894529972 -2.673952537 4.423862369 0.178398601
13.180711888 -14.999847233 -19.736402190 0.970262102 -0.135518819 0.092198929 -0.178116421 -2.172885098 4.891340187 3.502240461 6.512700728 0.642721299 1.871582657 7.149407460 4.465402802 2.838614786 6.296821494 3.962635192 4.162879543 1.345276877 1.064995903 6.622045984 5.253660620 10.115057811 8.725171170 11.212007175 5.815380443
25.853638068 -20.088084803 -12.424652526 0.833284691 -0.142193550 -0.252144830 -0.470999579 3.567407274 0.104747944 3.985247535 2.233733350 3.651365933 1.297310102 4.874411100 9.488725725 8.017214850 6.104773145 3.217744224 3.477829300 1.243583382 6.320532491 7.208838221 5.095340298 0.029540023 5.417331194 7.086434048 0.265286161
12.582506331 -21.229400037 -9.282518001 0.886213000 -0.333426663 -0.320009510 -0.032358804 2.881910286 1.751831110 -2.241739988 6.503737663 1.203991395 4.794655578 0.976022413 8.102198697 -0.129154338 2.873414991 8.617362576 4.373902349 5.502015667 2.971306078 1.940453717 2.427497518 6.025078546 7.922151268 2.610683402 2.887435157
