-23.706841005 12.290155905 -4.706005455 0.726534465 0.437118763 0.521002893 -0.098136862 6.097189512 -2.419753860 4.223906396 -4.221547467 2.167328268 11.530080707 0.996171209 4.849657438 0.785277510 8.893255022 -6.707235283 6.541532219 3.202246102 4.583815915 3.760644731 6.655323951 -0.986079695 3.530450510 -1.607867968 8.535530103
-21.686270721 14.542762870 -14.256933289 0.852785602 0.319323212 0.407385397 -0.069473314 1.500894393 1.884287519 2.629332946 6.235720561 5.275060601 4.003667548 3.392418536 5.686363383 3.770943243 1.052582494 3.469429710 7.824319775 7.151443205 5.842408062 4.767728345 0.967527473 5.444541924 6.284398805 4.171699486 7.110345293
-19.218419724 13.341322122 -13.459395040 0.899692691 0.266803416 0.342765447 0.043368746 6.178838787 2.012557136 3.647576977 3.336340483 6.347295711 6.050895022 4.396536531 6.851234409 3.659857545 1.942177742 1.065399488 -0.025742765 1.492452867 -2.918275084 9.636140424 -0.108952669 -6.630915570 11.223847440 0.343105277 5.330300607
-27.746436212 20.246231176 -7.579841677 0.743678042 0.415484671 0.404386263 0.332847124 2.253439775 6.893862129 5.124753579 -1.065925399 3.870492295 1.554517523 7.360832680 -0.213525464 -1.575688371 3.299101119 7.573552703 4.685830274 6.137921463 0.693597114 1.738455282 0.536761951 0.638132665 3.951751030 5.487938576 3.933554229
-20.339147209 13.803998544 -4.054829287 0.949576904 0.156584183 0.229131856 -0.145889303 4.168668301 9.945309676 5.079775352 5.827033218 7.102430326 2.731806022 2.568517565 7.857208655 9.987080273 3.887911280 5.453788057 0.492903413 2.775740933 2.675011266 2.235378122 6.766552492 0.269451698 3.522159638 1.894991041 5.095844198
-16.442301303 8.872242874 -13.065688452 0.847860102 0.371279272 -0.040819602 -0.376322615 9.928007066 7.517824672 0.382742610 3.091277875 3.987611275 9.010523743 6.135841999 6.486085213 4.126931108 3.570443270 6.634410786 -0.956915410 -2.087904334 3.268200837 2.460475019 5.365308256 5.217490395 7.431205855 -5.995334021 2.756829562
-26.193764879 6.615898157 -19.189551153 0.756038676 0.020783504 0.337689996 0.560302626 -4.231886446 4.873308476 6.674319399 3.281861320 4.551111354 5.733515642 9.463630281 0.628430905 1.637390635 3.531943744 3.600202278 1.228679871 0.694698627 10.376177318 1.095663702 -1.595843860 9.134517559 2.470405467 3.042345328 2.360369352
-14.926329971 11.604653228 -12.791748722 0.740106618 0.374506762 0.299698656 -0.471346576 6.210803965 2.826787977 3.672579713 2.507967781 8.822665557 0.745674062 3.774679205 7.540866686 7.887112043 3.765254386 6.978886005 5.678787324 3.403629808 3.635988315 0.791584938 -1.022740899 7.567691765 7.239246429 3.577195999 4.233213931
-31.347224893 12.338051552 -15.471205950 0.889134671 0.101015025 0.401245539 0.195544164 -0.089289176 2.087897222 2.585413743 3.914536911 7.364925614 4.519336105 2.362845487 3.986422115 3.570946055 -2.943647661 4.467081434 10.134941558 4.326782926 1.952174676 -1.211588763 0.979739906 3.782146468 5.620076600 5.113549682 1.122136507
-18.013838864 12.188980779 -11.376639290 0.872617575 0.310425025 0.185361301 0.328353560 5.152929015 -1.318919043 4.016725091 2.458897474 -1.239907962 1.399842522 1.229573314 4.211378626 2.583581676 6.805964239 6.303507856 8.302657526 9.850431345 6.542130551 7.935533820 0.721918441 1.066209022 4.552432253 -6.137275964 8.408686990
-23.204828647 16.133683240 -16.943060676 0.821430581 0.233214446 0.413529740 0.315999965 1.519865753 3.505802567 5.658009568 6.622561607 7.111084931 2.513328436 4.436220571 1.825191631 10.126627379 6.000683895 4.220526729 1.397350524 4.419026258 5.968650281 4.159842195 1.058791092 0.050141848 3.434031819 0.227690266 3.512499502
-21.518867532 14.507636637 -16.182096540 0.813572773 0.293205957 0.400634031 0.302691234 4.099940048 2.701070235 6.135362658 -0.030378878 4.696186696 0.594699452 6.061082877 6.291229280 4.288629394 8.012456538 3.275127298 5.981753645 5.102378277 3.652183735 1.951601063 3.628871447 7.658767558 5.335814070 1.175923974 2.295221641
-20.762273551 5.725257887 -17.671794356 0.850784131 0.254630258 0.450601282 0.091039987 -0.003190254 5.332334990 -1.032014708 0.128195560 1.277060775 6.496586233 5.576937690 2.157914832 10.381107966 1.155772493 5.236138022 2.800409742 9.133832114 5.866538340 4.034271650 1.708806674 -0.997859491 0.299341010 3.623337547 7.910595985
-28.262296939 5.295413052 -4.700061215 0.924266842 0.089093116 0.360323049 0.089221756 2.061270610 7.087111427 0.274475065 2.250759010 6.301839942 8.819751077 3.350773996 6.367538246 0.659836747 6.377679995 4.805767415 6.669045192 5.985405227 1.294107059 3.729533734 4.232711030 2.869585994 7.553212110 3.852653485 7.336834405
-18.675501266 15.578717970 -15.452359588 0.826106925 0.422459061 0.281508432 0.244599044 4.701388186 5.765542008 7.489125563 2.113486124 1.636809533 0.460265040 3.822455292 0.330242991 -0.214574665 3.184276649 7.263937809 3.178633569 6.033864865 10.237753246 -1.776899945 -0.493944723 5.674000413 5.052036988 1.307315163 3.790892413
-24.931489435 15.772862434 -6.646492965 0.750632445 0.303655633 0.371529477 -0.454213646 0.635415953 -0.930233636 7.324168717 3.694962158 6.846541556 5.004679037 8.864916955 2.039554681 2.419634486 0.958815546 1.572013242 -0.689843999 2.555787119 4.251729692 6.725419762 1.418363885 3.653580973 6.655756402 8.207445280 3.726002245
-22.377380850 15.592078009 -6.790715477 0.868125016 0.227693460 0.291791979 -0.330714510 2.420825848 7.276797080 3.010069243 1.887475771 -2.415458595 4.552568841 4.197443145 5.434910011 5.572634875 9.177741518 4.768461677 3.536753130 -0.700206051 7.219769668 8.815359328 3.895834786 2.570401251 5.437731545 -1.339935505 3.191533664
-18.910056393 15.108424008 -17.987601044 0.786073641 0.404888495 0.457762007 0.092776520 4.549833145 1.849589159 10.080668002 10.199798851 3.570460405 3.507111907 2.304248250 -0.463650693 2.079889185 5.705742808 0.580991952 4.720048688 6.476369900 9.075812092 9.447305030 8.820240779 7.270398944 3.336316243 4.721338453 3.709574065
-26.092445597 13.913105124 -4.851508442 0.870717066 0.280710138 0.298543007 0.271892776 12.757661959 -4.247021687 7.640173211 -1.177076869 3.340422421 7.980661342 1.868865547 2.693934698 6.121356434 0.096059585 5.985263495 5.480697749 1.887057412 7.427241446 0.222679117 4.716403200 6.997146625 4.219500451 2.241632677 2.898388377
-20.483551396 15.607516370 -12.769583416 0.803326536 0.405868973 0.425118220 -0.095975790 3.025573662 6.451879313 6.581782450 3.745228593 -0.271784086 7.515224532 6.082852896 3.879056760 5.794436990 1.807674735 -0.288563754 1.823679131 5.549015806 5.125975874 6.524507302 -0.164609402 -0.709355210 5.613068027 4.672619387 7.938402462
-18.469278421 10.723231400 -7.399538215 0.742828505 0.505425529 0.328243092 0.291560145 7.762465539 7.727454465 1.532178494 9.664358456 3.729047737 5.808770106 6.078069525 4.287478899 3.877394007 6.252607280 5.667064413 0.266403131 1.584907460 3.855096678 2.276852367 6.631422864 5.139041996 1.725991404 -0.408905217 0.271851417
-25.030540326 19.297070146 -8.219740401 0.712783729 0.256423451 0.451610407 -0.471417447 1.344152728 3.736483567 3.353620686 -1.698704641 -0.931134366 5.007005443 5.503609135 7.717169333 1.593390623 1.269226489 5.912018732 -1.433366556 5.215529458 3.497541961 5.571147742 7.014593063 7.140972433 8.764893313 1.230330504 0.543398928
-30.426556178 12.834538069 -10.208358071 0.885046331 0.190633984 0.353221526 -0.235767322 6.229427040 2.948741987 4.416498441 2.736478518 -0.320985540 5.455503586 2.496655168 7.530312924 3.883560426 -2.641054986 5.994387665 0.377185212 2.925517827 4.975841635 0.409317992 6.094500803 0.400384636 1.713329144 2.962777574 3.717711607
-27.709636551 2.766338265 -10.068141919 0.871431463 -0.086326955 0.432850160 -0.213999067 1.783337039 5.337170265 5.647751702 9.137495044 5.448128005 5.718107999 3.719794208 3.016730221 5.027083227 5.336654473 6.854191326 10.340230732 4.180409955 2.884087414 5.747198589 2.252070761 2.040329301 -2.249278174 8.354234786 6.124085557
-29.301223271 16.817271273 -10.717599721 0.887683578 0.212124845 0.266627410 0.309726880 1.887967002 3.470602374 8.309305654 9.542515314 2.087465237 6.859023748 2.767110118 3.401466788 4.425755281 5.140377079 4.421985426 0.784199176 1.268030724 1.428988397 2.370149952 12.129558954 3.635914060 5.304254986 3.708470830 3.211254129
-23.731754073 12.191438126 -9.701240978 0.749487599 0.332554130 0.569239911 -0.060349096 -0.084102134 9.547533803 6.086113709 0.325922961 5.670999038 6.922574309 5.401667363 0.066969332 1.193453310 2.301164738 7.284531147 3.401774720 4.961296966 -1.145235250 3.669474691 7.090377211 4.795636825 5.794319620 1.666265524 7.353475027
-21.592857438 13.836813777 -4.492779841 0.871582031 -0.008928970 0.344801773 -0.348391695 1.584415187 8.761688602 7.369534747 3.815819718 2.628575772 5.526330985 0.515944935 3.222999813 3.275502832 2.380920378 5.829936123 5.183593987 8.780252586 2.205289715 3.551267175 4.088595728 -1.494351471 6.909067268 2.798521915 6.609931573
-17.946849047 14.387671248 -4.623455475 0.856107003 0.340030405 0.242620867 0.304294658 3.555124768 2.629245018 5.158028630 9.633370499 1.095028602 6.812802054 5.388487253 8.209273304 8.184327578 9.455637870 7.746522746 3.401155149 6.158990176 5.166638528 7.466536968 2.244952875 4.238278928 3.446121558 4.934147120 3.822584108
-19.498557261 12.407217695 -17.304362451 0.841232833 0.229374112 0.347179444 0.345226404 1.367253418 9.051756482 5.762200203 -1.720897620 5.133438776 5.975978532 2.704132620 6.100955713 8.857890523 2.190647414 3.704699881 1.403587350 0.821486786 5.031453311 2.603532932 0.710822352 10.068306936 -1.203102540 3.614765488 4.280695989
-29.728568984 3.957607977 -14.201768517 0.929781759 0.039225668 0.349156193 0.109805193 3.466134782 -1.403372582 -0.413803845 1.697122326 2.257521569 7.700128117 7.544419256 3.770693671 2.182606060 7.094279270 6.045424626 2.883679840 6.849726625 7.918565136 1.274134320 14.916895836 3.980700634 9.066599250 7.858154094 3.603609912
-20.713731203 16.333774667 -14.754190130 0.775335422 0.315677454 0.354366610 -0.416685774 -0.074348976 -4.033187102 4.622633287 0.712921705 8.193818452 4.979252930 8.438909513 4.286943654 2.245433195 3.759438522 2.844298525 0.567835626 -2.745307980 1.411863032 2.783809043 2.899649723 6.609894373 5.964309487 2.263054000 -0.347723703
-16.944344317 6.613811806 -8.128317247 0.766870803 0.373297302 0.200196555 0.482161420 0.349087002 5.181684555 3.375834319 8.263592145 3.005118705 1.192115644 2.389724431 1.965868730 4.181977029 2.725690737 3.148225451 2.932426832 0.563162475 5.465531690 4.478568576 8.373038889 2.556820116 1.605892744 4.640153013 0.679324266
-30.914955212 7.467151915 -6.240681085 0.837583719 0.011564386 0.384485137 -0.387931642 -3.686509159 5.384737510 6.395837688 1.566823281 4.250788925 2.037210414 1.564684740 6.581403462 3.789140251 9.277384606 3.005356125 2.915008068 5.301037974 1.920008263 4.216368538 4.911303104 0.773857036 0.496860823 2.899670368 6.548831065
-22.832289834 13.439539777 -12.415486757 0.717392304 0.296604158 0.423473159 -0.466952609 6.197589558 2.827567156 7.536790461 7.896001894 -2.197259158 6.115892064 0.334146718 8.774211009 0.636306899 2.526343115 1.791358369 8.836275194 1.642613718 9.342389500 8.642603499 6.637549278 4.278770887 3.803387753 11.561487878 0.847252538
-18.114262595 13.970764066 -14.279816569 0.825741601 0.523881913 0.153717785 -0.141666483 2.547155016 5.637157211 5.365684550 5.059932422 4.333652518 4.961956184 5.041409038 4.113248249 4.073567027 4.547431231 2.605234114 6.458988812 6.947729950 1.718135334 6.672957237 3.008544807 -0.141719553 8.725135560 6.562009410 -0.929148414
-27.410239667 6.135447726 -4.238902332 0.846642672 0.200707912 0.482338315 -0.101302863 0.018601131 5.114534695 2.013063640 4.118678991 8.990951667 1.316237650 1.559575704 -1.601170707 2.954931940 3.704001250 10.065393076 6.494557247 7.468239037 2.956041136 -3.205318990 4.032124632 4.444508899 6.070985185 5.384264951 5.976916737
-25.973351058 10.227327984 -4.763084806 0.780871265 0.440844528 0.433636215 0.088632967 4.332649537 11.311836474 7.169147288 2.223485397 0.683425870 9.336590277 7.716142327 5.194022531 0.636082531 9.450073383 0.229086611 0.426596476 5.101095361 2.218805318 -2.582113652 4.858619662 2.272826525 3.973639693 3.993120693 6.742370435
-20.500249714 7.494332746 -12.079999214 0.821410661 0.335373997 0.400269302 0.229332278 4.352880769 -0.283477427 4.946000583 2.911456174 4.991161979 1.283193287 4.908577971 8.239914178 5.478710263 7.834570081 2.045769446 4.831333271 5.008167469 4.034709754 8.136645182 0.127299435 6.586072091 2.046972930 5.448043452 2.852870069
-21.452665208 14.133902281 -11.965375630 0.840995715 0.318820010 0.378978916 0.217841663 1.591843788 1.965008098 3.188795055 10.869065816 2.397218230 7.470980104 0.771759113 7.955942109 6.648343827 4.709326372 3.335200325 3.233863959 6.042370884 4.403049337 7.789148591 5.864781166 9.368004668 5.061450010 0.563760421 8.630700285
-31.751577166 7.350133451 -13.042482544 0.820192794 0.221931191 0.489808663 0.195237805 7.440271458 5.744591826 5.336586716 5.512012015 3.980867269 5.467744217 3.602755305 -0.679506250 8.035087489 8.516977786 2.360554340 2.017987452 6.640787687 6.292132930 2.791655766 -0.050939141 3.216431529 7.368899989 -1.064799175 3.730852841
-17.692640107 12.909313210 -6.742005936 0.954627886 0.234433703 0.132223957 -0.127449064 1.614381388 7.779823146 4.786502758 -3.603148079 7.331857336 6.326024855 4.660530493 4.334114001 9.160744621 1.874995785 5.711879432 3.982537893 2.711437260 1.210717468 3.952591299 6.238384629 3.725638148 1.739335912 4.199269288 5.423065128
-29.477125818 8.793665538 -9.228345073 0.898433318 0.096231109 0.399145078 0.155693138 0.588245906 3.799209268 5.226961993 0.369946545 -0.342045146 6.892613970 5.655921476 3.363587296 3.312619263 1.706573696 11.178479579 7.480318730 -0.852182972 7.627234752 6.783364929 6.374100034 1.015453023 2.066503843 6.476958143 3.420358807
-20.098237747 9.339628913 -3.827251925 0.930664675 0.231094063 -0.020835589 0.282886329 2.845758011 13.872196844 2.361193533 4.595600169 10.357396625 9.208533703 2.751637154 3.206674699 5.698029130 -0.695266023 3.555279031 -1.844672366 1.001778141 11.055019217 5.461148859 4.931792959 -0.192140834 -0.382271858 1.690789599 0.737055031
-29.844533494 13.828831139 -11.756942630 0.896752652 0.242837295 0.260993523 0.262196701 7.315448679 3.674343429 9.866044560 0.636637581 7.085377315 8.381836164 5.785191225 4.891046610 1.711840781 5.752196997 3.392230562 1.365297271 6.052174316 3.999939560 5.767045791 -0.021457080 5.865480926 3.428564113 4.275641112 4.036270112
-31.142535852 10.022919534 -15.121118315 0.758618782 0.297072657 0.485724132 -0.316729296 0.797799603 3.150253418 2.837616677 5.078189464 0.240266131 3.173148030 3.634777578 8.404513254 4.825433425 5.929452035 6.447423619 5.365012313 1.547776840 3.327026223 0.838270385 5.797567097 6.384303124 2.462990752 2.616129697 3.286865380
-27.668046673 6.075440421 -16.640557208 0.898706287 0.137938714 0.345900652 0.231630438 8.353464330 5.247826839 7.975194881 2.502215955 5.000293246 -0.915308973 3.978161730 0.903452954 4.261281861 1.509107786 7.956712558 1.803351708 1.490353977 1.790544941 3.965337888 5.631099667 4.409032612 7.401103641 4.560896417 -1.706765743
-27.268129730 7.365839530 -7.109010881 0.730318961 0.201973272 0.632473022 0.160682576 2.521700034 9.231812677 2.792489096 6.694207353 2.287152032 3.979987581 1.358121014 5.122865296 6.993816930 5.887055267 4.969625968 5.615422890 10.603753052 2.900907243 2.810383125 5.588789048 4.887131408 6.168062914 7.445502858 0.520061853
-25.421594485 13.219590103 -7.190050821 0.887639344 0.126968617 0.361335975 -0.255757070 1.938877816 0.745425027 -1.436458121 5.803947727 0.625843352 8.872569455 5.905822983 3.191425390 5.452977372 0.510531101 0.607645359 4.449180807 2.851530609 1.680793478 4.735734701 -0.168097672 7.072632109 2.472662501 -3.657335134 8.744143371
-25.950239163 12.732197675 -4.558537009 0.975578184 0.144039627 0.161616150 0.037148533 5.633096336 6.309382677 5.907912689 2.158327105 4.238541712 -1.113470749 8.086193177 2.837911400 5.742218754 2.691192231 1.045696484 5.812301252 7.052775649 3.799687040 6.994383639 9.575731562 3.695892968 5.807102489 1.056994886 5.001467225
-23.872899555 5.354804022 -14.492611858 0.915235519 0.007297669 0.328286622 -0.233492147 9.437807284 0.142490609 4.946500099 3.166010392 2.498856449 1.425176853 3.921274492 7.354675599 3.837078696 0.497758602 -1.528449739 10.039735933 4.064488166 4.334575939 3.017937909 4.374449292 8.935272279 2.996399970 3.886561840 9.419442770
-21.409273322 14.735985278 -15.284915542 0.887981969 0.328594554 0.283688774 -0.151770623 4.360076217 7.158706000 2.076930310 7.053384026 7.268125130 3.920740104 1.490453975 4.380348006 6.921780405 0.850022215 8.330543333 -1.656981840 7.132297305 3.265144827 6.165798074 1.948371009 4.824568420 4.205059673 6.383250311 0.803514045
-20.051857037 18.730014194 -13.440862773 0.786159927 0.329492337 0.284751349 0.438524845 2.012243485 5.542575489 5.794424694 1.449538287 3.909416905 2.865506457 3.149621478 7.474932539 8.780444261 -0.543261534 1.594945901 8.236314476 2.360480697 6.124867494 5.365595532 4.857786372 1.962060604 5.209016421 6.908002040 -0.513346806
-17.899787817 8.498332123 -10.253667223 0.849664653 0.315881410 0.366219692 -0.210171477 4.245560435 5.406638563 4.746093467 5.208789827 3.355715269 9.289311713 -1.662018869 4.738506415 4.721703353 0.748581590 5.031400097 3.461806843 2.887631490 4.425508125 6.940599618 4.714946774 0.833112136 6.235202980 4.922453696 -1.509728785
-30.346253643 7.237771402 -8.584305987 0.774522295 0.082097278 0.626683768 0.025351651 2.731715946 2.129953428 2.789533957 7.794627261 9.371259543 1.462446289 3.313136848 6.342602834 8.765898953 3.520729846 8.060696416 6.865353485 -1.903348325 6.595609535 4.821041765 -2.410012108 4.399428196 1.070637715 5.272982073 3.306209880
-23.256411695 2.866724282 -12.565707324 0.913986819 0.039549681 0.377675672 -0.142916077 6.886602851 6.362731971 2.880590170 0.719243673 1.212889663 7.811712905 0.717838111 4.241518507 4.749654114 5.082456475 2.696237086 -0.629824529 -5.521968692 5.832089193 2.762550061 8.006350787 7.524301138 4.577390958 4.370356827 3.456171616
-32.148441811 14.797420819 -10.297781171 0.726880925 0.113409161 0.498235022 -0.458851114 4.815246235 4.023801967 6.029864048 4.797448379 5.578554276 4.230786880 7.358929046 5.960556156 3.358739298 1.452329420 0.339086905 -1.508949130 1.983512443 5.342866966 -2.386810121 4.041392800 -1.163868947 1.258625338 3.676923771 1.964558054
-18.225851358 12.897902471 -5.488214157 0.933062192 0.201702764 0.122390442 0.271535488 1.813320946 -1.500172875 1.907510729 6.181683296 10.508214417 2.453790521 6.766716236 1.240665687 -0.843782492 6.343710934 4.857921814 5.862775303 7.257303937 6.159347766 -3.613293803 9.171178907 0.020441097 4.157516876 1.128532925 2.377917484
-28.919347599 12.058259325 -17.879927662 0.762553799 0.272221753 0.575761148 0.113605109 2.946056378 2.938965783 5.968994125 4.619094453 7.868688133 5.992030130 1.749283269 -1.065403221 1.670815749 9.135629942 4.026155971 13.234827497 7.222128682 -2.541053056 3.436534749 7.817075701 -0.388133699 2.944570832 2.317140918 -0.051145487
-21.514443185 9.952927056 -15.334818895 0.872844089 0.246849194 0.323626800 0.269210634 5.168336649 7.186142246 3.336069791 1.361768676 9.978889944 1.969955722 5.785543981 6.037322818 3.370744645 3.787747436 -0.702217981 6.132257369 3.936522446 6.089591251 4.096950288 2.806904157 4.493286652 0.497482067 7.973441789 5.272085479
-29.665577190 11.260114891 -6.567380717 0.906405985 0.168566163 0.334136244 0.195873964 5.402481619 8.544901875 6.592133589 1.360046650 5.117131863 4.650071035 -4.541013299 9.159074184 4.237365199 10.392143774 1.832608952 6.534522967 4.775125352 9.387213205 -0.771554801 2.234874882 6.001246433 1.023005249 1.423319062 4.818455069
-19.532480940 4.244807788 -14.685623495 0.792917271 0.353711423 0.490652344 -0.073693338 -0.093456711 10.795124104 4.873602530 3.829080765 10.122898692 0.101359114 0.877227132 4.433478922 0.382362917 2.572389027 1.200646950 2.055552049 6.790273698 5.889673987 3.946062544 8.096599913 2.902075763 7.352271380 3.805903098 4.255636571
-22.120017828 2.037117614 -12.973311407 0.779850338 0.049461327 0.619711883 -0.073104094 3.063051560 2.908900932 1.765092205 4.062341732 1.619693717 4.245388089 6.356598068 3.629169019 -1.260313593 1.389840666 8.381874323 2.542365602 7.777596035 4.860375607 7.503655726 3.492072590 3.143011268 0.114433010 -2.566606680 5.585470197
-22.541114672 11.272739595 -7.447713887 0.872877841 0.180123421 0.321418138 -0.319890931 4.939118726 8.782210615 5.017241842 7.527914789 2.543883475 9.492523036 7.293594238 0.041901063 5.186299842 4.897736074 9.663764401 4.520665322 8.152928292 4.731198647 -1.674537424 5.142620564 1.147736217 2.350151298 0.870442678 3.700141739
-23.782376860 10.838989710 -13.211322754 0.774922697 0.204976651 0.562785337 0.201871371 7.229006754 6.080105347 6.446761769 3.323930912 6.039170626 0.797322202 -3.863189744 7.513236663 2.443437104 2.215049517 6.412188112 3.235962506 9.339997688 -0.192000322 4.993085495 7.780646680 5.451684526 3.213035782 0.194327818 6.298313409
-28.957257076 16.793714858 -12.916030579 0.910942367 0.125927787 0.329524303 0.213868956 8.957385264 1.746193356 -0.312185466 4.886122234 7.827140548 0.928599645 4.888878914 1.591474282 2.378819543 7.354341543 4.126893943 3.906961104 3.127548939 5.259673919 5.431237810 1.233897564 4.153916376 1.925437229 4.551931969 3.729099566
-18.076039642 15.095438552 -17.466352824 0.763809946 0.246701040 0.455020155 0.385602932 7.026521552 4.813453951 4.495292623 6.808155374 6.338459095 0.076962005 7.021834517 1.562470464 3.927620434 3.391480159 4.381466158 4.830724776 2.644091369 1.111915519 3.729715464 7.066121054 4.841444604 0.621182649 4.804933284 3.188403615
-22.734658928 9.894232202 -8.403970397 0.746046301 0.231134336 0.402976077 -0.477076636 2.266532803 3.558269949 5.813958694 4.615103751 3.071873064 2.402593418 7.691965965 4.245280577 4.418967525 7.119261728 0.976642647 8.888090869 6.865581255 8.329853482 3.619002606 10.514295792 3.858018025 6.818281646 9.773662727 2.860169101
-21.816988532 16.103841897 -9.787831894 0.791791184 0.372418722 0.374559995 0.306717828 0.936372754 0.216057318 6.897684512 5.044271991 4.811444811 1.975664401 6.910202261 2.609122342 6.699688402 6.750019147 4.483607576 12.783328208 7.809994824 2.768837589 3.809984605 7.722097974 7.559516322 -1.093622387 6.442696148 6.191579923
-23.111650619 11.699323464 -7.528137202 0.742528295 0.223435996 0.413156945 -0.477524266 2.590580366 3.186379191 9.486879844 -0.569318332 2.895670398 3.765356079 -2.103942508 10.309393621 4.920284990 8.770114973 -1.842491734 3.686746048 3.340253040 1.348627737 -1.823357761 3.161610235 2.951914605 2.489267717 2.334584242 -0.375039573
-29.932335902 14.970291431 -8.635335831 0.770174249 0.170738517 0.455511930 -0.412539534 8.474842542 4.082812581 8.156216424 3.403214656 3.526544671 6.875275070 7.022773764 10.567093107 6.245090703 2.316342170 4.387208332 7.699612024 6.122442994 2.322762605 4.530331693 4.429546951 5.691675822 1.337081005 3.121458586 2.600837775
-31.348561709 13.979918014 -14.683108740 0.877013754 0.210552320 0.297390842 0.313166540 10.490196190 2.285614508 -2.603773887 1.560551058 1.684707795 6.759206806 3.979021006 6.468598459 4.928258003 3.133949966 6.657288559 -0.661351346 -1.572652892 3.439800395 5.497230586 9.100902979 -1.583390011 8.339997755 4.112499697 3.824315930
-29.015488054 5.599974235 -10.212107305 0.816709557 0.146777813 0.394590847 -0.394638869 5.183705374 4.564688022 3.918864946 1.647179955 7.180587949 5.052453368 4.022997231 8.116980529 2.506569560 4.304647529 -0.090169903 3.881203570 6.842095390 4.043892568 3.705462950 6.465858805 3.032452345 -0.423027017 5.183872677 7.135190115
-24.667104956 16.548767762 -19.399064572 0.871728082 0.339105203 0.256779207 -0.243232915 1.167750509 1.304186743 2.887760162 2.119338795 2.966013057 5.122011013 3.858858697 3.280791558 5.448469317 6.031768573 3.979588312 2.549101790 4.081479610 6.036108561 5.137678498 5.846421154 4.492682145 -2.043487017 -0.647476922 0.819014245
-29.245275122 5.848483144 -5.883352866 0.816772058 0.172839640 0.346762343 0.427511102 8.029101636 3.043236189 0.361978677 5.024088252 1.925597965 2.885652616 6.602303420 3.973886014 5.183300298 6.634691676 0.580596817 5.715867674 5.956242824 5.566140694 3.776045421 3.479896044 1.532238987 3.920548406 7.141152490 6.993279963
-32.307795930 15.009306860 -12.132422018 0.943971831 0.152532365 0.291023475 -0.030925657 3.031778621 3.652085618 2.566362050 0.899552424 3.777426700 5.969118299 4.871885592 6.722646667 4.417514697 -2.071899302 0.501502973 0.296496909 5.459622292 7.381437094 5.557056284 4.720319867 4.120838651 3.593323584 9.878024453 1.510891827
-19.300413265 18.579307006 -16.225119888 0.741373225 0.486227057 0.245854034 -0.391796867 0.912807582 6.094290607 -1.234464829 4.782779782 -1.742428205 5.442574982 3.983652474 3.784566946 5.846426936 3.795449424 4.568615928 3.277963079 2.571764293 -0.075588250 3.692614654 7.704657306 5.506855849 6.086162149 2.830237827 2.877755709
-32.858995153 13.082747983 -13.227610780 0.798115446 0.214378786 0.253301635 0.502883438 6.989211589 4.773757668 5.248241062 3.631574938 6.681094655 3.160568215 -2.913246517 1.950349487 1.948400441 6.031924842 4.008388383 6.810395335 11.454861943 5.489673446 2.785213778 4.670487950 4.604516023 7.057663893 4.732140481 5.507358857
-23.869495532 19.732649337 -10.412632392 0.903697052 0.209743647 0.294293039 0.229631983 5.027542565 3.754670760 8.577213311 4.874187977 -1.281395099 3.742373675 3.665453281 3.431351954 2.965228668 5.807562489 0.496539506 3.202706654 4.405392369 5.903389195 -2.287819113 0.853640605 3.550739989 4.580747099 2.294232208 4.148059232
-20.350227072 14.526888553 -9.074318873 0.713617887 0.538468631 0.426086116 -0.138750376 0.948451785 6.543200475 1.065194315 1.889112922 1.790341646 2.634824406 1.862661366 5.597288316 2.343269983 6.251073498 6.465188405 4.282074169 4.611689081 3.072839229 0.508989188 5.801651575 5.617878804 -3.954852700 4.049846117 0.872359628
-23.842775286 10.097313668 -12.388067586 0.850982302 0.277186876 0.347595536 0.279595961 1.069156930 2.014501867 5.405012988 4.194171305 3.060132399 7.816886904 1.740045020 0.777259348 4.822165974 2.634764874 4.223958074 6.255277894 5.428854629 2.957014447 2.772003434 -1.140310076 2.312626585 4.505843991 3.760982610 4.038894049
-19.224692605 18.268940502 -16.608342299 0.846241362 0.066316508 0.263629140 0.458232861 6.144131365 1.042860785 7.750784969 2.925213323 0.245521297 4.801125306 2.421845021 2.768016658 -2.708937348 7.823148404 7.231799937 2.257391851 4.751647965 1.072149089 2.151127622 6.539890271 7.591302476 3.521612548 5.026108327 -0.517559448
-25.376230511 19.941090417 -7.326670011 0.829299941 0.189784744 0.423070582 -0.311856765 12.768207531 3.911791763 5.877367271 8.057955380 -0.887313894 1.340322431 3.661005208 2.399944737 6.668547122 3.488471228 3.605817025 7.552815174 2.966647094 0.561968537 2.358276627 6.349241540 0.469479843 4.086590997 2.979610977 1.424856214
-28.818451884 11.409219156 -2.505581105 0.880468630 0.070911529 0.466314457 -0.047930916 5.915785523 5.725150617 0.796948973 6.157346002 3.773305341 9.585883893 1.019603100 3.392965618 0.983873962 10.254710863 -2.302504191 7.577485130 5.345022624 2.973409182 5.000491710 3.612377128 2.691716861 -0.430401852 6.364459536 -1.544123469
-33.908977741 9.203551473 -12.679583329 0.911132016 0.188152293 0.302123295 0.207746670 5.503391726 6.101327912 4.302515338 3.556926497 5.881892998 1.617310585 3.537603541 0.707266719 -0.075537834 2.805890751 6.856511192 1.799387581 6.137533093 7.202028947 3.648061886 2.668765702 2.556442334 4.391002974 6.434723844 1.095104354
-19.353783315 7.866346782 -6.875867717 0.809868327 0.149146181 0.457377046 0.335670890 3.556588348 4.920639421 3.796578214 7.229811226 -2.392056100 4.671084996 7.599210766 6.070048292 1.303018508 4.042964572 0.699450986 7.278162489 6.312851955 -2.081077331 0.977929461 3.104484082 9.730340987 5.496551130 1.289344555 6.121896984
-15.836028769 11.833917420 -12.153612627 0.821295323 0.397995851 0.406105576 0.046384874 4.719679342 5.169184675 4.395699514 2.580344459 7.443731084 4.388267277 4.096677551 3.754659675 5.392746525 8.368202451 7.449915078 3.495665518 6.878307221 4.318597869 0.534523433 2.904429961 2.046292807 0.513251564 2.331712828 2.393625095
-22.469189543 5.054451526 -10.727702416 0.844830094 0.026650641 0.522096070 0.113875146 8.729304666 4.065323246 8.066560653 6.255267393 2.336978357 3.647676655 0.064919400 2.126966958 3.769111410 2.457037123 6.328117940 3.433461588 6.687633870 5.543490998 2.329514341 7.448379894 3.939176802 7.571515977 3.476790577 1.871341299
-22.283900986 19.976062560 -15.727317393 0.872298536 0.332719396 0.256405466 -0.250298432 2.746942573 6.870166934 5.515812598 5.088753360 4.330898936 -0.256136477 6.555450347 3.600992503 3.719683694 -0.471472232 12.944972963 2.690198647 1.631412787 2.162580019 6.368459623 0.302867576 3.395016938 12.100456434 5.046401518 5.571811024
-23.290324160 16.444031681 -14.596702304 0.881435627 0.315217080 0.306512961 -0.172508647 2.123352343 10.906251103 4.680815920 5.035685861 4.076755765 3.054302188 8.583865810 -3.020783466 4.410445752 -0.071790153 5.430082205 -0.902907629 2.403300433 0.719942770 1.500377052 1.591452896 6.769067978 2.175766827 2.850061167 1.914264680
-25.497528920 8.884572829 -7.845446151 0.755735807 0.200079184 0.453939633 0.427516688 5.491464969 6.163454532 0.085862043 5.399004181 2.805479651 6.911522338 8.905850468 0.129463656 11.679682933 4.644408616 2.975704694 3.138141360 4.027845663 4.465966924 4.427477522 2.624297153 5.736484906 0.560445468 0.788839142 6.546637589
-24.534906973 18.291215636 -6.058323557 0.743186421 0.296000473 0.386988444 -0.458582172 1.973606684 2.354741461 1.716318770 3.750171498 2.419354836 6.065665922 3.826255019 4.700458620 0.733925766 7.269703177 8.084967995 5.674556880 0.228384090 -0.562829169 9.471768646 4.158578772 -0.550812152 1.187078644 9.051492247 3.164925541
-20.287909027 10.669994231 -4.836645799 0.896424716 -0.006202118 0.311753435 -0.314950883 7.069280068 6.238208636 6.684054384 4.846810831 0.186310406 5.333718153 -0.134012913 7.705377778 0.687207928 2.066326104 -0.105505414 8.455562505 -1.597325991 3.239928587 3.056146517 0.775203658 6.296640206 7.232646355 0.499971908 1.845892621
-20.722903263 12.320520003 -10.334733758 0.726201954 0.434449347 0.522260648 0.105490768 6.922659463 4.608193548 4.360362125 -0.501370332 0.688225012 -0.238084153 3.315014100 7.138328422 6.288338782 0.781480079 4.326788431 -3.567111517 4.815129132 0.222107805 1.768957405 2.464882807 0.075793203 7.854916713 4.293283172 6.217582535
-28.858750207 14.239802262 -7.285955674 0.709696942 0.320757119 0.495862487 0.384142571 5.341980179 3.154144967 6.588958688 5.448479071 3.788274782 11.115307192 -0.061403594 0.686506868 1.714633167 0.180956309 4.469617809 9.357338335 3.475935083 6.675642875 3.135444507 5.125500383 6.402703823 0.212977767 1.269507033 0.795055139
-26.882204116 4.275482580 -13.033510555 0.771908178 0.130312861 0.408458148 0.469402028 2.871045247 1.339669574 10.636802460 5.520986183 3.447310487 6.697081601 1.976521582 0.654514911 6.425475708 -2.386059458 3.260569062 2.561760665 2.216807577 1.762066584 5.993328682 6.909654961 4.109594071 4.815223168 1.758536875 -0.741439519
-27.868359847 16.786215718 -3.967955856 0.761974352 0.226139360 0.425241908 -0.432926549 5.885737596 7.575562672 1.789180710 9.371419258 5.488713585 2.145273562 -2.087441765 -2.386497014 5.208069526 1.880872866 4.572043958 -0.099870949 2.940478372 6.390330261 6.084675087 0.650276921 2.443552990 4.392515897 0.724456126 5.972467199
-29.017778421 10.356853922 -15.856078907 0.715569865 0.027684629 0.486951891 0.500071180 7.149836102 5.147096419 1.773178757 8.801566072 5.065203030 8.325600436 -0.978018015 7.974320913 6.597150078 0.069991896 8.512574118 2.348781035 -1.608245981 0.350907382 3.789586214 5.842282532 6.624712063 5.166716497 2.788216031 3.953095822
-28.229662211 4.418410638 -5.614580391 0.920859974 0.103731879 0.306374557 -0.217695284 -0.201119868 -2.967411419 6.100460419 4.333702021 -0.610218075 4.436465008 2.485341139 6.241170604 9.794402944 3.097467464 3.264256409 2.676182687 2.629081184 6.700919548 6.333620240 8.566212528 4.841943541 4.340195469 5.126685172 9.991033009
-22.742294426 6.527176542 -4.458943593 0.971580647 0.100481126 0.151899338 0.151199140 3.977540892 0.668481384 0.181701717 -2.664384604 10.312366906 4.912365263 2.356311377 5.567724428 1.378381964 7.426417702 -2.746509602 3.742500894 1.006467362 5.639592409 4.118887044 7.029001753 6.957344411 6.770003366 6.647374118 2.042376656
-24.694044507 14.360365908 -8.072060319 0.725313954 0.309134382 0.356763373 0.501074343 5.457642502 1.641440918 7.619676553 2.701879030 10.403750593 6.200398747 3.701865513 7.131699151 5.991754958 4.634800013 3.161277438 7.588279900 5.018991380 4.510846117 3.429047809 3.001790946 10.014470481 4.267309160 6.908608239 -0.337787490
-19.548263754 18.808438885 -15.268638758 0.886675228 0.329629952 0.232402737 -0.226141774 4.259139817 3.136492208 5.216807739 -0.334673171 4.905685163 1.201092746 1.029603286 7.881068033 3.969644585 3.576895079 0.777011471 10.396212161 1.533825301 5.245032908 5.972643576 2.605260349 4.948317588 3.060157661 5.065753088 1.443276337
-26.376486970 15.662791983 -13.716747373 0.868489304 0.254040993 0.233509357 0.355897292 7.495304984 7.465249721 3.122538129 5.963265337 0.869662115 6.057251538 5.128461909 6.007317642 6.917373756 -1.750607783 5.354049723 5.292195783 2.527216872 0.433434592 3.275688333 6.093347486 4.976074492 1.473174443 4.984005283 9.473831741
-28.229657579 14.954741445 -7.075277897 0.829001485 0.399789170 0.308923683 0.239773466 5.923468093 2.442642138 -0.866856574 4.124843662 9.652987841 4.638834979 5.801363781 1.979230109 8.320012834 4.600389107 1.037597764 5.067834679 4.749924360 0.552936322 -0.462184740 4.929271683 2.945036117 0.444296849 1.785149822 2.784318646
-27.857587344 16.828264780 -13.987293789 0.891273868 0.263179586 0.326602238 -0.172332171 5.485788753 5.616497948 5.075384795 9.775657989 1.538706177 6.905137022 -0.109771675 1.722350322 6.558280552 0.861399160 2.240694273 2.951887410 6.332565514 6.936543414 4.121271564 6.122136978 1.968963296 4.330146862 3.648666252 2.997997207
-27.504335371 4.797836682 -9.809733586 0.956567268 0.094165372 0.266810451 -0.070172127 8.322420349 8.365846286 10.342732032 1.912081669 6.972129866 2.188813942 4.244530585 5.946169332 2.319298334 3.138041408 7.948126471 6.863201868 3.961856386 6.225427651 3.653685096 10.157914896 2.710408236 4.304829131 4.286360322 4.893790748
-15.615907562 11.961587307 -11.635901094 0.729579765 0.362245274 0.335499783 -0.473214141 7.969557440 4.692848191 4.510428459 3.548231699 3.278465135 4.974470791 6.948495584 2.740383113 1.322092118 5.605371065 5.807048209 1.715063694 5.472926297 4.492580671 0.781225477 1.634319425 6.282066204 1.012886882 3.690365637 6.823581554
-31.714686493 5.851640714 -13.089347273 0.820759623 0.249689045 0.471529081 0.204130712 9.538664322 5.096407017 10.150917645 2.715482831 4.979396057 5.215702148 1.382854926 -0.543417120 4.831755305 5.819595779 6.905763386 10.751487791 11.267370072 7.319968261 3.934382408 2.778142754 7.201686624 0.782077508 6.531086747 -0.578719540
-26.093039511 14.244815968 -6.300044454 0.773265878 0.383713839 0.498557685 0.079144212 3.458640796 3.033602804 2.493912948 10.338201916 8.878076688 5.984344069 -0.861648903 7.765313569 8.570995892 6.109139241 1.846936211 5.995631736 5.275029547 3.498713645 4.807595204 4.160444409 2.236818702 2.423414720 7.616240345 1.130546584
-26.950239933 10.916681684 -2.657285134 0.919265186 0.212195086 0.295759443 0.149836961 2.799673923 8.975356353 1.882864565 0.894734909 2.318202966 6.619846558 8.127011839 5.794201431 0.534747910 1.902772212 0.556632932 2.855528348 5.375972228 1.185851197 1.197385248 -1.266151381 3.860214276 4.839063783 6.217148386 9.501096618
-28.319321652 12.265465651 -10.548003946 0.803136034 0.140751378 0.412512182 -0.406196087 4.630026312 2.382281893 9.418955196 3.401469054 9.433237393 3.815103809 6.766183710 2.414264475 1.657455052 -2.996362084 5.522105674 9.517545815 2.496496801 1.883368370 5.702581413 2.655285824 4.391137328 0.110753452 -0.409746042 6.583341186
-18.769053453 8.572035413 -4.158562459 0.738036531 0.213151500 0.526594071 -0.364097791 6.013774030 8.291206037 6.137514120 6.976318348 3.442194604 0.064469815 0.389665439 0.667332632 9.341359183 3.043639386 3.227177847 3.508713369 0.843968074 3.781726606 1.293679708 -1.905074118 6.251473320 3.024981802 6.278236183 2.030874779
-27.170717391 5.325219851 -7.378140701 0.820076391 -0.052101994 0.443211077 -0.358223446 5.136714579 3.367049768 12.214735486 5.042720640 2.681385503 2.988460560 6.581106291 2.184837433 4.721347487 3.820316771 1.006448334 6.431973075 2.989509553 10.229429658 7.860893251 3.485129716 6.080293103 10.272851197 10.677176110 3.009092987
-26.047572818 13.836441637 -18.659231299 0.824832598 0.332892886 0.391680259 -0.235414712 8.096053041 -0.048701158 4.110390380 6.754376235 7.542405510 5.742052538 0.481671828 3.530662552 4.234625136 5.012179915 6.420086417 1.798508413 8.309939527 7.158315837 4.131542632 1.079012660 5.671860292 10.912595949 4.734914179 3.744151709
-24.236903999 12.225577850 -17.185148748 0.856013820 0.216162617 0.203943441 0.422990704 9.986782147 2.038892424 3.250837475 0.367814514 1.970226768 7.260485414 7.568452953 5.256757766 0.688294229 7.170356798 9.982340404 6.610529236 7.026699454 6.357019931 11.807685809 4.190121090 5.048838510 2.087217199 2.926660660 2.403603227
-21.084486668 8.003517243 -12.247704837 0.725645580 0.043776393 0.561926470 0.394665380 5.045800525 -0.117060672 4.163954655 -0.946013821 7.197081634 4.454068206 6.602408190 6.030317677 2.778780144 6.292038141 6.033929255 4.237650998 4.181364941 3.190689681 1.318185395 2.734077303 5.306503162 -0.428891834 4.873807493 7.464038253
-19.086596594 8.299824414 -9.670167012 0.940983619 0.117150891 0.254525966 0.189847388 1.613850765 3.442151639 2.651467219 8.065690307 1.451386157 0.947474055 4.883360966 -0.533091586 8.547736794 1.106921453 3.988698673 0.634286421 5.865035685 10.161816957 3.664308506 3.126635171 8.895519265 3.944146909 6.809291926 -0.093372156
-21.219682790 13.237115447 -18.881032969 0.722580583 0.445106559 0.444548337 0.286590698 0.101283278 3.198124357 1.086196885 5.033697487 12.161036090 6.068853027 1.723008567 -0.289376224 5.006730067 3.336812953 9.647113420 -0.360570096 7.151813618 0.430760094 7.382876941 2.243563403 0.318638944 11.022386515 3.241405537 5.031400710
-27.306340508 16.927432578 -16.363325818 0.911303125 0.217123082 0.349779072 -0.006227508 4.761832465 0.456753578 2.705004259 0.362998781 2.659022161 -1.140041778 -0.177258302 0.379642683 3.903743548 3.134781724 4.257631739 4.361687617 3.942719935 2.634794269 5.357881477 9.454664587 3.754965552 3.398304464 1.993995706 2.767366744
-17.972749574 9.500275067 -13.753373895 0.848109438 0.206445450 0.215474842 0.437791332 1.691934721 9.028663442 4.217242080 5.410752716 3.643392950 -1.310757947 4.043124963 4.426664792 3.179880052 11.687589247 3.579409016 4.040712959 3.795555165 1.423295606 6.055980068 10.216211306 4.027994227 6.255338975 2.378506306 6.250164514
-27.294001462 13.419913624 -15.857109738 0.777368381 0.419256292 0.408592972 -0.230161564 2.705970948 -2.166267964 4.592121438 0.040833367 2.284296633 2.119889565 2.435451092 1.153593270 7.339202814 5.023408268 2.487191697 4.833669257 5.501936712 3.325469119 3.582838468 11.095702145 3.197972549 3.946439323 -1.939185021 1.863396841
-33.529130004 14.964088978 -10.211692981 0.841244362 0.163015867 0.422233665 -0.295723659 2.281471093 8.326331450 -1.573126136 4.003304081 4.565206786 2.576431077 3.941241203 1.857127989 1.065786255 5.355811044 5.825411875 3.390632556 3.483879119 -1.326055388 3.228321303 6.448597797 12.720607928 6.871778256 8.751436465 7.967029946
-16.859402306 11.868573022 -9.915967526 0.856819581 0.311196002 0.354711633 -0.207838667 0.081598290 3.426202607 5.388592934 4.977525487 2.904540046 4.412944795 1.777775198 3.090007060 3.388049082 1.757051384 4.748186968 1.720744145 1.489281280 6.708223402 11.181252354 2.082175508 5.177557920 1.919484892 5.174263696 4.279469662
-23.902156462 4.337680512 -6.605275378 0.780992122 0.158891939 0.432530716 -0.421570678 0.332162181 3.125756580 4.514060934 1.033724588 9.039180244 4.004857203 10.109853255 3.525115582 2.099902368 1.519169314 -0.156961178 7.621051326 12.050786245 2.258698950 2.462411107 -0.838134357 7.172431878 4.673354680 5.401510959 7.014346432
-21.672957029 13.325557825 -3.008025568 0.723105861 0.477908776 0.223085153 0.446042745 6.542846980 2.629455974 0.860999043 4.349663333 6.751277692 1.466015293 8.735999874 5.787016504 -2.368338324 1.606446958 2.708849909 3.661287469 1.423087540 -1.527268938 -0.385348183 5.050707517 1.029912116 3.806921195 4.025467488 1.214147027
-23.796411024 13.238144218 -9.798844658 0.812299069 0.400203138 0.344965725 0.246994574 7.607380685 -0.718372972 3.369039097 7.437067294 3.950081227 2.545130129 7.160299604 5.664388819 4.721218399 7.491084358 10.425161816 10.154802684 4.494536062 2.730662974 3.433749109 6.546598099 -2.073516807 3.690228857 3.424087643 5.449648563
-20.455674600 3.234982266 -10.459318862 0.749606659 0.214181567 0.501807797 0.374706616 3.242762315 8.791643161 2.244151056 2.732350667 3.519628222 1.424806423 5.554319194 6.180029891 5.759940759 5.805522166 3.885268423 -0.803137357 2.970902505 6.592455815 7.431609314 3.676096588 2.075663104 -3.079469369 9.355403608 5.787981474
-22.046897745 9.011357578 -19.506338336 0.717470771 0.383227270 0.581694093 0.002129665 -0.808963970 3.482275949 3.935811674 6.651146136 7.731070168 6.214786810 2.592897977 5.237438670 3.059982215 12.816225307 -0.166683374 6.521577814 5.344859930 7.862009336 1.356471250 5.532597372 10.920149412 6.567175214 0.051535858 8.072566365
-21.591056758 13.350999997 -3.082025539 0.889659666 0.366166205 0.269781527 0.040569895 6.560237407 -0.458025646 5.081354770 7.917705379 8.026983849 2.822613635 2.872590298 5.157712018 2.947247532 8.825692335 4.279334512 2.165613945 5.873984426 0.325023757 5.364794645 5.507204234 7.157774782 9.682930868 -0.172607744 8.415742589
-24.314678853 8.942774293 -20.190536692 0.757292552 0.330516331 0.400604056 -0.395958756 0.834657687 2.202924661 2.101477745 2.240777729 9.092100275 -1.643880088 7.002360514 7.163320588 4.123174605 6.043424063 2.749387146 3.424928691 1.823107347 1.577106803 2.006252972 -1.022963139 0.772061872 3.873931256 2.775733602 1.447932146
-18.671879116 8.236652511 -13.590527287 0.908491171 0.187891385 0.310067444 0.207843209 4.407912337 2.855145368 8.051306954 5.279714155 4.734063228 7.720841019 3.941894718 7.793027317 -2.880964676 -1.749914847 4.240398961 2.039645964 6.788427383 4.651436797 8.702371430 -0.885924244 7.623871247 2.433943502 1.462737575 5.086496908
-32.538813146 13.234375667 -5.926779970 0.763345282 0.156781418 0.444306097 -0.441945312 3.452567166 6.282507037 2.583860640 4.206864918 7.120655004 -0.515857331 -0.115912076 4.693981169 3.695633694 3.741105771 1.127868633 13.871371925 10.392704649 6.977398324 2.141933187 0.477021318 -1.917274823 4.949528133 4.409169125 -0.008264471
-22.779914428 8.872609820 -2.087185711 0.792661835 0.372243257 0.477022283 0.074645261 9.280968066 3.119280386 1.292024056 2.135004890 -0.070216686 1.694585968 5.923721633 3.429990305 1.113321723 6.069931346 7.515157691 -1.975260155 -0.446051620 -1.326964805 3.787281730 2.475848109 6.497401805 2.853662786 6.689256001 3.885313086
-29.291945884 12.265135772 -6.122494351 0.727015057 0.369458745 0.567549195 0.113301606 8.121079894 5.654667302 -1.860853580 1.354628858 5.845957577 6.389799988 4.754835167 5.083397610 3.972127630 1.112514277 -0.879380223 4.215666747 0.488592684 4.523918294 1.665588722 7.530929530 0.636982935 3.751992820 0.093025361 6.609134995
-20.245007419 18.116364217 -16.851463823 0.765471907 0.391431688 0.355790174 0.366397798 6.153213879 6.870476548 5.299543814 2.946513788 5.061013180 9.718178015 5.059737919 9.094899875 6.823726609 5.738130277 -0.230529684 3.462092340 6.103631250 8.209320641 -1.170109267 2.097753771 0.336320948 4.231009784 1.087495999 -2.498050433
-24.953240050 8.356779285 -20.252400813 0.885329380 0.235625283 0.400391546 -0.018953230 1.766950710 8.238024508 5.751413802 1.609280146 0.882619698 2.470539123 7.803015852 5.704325556 6.062504828 4.135588076 3.717659734 2.472454407 3.669088275 8.506370770 5.196116082 3.592268054 3.400481987 1.350208449 1.166416246 2.142660621
-20.873479938 4.052506474 -6.756296240 0.976833574 -0.004669231 0.213890403 0.005026132 5.110015480 0.011464705 3.071253636 2.731463157 3.424735920 2.439654508 7.850722646 5.801707704 -3.143115150 -0.462873981 11.731572391 1.729946765 2.265417786 2.916420803 5.554283942 7.869155768 6.074125490 -1.309578007 0.814182570 3.596214496
-24.695536343 8.716744970 -15.876495485 0.749842208 -0.032585794 0.474701614 0.459709916 8.518985071 0.701815282 3.473227501 2.684853628 3.778521634 0.368167772 -0.293458168 -2.186603761 1.889360875 2.416177191 3.734230854 6.109588881 1.912059446 -0.171097112 5.978462729 6.378770727 4.497631116 5.665080121 5.478591860 2.653326686
-23.945278653 10.201850787 -7.680646049 0.932336125 0.193342270 0.259305226 -0.161644413 8.998042814 5.600884999 2.594234060 10.317651439 3.841969830 -0.849114181 7.954846049 12.747853016 -1.470109458 1.128808327 2.189183121 5.130199486 9.715138383 3.859631220 3.776075827 5.222285058 0.436932438 4.570780335 -2.594561451 3.805102929
-23.525447634 7.185993824 -2.473169516 0.756045153 0.308733630 0.574765300 -0.052193118 9.004882517 6.294174416 1.542481891 -2.088741268 -0.613080037 0.550100756 -1.201845285 5.049822419 2.150795505 6.960665525 5.208734298 1.925248279 1.403622601 10.655234494 9.986692734 3.148003917 6.090995250 5.270037854 6.009819594 5.769097037
-25.274534400 8.205400446 -19.800412678 0.859506394 0.198624673 0.470275479 -0.025258090 -0.543681979 4.132833655 7.789858198 3.419770329 4.680741922 3.177597589 5.768245879 -0.444952234 3.887686804 1.987393065 7.694434025 1.491608193 -1.093423664 8.440238767 1.564804838 6.659426805 4.995756919 2.144063230 1.057542821 2.418330803
-28.375334229 13.201525346 -13.673534165 0.810157733 0.332463159 0.424294588 0.230405725 -1.677087358 3.636453058 8.963060592 9.946895689 4.357043656 7.637494791 1.099934889 -0.375457987 5.560740554 4.649656835 0.589778833 7.423525769 0.123615656 1.450618618 3.851907188 2.419611270 0.728691705 4.276663265 3.640651389 6.840217812
-22.248184263 6.406025229 -10.192832004 0.707824035 0.414202731 0.561012174 0.112634690 4.401499481 6.302075092 7.469950967 7.649040229 7.743508363 0.756005751 2.915204062 2.517608443 4.978222508 4.365732866 7.445064402 8.117050065 5.036585030 3.136736865 2.260295514 5.771106008 3.813095013 5.795706001 5.749657067 1.946445103
-31.402632127 6.180993583 -11.419948373 0.734440449 0.093730325 0.333423997 0.583643977 -3.553902601 0.706741651 6.021199765 9.016384703 9.619316747 5.482760636 3.931514850 7.578843296 3.796645449 7.054659609 7.534822504 2.543187381 4.002929204 0.997552927 1.874482414 7.006708214 4.399391887 -0.538093841 5.668838144 4.407503502
-22.996625736 8.506248150 -5.684955518 0.873470989 0.302250718 0.325572941 0.199236529 5.897755266 8.154380438 2.924494852 2.458734378 3.464083554 11.254828011 7.653649060 3.590303259 3.263443676 6.380728673 4.233039598 6.073966522 7.568602155 5.636578782 3.367233218 5.026101875 2.844316994 4.308111931 7.412738756 4.184447486
-28.397644654 6.107066884 -5.298338855 0.840268015 0.105553383 0.531512494 -0.017395834 3.993813417 4.172190312 5.125371095 3.331376642 2.645572957 -0.411893075 8.687154075 3.613856877 0.299578694 5.211761945 5.522239224 2.678901941 3.596747784 5.841574148 6.166086215 2.434458015 2.898897941 2.676737653 1.853432634 9.572168625
-21.048068261 5.197518927 -10.785823921 0.912640160 0.014084049 0.357936627 -0.196903401 5.723522515 4.452236406 8.432911830 4.453929594 5.612579094 0.554598897 0.164082428 0.951751760 4.272326643 7.622580966 4.926847465 5.185712934 6.925370116 8.087072511 5.509114473 5.180149442 6.031847332 3.440441627 1.936727045 5.817003683
-19.690724942 18.059373263 -14.990152066 0.953724222 0.099250121 0.129391891 0.252620783 6.550541743 8.218546721 7.531881518 0.693135513 4.364792127 4.853700602 0.634748748 3.416379035 5.651028362 3.458976661 5.289664193 3.568423371 6.728327561 8.089684577 3.224520741 1.870094944 3.666876187 0.466035059 3.503999730 1.707063600
-20.424437834 17.171157757 -7.480660388 0.782265606 0.414383382 0.356078748 0.299257179 3.524818096 -0.122538435 1.677803751 6.962674993 5.286909867 7.876560397 5.298270327 2.020546167 5.598812832 8.046826347 8.298917376 8.692008053 4.332931783 1.306869739 4.964189043 -2.078964094 5.221243308 9.455096483 7.638854800 3.302812700
-28.032093513 17.530441013 -11.443260830 0.746458641 0.233341901 0.498060701 0.374548518 3.984665395 7.367210838 7.467290041 7.547794673 6.843002083 3.783646768 7.731499919 8.605988690 6.432550800 5.150761932 2.146643390 10.105331829 3.577624692 6.376643557 -0.331600125 -2.577789743 8.486320748 5.904516239 7.589565320 11.299494699
-27.554290356 12.723041018 -3.666320518 0.719187594 0.148800242 0.491650987 -0.467874983 2.876128549 0.079734493 4.330173563 0.441339496 2.230982297 0.628124982 -1.403580895 4.065722608 -1.205880347 6.851611959 4.363753416 4.674818774 3.936285801 3.939010927 3.811738139 1.888826579 3.744932949 2.824903392 0.162166198 1.672226291
-31.027615557 5.737084833 -14.315976420 0.740002056 -0.055340167 0.360146149 0.565357564 4.418790865 5.684494456 3.098746557 9.892669681 3.197107768 4.547235203 4.238254295 2.216836931 5.533805776 6.257113277 0.095505565 1.604733133 3.926877814 0.313622671 3.155867106 1.877749714 8.180891813 1.326533789 10.809081452 4.351886020
-33.842050273 13.070309009 -10.193187136 0.744620297 0.160956276 0.418891187 0.494129400 6.127295528 7.124075193 8.887082630 1.543197785 -0.653931562 6.502450380 7.413185754 8.885583477 1.719373878 3.440599913 3.770826668 1.536997319 1.809641412 6.702785024 0.150517217 8.117994749 10.019908446 1.921388223 8.704106118 8.388653907
-32.240625268 16.445946385 -10.284503211 0.824255656 0.224565104 0.382578763 0.351861645 7.146533564 1.117319502 6.574689811 0.248644252 4.342882596 2.839466895 4.007229254 2.836255456 7.604386433 8.476454219 9.158944113 2.532569614 7.158098878 -0.906917059 -1.534274645 4.895287094 6.999238300 5.881997293 6.984011522 -0.519962584
-31.008511377 4.488633250 -9.737021905 0.711158117 0.208160295 0.311273900 0.595005868 7.313216765 7.343276093 5.539825788 3.974739846 2.821026525 -0.732851873 3.414055411 3.975415132 -2.232444463 7.314154670 6.664967807 4.330017512 13.705868064 3.850376015 5.051386816 5.674688305 1.382831560 2.718249598 4.582627879 1.550380491
-21.894338589 12.479314112 -5.772197151 0.723375120 0.366212085 0.319520446 0.490432288 8.896230952 10.590145964 2.403864501 5.086013781 5.540863625 2.391011025 3.040675570 5.759710319 -2.129498011 1.973798902 5.197826636 1.707439491 6.326411046 3.732648968 6.019054160 3.129718694 -1.898195505 5.022760557 1.258549417 -0.359900901
-24.966401411 17.459755176 -5.672322928 0.715404238 0.410014438 0.292783625 0.484110200 1.944028665 10.016033066 2.308813549 -0.596949306 1.376670362 4.845231321 3.322616581 1.121129712 0.152976948 1.800584685 3.145878413 -1.676956412 2.879072729 3.004240700 3.196697738 3.836854383 5.021961628 0.574013573 1.455611184 1.677361686
-16.925327363 12.302157097 -4.650228890 0.746340747 0.252144428 0.421490418 -0.449159777 4.451071683 2.536543596 0.208213946 -3.199749709 1.965149870 6.483790377 5.911013381 6.157268364 7.372782461 7.997862219 1.915325702 5.351908252 4.594070246 5.493349481 7.178779143 6.456661707 7.502422440 -1.435680029 2.735998197 9.376321564
-31.430101479 9.824060211 -15.427666453 0.798047025 0.052036364 0.584401668 0.137433083 1.492674426 -2.362048493 1.429368969 8.182065530 4.503199213 1.664791414 1.575230215 3.299134991 -0.167415532 2.373705301 12.906564821 -0.242911779 3.290129887 4.024838202 -0.185397101 3.484928937 8.392694906 6.103423939 3.846078589 6.311802238
-29.258377976 6.796055089 -17.890321718 0.767989330 0.274600981 0.378358421 -0.437757461 8.310836253 4.118218008 9.167230694 -0.044315250 3.405506536 1.471774747 1.918603787 3.585068828 -2.216218186 3.109691779 6.153793304 -0.418782687 5.308926650 7.285449589 4.758363386 5.789189862 6.449596973 3.656282605 2.229007762 2.275134537
-20.289297314 3.476713582 -10.065866674 0.801755326 0.038435010 0.570092248 0.175231207 3.109963096 4.354684431 7.750855434 3.144456494 4.223829686 1.764279138 7.872883393 6.162016241 1.093725988 8.079047626 5.556023094 3.395189143 7.967379417 3.338342967 -1.484572715 4.254280380 5.823700498 3.971236774 1.218656184 7.585757584
-19.123729145 11.309630222 -15.035215350 0.870747300 0.261844565 0.416195662 -0.004211197 4.749117684 3.825869402 0.260562872 9.281582500 2.662804388 -3.650864782 4.706968430 3.659300498 7.027605567 -4.355162338 4.877696931 5.340513671 0.426913992 -0.215125303 4.967550670 -0.588956797 7.938203991 6.401757392 4.110617052 5.168774021
-33.204964613 8.861242704 -13.739050771 0.934736533 0.123338908 0.266302595 -0.200344841 0.951597828 2.382295252 4.208338813 5.023034355 0.484063037 5.651095842 2.704025252 3.683468805 0.569493631 2.202570452 4.015270085 6.372280789 6.253000771 4.688815694 0.265394798 8.560515880 1.050256695 3.831034713 5.448929885 5.583018858
-18.092942473 12.943706045 -11.656862200 0.812624874 0.156525331 0.389787139 -0.403988392 -4.019777652 -0.691751491 6.623739440 3.431063483 3.566862451 0.919560027 3.493908559 5.273437232 4.156346668 6.311637855 7.060733474 6.885752113 5.598189649 6.769295120 -2.837419705 2.751112967 0.995256420 6.440403928 2.723780339 2.467559969
-23.861740436 7.391579781 -10.140945976 0.731055020 0.307480601 0.352914732 0.496452846 5.374635599 5.556458412 2.987176603 5.702363648 6.004325553 4.096021068 2.485563584 7.511600050 7.628326197 3.386111770 5.660449588 6.295701587 7.677214727 8.725323980 8.515934451 2.925099931 2.700709919 7.345573135 5.444241695 3.955019139
-21.826866683 2.863218776 -11.504854863 0.859600105 0.136373548 0.420925173 -0.255561955 3.217919829 6.734814936 4.168102389 2.444863412 4.848471936 5.076331055 4.250788385 3.809000432 6.790753169 7.019317636 8.616797911 8.604510768 -1.500220982 2.180986606 9.760716375 3.380402715 2.953166862 3.954269055 4.353887975 6.650018881
-32.051771249 12.971757792 -10.645045421 0.904580453 0.201521347 0.356582164 -0.118205372 3.926023931 3.010426104 2.588464657 4.832940102 8.952323823 4.764700739 6.349776039 2.249635205 4.791845063 -2.091096793 3.103023984 -2.178729533 3.407474785 3.249272717 3.265334600 1.986261153 5.807803244 3.138277030 5.916919834 8.369601512
-15.746840865 9.550038065 -9.078692915 0.838824254 0.382192150 0.127008998 0.366294617 1.899535858 5.025565062 2.552776366 0.691967656 6.774956584 3.268025241 4.198282667 4.841710846 6.060731082 7.195663471 3.683111154 1.543537656 5.908243484 3.649403334 4.581199290 6.294660238 2.721644001 5.885010566 10.075771266 1.004111120
-26.730147836 15.834869310 -10.717779549 0.786451676 0.391148680 0.404588224 0.254567948 2.193263569 2.194500139 3.845355716 1.234658625 -0.313480669 8.424130816 2.370969483 0.582831787 5.181026593 2.824746406 0.675941691 1.374738581 3.324785200 4.665368354 4.361740037 6.067477221 4.202154064 3.406663041 7.623209763 6.458303632
-20.746287016 11.693915309 -13.540511434 0.753078327 0.250441183 0.415691079 -0.444244499 4.472134248 4.844253731 -1.273522332 2.802624691 3.156001420 2.692266072 0.824052285 4.961659417 4.814327802 2.717476300 -2.022428442 3.624741083 4.313211054 7.089560752 2.183839522 -1.595932386 1.373951583 3.254242082 7.504151732 7.280155237
-31.831518992 15.433838646 -6.867777531 0.861590076 0.171064956 0.448749140 0.164388351 1.443947940 5.259796898 4.368673724 7.648516773 2.364295837 -1.320754587 8.399484631 8.935781491 0.901851548 -1.289603074 7.774854759 -2.121524595 -0.241383129 3.505624086 9.316184102 2.639051073 5.899127403 4.730103154 4.655747594 6.656602820
-20.646843422 15.810355254 -11.286641362 0.807232154 0.377274254 0.382714424 0.244069779 1.717705959 -0.441744495 -0.822008080 2.120978639 4.006287807 8.340300283 4.897875822 5.233953169 0.350045722 2.805325360 3.094737146 1.419812086 1.717160230 4.218716940 6.442006091 3.707051220 0.374645432 -0.517980612 5.584428896 3.149730104
-29.862107089 10.806589347 -3.867032140 0.804984942 0.097936704 0.430437754 -0.396397509 3.925444971 6.682121387 2.648542513 5.625766526 8.357144634 -0.521773436 5.708378236 4.731488189 4.356623497 3.795324497 4.800719644 3.596268543 7.978896961 6.917650798 -3.517073963 1.642879772 -1.978477173 6.365897768 5.975308455 3.418188626
-25.658167770 7.001890730 -14.029112964 0.749593969 0.020029888 0.656214358 -0.084204520 8.675845738 3.001118168 2.497583559 3.490816831 5.994412340 -1.868522234 9.376051546 4.155269375 1.326984796 4.082113162 3.060011552 4.650453309 3.627564649 2.542390721 10.054344710 3.853818775 1.739492564 3.956861837 7.288186707 -0.584057067
-29.601779844 15.895897496 -5.484731228 0.711478029 0.399577372 0.304732769 0.491197392 11.836713477 6.979653687 1.281740089 6.541958076 5.328531627 6.228532957 4.682244338 0.494232000 5.394299350 9.234874850 5.938265707 3.935582312 7.603053647 4.381062229 1.467032914 1.140374095 3.217484206 2.158686927 2.086627833 -2.884272419
-25.256700977 8.754133857 -15.833948720 0.815616217 0.182241379 0.252234650 0.487786785 6.358728280 1.838180725 2.069743797 3.806690603 7.791743733 11.829340790 6.477887724 0.108880635 7.844015278 3.554356956 3.629972527 7.829525674 1.203253245 3.715128920 6.937955558 5.180750619 3.040708893 10.638622613 0.070589236 2.296970458
-27.761145792 7.437124059 -8.692476080 0.885499251 0.251173907 0.300284237 0.250264103 3.793230549 -1.050073014 7.191644585 4.599057179 4.925244857 4.265658030 1.321853457 10.120687237 3.988121649 2.923298048 5.833140059 3.734013208 4.741991000 6.738227725 5.045591527 2.481488527 2.052748488 5.475680992 5.586210635 0.269599938
-20.172059192 9.089094990 -8.135370138 0.728679516 0.244376969 0.445669214 -0.459004370 4.224382041 2.244742217 2.798348156 2.473323285 -1.486988932 7.257423675 5.479249196 4.935574688 -0.919432155 -1.615572280 4.488505157 1.093107373 8.314677096 5.153708227 -1.467490753 1.880346604 2.985016923 3.061840338 1.108172507 0.896382922
-22.631723675 13.188427364 -1.466206368 0.941533074 0.065926592 0.266846291 -0.194838938 10.958687559 3.034636664 5.500540988 3.923626539 3.391809284 1.954370482 1.752665230 6.843640144 2.513082446 4.052663520 3.033796535 1.219509358 0.779611208 3.731264291 4.440730622 6.770392845 6.671678113 7.984289231 7.549985934 9.183694997
-26.915994939 18.263678635 -17.771809162 0.854890758 0.326644981 0.398711769 0.059108155 2.997648603 1.418604090 4.755763145 7.281773603 2.088333290 5.448859964 8.857542192 3.283503914 8.661641572 0.412455261 3.087544360 5.435392958 2.014115980 5.292682888 6.435615828 7.100777616 3.963515829 3.548190719 3.917584116 2.119335501
-27.164522393 18.450846077 -16.295403642 0.855857061 0.313682954 0.293400169 -0.288145858 5.747995294 -1.662001443 5.449510287 -0.428431604 3.163422832 5.937832496 4.142170235 1.824068777 3.360789955 5.735233477 5.100557757 3.065668983 3.857836939 5.829975851 2.818588466 3.053816787 2.043991351 8.188964515 7.647051842 4.994305923
-15.502638904 10.729502343 -10.060604190 0.873259151 0.346408337 0.266049090 0.215957404 -0.469379233 3.843086528 -1.809960957 5.126837531 -0.188746627 11.992354522 8.565287446 7.142691904 4.129579736 0.962495521 10.055009945 1.883168046 4.659794106 9.612547503 3.030580741 7.912972561 1.057444023 4.638993877 2.633393391 2.902031401
-27.498101369 18.814774997 -5.634091749 0.754951730 0.409042375 0.504534736 -0.090426325 6.626179072 -0.548433470 1.900572552 5.183982798 3.663783173 5.014258768 3.785145027 0.605869155 7.929389045 4.822208231 4.328693184 -5.682736603 4.835031809 4.986151727 3.097538931 6.393731702 2.607620397 8.767270672 3.966085210 -0.179272407
-20.840386766 11.719417459 -3.064053161 0.710416333 0.406180291 0.300427194 0.489969086 4.826913313 4.140970791 0.669197658 2.754355256 3.243586184 4.227809385 3.787859613 2.114888202 -1.081998276 2.164189570 2.936987005 -1.784385635 3.599938112 1.318980946 2.341862533 3.048419757 7.709898069 3.792847008 3.968043952 0.991775830
-26.055980323 9.610517837 -9.830695762 0.731225381 0.205801615 0.471555323 -0.447873547 -5.235606063 3.232942437 -3.277746292 4.005518322 7.311527009 3.690822062 3.788548283 -4.539510383 4.834212613 2.184471998 8.664885933 5.498732009 6.301740582 1.505954852 0.999115755 6.892292530 5.769270330 2.120509990 5.039833740 4.307078678
-29.658307573 19.214654402 -13.741886630 0.832711479 0.238098612 0.354831086 -0.352130010 3.515101013 3.422366275 -0.117483869 10.871391016 6.490460426 0.767707889 4.407692370 5.837387804 0.725932865 1.574716343 4.764159854 1.471931169 -1.381445539 5.218916434 5.602116989 1.684241571 5.100545354 7.544537017 8.868704089 6.249058415
-22.311990757 15.524154530 -13.136974270 0.807172611 0.446991424 0.383255993 0.042259754 4.986010562 -0.043984127 1.153134820 3.611434402 3.615114449 5.138462283 2.066025684 0.123833817 4.641779474 6.854879644 3.028205533 1.608304670 6.310042687 9.524899258 1.431729559 4.336947975 4.531681308 8.006316119 2.970740792 2.674649911
-27.710126197 8.636516886 -2.275849886 0.969184360 0.104025305 0.190828125 0.115952744 4.450737834 9.869740225 -1.281340099 9.741869104 0.950283563 -0.325265849 -0.384146868 7.010174206 2.417414260 8.154863827 2.534381313 4.818927797 6.392892439 -1.253453295 7.505782476 5.825071223 0.973913651 3.428902778 1.506122373 1.803180859
-24.616838254 4.904325946 -4.779230432 0.957738827 -0.066309023 0.210719432 -0.184219364 5.831354459 2.588846566 7.402918193 -0.040797285 6.289248754 5.459432050 0.803959207 -0.051909429 0.817595899 3.121108559 0.824567056 7.207054348 2.270196026 2.064500906 2.492418111 4.301459112 0.934620177 7.399854775 6.369841965 3.785324840
-20.455830980 17.979013563 -8.791883204 0.725505947 0.547064154 0.408769130 0.085262713 3.835152012 -1.053097605 8.899334785 6.878271106 5.345029759 4.405397611 5.875118458 1.466446569 7.430219222 6.191511762 1.655435074 0.103802446 6.498955298 3.450933692 5.277647331 5.097961871 -3.143194799 4.741436336 4.427258434 4.063350714
-31.111095976 10.432791993 -4.725692960 0.718675040 0.342885529 0.340174232 0.500217145 4.496331739 8.710816509 2.977587302 2.467024753 6.684127835 3.668381204 4.424309152 9.550324257 1.506630238 7.235846198 2.593134781 7.852710742 -0.289258134 5.815705359 -0.726366404 4.015526672 5.067573518 -2.419160987 6.897056925 7.717535777
-28.991520796 9.871174923 -11.323383831 0.820375181 0.216958848 0.528447610 -0.025623122 4.810709302 6.901578491 4.350309181 4.993221397 -2.679646705 0.596955102 2.930368884 6.236390350 4.352968319 0.006613408 6.822582287 -1.262384566 -1.695067214 2.810591603 2.002848205 0.653025454 7.806725317 1.178429549 1.757488204 3.990630656
-22.044917098 14.095335578 -16.815706556 0.728365187 0.296506786 0.567527296 0.243886549 7.274029726 0.043291680 0.170536378 7.825988985 -0.044700551 1.936239476 5.302059427 3.251189006 6.835688129 7.366139302 9.437545925 1.581521151 5.693340084 8.195915534 6.768280583 1.907791219 4.091495361 4.431937694 3.547363800 0.570420244
-27.275822245 14.056347320 -18.391155878 0.886115370 0.234840122 0.249454327 -0.312125306 5.822888689 2.625679468 4.612122324 3.811876092 0.246500093 2.544248144 9.090519928 2.902264330 5.566601200 2.796679791 3.110690323 -1.049464398 2.059091182 3.249571296 5.102628253 -0.904165232 2.998455021 2.305732101 1.293801144 2.622014330
-26.817672068 11.224866198 -3.459142702 0.926572308 0.087825437 0.296835894 -0.213632636 3.120164620 3.625304458 2.405534258 2.625705685 7.182922427 6.212031706 1.386169320 7.667519502 4.937017056 3.722084665 2.777783404 -0.207764761 2.962477997 7.153253769 4.868271646 5.982812949 8.992070316 1.309501539 1.440674629 -0.405861811
-26.180214647 9.540050004 -5.308403363 0.720789137 0.151345572 0.516101642 -0.437260372 4.218065484 2.773884586 8.082661088 2.327567280 4.763477361 3.826233461 -0.873399652 1.723567733 0.837058337 4.461497970 4.542326768 5.529438868 1.147604075 -2.643731362 3.826518189 -0.150899762 4.964180848 6.732586347 4.568833765 4.912517492
-29.141793052 9.982181084 -9.845304650 0.733199549 0.099435429 0.660500666 0.127553472 4.238180648 2.986626350 4.561132028 2.626775608 4.751067982 5.241938047 3.206808240 8.215331386 0.475689099 3.481608107 8.288246102 3.634470900 5.726374653 7.479471222 3.713050132 1.794203441 0.758638198 -0.005814444 7.804177559 5.715741170
-23.221864397 15.957584356 -8.682023432 0.772188808 0.299382742 0.377763618 -0.413991628 5.121264083 4.527220792 3.665537556 3.908988215 8.819628279 5.730425506 -2.458262658 4.424005682 2.589153242 3.914593441 4.355089015 2.604097577 4.389137113 -5.936332903 8.369358950 8.751123759 3.328559842 0.109635912 5.571471507 -1.925101677
-28.589545679 19.935534169 -9.834305810 0.739703528 0.277190720 0.407512239 -0.458189666 2.113445828 4.113178739 0.725923253 4.045745046 3.198073702 3.191376896 0.875000506 4.173427760 0.893526398 6.617379669 7.457484180 6.395853756 5.508568824 3.475277404 -1.537217297 0.006873626 0.108021765 6.888023035 3.988624423 6.090572698
-18.780259582 13.355940799 -14.755044417 0.760846947 0.321990445 0.294835946 -0.480110238 -0.927938588 1.051325823 6.275643334 1.798052451 1.205944466 4.318784852 3.812512222 4.962810554 -0.710976136 7.084205064 -1.716634553 2.077859260 3.757164774 6.179791401 0.890815924 2.864060229 0.200062070 1.772592334 0.992675188 8.736630309
-31.515503469 8.332158162 -12.837922131 0.751700805 0.300313768 0.464165192 0.359594515 2.682605400 3.999348277 2.063075913 3.872857248 8.141724919 7.123817555 2.753799119 3.608260603 10.466930530 -0.864048665 3.045869645 1.388795235 1.328269284 -0.184054743 0.257436018 7.106787603 1.998326061 4.685954117 8.721197495 2.791136307
