-28.746120931 8.696003409 -15.345318687 0.807969059 0.201765633 0.538038040 0.130352203 2.867152038 4.538067331 3.930539039 7.819218538 5.168464667 1.785983219 8.044101569 4.787888401 2.305132642 2.694123646 0.536068172 5.570875009 7.487039148 4.552170711 4.803590031 7.891104613 -0.332983866 4.616973749 0.611817886 4.108888412
-26.529017807 1.107166783 -15.753298838 0.969440173 -0.070931711 0.218524104 0.086032895 2.678856656 5.185878549 3.408992933 4.460195603 4.986354452 7.656284659 4.382273595 5.667283332 2.100300764 4.632160074 6.576022361 5.535430337 8.769358555 5.790230507 -3.893431941 5.928130934 4.571936875 9.098674949 -1.225366017 -2.534046208
-18.439772647 18.087597845 -18.805484984 0.851009749 0.441162185 0.284877684 -0.001743365 -1.178781092 4.392868697 2.266270627 6.326006017 3.510153315 4.319006311 4.101657977 0.885218529 8.953388129 -0.236814840 -1.451953799 4.318892741 -0.665994148 4.507204773 0.295881577 6.828790898 -1.734877584 1.419044008 3.752752959 2.233603331
-21.788521367 17.810442165 -19.970830064 0.894054134 0.290567584 0.333563549 0.070519806 3.127221344 5.461218635 5.586025478 1.191964642 4.592436121 0.392809819 5.333860601 8.781513226 0.802097008 0.276417644 4.912945081 4.721910135 1.857167789 1.604456949 4.826735535 6.706449016 2.628412197 1.138802668 2.354679647 1.460353985
-27.847861890 15.441618302 -19.403720648 0.915811010 0.264072111 0.070114925 -0.294346755 4.662228477 1.508204870 7.814518044 5.389404022 9.607688283 4.031919219 0.259551428 9.295411112 7.729524139 -0.089360338 7.624204199 5.894959012 6.795383074 6.642641043 1.358357817 7.967465954 4.393868713 3.203891297 0.026885896 2.251959753
-26.383586814 14.245770693 -16.035412901 0.838509755 0.276401332 0.292766743 -0.367139386 1.246273058 4.851262748 0.857264218 5.997255949 3.382264134 1.649840700 4.691740907 2.046882571 6.198346888 6.598246497 3.259926270 3.064429802 7.130451640 10.655957235 1.793550874 3.100875350 5.264183852 4.359936528 1.265873174 6.705456159
-17.152687945 15.704311752 -21.915857738 0.856428341 0.321927672 0.395628609 0.079819006 4.082765176 3.378446820 2.331040816 6.233001589 4.151416483 -1.392613802 2.404821668 1.713319553 -2.551938270 6.622482015 2.299573752 3.413560787 5.389671803 1.575245565 3.198611915 0.729935286 1.425526373 7.145668591 2.240054716 -1.462181865
-22.584068064 12.850152771 -7.920417481 0.891188033 0.143312353 0.353232508 -0.245911071 -5.528224054 3.782024031 2.632063914 6.076588888 4.440531185 0.699433631 7.541256083 9.548830422 -1.164907225 7.956752344 6.785480702 4.811041212 -2.113646097 0.484696432 8.543787597 0.371970523 4.674686454 4.398968481 -0.865885561 4.900033543
-27.155315230 15.862561390 -18.759275341 0.787628519 0.305638582 0.482385584 0.231366639 3.441391778 -1.523749648 4.598444515 5.443162610 -1.493177233 8.563286012 2.972827865 2.508425783 2.252687165 4.551136464 0.081704574 2.983380387 7.099658386 -2.367922588 -1.099178502 5.954521194 4.355284341 7.470850426 2.795225262 4.663220987
-20.161050310 9.953289940 -21.726669866 0.831474323 0.011423469 0.287870959 0.475026595 9.724439930 4.578232643 1.153787517 7.638804438 5.882879647 2.690461172 3.769781715 6.387768729 4.032122482 3.748773912 5.478207953 8.865126394 4.413224811 5.250718505 1.487101055 -1.746351439 8.345160518 1.382332383 -1.223723888 7.728033022
-27.871028934 5.441433433 -11.728211614 0.936668081 0.099407623 0.314811192 0.116897152 3.101654530 6.211040298 8.123729195 -0.618311942 3.777627556 3.357266752 1.159218896 5.002868224 4.310439283 4.664374969 4.850547487 2.924613373 4.401117399 0.196379306 4.340748591 7.464115383 4.188327878 -0.327324066 7.758655844 6.507364277
-29.795183320 6.196645555 -14.617755123 0.899130690 0.166234460 0.395998037 -0.084354375 8.434300207 6.947655337 6.415379994 4.959894289 6.163943582 4.945434352 9.026931370 2.164248896 7.980174868 3.792544864 5.323512187 6.063933755 1.603959270 5.160733010 7.586105021 4.067867217 3.154588536 0.364319406 3.539513618 10.737752656
-29.467844592 13.122272886 -13.833144253 0.936427042 0.160192747 0.310174257 -0.035137007 -1.829656039 2.536899873 -1.858999178 3.908381071 5.229458002 3.761426470 4.392207260 3.685224474 -0.453837369 4.251686653 3.151615682 6.423416375 7.010552636 8.143721591 -2.180276090 3.339955654 7.496696501 -1.269503217 2.959888551 -0.029738407
-29.590697423 11.892457577 -11.254421991 0.800298608 0.306184479 0.512423146 -0.056530710 3.143841580 5.932181938 1.701964902 5.293963700 2.720729058 8.914115697 0.377744105 -3.140368527 6.392317021 4.722623961 0.690419160 4.200290761 -0.521829349 7.298958339 -0.702532787 2.716245307 6.275169381 3.384217259 0.737205098 4.072993565
-26.408047473 10.725261380 -20.640199952 0.791838183 0.360488590 0.483336703 0.097087080 3.541060364 3.214176921 2.180983975 4.838012603 4.574953346 -2.124435160 4.199820785 1.861416160 5.922304321 1.470847473 5.287301646 2.645067694 5.724981555 3.854773437 6.634332873 6.326788662 6.146282817 3.543331320 2.147249647 2.040599945
-19.449461838 9.328642474 -22.317096308 0.804104874 0.400729656 0.314138809 -0.306835302 7.587122251 7.197572549 1.963386484 0.964851736 3.739578560 7.520920409 3.896219676 4.150890194 -1.796488664 2.037595414 1.360307016 2.098305513 0.783095414 3.256618917 2.038283304 2.692839032 -1.694588310 2.804297044 5.906031037 0.909535191
-15.462872792 9.843792376 -21.502401302 0.793527617 0.311645802 0.397517212 0.339368357 1.155624094 3.033929172 3.005491127 3.841260640 3.027909809 4.134360612 9.313446260 4.656738855 -0.887511440 8.637831119 1.595202055 4.711110793 0.970034318 10.943236170 4.808807725 1.536378531 5.452280346 5.804259649 3.719723749 0.794453067
-18.747355808 6.363299015 -20.810223526 0.794797142 0.430589384 0.418982220 0.085698223 4.209346779 7.107422461 1.464110705 3.882309642 9.493963291 10.268747804 7.333702145 2.826909759 3.160324999 0.667525907 -1.861678713 -3.262952293 2.889357298 6.099602219 2.044028477 0.757458206 3.468621876 4.770136954 -0.593787911 4.890170494
-21.182636804 19.023443993 -13.280834847 0.784328620 0.414977213 0.460424388 0.025137847 -3.983462013 0.917690772 3.256351463 1.678697661 5.797915044 3.830475633 5.431265842 6.139055930 0.071177614 2.856847025 1.839749045 5.870393280 9.627691709 -0.947647584 4.810889440 1.776302679 5.920674581 5.993212260 7.720821117 4.694701733
-15.917307466 9.080240773 -16.223138423 0.883642105 0.287873985 0.314365396 0.193596478 4.774849510 6.472579394 3.211228198 6.531836215 2.418213948 -1.693972272 3.637395856 5.841393068 2.534211026 0.323542491 3.874761867 -0.525059380 3.633915322 1.775309205 -3.636509084 1.668832709 4.730151683 6.495164837 9.909715850 10.040042501
-23.851897419 9.308648795 -10.433511907 0.859371756 0.289718700 0.370405131 0.200856412 1.787753232 3.570392340 8.026843161 7.871270652 5.599149031 7.157312922 -0.807635441 7.174450082 4.974239887 -1.846538687 -0.089483872 9.386275756 3.317542479 -0.985392355 1.193887987 5.274088582 4.258733275 3.443081970 1.170583021 2.522434283
-22.850147426 12.918433823 -16.355048027 0.759019625 0.356476004 0.387946724 -0.382506742 4.461888766 4.246877281 8.255678329 3.058098130 4.406097556 1.626484664 5.853289490 0.112846448 -0.289667478 5.257241457 2.264793528 -0.322287076 4.652459654 0.584068078 7.118760831 1.565933464 4.278234450 0.891754275 5.206239722 2.149884783
-17.275101554 10.154807123 -14.236174332 0.792156897 0.436478198 0.425195030 0.034400858 2.461187815 0.632702770 5.720838938 0.764099149 6.899550156 4.220720136 7.054389353 2.928474846 3.380188396 3.819262739 4.858108615 2.963757961 1.083505251 2.453099421 4.422121201 6.770676994 3.354922725 -1.036894524 6.572713542 7.897811525
-20.812536391 4.132280547 -15.566255427 0.887874674 0.221901806 0.380920136 -0.131673847 6.942719046 6.583595768 4.496224233 6.538086296 5.037734916 2.211270998 -1.043860006 9.947620600 7.706506297 6.542390396 10.722483086 1.022797180 7.210060191 6.260995869 5.119061997 4.205621969 2.160949993 1.438042309 0.899395124 5.202668899
-21.980532844 12.332996995 -16.035474247 0.818589377 0.392602528 0.319664832 0.271273077 0.135697038 0.869545406 0.837893283 -1.233348022 8.395947266 4.366226099 -0.044084102 5.213474214 0.763806789 6.756507935 7.041412234 -2.538574893 2.076595724 6.048412518 3.306005555 0.679729016 4.210464641 -0.226132061 5.923086271 5.906649457
-17.938921486 13.821824796 -14.759071359 0.770497872 0.389444336 0.432912513 0.259331630 3.593088588 6.275727583 4.405129387 3.550724943 3.511230190 3.907238306 8.331166898 2.563074169 0.052236326 3.958473779 10.133533733 5.398175530 9.106670623 3.396080863 0.710363006 3.969072728 3.545410107 9.993322374 5.941197073 2.045666253
-14.507051759 10.856448173 -19.626129184 0.849316583 0.456560846 0.264729439 -0.011483034 5.402409247 2.626448603 3.820604452 0.806006456 7.216342189 8.184443200 0.783587096 5.140046783 6.452863188 3.919927208 2.334434702 3.594977192 1.581275675 3.275902651 6.952626629 3.699134878 3.639221639 -0.833828142 5.241630248 7.863344108
-14.011759116 8.217393773 -11.798408662 0.878666549 0.475311227 0.042645635 0.014341660 5.065547874 2.356860371 2.861262870 6.993553801 0.048685794 7.757574992 3.224338500 1.190620684 6.303952250 10.230215299 3.909301989 8.632754502 0.633162833 3.613174705 4.437306834 4.800453057 4.066574168 3.544115520 10.874829323 5.119576787
-18.689851729 10.923992995 -11.236147467 0.825137421 0.216825129 0.400689556 -0.334040386 2.251702981 6.068142214 2.021922835 7.363977231 0.934004208 2.250066027 5.995711079 0.151296677 3.017558030 5.110725168 8.390288617 6.351802671 4.000941435 2.432208949 2.655602124 4.070435235 6.781975927 6.454651442 0.942419599 4.013195299
-28.916115441 8.673231742 -17.970983909 0.909908238 0.195719697 0.364127523 -0.034233689 3.339788845 2.809460493 1.534387872 -1.354489148 4.914044987 6.257824028 2.267082271 0.202418253 3.078380032 7.250278716 2.605610147 2.295145153 9.182630482 -1.271518308 3.602568717 9.313358171 3.348971511 2.857117366 2.840366266 5.863462155
-28.489233372 13.614561163 -15.673761888 0.867084680 0.220659654 0.304307436 0.326910475 3.896357258 -1.395290778 3.458465642 1.710296286 6.519375046 2.918365112 5.187146174 7.021641397 3.374531169 6.716798629 1.260561589 5.761206563 0.524682214 0.691625950 6.607221640 2.892030668 10.548178718 3.129481580 2.111779984 5.002263815
-24.578885544 14.762688806 -23.743802837 0.828230492 0.186437257 0.430448931 0.306576448 1.924754388 5.519838618 6.207382835 -0.167607872 6.560585401 5.713304885 2.103447895 1.604477360 5.427404293 5.167609093 -0.156545692 3.362743285 2.811314665 7.399942039 7.833463224 2.863847237 2.645825599 5.990887313 2.816970392 6.598469988
-22.130453398 11.692423198 -7.341503445 0.713553330 0.349118818 0.477703905 0.375175525 0.696005765 4.848815067 3.250860344 2.004953885 8.645428065 5.345093894 5.630480787 5.402466935 3.241436508 -0.305522725 2.280682488 5.343702521 4.942161568 0.738919994 4.330066296 6.568012277 -4.288737900 10.027054947 4.500069134 -0.958325837
-19.480872493 4.037776600 -11.714621794 0.830572211 0.163828599 0.530972509 -0.037123960 3.337676151 -1.622591085 6.101276392 1.237577739 1.108731891 1.684133946 2.744831977 3.986535568 4.052961231 6.721565257 0.128830947 4.260974099 2.287573677 6.726233348 6.254993162 7.709510332 2.970190410 1.324949732 2.481272804 0.112347947
-25.112934087 15.687018494 -9.775553792 0.788949962 0.203957235 0.404283180 -0.415348665 4.268151265 1.437887254 2.479776255 5.052141772 1.466771167 2.707873389 3.857397424 3.013754555 4.444757666 -1.502362648 0.161194409 8.878421116 3.341673242 -0.787601113 5.444389628 8.267268965 4.062588082 3.076440281 1.912950819 1.964845187
-20.259239879 5.403242059 -14.855707963 0.788565754 0.383104336 0.371305119 0.305822870 5.927221820 7.446154333 3.630293883 3.700938804 4.681799342 7.117262982 5.419259008 2.059907096 5.397967287 5.613757113 3.019847003 5.129737973 4.218437159 3.651964990 0.640950672 8.002872592 4.097001076 3.378409081 0.547723938 0.184546726
-15.301762802 13.016159488 -11.857386016 0.783585596 0.520278797 0.339562626 -0.000899422 4.921064671 1.322583375 4.212460547 6.892591427 8.028148144 3.887563068 0.276928529 3.858896729 9.455093017 6.340340965 0.598024047 6.280527801 8.963978155 9.592372554 4.340651061 3.764866720 6.143938530 4.206234631 8.569072951 5.327617901
-23.517564314 17.496956442 -18.215935604 0.767235086 0.358936876 0.292774285 -0.443619048 1.426740302 5.941087066 7.340959862 6.812845119 8.568737502 5.099982911 -3.406228887 0.552262893 4.755931140 6.162500184 6.024737012 3.835122205 7.472338587 -1.490550362 3.455518054 5.665321469 4.967691703 2.987859534 7.964164349 4.994152630
-19.665930778 3.950677487 -13.871675923 0.913384984 0.076331159 0.399736383 -0.010594778 4.740835947 9.732573110 6.759023705 -0.150973861 3.161644385 4.323502562 2.638924514 5.002640234 4.651680874 6.018918945 4.275169227 3.241055710 3.030423381 5.799118587 0.907936620 -2.211263001 1.125002122 4.242529891 1.975796058 4.823706994
-29.287829536 5.832114486 -16.301019892 0.889425624 0.191184900 0.305108522 -0.281565592 6.861013385 6.142174042 3.952638689 6.888655126 3.478537559 3.097685519 9.558923529 4.523951364 14.218176769 -2.918009926 1.644626331 3.575964844 0.094288528 4.791320147 7.662321352 7.352501351 0.776607703 9.416129263 6.513170890 4.122052551
-24.138167398 7.740371398 -15.007863862 0.756427501 0.177466951 0.448370828 -0.441912342 1.146067319 1.871206488 7.424196945 3.534987119 2.406155495 5.409009988 7.365805796 0.257247994 5.373635808 4.866351404 3.914619598 2.763991137 2.192530272 2.263479012 2.409910721 1.944307326 7.604243837 0.980125700 3.696176202 8.961732815
-21.553159942 18.405957504 -18.172259431 0.708631650 0.430278360 0.277919233 -0.485244904 5.713604033 6.459980234 2.126016232 7.949129919 6.343723343 -0.600263415 4.390441723 2.143524357 2.743416517 2.087792868 4.275229432 5.394801985 -1.086385481 2.046567911 5.805996365 5.793194198 -0.591761542 -1.562456790 3.592396957 8.096545468
-20.643648860 18.140464821 -12.047112015 0.888552084 0.285842759 0.273358332 0.232474373 2.946833300 7.838796335 2.240236188 4.044710807 9.068764085 0.316708252 3.802647080 3.532332548 6.207625088 5.828587641 -0.391802241 3.947084409 3.461459443 5.119021407 5.881166567 6.441400174 2.913133091 5.149086426 7.255670083 7.888497248
-23.749147024 4.590735663 -19.652774329 0.892531234 0.166676638 0.288170893 -0.304244032 0.810483737 3.226306197 1.863790300 4.712490832 10.891036624 3.409787107 5.944909483 5.743994618 3.774153107 5.023204028 1.605109820 4.098059018 6.497706456 6.524709326 8.088994721 6.608391101 4.612481166 3.960965111 1.413547446 2.134679571
-26.171652482 4.470559517 -22.457753478 0.803315339 0.319480021 0.357779564 -0.353002500 5.306877301 3.578707913 1.431515531 4.236178547 6.842654336 5.977222961 2.703494062 3.707794172 -0.340179988 8.785989729 2.543689159 1.540603754 3.193592591 -0.801760620 3.909721265 4.493933212 -0.667317580 1.258644775 4.684314369 3.663493042
-28.311261789 12.027101021 -9.408768084 0.956991408 0.165822239 0.237728155 0.012480129 1.160747413 2.668761694 0.660128917 4.830011978 5.682608252 3.901867544 -0.037574953 1.490421755 5.253616070 7.529390556 6.204535209 10.504732315 4.570049596 1.736909206 8.293776474 9.716450197 2.095577441 5.535932227 0.872030509 4.120311364
-19.370247080 4.406055003 -24.106519068 0.744016010 0.387681852 0.465659078 -0.281610694 0.731652158 0.771883927 3.013554072 2.896661007 0.845450453 5.960306303 7.957824205 6.165903957 4.081199536 4.676039526 2.838979449 8.080336813 4.376788520 4.585754422 -1.013013022 2.312532406 4.509137322 0.845024747 0.860742243 8.408648541
-25.097117940 12.402037653 -13.818277111 0.836236732 0.196251829 0.362842317 -0.361301538 5.802187111 5.146309349 2.149098660 4.397245709 -0.095274130 3.841122042 2.341601216 10.539551743 6.152805243 2.907699786 6.692282775 4.604899399 6.795706088 -0.398183937 3.969306871 8.452414726 4.179523384 0.132354579 6.463187263 6.928196829
-16.447070794 2.043345451 -14.587500228 0.748702778 0.232273482 0.430117040 -0.447763903 3.365174872 2.400480492 1.644617010 0.653293199 -3.444811836 7.787721918 4.250633669 3.456459300 2.427654650 5.550250180 1.465205145 5.585865392 0.884659512 5.191518194 4.212937939 5.146391288 0.597654121 4.163969411 1.981752649 0.317798433
-18.382497298 13.632479808 -19.169414174 0.784366985 0.349353987 0.382881655 0.340766582 -0.681220233 1.737964212 5.785178665 7.892735555 7.091296932 6.400529936 0.801407732 4.242998148 0.486583095 -2.129482883 8.626772213 0.472145969 1.131954674 6.717470307 5.536681679 7.030034601 9.160582108 2.657885433 -0.219446172 -0.861796523
-27.385284856 2.496469140 -20.291863011 0.841426514 0.258799961 0.464812370 0.094728360 3.527214366 2.894004631 -0.833847234 4.293651568 6.964343066 7.968664693 2.956301387 0.663362402 5.174650628 6.811879827 5.267089560 6.305634447 0.765464557 1.221588622 -0.040774063 3.858725878 0.435149801 5.015873768 2.392856079 6.368137798
-24.597940617 8.648103617 -10.619932325 0.862250614 0.187380417 0.461229392 -0.093166016 7.776954031 8.567743002 2.180035074 6.320695721 2.856692428 4.421699594 3.504934451 1.938204976 1.542067157 2.735506637 6.894806244 4.955921136 1.160034417 4.608437908 4.894069053 2.349776954 -2.843880098 10.635634217 4.282782367 0.589236827
-20.086533778 16.672993762 -19.166146843 0.746180976 0.615222378 0.246839740 -0.061526571 3.592475335 3.023306656 4.960129093 3.387418206 8.752125617 2.435426724 0.526496131 2.113449231 6.990168767 0.223895915 4.968989886 3.169326270 3.467893908 7.261072324 4.917746804 1.318212236 4.997066103 8.263080048 2.348354268 5.122780925
-15.255595826 10.153555530 -20.973510198 0.784365319 0.323121786 0.279632885 0.449631858 3.361474716 3.163420332 7.211319110 3.723850141 0.455193935 5.569336793 7.909655338 -2.623380060 7.425191947 6.842261656 3.389630214 2.875528437 5.992132407 2.414022852 6.116161735 6.336214439 -1.130355076 -1.191199151 1.145831373 7.035578142
-21.805416994 15.261984208 -23.439359458 0.725526480 0.452079278 0.518269943 0.025138032 0.911353487 3.946892461 6.841506421 4.256598419 2.166983560 -0.776406118 7.412702224 4.755073470 2.267826918 -1.146497983 4.705615713 5.273501115 4.103833338 1.784711588 2.502943908 1.953664982 -1.495533766 5.581036787 -1.761259234 3.054636605
-28.559629886 11.823856666 -20.803694415 0.709737900 0.379905667 0.375681332 -0.459137599 9.493384623 4.027020571 8.106220839 3.018180436 8.293218759 1.871508713 -0.091916984 3.814671344 9.138763405 0.571908113 0.321558157 4.224943539 3.775300747 -0.112173336 5.353307766 1.850294420 -1.315199500 4.974810029 2.384773825 4.961799309
-28.423005109 5.471339920 -15.285790638 0.716438951 0.057597223 0.677073056 0.158018560 2.069889512 -1.592398605 5.369668792 4.021447142 8.101446066 4.661234639 -1.090894045 1.684104203 7.295462198 3.438133262 2.857997413 6.708404475 3.861887903 6.761046504 1.521973058 6.873957292 6.956984041 7.116773813 -1.707777052 6.268920181
-26.199403473 11.118541048 -18.356372527 0.845084895 -0.011777078 0.380605113 0.375276656 0.000470567 0.179765220 2.754390950 0.606963803 -1.903116936 4.767729840 3.694860513 -1.638622632 3.737197628 4.969389423 4.981237229 7.868324728 1.873606339 9.884023892 4.214602854 3.233327501 4.374845735 4.440736810 5.867652250 13.719633461
-22.927049371 13.894903112 -21.678980407 0.843479702 0.232036569 0.338130259 0.346942289 5.085459852 2.103813762 -0.111851235 0.357696672 6.104949339 5.670727790 3.942581626 1.809725868 2.397280179 -0.980716511 7.832757676 2.984590254 7.678432030 2.339653434 4.525080093 4.910118339 2.995701072 1.918734196 3.972209533 2.125626917
-22.931634088 9.527419112 -16.194992791 0.896035385 0.155322633 0.331861708 0.250725497 2.664996371 7.949093849 8.101111006 1.981103172 5.689743444 5.553569762 2.438134592 -0.848835500 4.690705072 2.638682846 2.839808987 6.134926288 6.423734129 5.242393367 5.990435126 5.581629309 3.750299890 2.785699315 6.320090923 3.903861336
-23.185861413 3.986424410 -12.403086114 0.875021632 -0.020743323 0.476147740 0.084794975 7.813924754 9.543820583 1.497561173 2.331572173 2.581125605 -1.722656342 4.234310192 4.930091489 3.893119482 -2.049811468 1.947161754 3.599104150 5.516435465 3.624872748 5.930787427 2.205955734 0.232646662 2.593602074 3.397672548 6.433277090
-21.581837830 19.676090380 -16.586743792 0.808760706 0.537882502 0.229064475 -0.064171659 2.527823262 -0.149319386 -2.597897062 4.848773984 3.373918152 -3.183488501 4.903192599 5.638751159 1.471919020 -0.568344545 6.000598726 3.638259997 2.051763857 4.076203090 -2.916756693 7.157604847 3.559299782 3.226138198 6.306295807 6.033959678
-23.525705274 14.518921366 -12.032336286 0.773676583 0.235921359 0.403921255 -0.427332747 4.477928136 1.365007049 5.840753543 7.380956624 5.152720415 2.875480332 1.433830644 2.583310801 6.905636006 4.426877742 4.023059340 6.495352468 9.104049442 3.274134195 2.993397039 2.898172559 7.480548214 -0.584466536 3.890175572 3.282979578
-30.787013761 7.193735509 -16.255143665 0.750251485 0.177775820 0.634976054 -0.048206618 2.555901299 3.871102284 6.466619395 0.705500947 10.984229659 0.082069376 5.133490724 9.183759731 2.829735518 3.509934937 3.343844548 4.205729785 1.894749618 -1.670242888 5.340874241 6.318838625 4.213135136 1.002747554 7.181014465 3.394656930
-27.203471367 16.839985984 -17.305998803 0.814702922 0.270360887 0.422907312 0.290367946 7.870174813 5.458006918 5.038522182 6.918133031 -1.335298653 6.850761976 5.163491594 9.713812053 5.885755586 1.992246906 5.670202220 5.783871209 7.824773332 3.016747259 2.074415091 -0.588422168 9.599019045 5.822077648 2.702712714 4.524648968
-22.715797561 0.344682347 -13.712297190 0.766325529 0.003915044 0.636796180 -0.084973420 6.399662273 -3.586498269 -2.201476660 3.881688094 4.933371690 3.606041905 0.700208396 1.512501817 5.243458173 4.531035342 7.595601566 5.102586960 6.832767719 8.417273797 0.398631539 5.155481187 4.606990904 2.402457112 6.430874065 3.958515685
-17.114551096 16.187002556 -16.790402241 0.894882505 0.195794172 0.171982673 0.362314648 -5.688732630 5.548536375 1.131339006 3.581621491 2.737456233 6.095360928 -0.010799693 3.966979092 0.637253839 0.044472874 3.697855578 3.333366100 7.543357657 5.674476855 5.740701490 5.860742058 1.574697249 -0.884156227 4.754553394 2.809474758
-21.429478238 14.118435989 -25.433796023 0.801329377 0.434909110 0.294611132 -0.286233430 1.719648027 4.526093413 4.271759436 4.912939184 4.754028081 5.414386444 5.804244735 2.818561854 6.653498528 5.434428688 -1.706830600 0.954618824 -0.056170358 -2.413091185 3.436438729 2.164817124 3.178393589 1.883665310 1.311216623 6.205300283
-16.996318383 12.974093133 -15.071086798 0.880605303 0.316910471 0.251954661 -0.246213124 -1.937696459 1.365910710 8.386851951 7.298561532 0.516231742 4.288978612 2.999272741 0.076220630 2.131305274 4.465727699 4.765486986 2.111987986 3.295419985 0.004936195 -0.870690679 3.180007366 8.181644071 5.972330947 4.058826208 1.414551390
-15.468251779 8.758443948 -22.405176428 0.883852540 0.311359628 0.267215292 0.224623815 -0.581649716 7.506522735 2.288321415 7.293281227 5.709862174 0.332472142 8.952153834 3.838456984 7.636861450 5.674132115 -2.621667552 2.224851483 4.204185287 7.271173721 7.827625207 2.942446500 7.108041019 7.135790066 -0.446818406 5.107064363
-30.654678423 12.361033422 -13.103245993 0.788453767 0.212730040 0.260987527 0.514754406 8.013120130 7.243390507 6.413401631 5.362763025 3.822169872 7.602650340 8.774599327 1.105625237 3.289169954 5.419493369 4.348329103 5.300350848 4.248995497 4.691934553 5.007245843 1.666828449 6.121099979 8.022965378 3.958369865 1.936853152
-17.663620498 13.545804916 -15.212134738 0.766656971 0.522674717 0.345483341 -0.140319247 4.841779741 9.358919035 2.715212298 1.917722944 -2.802899849 3.133644019 1.564624933 1.615366993 9.972007506 1.126417090 5.748409305 6.316036397 4.927302677 5.616993032 6.290184685 4.064692925 8.714252463 10.483282985 3.261604874 7.394348099
-22.011891035 3.919537903 -17.185247613 0.827563720 0.190490012 0.469966913 0.240796482 10.459428239 3.058357956 2.458538881 3.444913996 3.688616154 11.122040109 0.198303862 0.505225089 3.504584646 4.180393338 1.855932882 -0.352774420 2.127387519 8.815607602 6.936506583 4.167540657 4.289718046 4.677327995 3.661378193 10.952640797
-16.717363835 14.375215079 -10.541359596 0.927834569 0.285269324 0.215023945 -0.107280602 3.921694882 7.191109163 7.369427485 3.284662723 3.074795255 10.017737826 3.371144900 5.088652358 5.043977595 2.549526295 -0.048082966 1.030383618 1.096656042 1.664004039 7.138366047 6.641358851 0.885096640 9.142205495 2.906417084 2.742080790
-16.799237986 14.970627285 -17.883878496 0.867809252 0.359299735 0.341565903 0.033816212 1.740634134 4.176013269 5.779644607 3.854489236 8.394138173 4.701623795 4.495212093 6.945896391 4.283049987 5.455663412 2.759651893 3.492839705 0.931987592 -2.518386484 3.988534837 7.053662883 7.932766797 4.526908470 1.375096948 5.871519024
-13.309385752 7.543089592 -12.106596117 0.811486435 0.087796986 0.285217696 0.502426434 8.184083614 4.710096022 5.713189556 2.073240921 1.483773487 -0.372310613 7.584567091 3.355723967 5.379580117 5.560975497 8.945057273 2.957086203 9.495948019 -0.943208947 7.500899628 -0.429689223 5.820371699 5.707468029 2.099059793 3.993561295
-19.885555993 11.931172215 -11.952235681 0.779229660 0.307037650 0.326711635 0.437936670 2.011298070 7.563639072 8.277038613 4.488622609 3.248436113 6.255665410 4.193723153 6.145435886 3.123682062 3.891614425 3.773801092 5.653495005 3.732124059 4.456265893 3.211991661 1.718654907 3.466124360 1.289476811 -0.536315058 3.693228056
-21.055521263 5.368107418 -20.657081895 0.955930663 0.014045854 0.288007181 0.055237176 3.912570129 9.906257914 3.995706692 -0.882041663 9.749834603 -0.341672929 5.317429560 2.768201626 1.002080972 6.990269085 7.793347916 4.420463464 2.523269153 3.797102625 7.694841551 9.035069125 -0.066100133 5.621832007 4.692599612 10.401180706
-21.146581845 7.729558202 -9.563298392 0.737146306 0.402485773 0.532145843 0.106964138 3.551685793 4.134846481 4.007854706 2.876509612 -1.878082654 4.556818336 5.622240599 10.336149677 4.303937085 4.618707289 5.287525508 5.851797470 4.822880976 0.538732149 1.079396001 9.576848765 2.967038335 4.202398271 1.856116300 4.172085790
-23.049137663 13.226417027 -7.660949445 0.872669865 0.270041126 0.177745400 0.365966760 0.560956241 10.240835964 3.432312484 4.839946794 9.040260522 8.004809948 0.741384365 1.546757166 7.316086956 11.757556148 -1.289358637 4.598143743 6.915556620 3.882409439 3.376787396 4.310012195 4.236163060 3.482717175 2.481240725 5.971725257
-30.567625864 6.757010409 -13.996862734 0.759957795 0.327518549 0.441217420 0.347164137 7.692126856 5.657473801 4.074624499 6.524537658 4.192390522 0.249175784 1.961255668 -0.697852709 4.881041005 -1.717327690 2.142898790 10.318077261 -1.021737256 -2.504090660 7.180270924 1.787902924 2.595345491 5.824320225 5.357292703 8.898970122
-26.469866770 17.755350540 -18.001196820 0.854487084 0.346352232 0.337341346 -0.189980975 4.863370023 4.626758358 2.105186563 3.389072539 -1.534301685 -1.754204528 3.890038915 5.584476410 1.102112613 -1.837844031 4.393843136 3.643824300 1.778855214 8.775247028 1.363129243 5.463146817 1.818948802 5.225467579 -3.061606404 -1.174365049
-27.977907426 10.001965945 -22.561328096 0.904274317 0.187548467 0.283878717 0.257927133 3.356105571 1.166264683 3.031025745 8.140014029 4.581155834 6.497003592 -0.664897615 2.702080291 1.574139297 5.172318769 8.661978362 2.171823277 3.084900891 5.493986810 0.515732425 6.033036753 -0.580035785 1.430652534 1.109883041 4.504079423
-30.201869531 7.190700761 -18.482401896 0.861989113 0.145668654 0.331768066 -0.354521314 7.954655914 12.265134374 7.357037866 6.474814845 3.198515377 3.162890530 0.840656536 1.144717776 2.896434909 2.283208680 6.481524580 0.032777708 7.770745635 6.023448527 -1.059628817 5.835786060 3.498076556 4.174870837 2.860871089 5.635513654
-23.819700947 10.722318974 -7.877723787 0.846993725 0.332602102 0.350136876 0.222219799 6.298165018 4.393252081 1.497260936 1.877948504 6.686021501 2.679252075 3.143217423 3.163644834 5.964237818 7.603015343 4.108307429 4.851129855 11.775399569 4.393216873 0.960821814 3.736889103 5.885377197 3.772220395 9.348889149 4.761525627
-19.197080590 5.132365139 -19.053145594 0.840226293 0.290125092 0.450422018 0.083469830 5.412751100 0.970380223 -3.768184045 5.394232372 7.140409269 0.524233530 3.025846602 0.695290863 1.800698908 1.693845775 4.979144056 4.267169629 2.765695233 7.493532976 3.933899031 5.330951127 6.724522092 1.545669645 9.707670377 5.491528040
-25.179647164 12.400845793 -8.517279831 0.780878718 0.147317810 0.437282147 -0.421082194 3.188872658 2.045618389 5.724236739 1.351180000 3.249869180 13.566149805 4.238788331 3.333706947 5.511065177 7.376671677 -2.716771080 0.050673208 -3.298395711 1.432865399 -3.490264217 6.181059170 2.193616301 4.795484472 6.774770917 1.553839262
-22.422662103 5.017553544 -15.033946021 0.925507491 0.085539233 0.324014302 -0.176447319 6.897797660 2.833557680 4.973161153 7.372808368 -4.695725856 6.539055888 8.758151153 -0.253704162 7.680428016 1.613977677 -0.152177865 1.479972748 7.123337769 4.008717935 8.690335981 7.090019660 3.113768202 7.804739716 7.811373332 5.712178945
-26.354693303 3.403449926 -17.351427325 0.802943041 -0.069915757 0.581581048 0.110262163 1.441988258 2.896728615 4.250609598 2.735320392 6.840984587 4.178343224 4.685485003 4.249071610 4.756387482 1.315118169 6.072871090 5.236335591 4.793845857 3.067485522 3.131953615 3.595661653 1.234321289 3.426618444 -1.497643827 5.086618027
-20.447337435 11.405827888 -14.192942831 0.894503298 0.364191448 0.240123407 -0.097822223 2.744378635 4.909971534 3.170269291 5.056245988 2.803663796 6.005166685 4.819022221 -2.420724152 6.787750497 5.342717658 5.237515983 2.022010570 2.938582603 2.194319517 1.726889322 4.983570625 4.091656049 7.117569108 1.396730261 4.803365001
-22.862068729 16.704317727 -16.923091449 0.868300834 0.304162238 0.388541122 0.050742404 8.659287599 2.799040263 2.796146007 6.888065878 1.492870134 3.330913056 4.788518567 6.121349557 7.046692936 6.295622731 5.892574674 5.782167200 5.068598168 4.882042627 1.020833350 6.311897572 5.078288531 0.634216144 0.245573088 6.987828134
-24.424658975 9.589358641 -22.527656591 0.746036850 0.250550615 0.616222114 -0.030392659 9.697215073 3.832174503 0.005175875 3.653197827 1.245305651 4.852396753 2.005493348 9.604202692 1.337238044 3.860395788 1.118029573 7.576186745 -0.082508845 5.364207449 5.659190359 3.856915596 0.802231388 -2.291452207 10.445202440 7.364308790
-25.519804751 8.849635311 -8.334950671 0.931845625 0.193290054 0.224552701 0.209472602 3.121160286 3.219302512 1.883923472 8.542725093 2.607182991 2.368047130 0.922205832 2.874241617 -2.619970389 -2.661106186 1.161393327 1.886135620 1.672125490 3.639302652 1.089323155 3.265833108 5.622761177 3.609501447 -0.206269508 4.882440579
-24.657390828 11.585016150 -16.213135418 0.833269485 0.326673715 0.440115547 0.072419295 3.839706039 -2.889940418 4.697471246 4.974393834 1.673621835 -1.069512453 4.855507120 3.821041796 5.634259264 2.708034585 4.483352205 3.793770665 2.710131482 7.389302740 7.284737721 0.043910194 7.257824304 8.181262946 7.843574348 4.310311441
-25.604073426 1.736805254 -12.146852497 0.773510717 -0.101879468 0.588889897 0.210974959 5.646093652 5.249606672 4.060819065 5.668558286 1.021678062 7.649207808 4.246792981 2.896772955 3.664626084 6.870898787 4.411038150 3.759526835 5.902015581 5.394195835 5.038145578 13.057406020 2.344460728 14.228425949 6.026220987 4.268767554
-19.921510887 5.689709062 -20.141542719 0.759347397 0.337750843 0.500826067 0.241845299 5.192062207 1.875297647 7.689694121 5.236497520 2.415363846 4.212377809 2.111797070 6.421013520 4.288265578 0.772217280 3.736404372 2.890514156 4.175846351 6.804994999 5.876658124 9.220513747 2.646866808 9.754331306 2.014017500 4.285587854
-21.870414692 3.051914902 -23.806311385 0.968331784 0.067080396 0.239308768 -0.023771629 7.410928624 9.123148992 -0.830582852 7.704723802 2.606562330 8.077738098 4.782260555 6.837443960 4.415782708 5.792147210 3.774799120 2.741588033 1.903519972 7.965460647 4.251878422 4.250905860 7.178772242 8.423335392 0.718415910 3.196547898
-25.185447363 15.537635933 -14.988547987 0.759327265 0.329892699 0.550102990 0.109451416 -0.947343940 2.907137144 8.385039685 5.490767606 6.332623630 2.991264327 2.965141524 2.162063973 1.847296361 0.374836482 4.932072562 1.134399120 8.129692243 1.953723678 3.114082809 7.281636096 8.521940764 5.306408911 3.072596399 -0.336749981
-27.606068415 13.394520823 -20.916013485 0.872084233 0.258291624 0.408495134 0.076721923 3.182100908 2.364857809 0.308176395 -0.273811616 7.200970750 10.272988498 2.138807300 4.421455588 0.899045574 -0.896930904 7.174940884 5.761645267 3.746975711 5.503634311 1.252808022 3.224728733 5.475770724 2.529329901 5.389841205 5.164775579
-18.246510342 9.791010302 -10.237738395 0.820176901 0.388769958 0.343265195 0.241530072 -0.689232565 2.375259480 1.624771485 3.500509918 1.273726952 1.445719141 8.810195172 0.962704150 6.291090897 9.953813104 5.005924159 3.373078698 4.209982595 4.479893085 3.475617926 5.284668209 1.408045405 2.979651097 2.335828268 5.837397069
-18.548597781 13.826693216 -22.418073844 0.769082783 0.357060350 0.240379430 -0.472479957 8.340391287 3.391083882 6.581400267 6.305608546 4.714461525 10.700635364 0.861071713 5.773004584 2.687381447 2.848769607 4.896338724 2.064905625 2.010846205 7.072468791 1.843180869 2.806687364 3.916292148 1.635362632 2.970654039 10.981800091
-26.587167051 9.916946995 -8.819294773 0.865186514 0.307034522 0.338247052 0.206811580 3.667666270 6.666921660 4.007075568 -0.595939919 6.133586527 2.556177686 3.343726537 3.573314578 1.102321108 2.300349539 1.321006112 3.680924482 -1.021052686 0.069224254 8.748252609 8.995172495 0.218978751 3.247974444 7.264520977 6.062184533
-30.351695412 7.517849103 -20.300578945 0.787465004 0.234586734 0.559264158 0.109961514 -0.874379100 7.587209197 7.867491900 3.634720980 -1.868907200 8.435598350 3.086277180 2.351535151 4.427164837 6.161977650 6.446440510 3.780221595 5.374169238 2.358034511 -3.023640911 8.227710051 2.977105162 6.386549122 -0.344137834 8.144586001
-24.517049962 14.060121503 -9.148093837 0.843615913 0.297499991 0.446990820 0.002270235 2.683215038 1.992873664 2.856483457 2.196342206 6.331231277 3.241933783 4.461526048 -2.342869734 6.755001327 5.751608768 3.923277197 3.745027168 5.124116886 6.250730654 0.083658695 9.686495531 6.658723063 4.945028144 1.133288260 4.049761676
-22.357836856 6.329231086 -7.452428320 0.739267332 0.382702799 0.431579277 0.347507852 0.698337695 7.437567900 1.719267941 -0.266355408 2.973283109 -3.180007005 -4.055034808 7.871756985 3.348496186 6.945007701 6.209460707 8.055049098 -1.377564475 2.459630971 3.148507773 1.496651116 3.744039180 4.763253221 8.202786749 2.774632687
-20.877090917 12.036116271 -19.690490167 0.851278189 0.191003767 0.382751255 0.303882352 3.066860191 8.340138186 0.974849917 9.044201836 5.079140249 2.392625128 5.935729716 -3.274148865 8.530297782 7.127171407 1.138980067 4.590002789 -0.263907813 -0.664931089 7.934003753 3.262204157 4.338772539 3.900414633 -3.961489510 11.140296544
-28.160778960 12.845513164 -23.390886641 0.874899195 0.273950614 0.399018127 0.016940928 7.142238843 7.294668128 2.730449655 3.844858027 3.060750504 7.558182570 1.879400888 11.890912172 4.709839969 6.988440744 5.939976237 2.834525186 1.472869027 9.542183565 1.706462536 -3.830477249 1.690049021 0.753286771 0.826591771 4.530392834
-27.538720350 11.616337032 -15.754693085 0.839375767 0.278892900 0.458111945 0.088320537 1.054812048 8.299051534 5.157161347 2.771101410 6.906254781 4.252167277 5.915210518 7.409070638 3.833238631 3.781399841 4.768658291 9.554304261 2.589300839 -0.711683599 9.427036123 2.429472007 7.431165134 5.018783600 -0.397468576 3.424895736
-20.244850537 4.063089062 -15.863816960 0.713654958 -0.015034463 0.368409563 0.595604701 3.000978630 2.175612372 11.162201309 7.943033439 6.640911635 7.401912348 -0.176907039 0.749753703 3.783495048 6.111371213 6.640739978 -1.753081164 6.474656256 3.503251286 9.046623387 3.488453346 3.044002740 7.561721927 5.057622606 5.024311670
-18.057915024 13.561644627 -11.226443498 0.873571098 0.266651181 0.289926845 -0.285855048 3.843510424 6.754609861 -2.574021649 2.783501601 -0.517853401 7.564025505 2.460794446 0.208087385 7.511531320 4.209623857 0.537845454 5.496064590 9.708189701 0.616253676 8.340007984 2.929321749 4.546830332 1.716197932 2.183574986 0.025682584
-28.827769957 9.103255413 -16.646728106 0.894941218 0.178080789 0.303774337 0.274022995 0.387595228 10.595710584 8.690742340 5.623272850 7.497035304 1.383163822 0.681158105 3.879922666 1.287657733 2.214751372 0.947546930 6.802198319 7.830015969 2.845481110 8.177242487 1.831549403 5.685899683 0.081927771 2.497913967 3.048783039
-27.099229763 11.711996869 -18.001809010 0.803470411 0.240431830 0.510666293 0.189335078 3.809951879 4.694453100 7.112566260 4.383771655 2.022717992 5.186270827 4.998218922 7.678591555 1.741271942 3.771735862 10.507078144 1.071865910 5.569794853 4.486915608 4.512257520 3.976605047 1.637958389 4.025374167 8.051580743 4.526230025
-24.062412199 11.606654116 -12.272624327 0.717958131 0.208879280 0.468381254 -0.470663966 4.624278888 1.307062891 1.490221760 3.092811887 0.440564108 -2.228721317 1.802181302 1.621438269 -1.724290293 4.132698448 5.033764558 3.017745022 10.924442721 4.097785913 5.450056696 1.129675418 1.658182862 4.923281412 5.343590654 2.741509936
-23.203622960 5.770135116 -21.531149373 0.754638054 0.336224356 0.400806765 -0.396015817 1.975926271 5.741221251 3.859879722 3.913028023 8.821849444 -0.584583126 2.403551726 1.520738323 10.209010299 6.218298528 5.770545954 1.270979664 7.586380488 1.106417713 3.984391775 4.250376865 7.175191404 -0.666219283 1.962807137 -1.033135555
-23.233013473 5.919372642 -14.344863258 0.939549379 0.193452967 0.282288814 0.011659290 -0.417013546 3.637389207 1.563601480 5.211364808 0.931474188 1.229769616 5.449733727 6.542074893 6.650024952 0.340557916 2.609399494 1.673634587 6.856000717 6.054396814 2.716827547 7.157183968 4.807414087 2.183606226 2.047254315 3.342462078
-26.345054001 9.376429994 -19.983705552 0.737309240 0.331342026 0.383312669 -0.446832121 2.884745544 6.636298802 0.175111240 2.398160570 14.192045921 -2.637726915 4.319142520 1.179691450 3.880247152 5.475353984 2.238037284 6.324517597 7.082437685 10.777115581 1.447069636 3.131607219 5.059310265 6.305006652 2.877106295 6.954021998
-20.213838650 10.840025595 -16.799863324 0.792331544 0.199029095 0.358656578 0.451623296 6.325292630 1.720825204 5.557150452 7.363561322 4.530281585 2.427833706 6.669006894 7.130875625 4.933704389 3.010302127 3.217596841 0.546266501 5.904641074 7.928468150 8.168119641 3.178266047 5.925734836 3.235740022 5.988532725 2.737844891
-18.781632278 5.549539314 -23.051450647 0.880470995 0.096282384 0.224300749 0.406435362 4.637433388 6.916450219 -1.331533841 5.032876841 2.389340004 0.787611220 7.698778856 1.172272840 5.017630139 3.172435176 5.005166786 6.895391224 5.911358653 5.852332765 2.938237109 3.156386585 3.826221610 3.159447156 4.266757875 8.684873852
-15.487396758 11.095839641 -18.401771672 0.849108849 0.351274451 0.385961416 -0.081573335 3.317327363 4.907359079 -2.212124795 2.527785338 3.379769155 3.769903917 3.033057282 4.188990651 1.492893386 7.567441489 7.247753589 9.227881805 0.561046533 6.527926875 6.324125751 5.753243998 6.774298739 4.775452171 2.084964950 10.551413839
-27.291517365 4.693085283 -13.529630618 0.813047642 0.183705636 0.396785903 -0.384404368 7.636654144 6.639128915 4.654341652 6.196199389 -0.204848657 9.336074626 2.084630395 -2.428861506 5.158321437 4.109385431 0.531123683 -1.281199032 6.492503548 5.522907184 5.585894401 6.877162179 1.315362638 7.722713449 5.342983039 5.664545736
-22.323152633 9.744848694 -14.168636530 0.817552839 0.356378923 0.383977449 0.239087303 0.821881364 3.373508552 2.635425167 7.285297675 4.742965368 8.659446426 3.322744419 4.374644659 8.581524916 3.920918357 2.227242416 4.560329939 6.843458127 7.080416633 4.262183499 8.213603114 -1.469232266 2.608340975 7.644811364 0.997094075
-24.088585320 8.994048041 -11.642405783 0.804539178 0.154851377 0.554562356 0.145596552 10.407693417 2.691661499 6.444534840 4.641160030 4.697569364 2.341537033 4.120810459 6.986417043 2.051372828 5.265589939 1.730000230 1.612557405 4.731139911 6.363955951 4.743018367 -1.806005050 -0.682386474 4.828829049 2.379113616 4.625484501
-24.127244765 12.273844760 -14.187277897 0.821552017 0.258003488 0.506724739 -0.041430939 2.467986739 1.186406408 1.550342836 4.247886770 4.516391156 1.496146895 12.729065194 3.398765403 4.505237269 4.467348930 4.299123055 5.744759868 6.133840911 -0.163219145 2.705318888 5.645931561 4.821891770 4.186095941 5.356813647 -0.957573397
-17.616693301 9.141909651 -11.536015207 0.771146308 0.306446978 0.344525768 -0.439005257 2.369357392 7.886063976 0.981785136 6.023478295 4.248352170 3.146430775 7.973364739 0.976692934 2.874052966 -2.784546695 2.878056114 -1.394195804 5.704063898 9.395868782 7.548271941 5.595354594 4.409443425 4.427917292 1.126422130 3.803982463
-13.391999683 13.999213559 -16.666202115 0.788874637 0.501765350 0.347263098 0.072915574 2.514670912 -2.181651991 1.728619693 0.776443636 11.586220704 4.965795230 0.737274032 5.634254420 7.279988165 5.287851720 6.741170111 2.595354059 4.717650959 4.157394825 1.661697470 5.125798631 6.744854531 7.870349378 4.618386173 0.182786495
-15.105133477 12.648614787 -14.511963205 0.836511720 0.327914777 0.340300864 0.277336191 7.530556629 5.905394360 4.465703731 6.355488690 -3.007955193 4.470970698 3.588727247 2.158685127 2.494184879 1.240334324 5.229243355 3.533512112 6.499218425 8.188183525 7.833308872 2.920569993 5.306296753 4.983160276 2.785823756 1.363516455
-17.251035392 5.322646693 -14.834935344 0.754639300 0.253230261 0.364789753 0.483034572 0.596611054 2.693075992 0.322885462 6.641769466 4.782029818 7.262925569 3.955547037 2.840489511 5.327335749 8.164071043 -2.000203804 -0.152414272 2.198345127 5.762551803 0.098369390 5.424897666 -0.611468429 0.490247299 1.774625529 -0.188982952
-22.100627882 11.646244348 -23.000646051 0.830783789 0.487469691 0.082103358 -0.255794126 8.307781871 2.097758644 5.348759337 0.911308755 7.169855515 -0.142495002 6.411707174 3.953201053 4.619768733 7.565418019 2.881983647 2.985163675 6.720952562 0.620468623 3.664770167 3.485582737 4.498317905 7.326015737 9.805536001 3.884121971
-27.817964067 10.921754716 -18.672117093 0.775948098 0.194200534 0.566632098 0.197784647 1.638778937 0.965917849 7.382042209 3.347995045 5.654651724 8.589552010 5.295877657 0.106164043 3.966589065 7.028870773 8.828212026 5.814560725 2.442286062 3.162641562 3.790657786 1.138465390 2.823226263 6.229533555 3.193541438 -1.018825638
-24.988339597 7.552083754 -16.762865987 0.894974848 0.137922861 0.408837069 -0.113355886 6.662819224 4.077471491 -5.077575573 5.822447419 5.722430202 4.026809069 7.879247003 5.200400944 6.749474135 -1.324656410 2.066988310 2.522880587 3.253045861 6.161208542 1.211848356 6.543112191 2.657086443 3.142154880 6.047716622 -3.391681354
-15.193689856 7.704812337 -16.888128106 0.835777480 0.402564757 0.281061183 0.245809341 3.823350077 1.216577696 2.339853950 7.614141868 4.924531605 3.013154882 3.909963309 1.817432928 6.073592847 -0.300200891 -0.390460391 4.744119962 4.130017174 6.237642377 2.630322652 6.019902045 5.351690665 4.464768567 9.051990360 0.942149994
-16.498883351 12.469814026 -16.225209515 0.726643979 0.471693805 0.405973514 0.290996543 2.584800951 8.252296716 1.705217088 7.253138822 7.664798472 5.517135717 4.648319810 4.676781583 -1.348473121 3.133088465 2.562016347 3.949192743 7.729894822 4.929106769 10.036591557 1.445949982 3.334226121 -2.020890556 5.265587650 3.034015432
-26.346692679 9.301351077 -9.381395526 0.810899694 0.293346002 0.506306556 -0.006593996 5.988986633 0.959724236 7.614622709 2.808615029 1.926118781 5.736540232 1.753229690 4.153006605 2.272344811 4.993707930 1.799808721 2.870355518 0.127207621 2.250152176 5.819566218 -0.008831855 0.232613510 3.038242415 4.794681306 2.114524515
-15.223194221 8.922711283 -12.119707428 0.863965722 0.332953690 0.143076596 0.349620020 6.630069398 1.870841406 7.920140518 2.743625834 7.459735284 -0.425913701 5.337251623 5.860005370 -2.170962175 5.828889622 7.040050320 4.824064569 1.042370383 3.548997320 3.610586564 6.058136400 8.741752657 5.464135743 6.144964960 2.858415492
-18.310831633 17.529599219 -15.843071078 0.836772528 0.360861550 0.194581462 0.362944530 2.323110287 7.110983631 4.678479017 9.817798402 5.225403448 3.079491217 9.263001841 5.163066833 5.749573281 8.026483018 2.654083353 2.774207222 8.985784133 3.961604829 4.133344806 2.357675949 2.448240739 2.000440020 2.523288816 4.606481814
-25.426303091 10.215695568 -8.137912757 0.718778293 0.429250870 0.536117454 0.108071881 2.380536989 -0.988968121 3.916152846 6.910947015 -0.212764605 1.272071979 5.276021030 9.070135931 10.441792456 6.859314161 0.812118907 8.361993874 2.477868504 5.998021107 6.165556790 8.027059266 5.319788023 3.417427468 3.010392502 4.822973838
-13.237309810 9.656566094 -20.452944817 0.708578454 0.395694113 0.515279150 0.275372731 10.697998750 7.565440497 1.520154796 6.014787880 5.637816746 0.053688237 1.495649812 5.589485537 1.200942747 -0.124343327 5.209196072 -0.504399330 3.743234260 0.952669516 7.076220717 1.946315689 -2.554223791 8.190640121 2.312980707 5.591178152
-20.728514463 16.981538409 -14.799741834 0.848873885 0.363087970 0.283412113 -0.259341141 3.579476929 4.805051776 6.717351455 2.978366286 4.335335175 4.325577935 5.721722351 -0.349420727 -1.564577999 3.296450108 1.750331732 6.718055865 5.807385901 0.231243548 8.234859551 -0.447737540 4.212756254 1.156419238 8.662069708 0.420428142
-19.061138921 12.041878794 -12.519429724 0.799685882 0.317225798 0.506157839 -0.060617859 7.400567496 4.069722179 4.725452347 6.556969741 4.443623727 0.300688936 7.578130951 5.257118757 4.207333738 1.218258627 7.992728258 5.610417951 2.874037075 -1.650693455 3.130497760 4.062895447 3.970735477 5.596436956 2.696505721 0.930479269
-20.671828242 14.560247589 -23.916830918 0.870898345 0.106830149 0.230389985 0.420765786 1.598380989 3.950590552 2.571112429 3.317912136 8.435341593 5.712059926 1.813236994 4.946274482 5.724319988 2.306927340 5.916487344 4.046243908 9.087495907 8.358020276 1.629306735 1.393432893 0.391160550 7.126384153 0.365480241 4.667235235
-15.692589754 7.402156044 -12.172630976 0.736332837 0.307888189 0.398817105 0.451623442 3.519127003 -0.369876493 8.115651377 2.627255982 0.646183177 7.360842372 6.110317291 1.457787092 3.587807220 5.032003050 5.956097477 0.735886718 0.429571035 5.285681299 2.047392144 4.340845095 2.059143408 8.137181435 6.130417335 6.534358817
-18.466229879 3.738757080 -21.765528963 0.915065335 0.116852504 0.280492124 0.265188789 1.261401879 -0.774127985 7.656195790 3.398269365 7.123394195 -0.115793397 4.494115427 -0.956039914 6.695921397 -0.298396321 5.810150442 5.297488026 1.353931510 6.847782928 3.161435673 4.225795997 6.441208241 0.333391303 4.526137051 9.170959240
-28.684340089 13.535789232 -10.327625985 0.777681788 0.370610518 0.501017133 0.082708599 3.635795851 3.878269862 5.466095284 0.698119300 0.380200357 6.172016304 -0.066684792 1.247933259 3.548218163 -2.423540036 5.411265811 6.635547015 -1.662984994 2.202196904 5.711986608 3.393429020 7.412611885 4.648369153 2.272438103 2.852534631
-15.933365741 11.472089721 -21.174436697 0.896660976 0.337924777 0.285300141 0.020242761 5.382564196 2.078152459 2.754883817 3.332223911 5.410605547 4.760930262 8.404292366 1.058523020 6.069695971 4.181937285 3.152824713 5.797346625 6.927576201 5.154817892 3.255191087 4.821932825 1.326143779 5.071725830 6.784121360 5.729213217
-22.374102662 14.414873590 -10.824152216 0.835105422 0.296179243 0.184874142 0.425086275 1.148414989 10.456003404 2.414653929 2.859777457 6.363442425 7.577299482 5.623405997 2.433579299 1.007763898 0.319186116 6.346950382 0.643182307 7.997575216 7.936146316 0.545238464 2.542970400 5.733197825 4.251079653 0.963187202 0.872784091
-28.130170983 14.822050852 -19.111099582 0.851896445 0.300366319 0.366639882 -0.222772795 7.231976818 8.435267494 8.210685418 7.813434004 5.321394176 5.500833451 5.756729261 1.157419534 6.098709995 6.381534112 7.650459651 5.821191512 1.862658803 4.642175219 9.014396423 -1.727937990 5.578732997 2.813638141 -0.427845786 3.525707461
-31.069206408 8.852170129 -16.446291760 0.781387780 0.172506730 0.424236521 -0.423907937 5.674251259 2.187393898 3.771750879 2.364764905 3.415586335 8.103418112 5.259912468 5.249749411 2.279321496 5.713319412 8.688147764 2.765920110 7.084121709 4.616253993 5.449192756 -0.449140059 4.720611677 6.687303647 1.241882497 0.672500131
-22.493911845 12.919856990 -13.426410242 0.771994097 0.254341494 0.348227274 0.466983175 0.982023203 3.899082271 3.709551034 -0.989670275 3.376401723 -0.758246366 3.046382659 4.514386981 8.853106813 10.548566885 2.945641593 0.643526288 3.160511004 3.205100121 8.645520481 -2.784596592 2.322798919 1.998844342 2.152147707 8.749659758
-26.584739768 11.890734801 -12.528724367 0.777978116 0.358771994 0.510492948 -0.073686209 12.741230748 4.794149454 6.370417901 2.178229104 -1.074670782 -1.506288773 4.981228046 1.425637508 0.680839222 9.351552423 -3.114206914 6.221494242 -0.450598481 3.609535576 2.475549145 -0.290387348 5.494891029 -0.415354322 5.887327018 -2.368377724
-27.776539755 13.171238720 -19.474708050 0.787028200 0.295669960 0.441690647 0.313169698 0.724600097 7.659556027 3.419344606 1.774959136 9.052667798 5.855908506 2.097465101 2.959674614 1.343560237 0.772274400 -0.004085216 1.169446977 4.492495876 4.498980810 6.843242255 6.557169083 6.482548195 1.406619148 0.774999331 1.125984770
-13.554175962 13.474951015 -19.594524165 0.889072864 0.201284176 0.325590761 0.251047363 12.707037831 4.021572778 11.480675083 3.503602069 5.066858040 3.976540156 9.417175177 1.617788178 -5.221612864 12.985317231 4.762370871 3.687728451 6.723996982 5.512761101 6.325963608 0.821978246 5.311452374 5.478355498 5.395187158 2.517679817
-24.623971706 14.065111422 -15.794951722 0.868315347 0.158273791 0.342751544 0.321712984 4.429117922 3.323329365 7.442928447 8.159560495 2.106396771 -5.041770461 -2.496799016 2.433799661 0.764357791 3.958302110 2.688601759 4.638426897 0.023319679 9.711503870 2.878284465 9.599141139 4.097957924 3.818168049 3.481096698 6.722993306
-20.246884366 3.465976572 -10.062495765 0.888149379 0.050465001 0.354192636 -0.288429440 -0.458803843 9.672527064 6.088120772 3.684072176 2.892371706 5.762404113 2.056863468 7.114572657 1.689983606 1.406934928 3.352054311 8.700708146 -0.494666238 5.733994003 3.627734027 6.463157013 4.514001514 2.472147582 7.164228830 6.850663515
-29.938952696 4.393546163 -15.940750408 0.775513407 0.206434751 0.422490006 -0.421266951 2.719881435 6.564480979 4.229690250 -1.830272671 3.610144013 0.064457659 0.874977451 2.539010146 6.680550632 3.172190843 2.367211207 6.495318945 2.737463788 3.637330113 6.986696040 3.508372043 8.601016861 7.401195159 3.540510763 0.453583217
-21.434781906 7.750031479 -19.293603248 0.886954613 0.246339336 0.390661755 -0.003440924 2.668815657 5.751053581 1.634995800 -0.110350768 1.111516386 5.198552599 4.455815993 2.667064360 1.822851272 5.192939442 1.611128303 2.580364557 7.453943485 -0.889809936 2.360849358 0.872843929 1.176157905 5.195141290 8.708574763 0.570397080
-13.607189033 13.067497210 -16.176134804 0.767391221 0.554376835 0.281949590 -0.155825118 11.400653062 8.689545364 0.987825625 7.224858851 4.060081134 1.918114015 0.112941844 2.155919621 2.008368680 2.031042326 8.367144237 3.375405591 6.277807820 5.276371945 -0.623156391 4.859053442 2.612487671 8.480922022 6.445164137 3.233343380
-16.714837584 7.965000643 -15.877487736 0.902178638 0.219309995 0.346434560 -0.134014649 1.770320598 0.866108896 3.075687393 5.227792258 1.137843976 4.026585137 1.623598315 2.143748635 8.311203304 3.777865196 5.234312133 3.342857351 2.659610077 5.125199986 4.840552076 3.230279088 4.249493854 2.925103360 4.164391975 -0.085276602
-26.009567062 7.191342142 -23.564590622 0.890403743 0.275924257 0.359574954 0.041866833 5.767612425 8.342362613 2.918130569 -2.963507454 4.189906112 3.975767089 4.352355051 7.570438354 5.128971680 8.036795956 4.854942286 8.098250914 8.062039669 3.523668658 2.701544098 8.972754714 2.879894255 0.490502426 1.586079385 4.188772832
-18.811264822 19.098569017 -16.340089575 0.760697703 0.409486265 0.335555539 0.375582859 7.856515042 4.976947426 0.919905245 6.636345434 2.835928171 -4.399243253 3.531597846 1.858444906 4.021987971 4.692062732 9.315860765 -1.511400931 5.029930971 5.694234641 7.361974977 2.868711307 6.892905448 6.411701483 2.559124174 6.712823507
-20.687126928 12.444198834 -20.602369652 0.819946055 0.294096071 0.248095955 -0.423844742 0.601849117 6.645223761 6.126512067 3.033150674 6.500843300 6.950118766 9.055651518 2.924792899 6.104758335 2.934172960 5.598549900 0.153550203 0.765078544 2.800385725 10.671886891 3.675471533 4.652019807 -0.247333493 -0.967420327 2.077443286
-25.207045295 5.769116177 -10.964784825 0.914944218 0.230218714 0.220677350 0.247341724 0.960843941 3.210273077 2.642975847 6.973497282 -0.725056429 4.566393284 9.768209385 8.471795880 -0.366566307 -3.580828477 1.665095852 2.480130651 8.911344475 2.742116240 6.694302090 3.432693963 3.557858222 2.144923502 8.529411036 10.171546648
-20.634197453 7.746222143 -26.266505374 0.857904961 0.305843129 0.404771603 0.081357284 5.192072540 1.748384596 2.782927600 2.221038795 3.958694663 3.271894059 8.782013778 -0.519269387 11.562894253 5.239381216 5.082019764 4.113960694 -0.081667015 5.525838092 4.873044418 2.610144312 5.289109850 -2.992433842 4.447818327 3.992620443
-19.002051976 17.339290589 -12.883154484 0.808008460 0.424069414 0.407578243 0.034167759 4.408334358 1.829405656 6.564653680 5.464842596 3.201011269 4.275038956 1.616643303 0.706797261 0.824452002 2.699466698 7.249605348 4.484797465 4.734293881 6.011833160 2.423602184 9.977713104 7.811456910 2.249014163 3.871589133 6.039531468
-22.966118494 19.406034560 -17.041361048 0.736681343 0.501969439 0.345791430 0.292840517 1.525968271 -1.602801542 5.013527075 2.433387537 -2.209122111 9.646069331 2.886904021 1.842163561 5.505322741 7.397657391 6.213365186 6.589630981 7.995018708 9.348981579 0.064064341 -1.806952440 0.577057444 4.170558192 7.288046145 7.054022437
-29.999639882 12.333974985 -18.224072115 0.795706375 0.278741418 0.299749377 -0.446435771 4.502808096 4.623767363 4.410178224 8.785293405 6.300391812 -0.022490947 3.992282609 3.302258290 9.748877158 1.983369032 1.423660699 7.924286507 3.339127825 6.950581524 2.771452240 7.543140944 4.985719839 -0.776228209 2.700391039 2.401341781
-22.493489991 6.902205673 -10.376349752 0.763704806 0.196508811 0.596303274 0.150205397 -0.615998268 3.432866624 4.520571376 3.371202270 6.774567520 2.446288676 6.299212969 9.600865603 10.137963927 2.556103698 -2.806444616 2.939189587 3.281756586 8.558380282 7.798341745 5.311424340 9.493075786 9.392389706 5.639931842 4.623363316
-17.010833935 6.984983827 -22.434172641 0.745115489 0.445998216 0.282928354 -0.407234632 -2.308194621 3.492465321 4.786226150 4.823136572 -0.426685740 2.471789463 5.967580012 3.172363994 0.936198189 6.253310944 4.022875273 4.585061918 3.320989967 -0.532155145 3.017124959 2.246937764 8.392741932 -2.041191853 4.142346086 0.989518804
-29.320030999 3.744508935 -15.382995005 0.771634882 0.279468586 0.571090459 -0.018237479 -2.206164805 6.594948813 6.736614807 3.616362845 5.598141005 6.353834607 4.462593158 4.401789411 -2.289621931 6.347361169 1.781649411 3.108859616 0.991961087 7.166022503 2.058242498 2.620986871 2.597256347 0.062868727 6.706838627 5.331223627
-19.107126687 14.820152673 -12.316579196 0.822603845 0.394628577 0.406640841 0.047269723 0.988319931 3.008161768 2.522700927 3.736403157 6.305633731 5.188321739 2.002956093 7.205776039 4.273599862 7.528972348 7.226718146 0.081798481 6.426050868 9.620430185 5.480115645 3.343085929 6.765055285 7.003186975 3.786195741 1.886426227
-27.638035566 10.583246642 -16.363857611 0.895083892 0.162250501 0.372208562 0.184283446 5.013777669 6.063129321 11.705382573 5.198288624 3.951490941 8.102065347 6.901188466 3.815063409 8.833238474 5.477395206 7.592574233 6.170749294 4.414329998 1.532105171 6.657664709 3.801080715 2.053640930 7.450098694 3.148802109 5.254836577
-17.302943264 8.345645231 -11.638613072 0.849783740 0.333761485 0.311415091 0.263612420 7.170994936 2.202528063 7.465290268 3.369235604 6.592404342 8.839917511 8.295978766 5.933779547 2.395548597 8.814157098 5.179055581 5.728232592 -6.326074708 3.585520126 4.397250944 3.573190634 7.382324107 -1.769136764 -0.246367489 4.117814473
-28.261616275 4.252681116 -16.906658687 0.831386985 0.123070510 0.541870323 0.005087666 2.693203580 8.841234287 8.683634251 4.488844858 3.192804516 5.931396604 3.742519716 1.825084404 8.653512179 4.605830484 4.300376731 2.801629535 -0.374075467 9.917964380 2.084890172 -3.218510977 -1.236418882 3.899724900 2.176079836 4.901385200
-28.837345023 4.806974315 -20.550996265 0.777344304 0.193633674 0.573710598 0.170581310 4.163408644 -0.645477721 3.769135474 1.238821540 9.263861805 3.547183874 5.842156489 5.998101942 5.706746110 4.829796596 3.014561263 10.328570297 2.658571859 6.126800392 1.748397805 2.918391832 2.974965483 5.925623526 7.390294298 2.590899535
-20.004857116 13.767031822 -8.214119532 0.723297127 0.595803715 0.341362578 0.073012261 5.600537442 -1.178572833 5.374309381 5.054549449 5.752872274 3.048016320 0.409307200 -1.466426121 9.356364041 3.012455244 3.567649268 6.693290881 4.954387766 5.266624900 0.416786157 1.582882521 6.479912243 0.884529637 6.701856158 4.531140440
-24.501235152 7.386199165 -7.234285265 0.793718189 0.114803669 0.436429060 -0.407874037 8.211848211 1.454412519 2.125199196 -2.122069463 -0.947492538 0.742805037 4.236157332 -0.512677901 -0.881701886 2.754247730 6.191363902 0.887337011 6.116406564 8.147338937 7.939253518 6.681956347 5.780129302 12.129822714 6.120183459 5.657415423
-26.584301077 9.509136339 -18.825771196 0.883345123 0.235995372 0.254807081 -0.314771235 -0.277007046 6.720299562 -1.401587803 10.654560649 6.067323972 6.783837618 8.884856547 5.726487608 6.187619976 7.473780257 5.524260558 0.649273014 -1.960699583 8.089613009 3.828002770 0.675282163 5.863527562 5.724017234 7.554778528 0.985255907
-15.756552216 13.196307072 -22.729641819 0.707160311 0.495491663 0.277139593 -0.421433212 12.583102431 0.056410008 0.401837041 6.925789218 6.657032114 4.276567786 2.216657430 4.633419070 4.533755155 1.201842866 3.425925252 5.163857200 5.170731593 6.938216039 5.903633734 4.423320000 1.147708811 5.647791409 4.810877555 4.808863211
-17.777241179 13.076133714 -15.646798028 0.819834337 0.282528859 0.280008153 0.411879275 -2.359361117 0.469601211 8.634574386 0.371609881 3.438177435 3.610067019 2.463479339 1.155796043 4.944996105 6.530169399 6.588357094 -0.696922931 1.777899550 5.526646718 8.925429861 1.188692666 1.858503926 5.389697612 5.550585514 1.768894900
-21.464666938 2.916049476 -19.367425625 0.922564188 0.203463613 0.302325901 -0.126794818 0.945959080 8.712710154 4.470875291 3.919105117 2.035744146 11.003910190 5.195888264 4.172890911 2.416324830 9.383363398 6.405121914 5.986245877 5.162755950 5.929513421 3.172615462 3.760257337 4.589615410 -2.512849662 1.273026993 5.740697257
-21.715997526 14.311538582 -19.696056918 0.709361371 0.426045870 0.282610973 -0.485203462 1.220549797 -0.609115421 8.825539692 4.599026180 -2.060282488 9.720810114 -0.424062190 8.246398623 6.858542932 5.828736424 4.713992804 3.613484919 2.844540041 2.617379461 2.955100748 4.203164892 7.434415474 10.324182247 0.541311571 3.261262972
-19.116579886 6.949576150 -14.292084071 0.751521663 0.270460128 0.357631068 0.483907563 3.323780869 2.365273216 3.302224385 4.558528284 0.153420328 0.154917144 9.785465103 8.909746680 6.831990065 8.657029198 1.384769091 2.976345075 5.172984416 3.193545731 6.439322134 4.405995610 3.212463068 6.746776603 12.188735349 6.058399897
-29.771476752 6.493808132 -12.618356332 0.830010489 0.014423699 0.393699202 0.394810693 4.022898117 -0.121097537 0.792724304 3.007863239 3.964256923 3.230982417 6.262050578 1.457090297 10.934992019 11.752660474 2.400785761 2.177805136 3.651758890 4.842447514 0.225950235 8.152553144 -1.422153796 4.686033252 1.136986331 3.863495294
-21.595786805 10.745542735 -20.227656367 0.707886968 0.368916247 0.538095499 0.270647515 6.371036887 5.830044128 1.283807460 3.726685963 0.296280084 10.772390473 3.806572607 6.293190123 8.357287550 6.054329929 2.857450035 4.472814628 2.140367043 2.687132197 0.277779848 7.331094374 5.619668673 5.067465133 4.577190568 4.044904993
-12.599403932 11.232984882 -13.834233183 0.811674740 0.350049247 0.112796272 0.453791409 -1.606146890 2.422942331 4.936516326 -1.862063959 1.233048885 3.871781555 3.794701888 0.950153003 6.296395743 4.722557444 3.144245437 3.749925276 2.113944301 3.051549478 4.330578824 4.365951028 7.797428934 2.229753803 3.991055201 6.009254055
-26.833445523 12.574498840 -10.852565232 0.797217452 0.196598955 0.260786797 0.507723775 5.160879575 3.999120204 -3.466968528 3.376420369 2.623858174 6.746965924 5.516700387 3.401300915 2.881790736 3.092724593 3.466929253 7.872632008 3.769379224 3.018656959 6.985229613 11.484094225 0.873216320 -0.987412913 6.724414335 3.271655061
-26.930702117 3.072942496 -13.891409403 0.774946214 0.032372428 0.446901009 0.445746429 1.372788416 1.327518206 9.119157638 7.529078152 -1.675337710 7.764779291 -4.574686945 0.694731599 6.299322212 5.417532757 5.336162884 3.544206295 2.244638630 5.550773245 6.118318872 5.825724503 3.211556932 5.276865307 0.743190644 3.446590172
-22.283847028 5.211341628 -18.549281547 0.896488563 0.141810143 0.278323539 -0.314219903 -3.635740487 7.946615001 -0.045621119 5.850465833 1.300364684 0.885949740 1.212668621 2.989080735 3.573305683 -5.043992801 1.981188982 3.007842405 2.938302927 4.227645140 7.548687970 -2.643333118 4.705493999 -1.243437510 2.175907484 5.745204338
-23.006547073 10.402224475 -14.152888794 0.806183777 0.319032183 0.389753109 0.310449186 7.939279172 3.245048782 6.114740794 8.038489606 6.215624200 4.065826582 0.137483076 6.877123603 10.869189427 2.976173985 6.923121819 3.919503562 2.818858616 3.155801475 6.272503404 4.963819481 1.249080763 2.559663320 -0.111213875 -4.097947437
-29.949195255 12.683907975 -11.760813269 0.843370034 0.247164709 0.395227871 0.267266764 7.667747012 4.290706032 6.532674761 2.037480345 2.943153422 4.567840678 5.744496551 3.347742017 6.088932073 6.318473081 3.133135047 7.837677117 6.655016076 1.080394326 5.405831658 -2.996470642 4.294791037 1.132714515 6.073741040 3.704880792
-24.857274773 17.608938801 -19.731920228 0.784902477 0.294631857 0.446043803 0.313313095 1.358882364 3.528602365 6.800035122 1.302237899 3.353994543 -1.321375573 6.109490008 3.633440058 4.680511974 -3.022798769 2.561971681 3.056882243 8.239948408 7.609705289 7.229173061 6.558896654 2.909726285 2.103363309 -3.505039878 3.796075585
-22.231335959 10.702160791 -14.692748732 0.776387624 0.201234147 0.478756422 0.357098535 7.414851468 3.229355107 2.041358146 2.021075536 -1.854739135 3.634231275 6.667572053 0.429506799 9.002766188 3.119718447 4.027138601 4.993195544 5.162379198 2.831408107 6.327593197 9.274869636 1.456274848 5.072213249 2.032414996 2.455277863
-20.370231389 13.596713380 -20.605798013 0.947508484 0.292432605 0.096009642 -0.086562076 3.876838344 5.493789095 5.134568258 3.959744153 6.698105215 5.574236819 5.118789563 4.660995713 1.780285182 0.590776158 7.710965277 0.166840665 5.270136966 7.716209762 6.141556976 0.096663236 4.072565463 4.615785243 7.487188583 4.061925616
-17.539520131 13.823867153 -11.145373457 0.810258769 0.409704631 0.318349475 0.272537069 5.147457253 6.839123702 2.833696876 -0.518597121 5.637425461 5.954080920 7.131154670 5.565711208 10.502291253 2.627238330 2.603759911 0.416954429 7.546765173 -0.022562019 12.390745421 3.760982559 1.162524847 3.498295349 -3.913369171 3.183907933
-26.213786843 0.969344778 -17.938649978 0.891313886 0.097330865 0.426279381 0.119883899 1.049197443 4.540454167 -2.720921868 5.523491944 2.530469268 2.637655220 -0.488597729 3.909758517 7.248080231 1.767545240 2.949534234 2.365982498 -0.011153936 8.807735214 5.320248012 3.670920339 0.789999876 3.052571721 2.009594248 4.961948658
-28.162796063 11.870740843 -10.862963547 0.716223077 0.401039101 0.559989371 0.112267753 3.936262244 -0.451519222 1.701079720 3.827137049 -0.238047854 6.399036001 2.786638983 5.550820418 2.233401137 1.208570176 7.045029927 -0.093647476 11.804734564 -0.757199663 1.240403873 6.574231098 5.486851709 2.355091076 2.834554518 5.975659882
-18.200553265 7.051530854 -21.608775563 0.916387442 0.243149250 0.273075259 -0.162918388 2.950178834 5.878141882 7.807188511 5.243217571 1.813438360 1.124391015 6.363060462 4.985837679 -0.696039200 6.020185548 5.683496943 3.361646011 4.056569574 6.629851613 1.895946901 1.908733886 -2.096698039 8.588085011 -0.676752830 4.855680383
-26.600549653 13.759316310 -23.873981392 0.898916809 0.165055859 0.395229561 0.092188542 1.150106462 8.398101110 0.406224402 -0.537781888 7.569936869 1.898861891 6.963529730 5.980830871 5.450627068 1.417636818 4.897349085 1.111325406 4.390547812 -0.105580958 10.186508786 4.271606716 5.625433325 4.371588690 1.603758898 6.267540047
-23.977496555 3.073895431 -16.213055191 0.899589093 0.202246235 0.368916360 -0.117203426 7.238761055 5.243445244 6.043931846 6.849525567 0.638924224 2.083612498 1.076156534 7.488061628 -1.468172787 4.709715142 7.119692510 0.226880132 3.442230059 2.272859833 3.431454323 4.774621735 4.344125338 0.848969184 8.272585073 2.718838519
-29.151396406 4.340895531 -17.307982279 0.843518003 0.149812038 0.470795378 0.210678533 6.254603848 1.904938765 2.504902264 2.009066493 2.633638265 1.412436742 4.951860614 6.809353869 6.042047157 2.708887428 0.218569910 1.058929409 2.743405394 8.012015122 4.046218195 0.528062066 4.785675265 9.305863183 0.409790204 4.058333944
-27.841792170 6.927119990 -17.774851949 0.909621022 0.216533121 0.354419233 -0.009487401 2.077588538 2.376805351 0.126360287 7.008175461 2.325182458 6.664499657 4.892092671 4.250039878 4.614690208 4.902794563 -1.218486712 -0.433279401 6.959928464 3.319247145 1.972565468 0.506475525 4.780021506 9.482682420 4.640970327 7.347546092
