-2.568968262 25.204519733 -24.906659872 0.850161160 0.391994770 0.252939622 0.244105816 2.756965752 2.639462429 5.651523566 8.482885372 2.039317229 2.766404815 4.877855876 0.577224609 5.279418497 5.372156554 5.863012308 9.106963059 6.132980846 2.174881128 6.378616572 2.519896465 5.659739376 1.472003235 3.169042321 3.547335474
4.249451038 30.307213845 -14.963271685 0.835173050 0.420277833 -0.008121590 -0.354664009 -0.351735886 1.783824546 0.358031477 2.558107963 5.155791686 9.669800987 3.441119063 5.152622236 4.892177053 5.131590244 3.552272748 2.726199365 3.120556692 6.404348371 0.723669532 6.582456388 3.255819089 2.986866026 4.061635419 3.518013581
0.369825329 15.647494462 -21.755634567 0.710519657 0.462621526 0.211205231 0.486349146 8.015596987 7.403831562 5.310534672 12.626864450 4.891508269 3.359645577 4.915029742 4.429783446 5.373974296 5.056412844 5.860517155 5.178079909 8.083123012 1.714122702 1.429607084 2.008545001 7.217520855 3.035171518 7.359802325 2.460348362
-3.098959223 23.891494720 -26.067919787 0.942735929 0.186186764 0.147355714 0.234242930 3.429540329 4.511056573 4.966472008 5.864556599 6.377088329 0.775071445 5.591684414 5.457744941 2.218430201 4.122472364 0.405651661 2.690511827 -1.225382198 2.033825328 8.446514417 2.163345127 1.954169142 6.173251061 0.824304289 6.539418739
9.920654726 23.320506971 -16.983597863 0.833447142 0.384132328 -0.187380768 -0.350280837 4.684981290 4.551424179 0.483464277 3.634966197 2.405921718 4.584171523 12.680097668 1.975278236 7.648879646 9.031973358 2.022490535 -0.394650968 5.384290779 -1.186447530 3.759274397 8.680280041 1.025816315 4.091637578 4.062220242 6.665499812
4.120804197 29.690510398 -27.648504278 0.837038630 0.477605553 0.024532750 0.265814617 -0.232667548 -1.011672377 5.856246912 4.751474280 4.231506055 5.417874715 3.477534268 7.213205857 2.923217316 6.139720885 3.981384644 -5.497955920 8.215083581 4.487984779 -0.010921578 5.594160700 4.086095948 6.100446952 4.701145238 9.752174890
-0.707543334 24.430345284 -21.676461310 0.906128394 0.391529967 0.103956952 0.121772620 4.220408573 5.491693386 6.765620437 4.565296744 6.657233857 1.764431224 1.626161965 3.333586585 7.948507240 6.953572233 2.718175233 6.627973498 9.223310397 5.771001062 -0.433149472 5.507952690 4.532973371 2.382312247 3.756445212 3.188131876
-1.339484756 28.119483802 -23.228581259 0.953698231 0.292296531 0.066917510 0.023333870 0.695823125 6.602633553 1.858998530 9.140789264 -0.007822102 6.213603124 0.135944791 3.752738659 4.364055682 3.078206097 5.052124763 4.750748329 8.124865679 6.618890723 0.084075193 2.854360970 3.071606647 -1.124004770 3.958816928 0.621819218
-0.746379151 19.842132352 -25.872806535 0.822350669 0.446059598 0.226615082 0.270953533 2.298454118 4.234848529 2.563644027 -0.190907389 4.520279261 5.183940824 5.759635310 1.146536486 5.358684698 7.613867280 1.302252886 2.878322241 5.208576995 10.454135429 5.646574857 -0.210891927 4.994463633 5.384377099 4.288271542 0.133995609
8.575213952 15.732273088 -19.784047012 0.837578970 0.523929696 -0.094880844 -0.122297864 6.126807700 5.557354369 4.153679804 9.101633245 5.480873038 7.282319304 10.235950158 7.530439190 6.697295218 6.039628380 8.198612388 3.711298573 3.605979388 5.410838128 4.654890733 -0.440785146 3.505520993 2.864965715 6.446681780 8.354395434
-2.659669998 18.604593172 -15.780771571 0.782359177 0.420129380 0.063551067 -0.455375322 -1.287956065 1.373748464 3.267216167 -0.781747680 7.540141198 5.754216711 5.417108115 9.409053848 4.696492733 6.355897201 5.154270048 6.306381805 4.089078338 1.041580090 4.905596742 4.840849827 5.902149885 6.586693931 6.433622767 4.927528504
1.530740320 23.392055131 -19.017063427 0.707177491 0.689465727 0.081333506 0.133872584 4.212790841 4.111597976 4.301810942 9.204051275 -1.554422971 4.311993326 3.235134811 4.769992007 3.498368513 9.980766626 6.680596716 8.676748786 1.648681896 4.144929555 0.862843170 5.690253022 2.301307815 4.104736942 11.280665288 -0.540833681
7.019352419 19.968297070 -23.728111225 0.978319532 0.047710142 -0.138262152 -0.146622691 7.304379544 5.778136005 1.484988704 4.167327282 3.628760702 10.300131876 8.321021175 2.439666733 3.580248986 4.967376735 -0.475116579 0.513885149 4.891179332 0.265978889 2.194745415 -0.025144178 7.435114485 3.674285633 3.361548392 4.832308208
-1.706177791 26.686039137 -20.821603711 0.781907670 0.493314243 0.049844524 0.377858408 3.172167498 6.888673328 7.514080208 4.291231471 3.054461879 2.974334745 4.706491797 2.190048167 6.829931462 5.166053307 2.927293648 1.896924797 1.672380671 5.547281598 4.434920287 8.361405398 6.293301641 5.577464400 4.906059673 2.306561174
11.744938779 19.007366030 -16.980262181 0.725237635 0.624392392 -0.239681890 0.163453678 6.521729247 4.973410823 9.161632030 4.228661097 6.544286270 5.806930381 5.607413777 8.922818941 -4.183561728 -1.458517349 5.233612078 3.881670822 7.390461542 1.442705220 4.498355011 2.295896667 8.516905597 5.097194714 5.348791560 -0.131807112
10.714450330 18.302791845 -20.475538975 0.818846640 0.400310436 -0.183480648 -0.368207261 3.687709825 4.720983538 5.466938774 6.989282808 4.884325528 5.504271249 5.990049364 2.732077612 7.821673865 3.647115430 0.035987030 2.408534736 10.609512977 6.016198448 5.122424060 7.520180144 4.806439098 3.811686266 0.468994727 4.019138219
8.484030109 25.739515251 -22.310005073 0.865779600 0.455391617 -0.090235293 0.186820104 6.265662009 -0.328292387 1.437750953 7.235436186 7.348047377 8.411251365 4.871364449 1.391943065 4.675424299 -1.300159258 6.184383545 8.072511101 3.129190272 11.063961297 7.436844716 4.525029937 2.707746724 4.074355887 7.285411115 6.851350989
5.448290454 15.987824857 -25.296513146 0.889079369 0.447872647 0.000624363 -0.094591636 10.219860034 4.393293144 9.560842196 4.900335032 0.320216221 8.754993590 0.099031843 7.416999188 3.422920450 4.289423316 3.218681322 1.326569988 4.897865891 2.534787300 5.861824883 9.307032148 -2.044534821 1.682156883 3.111248138 2.978479908
-2.260789571 19.988952630 -14.815140428 0.852271511 0.445876100 0.099909925 -0.254648349 3.337724760 1.745758718 4.911395111 3.906217269 6.253492414 0.838421784 5.614274972 4.488347141 7.668033644 2.750728767 2.077707358 4.056702110 2.906300333 5.659737129 4.517641484 2.555648422 5.048161730 4.571715558 3.207654029 10.151712135
11.413692440 20.497335937 -21.802932582 0.810361760 0.389027840 -0.291089064 -0.327472616 2.865280448 6.566995764 4.883589165 1.721119027 6.399126071 1.156575258 4.057849487 -1.310956958 8.814128418 6.750458700 -3.319008934 0.369087433 1.522843509 5.283180157 -0.623559039 4.073629888 4.171823512 6.191118824 2.523499573 6.339484921
4.978551148 16.165762428 -22.971784018 0.730011981 0.517647864 0.052570167 0.443124784 2.515525765 6.395041092 -1.621532307 1.326880799 1.167149223 10.303154229 -4.608104222 3.089349652 -0.873215933 2.534046080 3.148986702 1.722650406 3.683705473 7.669931245 2.473035253 -1.326354598 -0.681059286 4.436578754 8.441484545 2.917495043
0.176764238 26.172710217 -22.915209946 0.803657568 0.471375319 0.044809378 0.360460736 11.476155654 1.732640264 2.653100936 1.957838582 -3.049906398 3.302521373 0.109053559 2.048973962 4.822779074 0.237683755 1.652017911 1.730934345 9.623586691 4.821862722 5.144830507 2.806209207 3.137473969 5.297875558 5.483034685 3.623941062
13.289015329 24.941242664 -19.934330597 0.777866169 0.437919985 -0.024043555 0.450080235 5.594641322 4.825605903 2.351189182 0.302359239 4.961118967 4.504075536 7.235937335 7.070996999 4.226077880 3.491832611 9.058145682 10.392235893 5.361540625 1.414979451 6.118300857 5.507400648 3.202885754 4.678834174 8.244817465 5.900851350
7.905923075 19.914328198 -24.348024701 0.777418669 0.473676712 0.036649307 0.412198271 7.293032987 2.846085509 7.044796684 1.680863966 -0.376221622 4.311099111 6.427416121 5.860925197 5.737280091 3.758082255 3.098563592 7.214659327 2.987306611 1.686359271 2.513261795 6.868350763 8.166762147 0.218474331 1.562191844 1.419938184
-1.052904388 30.147638368 -25.554810410 0.762224098 0.612243907 -0.033376787 -0.207503765 6.733404253 4.985599124 4.453817194 0.612175842 4.671506364 7.703805695 4.078927943 5.727101214 6.498385524 12.222880626 6.231300682 1.669387372 1.122127797 4.681437858 2.289269047 5.403429727 3.001978424 1.439107670 3.694345242 -4.984778138
11.777094350 26.605534545 -22.839119417 0.838262578 0.472630435 -0.111743265 0.247890633 7.865464228 6.270450550 10.361387721 5.350655474 2.678355812 2.803563107 2.379433771 7.793511553 3.183877736 3.882942623 6.039149874 7.704888787 0.242911540 4.975868932 2.157557307 -1.102678598 4.757436827 -1.493439697 4.872252738 2.529655588
3.381125542 20.238142075 -16.597056680 0.904437373 0.421564805 -0.064806407 0.008734054 4.059303500 3.485110972 -4.006602758 4.119441923 7.269843151 5.678194837 6.506184570 -0.543333698 3.652253004 9.475171363 4.170116100 -0.080785146 2.512879868 3.115439162 2.197396315 2.919177305 2.556056101 5.367533289 0.346816816 4.619026055
3.444711745 29.296161391 -26.099580496 0.842883677 0.490297074 -0.142060009 -0.170219975 6.944308066 6.081072499 6.546703358 4.654602501 1.971851880 -0.476853278 4.662579051 1.871959415 5.963093221 3.176509097 1.613537243 4.756891076 6.472426022 1.178410964 4.669127970 3.371391739 -0.890095451 8.761509730 11.788052569 -1.214717308
5.292540213 25.136949283 -18.609178573 0.806349131 0.537200035 0.025389590 0.246114951 7.121153694 0.838440400 3.046272151 5.225470425 11.234043328 7.219976119 5.312283938 8.935678400 4.379155709 4.791167826 1.096028745 6.551864192 0.572317510 2.572162856 0.370846219 3.026387444 2.254554536 2.114497092 12.131282017 0.331032570
4.561096679 14.208776959 -22.665516404 0.926160047 0.268807449 -0.241952360 -0.106907331 4.002863390 6.049850126 -1.578156159 0.915678906 7.309676711 8.947335696 -1.216184190 2.248395266 -1.832226856 -1.762337580 2.234353920 7.369946068 3.362633682 2.299292195 -1.275639504 6.550603522 2.771282439 1.485833639 2.624409942 3.429786131
-4.539269128 21.604770214 -18.076023240 0.748578457 0.521393693 0.071478503 0.403323363 9.549890194 1.910263441 9.002449631 7.215784861 10.660635673 4.394987581 2.265554490 0.920110007 4.023992077 3.007671822 6.036301705 9.595260990 5.741269074 3.324211906 1.926967396 6.276386443 7.185547992 4.329541705 4.383759888 1.767636144
2.438243795 15.423354239 -24.997775693 0.792203836 0.484738964 -0.312756845 -0.199058723 -2.985571068 6.935995802 3.096061150 3.199297257 -3.064153685 -0.276044862 11.701997514 2.181606413 12.415724757 0.927416765 6.435012702 3.268638849 5.310177748 6.897296391 8.827160839 6.991325411 5.454733257 9.964236163 8.020293629 4.448212451
5.715753292 20.129742189 -12.712073526 0.835445732 0.381825640 0.084852866 -0.386056474 1.356998289 5.291729190 7.390640135 0.630227874 -0.236269845 6.127618418 6.181259534 7.607906107 4.826662705 2.430882737 7.597189776 2.397617011 8.540771654 2.709753641 2.108627707 8.195975789 8.162347427 3.745873266 7.217741367 2.645712117
5.766776245 19.915104353 -27.887157545 0.783712437 0.608259226 0.120529298 0.035891769 3.607535879 4.971694242 4.210379740 2.053747924 3.005653997 5.824126625 3.239847520 4.727410145 5.323114798 4.878915825 6.575167206 -0.685414753 7.682325163 1.947781536 6.515675838 7.927840062 0.607747067 1.213051887 6.994974290 -0.389432598
9.805919654 21.654575560 -15.336860598 0.892989893 0.445047935 0.013251767 0.065770641 4.740732383 10.370598581 3.211249366 6.151854401 4.458095230 6.354951358 2.753767020 0.659122372 6.976017263 3.607715616 0.795568506 4.075560125 2.139828359 4.382698457 -0.002855093 5.568578867 5.088474503 0.912420325 2.854446931 1.734087853
9.082518755 20.233835152 -19.890430187 0.944475966 0.311619044 -0.085001242 0.060278606 0.378846280 9.523200282 9.144224416 3.104862032 7.353177537 4.488091759 3.787457546 0.365353401 3.700064381 4.163814731 4.062706099 3.439590932 4.956466583 10.523140872 7.608971238 4.442695358 1.769561205 5.491636310 4.580287746 4.923320578
-1.342203141 15.492099030 -23.783098421 0.921865417 0.377666411 -0.016432348 -0.085218619 -2.160261242 4.468008818 6.405350676 4.683362630 3.321266086 7.315032003 3.033634947 5.683257292 1.403413904 5.068180560 3.178295078 3.457303242 4.657752178 6.148384132 2.763019061 10.074080605 3.438524299 1.334570057 4.374613681 4.090266674
6.863556904 14.268994926 -21.697705146 0.964619152 -0.039445308 -0.186514600 -0.182116069 6.395283648 5.623884155 7.818613785 2.261779713 3.034469995 7.392721244 1.724360766 4.452956499 5.719441867 0.096646343 8.803699049 7.125772699 5.095612642 6.969235568 1.393575657 0.815323757 9.523801904 6.188011301 3.616119367 9.781650369
9.132838702 28.349776840 -18.938229784 0.868475455 0.423447417 -0.164592390 -0.198373420 1.695055995 1.389616895 6.328723998 6.308178239 2.028463776 0.828131912 0.169650119 6.800089350 7.398241485 2.756420805 5.345752324 0.773112921 7.850155121 5.802945944 4.661616302 7.462482020 2.167549855 3.610360767 -1.503780723 -1.189037401
2.568267097 26.046483222 -24.604308166 0.730707161 0.477084560 -0.208546162 -0.441549392 3.143212030 3.107464325 8.336346117 7.357960653 8.146145306 4.035606832 7.970278308 3.923017876 4.625369608 1.874889311 4.813167488 9.779869485 1.878689062 6.399263002 4.039113135 2.220013612 5.415726227 4.569215795 6.738656050 1.677759273
7.084949790 25.142570799 -22.213883909 0.937374549 0.313953916 -0.079896899 -0.127978038 6.693471543 8.760729628 7.389749478 7.094871475 3.898280106 7.459038098 1.124890286 2.466322894 4.597713077 2.103310166 4.398924884 0.473381363 4.759006480 6.878463784 -0.593025002 3.263285716 4.397611457 5.392714488 11.356772382 -2.065565055
8.820902659 18.789713749 -18.873632093 0.846201346 0.418527257 -0.046640522 -0.326500962 2.333226793 2.270830905 8.814064030 6.917132041 5.050918308 1.676374795 3.208182904 11.535436877 2.266907780 3.090523255 1.104278025 3.917176959 4.261615291 -2.762587668 5.916859052 4.452769466 6.043028196 5.514410369 4.756017163 7.999860905
3.954086775 18.106341196 -21.131383542 0.828964110 0.551512140 -0.092427838 -0.010486109 2.444378379 5.795868076 3.886831623 3.737309599 4.593531591 5.362968800 -0.754581820 7.262733062 3.303080929 0.534128122 9.973753309 5.750788460 7.774539228 4.918460221 2.158943776 -2.226547006 8.541381626 2.976424371 3.994532970 7.403379685
0.233028798 19.394915634 -27.299465160 0.921359410 0.234453484 -0.219085018 -0.219385860 4.132799907 6.413627983 6.554240532 0.291600816 4.019335741 6.496976950 2.412030193 5.268388786 3.332055603 5.973404962 6.094733665 7.784921248 9.653803941 7.762855010 3.782998977 3.710064642 4.336628813 4.313870005 6.216927718 6.487119426
12.174442291 24.269291953 -16.585972835 0.967950347 0.213269408 -0.104348293 -0.081851808 11.369973491 5.518886576 8.884647348 5.070831758 6.169809633 2.298554294 2.521293299 2.918890513 -0.276634400 7.055187124 4.477694538 8.200253727 6.800382286 2.460184914 2.768308977 -1.021980402 3.379472698 6.275263950 2.802632344 2.780617049
6.110051100 26.304873704 -13.951288612 0.911914834 0.390993249 -0.082508130 0.093423895 2.142684724 3.825300752 4.887083257 -0.062362504 7.368658996 1.094509866 1.348855593 6.181219864 6.653697950 7.170417006 4.784036491 3.026412837 5.473499750 1.120565707 2.821319594 -0.318128502 0.317327361 5.547147792 4.382387053 6.579090051
5.229436459 23.272572601 -18.616347437 0.977834894 0.174030899 0.025293303 0.113632808 6.338553573 1.723292541 4.203549276 7.664525158 5.821100928 -1.974775181 5.985241851 6.795269634 7.360757710 1.789564329 6.755883936 7.057988840 1.296610864 2.585703531 2.556523764 2.126954062 -0.745601328 5.896902896 3.781065195 1.580885553
-1.740526573 14.968248831 -23.905248038 0.766789113 0.445090938 0.255850170 0.385317017 2.181652515 -0.782609869 3.711347002 1.905239628 2.900896454 -0.742504883 1.310805172 4.922248479 9.232083915 2.941313731 7.833127538 1.183186303 4.213034872 1.706973141 -0.426517250 2.363833276 6.721677798 5.182647366 5.346372932 4.598073209
6.693778936 31.140901849 -19.079899751 0.783843414 0.380727734 0.073693234 0.484979590 6.773408576 4.531879020 3.993774407 4.174184429 3.154715312 1.408965932 4.484368635 9.331012008 7.848397155 1.799628152 1.932025387 0.670470817 4.091276933 7.633057021 5.554912200 11.640640810 6.949231547 7.745784636 3.843547738 2.301338841
6.655139633 29.873054036 -22.194298245 0.866981362 0.488523084 0.029903204 -0.093777995 7.218164179 5.005682448 5.843159068 4.128873267 -1.284762204 7.130766325 0.444755220 1.466899819 6.820385380 3.874715495 6.177725085 0.336835076 4.794988453 4.580214236 -0.648357453 4.700030278 4.616380274 2.933514732 5.732986739 6.355151559
5.458854659 23.528057315 -15.763916375 0.790470580 0.387933901 -0.068253527 0.469046913 1.940097493 6.147661388 3.781264200 1.489971639 3.450192344 6.943663701 8.605946124 4.510657409 -0.683136539 -2.571081418 -0.676560734 4.441133316 3.783026405 9.196246156 2.593005854 3.680352038 0.853312817 2.777087801 4.421874727 -0.068935617
-2.098201526 17.436063887 -20.542250414 0.831354683 0.533635415 0.155023216 -0.007101933 6.106562664 3.730991777 2.491071738 4.386973038 3.343941751 8.504922213 3.944907531 1.466592325 7.762539120 7.278077027 1.472984182 2.751973157 4.196725787 7.019672329 2.278637586 1.553140040 5.917783706 4.477121281 8.027939574 8.442177825
-3.689819849 28.522789508 -23.792225192 0.789743298 0.486743589 -0.074213368 -0.365894216 5.042856643 1.915176968 5.921779317 5.218806475 6.972624863 6.445378927 5.296505783 0.600671648 2.369386637 6.863329913 2.628997392 2.798575804 7.685380845 6.600035029 3.018743219 0.790891287 -0.097836149 2.783554595 4.528236072 4.063513627
8.825285230 21.668162823 -18.709295019 0.860162909 0.476240472 -0.000630563 -0.182522284 1.716992502 2.225804895 4.788781056 5.084442074 4.536604093 7.124989584 3.251524074 5.563146766 5.951186969 1.871948114 1.198417151 2.263814458 1.645454630 3.004989364 5.759281889 4.186988580 6.309455299 5.642733276 4.152695013 3.630035987
-4.266059071 21.373840654 -22.431516065 0.951791368 0.304845586 0.030451380 -0.015332138 2.803884130 1.152404055 8.135497940 6.355577161 9.426922731 5.865115883 6.500070595 6.192825130 8.140827676 1.252973870 8.383720896 0.391987026 2.268354814 5.822516182 -2.875621708 4.274370723 0.628922475 3.099325073 0.363778448 10.388686516
9.954573330 26.459957477 -22.349483340 0.806878283 0.504875335 -0.136287173 -0.274725569 5.549283689 7.372845064 6.191215867 8.501596542 0.871071848 0.703042195 3.366084095 3.623464555 6.548041383 3.397518022 3.046555101 3.950998145 0.724672151 2.105189654 0.924930034 1.133281726 3.343212562 6.441706710 1.625966859 4.388743211
3.360132704 28.612170199 -26.379179839 0.862544799 0.502034277 -0.037422128 0.050770451 1.073617915 5.476249415 -2.725435646 4.043688909 -1.585818060 -0.040420662 2.227657457 0.228402588 0.601914541 8.929788032 5.894341959 5.679666382 12.723212516 5.509208976 1.927972428 1.119611135 5.675616239 9.067129726 8.205617992 3.061726252
1.174564198 16.794478689 -15.054108593 0.804813923 0.576599400 -0.040052727 -0.134920202 4.749950205 6.092976023 1.029250300 5.657583735 7.491579613 6.631061055 9.212325511 5.621512169 9.228228695 3.933674597 3.679162033 1.517328648 6.186061818 0.696945576 6.535281491 3.932315646 5.719630930 7.587420966 3.502289093 3.576872375
2.295258573 30.194180607 -22.843028610 0.816183440 0.572918764 0.071830352 0.021191575 -1.869178004 3.311626410 4.154152026 4.098541313 5.762614226 1.552426801 8.459719496 4.039540931 10.033441795 1.875694701 6.091587228 6.173695563 6.940572547 6.636484145 3.538178100 1.441925710 4.889900234 7.655059705 1.273833922 4.906597991
-3.411790684 29.268656219 -22.410831948 0.853849349 0.489165515 0.174980196 -0.032253986 3.055856890 6.301968585 5.343805668 -1.796059527 4.934825256 4.552403574 4.896751509 2.099032207 11.676757709 6.505083430 6.756493608 2.350947767 5.244784931 0.824869821 1.408978856 3.647180162 6.833149207 4.253723819 4.048192652 8.249922151
11.882121073 19.083242640 -25.010625014 0.995117017 0.096454759 -0.017384574 0.011678110 3.303573900 3.836124700 4.195905738 2.332263572 3.561622614 3.036114899 -0.967125278 0.361094712 10.752799524 1.552188289 1.488675528 3.437030078 -1.128799522 2.161143368 8.608940742 5.668378895 7.218429639 8.114615960 6.571647418 5.085522181
0.958847986 16.444259057 -20.339648543 0.980416200 0.179216939 0.004321557 0.081527223 5.232870287 6.837855755 4.200383809 -1.369862462 4.959595641 4.405623008 0.410634550 5.842021672 6.389881582 3.136287703 4.609841205 2.928446242 5.201312361 3.330363909 5.623566276 7.122716844 -0.775571265 6.262292823 6.408110355 4.627024582
0.730713374 14.847240420 -21.718714170 0.912116717 0.408603945 -0.032938711 -0.000975421 2.563737168 0.652578006 4.668592058 3.246346823 7.848430641 3.110843020 2.278199836 11.337061908 9.018115620 4.210479163 1.143124084 0.378997571 -2.177535779 9.285162388 8.400014599 2.291842301 2.727141131 6.963783263 4.373889784 4.534726725
6.236027495 25.860255357 -16.144936204 0.836407840 0.534534297 -0.019988649 -0.119563639 6.513792448 8.537228350 5.802248263 6.312764492 9.222001680 6.861456142 -1.990047669 6.612812022 6.083752504 4.477471995 -0.343622912 2.302974677 9.944132219 5.587365165 3.243403189 3.344247827 4.951561096 -2.110938964 5.496583637 1.991921057
1.982435552 13.561607128 -18.710480220 0.775372319 0.439451445 0.012618904 0.453344193 2.641620628 4.885079217 2.843186574 3.695340165 1.437348067 5.820356121 5.403307243 2.070369234 6.855034301 3.123191102 0.983863842 7.125944793 7.459238445 4.626415518 -3.332460729 5.564228552 0.831477876 4.351780646 4.981208646 0.913125930
-0.954324962 19.521588114 -21.367971670 0.793233696 0.412136027 0.055314052 -0.444819687 7.918402508 5.812353955 -0.106448671 2.049590477 0.983427232 2.305606329 -1.433309883 3.758274838 7.997389764 2.336301158 4.697091860 1.821361996 7.178155381 10.168785760 6.301494633 2.300311548 3.658834008 10.254858057 3.263713435 5.087423752
0.436306844 29.734023166 -19.146328082 0.759065123 0.494533285 -0.087123789 -0.414326459 7.007794271 4.777172204 1.495871774 1.658192112 4.996714952 9.064691034 7.114800010 0.063240896 3.350883001 0.589700216 7.347536761 0.529080637 3.727475331 3.234051908 4.259488208 -2.937494816 4.906933642 -0.884686812 3.961618758 7.253866145
2.591683741 24.390458491 -15.586072674 0.724463652 0.651859617 -0.060832427 -0.215710158 2.322545492 5.582071117 6.499086620 7.220289999 4.427315374 4.882910068 5.670393106 5.894802038 7.044833903 5.922269534 6.082417399 4.628648900 0.809225998 1.472020139 -0.497873684 6.043696899 5.662782751 8.683476343 3.044488807 4.633962984
10.202367850 25.885016434 -21.276517176 0.983525498 0.166282194 -0.070566200 0.006945356 8.155897813 -2.293444791 5.086733829 0.442237947 7.936551492 5.763139306 4.546626974 0.602656701 1.138532878 0.523689760 6.052338028 6.206593867 4.574759695 2.661064390 5.510333428 1.125086610 -1.141388755 4.712876496 11.852664003 0.861295544
2.557782834 30.588841540 -21.271896891 0.974471804 0.181693094 0.032087996 0.127916704 3.364823675 0.467407689 1.789747799 1.590370000 3.857211310 3.652638466 0.343578185 6.253594399 -1.632476120 -0.410766405 -1.730068937 1.582427535 -2.569995695 2.768300285 6.592046165 2.714735919 3.366225456 3.586699724 1.122173433 2.182006887
1.927223573 26.446178694 -30.071275185 0.996692610 0.029725424 0.033842542 0.067638177 -0.930829763 2.144931191 3.556297274 -0.674945491 1.557880651 4.988402708 5.963035074 3.013960795 3.738443417 4.449753943 0.627133845 2.967703010 6.594577515 6.182836964 2.810001818 2.158158143 4.036068839 3.552382674 4.173511398 5.993069225
3.263318839 23.458772330 -16.056085656 0.836405426 0.397915406 0.047436839 -0.373950583 2.663549301 8.944217271 4.160381312 7.901586589 4.890944686 0.418928815 3.781851177 5.941582205 0.397366953 4.904475915 6.783141205 1.282846375 3.283683594 1.727893934 6.157941531 7.817251831 5.717267613 2.678724878 1.730472171 2.633459212
2.134648303 12.965621541 -21.987535315 0.841874488 0.362750458 0.125081563 0.379491837 0.343315925 -0.323309988 8.986246118 4.724900928 4.994638870 6.930273791 1.204342707 5.833557431 1.191859820 5.886123310 1.922726212 0.608798782 2.948637350 7.977471227 -0.152465957 5.051811595 8.323475312 7.397457520 8.135260276 5.552383683
4.114950995 14.582614527 -17.533164301 0.730886622 0.665794180 0.075535637 0.129681236 4.824081068 8.893301652 8.048902508 7.989948636 4.319124222 7.408429363 6.449217800 2.123577259 3.218356374 7.312142992 2.817872224 4.320873182 -2.030024778 1.131443051 0.842263188 2.838370998 2.215404230 -0.893794150 5.503214776 4.992057889
-0.071651162 15.882932764 -23.960340819 0.953231349 0.281583133 -0.054237035 -0.095494911 2.730960731 4.279464805 2.466959632 5.330171765 4.775048750 6.075324433 5.106996081 0.965364091 2.183482866 4.621530925 2.259036188 2.297726374 8.787378441 4.201619540 -0.610549612 0.608240718 4.749676679 0.139680579 4.709564167 7.467153213
0.396805084 18.373963657 -15.525441878 0.853843467 0.512442003 0.076731809 0.049666454 -0.886964081 4.070613072 7.116803349 3.836342945 -0.302030691 4.463639626 5.235946313 -0.740289950 5.340646781 6.596183804 6.404572475 6.918204654 5.428068999 4.729211977 1.772487334 6.139426527 4.160852337 2.823335939 5.543893411 5.796208451
3.391004007 23.843366979 -18.233626575 0.795115309 0.602140501 -0.071995852 -0.005921111 -3.237578640 2.088013863 0.467721026 1.162444666 3.948367806 5.764170922 3.995137172 5.849375365 0.627956309 4.638582086 9.442947404 10.757607743 3.794733487 -1.844370286 7.892734758 5.294511436 11.909816174 1.503215735 3.535206430 4.321537152
2.043381756 24.860669203 -13.773072490 0.735070326 0.659033870 -0.061719872 0.146753644 0.851105691 9.045567090 6.042206929 1.501229638 6.383076006 4.785243217 9.675651964 4.097250817 4.172525955 0.502479830 0.896250291 2.435532699 4.661759138 -3.861277588 5.225369450 6.474166489 2.971141348 6.559816023 2.670089262 4.009418945
6.031923316 17.274291872 -18.621122708 0.849841480 0.332688872 -0.026130710 0.407927395 -1.173225436 0.541712228 0.051391561 -0.643045979 10.837425255 4.699026976 5.416629898 8.632112052 -2.052249477 4.746637112 6.299605040 1.319704108 1.396711060 6.069321492 3.409724002 5.485630627 2.514590474 6.538018100 5.314321509 5.265935727
6.913625495 28.538994684 -26.265536714 0.768239577 0.421976522 0.187498375 0.443382596 3.890363990 0.855737411 -3.651314895 4.368760313 2.884742215 3.842673571 6.815452480 7.189734581 5.288205954 7.473136568 -1.198257157 4.883920138 -0.320286040 2.363051359 1.989858961 3.416592115 7.684225672 4.644232018 8.498391040 4.079200633
6.479573974 20.695555846 -16.627924670 0.799898668 0.599323836 -0.031138885 0.001852258 10.469866869 5.898297561 5.085510568 11.534317537 0.096105078 4.899114961 4.413325908 2.782747997 -1.093676724 11.231471815 -0.099415477 4.774184995 -4.973068834 5.468690632 4.476404413 8.080596806 0.913668102 1.052570843 1.347624560 3.135377077
7.278129015 24.678241101 -19.370627466 0.938035368 0.328578974 -0.062623452 0.090574882 -0.013556958 3.515177415 7.459520354 3.323646369 5.449165365 4.694784725 6.559404482 0.551466648 3.311950102 2.118754873 6.039214792 -4.327827304 7.586493738 1.594648221 3.864498196 7.210671102 7.272153108 1.505772951 -0.713511780 1.555906767
11.137501514 29.187050334 -19.358099417 0.733442735 0.628972866 -0.202585394 0.159417836 1.501585286 5.816790741 3.522492403 2.052296252 4.691173038 3.643483630 7.786691135 0.549500281 0.277976221 2.468761737 8.465508003 8.216898777 4.794269814 -1.110392922 6.954761010 2.449421299 6.391814188 9.175147716 7.379760252 -1.674211722
5.756594174 25.975125463 -23.908237012 0.862679786 0.500519896 0.057118959 -0.044730804 -1.604122313 6.296877364 4.325052647 3.539144734 7.204222184 3.527656286 11.325031898 1.594823924 4.999397777 5.868219650 5.259007265 6.722078573 5.694288440 4.744474152 -0.147179340 5.750392030 1.947434755 4.696554019 1.503098247 -1.660947390
1.080269148 25.224147475 -19.641246484 0.778535922 0.593948321 0.082715004 -0.185109260 2.318314953 2.758029091 2.990778735 3.432684762 9.058101960 5.902223858 6.803091482 2.303211332 8.848270680 5.429338121 3.456239421 4.067694673 -0.041769423 4.199407601 1.900924144 4.464270549 3.125380886 1.950790010 4.059117958 1.928869275
10.293061491 23.304434655 -19.095843873 0.968705326 0.225021373 -0.104763336 0.000125192 6.514470798 7.365310434 3.212500926 7.999838254 4.015439684 3.590601040 7.585444162 8.824420710 1.652422623 6.575518783 2.413040286 7.840897393 6.119124993 3.138400480 2.441393609 5.492766562 0.953226947 2.994635184 2.406998385 0.928836143
0.863217213 23.104184920 -21.974640481 0.838323092 0.541226986 0.062656095 0.019025159 2.225532419 5.515152802 4.445487632 3.240443102 0.970140611 4.974503289 4.077339305 2.864264779 1.080320521 1.541775592 3.820613122 5.217871301 3.598137157 2.023171335 5.867123074 2.219255036 7.911954183 1.816641683 5.770933485 2.262881659
7.406251247 21.821752641 -22.905169184 0.975750516 0.207879252 -0.048975764 0.047942897 1.282289947 5.511553354 4.728825824 3.963108420 4.591027266 5.572121649 2.931398221 2.708915578 -0.650825548 3.469266006 7.645029024 7.602034185 -2.526336450 4.388178000 1.998585333 4.774379472 0.888378894 4.159442770 6.119534928 3.907028208
4.628058759 23.911476845 -22.630126683 0.841634079 0.473645269 -0.037499444 0.256721693 3.872935002 7.131569888 -0.869119777 6.440698822 7.031129959 9.153785518 -1.949606779 4.954448015 3.280065805 8.359669249 1.302911358 5.386761634 2.268965162 5.234591614 0.953066499 0.658606897 1.979643934 6.440730017 4.419300096 7.776189590
7.767424284 29.343825439 -25.171900211 0.855680393 0.453911082 -0.032733802 0.246382413 8.574844043 2.705647943 -0.495894501 5.996416564 10.523104652 0.626240868 7.638986793 1.650978522 6.348987488 3.837268140 6.408919084 4.349519275 6.357189353 3.259734207 1.635526951 2.745566009 4.938424096 2.883909196 7.554948790 3.800719243
0.517863892 15.546057934 -15.313067735 0.920087784 0.384305753 -0.015945466 -0.074116803 7.893480800 3.430736162 8.959488374 3.724213594 3.324575219 1.047878245 1.727362096 4.512277386 5.484407488 -2.579298696 -3.431136483 4.787285658 6.938520983 3.986784469 4.344104302 4.474540904 5.881031623 2.765741779 6.132163535 4.323648236
7.246885929 23.169025828 -15.509862855 0.760198118 0.592890267 -0.002576840 0.265656381 1.205998635 2.912333299 4.446754990 7.799497310 0.686567006 4.534020244 2.352033909 3.192223930 0.908721566 8.452222220 9.225753262 6.370693954 5.239973192 9.862038197 6.587351038 1.569779118 4.964701156 10.021426354 -5.073785325 -2.290957407
3.685220567 14.239607615 -19.292220640 0.743707851 0.624000850 -0.113843309 -0.211095409 -1.685177097 -0.427497372 6.600457547 8.759791192 0.233695087 4.594059494 4.682210615 -1.916680100 7.719866926 3.497676358 1.404496110 4.848030647 0.424786513 7.812195929 2.843793608 0.648051729 4.132699906 7.911696019 2.669752576 1.567933008
10.860711471 22.600433283 -20.969741897 0.863415012 0.495826556 -0.058803175 0.072199242 8.830206730 2.095527378 7.088091706 4.639399311 -1.035352625 2.807784610 7.464198140 0.773141825 5.933684864 0.182423372 5.826266783 5.432573494 8.251126787 2.140410909 4.962912282 5.247658575 9.587554528 10.313563146 1.898920164 8.278261583
2.065021454 26.375585051 -17.411365774 0.811709707 0.465315000 -0.079355460 -0.343965135 6.980200294 7.310429716 4.572711888 1.729956101 2.520660373 7.576950951 3.578897613 -0.856120131 1.376004361 2.235548670 1.352504127 -2.843024366 5.973436147 2.818832814 3.095532725 4.173829169 2.798973006 3.717493651 7.581936890 3.627269893
6.620061162 27.751292945 -18.116075336 0.942226651 0.326066694 -0.023587903 -0.073027801 5.551522985 4.520253076 5.242472355 3.679971323 3.919226725 0.482631866 5.646150276 4.905409449 2.220111989 3.904481073 3.142597921 2.466482782 0.563878262 3.572775255 6.234988773 4.060246839 5.295493958 0.229704862 1.311482271 9.699344425
5.607673918 24.062969975 -26.499072018 0.951998838 0.243731965 0.061121020 0.174806068 4.177676512 4.604249255 4.463121237 5.234167705 8.316227735 1.785875696 7.572456356 2.086911735 5.594701971 0.972841506 6.803433412 4.336137244 0.740442782 3.495750158 1.440596301 5.717795216 4.409456509 -1.195573223 -2.439431100 6.059582063
-3.104152530 21.306615632 -15.024669239 0.828917129 0.420580286 0.185279210 -0.318873378 5.833217264 7.438360045 5.537468964 5.004043963 -2.130670502 3.151486271 9.340093620 7.691845174 0.510363320 5.661385504 4.327899954 1.654080677 4.673221570 1.493984705 8.638242014 10.737886673 2.226369031 4.150559685 11.373833115 3.514870405
0.579444338 26.095517648 -28.262121511 0.983093441 0.061134260 0.078532286 0.153696354 2.804995470 6.343816785 6.588483022 2.824781829 5.207679188 2.863014288 2.004276694 2.928665279 5.671684158 9.152073650 0.319068580 4.685973766 4.133716186 4.600636247 8.252869336 4.941394496 6.532555674 4.690940407 2.930606216 -0.591974772
-3.237335514 24.634441746 -22.887763405 0.832748738 0.523427936 -0.027424725 -0.178327282 5.590445839 2.510368811 1.297670548 3.391170829 6.742419998 6.565121060 1.249738668 9.801731072 4.481651583 1.446462231 1.703524407 5.350190673 1.690302754 5.286829584 2.948014397 -0.380172474 2.952276008 9.827397060 4.618844400 -0.848374983
0.712949004 18.476254097 -16.816123080 0.780081553 0.434709324 -0.013696269 -0.449792160 0.037420520 10.603991735 5.146483460 4.076443072 3.489845260 5.728556748 1.577235915 0.276282773 6.281739063 1.074770560 8.196228648 3.978132895 2.668026218 4.101316259 10.817035694 -1.986708899 1.887794651 5.297752932 1.309836010 -0.140138715
8.504599076 18.414843037 -17.096330540 0.825344569 0.461329337 -0.268549946 -0.184017695 5.308650427 -2.247161174 -0.502154354 2.622094976 5.930143772 6.849574931 3.757853858 5.746926180 -1.240816585 9.238392186 7.385268291 -0.087074435 3.290859031 6.431141595 3.243046501 5.967174316 4.868079714 8.608255757 4.468023288 6.119693784
-3.621726959 24.846923018 -17.483619596 0.709246989 0.499558372 0.256686400 0.426054262 0.583280799 5.627317538 10.404790270 1.772369450 7.906361960 4.149724099 5.531662974 4.914740655 4.533392737 5.763601282 4.765532312 9.407266803 8.488071493 4.427825884 4.981035607 4.801889166 4.313978308 5.424198589 5.323665388 2.468379009
-2.381730689 23.097390638 -20.643058358 0.787722693 0.509795742 -0.032650163 -0.344289451 6.198649210 8.617709812 2.697966327 4.456348531 -1.394315635 5.363022460 1.888534467 -1.094574808 0.194661960 -3.905647747 3.325359160 -1.793982404 -0.506600654 6.646650182 1.076817658 7.220042215 4.285557994 5.767124630 5.894020252 7.724230869
-1.322349340 18.997228332 -26.631509687 0.811336154 0.457339527 0.221999152 0.288601072 3.552371490 2.532967130 6.803731568 5.877400412 7.713208538 5.784950162 0.261313659 2.347585963 3.008732758 3.052810944 5.418099996 3.907409251 4.907070688 4.573648759 1.495617696 3.247169680 1.600227140 -0.339435121 3.009065309 4.313433105
-2.089302289 26.198274144 -22.940519256 0.810258099 0.575877144 0.083681920 -0.069603625 6.367006158 2.250437954 6.113508780 6.649611930 5.038539286 1.645022675 1.223369878 8.135498517 5.649154832 5.253226295 0.748355021 7.176205386 1.042946295 -1.569717619 3.712664052 1.721758264 8.921359593 2.966634978 3.653365697 5.741122249
11.594556740 27.364636081 -17.761762820 0.913839320 0.319097373 -0.151130980 -0.200584122 5.009372945 -2.375714241 4.503460734 1.803709120 9.573556371 7.048378791 9.847482168 -0.312752865 2.443874596 3.002917469 -0.446993528 4.604919391 1.701616285 6.066207994 2.364993649 5.098212258 2.954025517 6.881435343 2.928752404 7.457672902
7.970251316 26.622836593 -18.606264800 0.929085013 0.311964526 0.047447494 0.192945350 5.983230520 2.377958422 2.657519949 2.452898351 2.619153171 4.823793199 7.411895323 5.928476731 -2.154302856 5.605857154 5.222893382 7.106604219 2.515955410 6.891358630 9.504629336 4.327014823 7.011858197 -1.609068859 4.618952565 -0.165038216
3.550495959 20.657944323 -13.547375295 0.911635853 0.366997189 0.013390363 0.184536804 5.675672996 6.481528585 3.125785099 11.305816126 2.479914210 1.826599636 5.353849364 5.708046502 4.511676439 -0.979478065 6.346655205 3.003629206 -1.066346986 -3.781244499 1.407128531 2.370464648 7.318246312 1.176778563 6.375313177 1.663455345
-0.727304626 28.845083868 -14.971389072 0.737544116 0.642764552 0.012337653 -0.206712818 6.477511443 2.298390139 4.160895065 3.755053526 -0.098084046 2.371158336 7.387503718 6.388042831 4.804951797 2.798007919 3.287194712 4.705949657 2.206407378 6.132832347 4.329073949 3.120814864 -0.740472140 4.206805178 6.096329432 2.513890327
8.321933129 16.008770234 -26.108427088 0.911375045 0.252189357 0.049832586 0.321423037 9.022368516 -0.296634142 3.822402266 7.265099059 -0.893089732 11.634145259 2.325934868 2.621356103 5.601952987 0.714652525 5.955592890 1.014855961 5.472843033 2.908990566 4.178783056 0.558122853 1.149937837 10.884183353 8.617312274 4.953057106
6.102475818 14.342521211 -23.076205430 0.808138772 0.487788590 -0.276374956 -0.180529500 4.115567396 2.046736129 2.741617160 2.727032335 -3.293928227 2.515041474 1.100364005 1.003021881 0.343035105 4.371676391 7.329403829 -2.029876530 -0.479663639 6.638526365 6.160538620 4.585093318 2.573796196 3.403149439 8.760400470 8.220117745
1.106169228 26.808004598 -18.644445823 0.953706693 0.237007947 0.048995785 0.178522238 6.161450007 6.988541282 5.168031261 1.371949648 1.432409607 5.796433760 9.163548718 5.187991624 3.146936948 2.343188659 5.848553125 5.046381144 3.984642699 0.966790587 4.282312635 2.102302444 -2.008666029 -0.078700551 4.112814442 5.679702829
0.363712373 22.119370428 -24.720041675 0.997836111 0.064103289 -0.004270171 -0.013986772 2.204759157 1.251327666 2.534922137 3.022085857 -2.893748706 7.593761512 -0.107702498 4.724453516 4.120722665 -0.731316404 0.750411853 3.808899783 10.727390763 5.265030570 6.636633049 2.196837987 2.135020345 5.073948919 2.167576435 9.550359918
10.848817163 22.201317897 -20.397658655 0.835392283 0.480521511 -0.181473381 0.195668656 -0.436264704 7.595212404 3.108382310 2.974078667 5.515120509 9.808002227 1.322423680 7.167715191 5.497581870 5.839413102 1.260438105 3.571206655 4.238771709 1.047384417 1.965735063 1.418016028 5.709547063 7.909289635 2.094372374 6.112668508
7.230555118 21.464456267 -25.727572424 0.965052390 0.247144369 -0.035776747 0.079457968 0.379124267 5.142596762 5.408325752 2.630635857 1.216269188 2.699307016 3.077156152 5.590038242 7.898586497 8.377954316 7.611846253 3.669140888 8.241275362 0.106775948 -1.031610839 -0.428602290 2.536044304 2.038076499 8.633617571 5.494438717
9.604877763 21.927214948 -13.281564759 0.768624414 0.438604545 0.027214981 -0.464867625 5.353145341 4.406249471 6.515358756 -3.267875035 6.473646883 3.049133988 7.387983021 4.303024757 0.270328533 0.378133105 3.094354203 1.222853441 1.966741506 4.816680892 9.605709218 5.702839787 7.088266142 9.713786150 4.415185101 3.733328371
9.317322364 15.040568724 -23.540346462 0.916470265 0.248997294 0.021257780 0.312459128 4.918245663 7.581754738 6.694658622 3.203000649 6.563220622 9.857918005 3.992412680 6.452033216 7.469879175 3.079801752 5.898497614 6.545336219 11.707328643 8.697229650 4.562631122 4.422754081 8.038301995 0.264739598 4.605011120 2.045540317
2.204073850 25.565852362 -18.233875444 0.742851525 0.466510532 -0.018935340 0.479771809 4.790344424 1.118317932 0.238472632 5.184671696 1.628108572 0.430708677 1.149856028 5.414254058 5.062668891 8.049530198 2.039990453 0.979869982 0.727017885 2.458533053 5.404097153 7.162953455 1.623388395 6.320873970 0.474693980 12.664594753
7.093768271 21.979214254 -13.052136640 0.860415853 0.498043004 -0.107318321 -0.010977389 1.921969778 6.128317405 5.850204173 2.910304493 4.670019705 1.287071534 5.887328433 6.638680059 2.529509213 1.851763604 3.121747897 3.081280627 9.281534641 2.414709627 0.866292561 8.804284244 6.768453631 2.595172215 9.588231117 -2.829724547
2.693056142 25.335276034 -16.504366466 0.946783549 0.320057065 0.025885843 -0.022233072 6.521255013 5.610062732 2.875457227 8.441592971 5.613710085 1.408371201 5.797991658 8.917185095 3.353515008 4.427680063 6.014604945 -2.884096909 2.388190254 -0.117099235 3.308872328 1.507652775 4.676576255 1.115126207 6.483834804 2.667276947
1.379155899 24.295554027 -27.582782453 0.790182995 0.602361539 0.101626978 0.049430431 3.833616849 10.780460310 10.769031051 5.778023046 7.047057637 3.498292848 3.256449011 5.403175903 1.473063442 3.123825831 2.451016807 9.969474824 0.147557854 -4.401126713 8.336949411 3.693480223 0.392656710 7.127345459 3.788717835 5.882840266
1.176573254 21.323501178 -28.665677890 0.709748308 0.574411593 -0.270525977 -0.305162835 3.151933930 2.969345958 3.369946326 0.178991059 0.918078292 2.570217655 4.485677441 3.800756747 3.871073660 3.096432108 3.155128182 -0.007475415 3.345932425 4.704906912 3.920440511 2.301306342 1.686212593 2.787735768 2.762150160 0.751304974
-0.459903096 24.269360355 -20.237354616 0.845186865 0.489428991 0.029512355 -0.212714473 -2.409721795 3.380205648 6.062136468 5.650501191 3.739227985 -0.347192786 7.449043043 2.469482765 4.987352538 9.009395662 3.718424906 2.093799169 6.452409380 2.831212496 5.200209773 4.845681734 5.541324884 5.967626989 2.877169218 3.358765271
4.062451667 19.006579597 -12.607027615 0.764080794 0.619728512 -0.084144460 -0.158230282 1.052332864 6.313332143 8.898382323 0.194814628 -1.278198758 -0.029391174 8.064353166 5.491573666 7.257897499 0.970357341 4.779601890 7.000543480 7.351583985 6.801626589 3.636568149 7.080329952 3.885024902 5.280273574 1.471915287 -0.354717095
4.056874757 16.964453029 -16.873420020 0.934558819 0.336291437 -0.053752117 0.103046559 4.662038530 5.241480813 5.701173188 2.263120354 7.407828303 2.142777788 4.217428885 8.198356853 7.110983089 6.126952578 5.173733113 5.796605171 8.683520523 2.009793116 7.500840273 3.057223510 3.058851266 1.136868995 7.385852579 2.812282663
6.623422562 17.381420685 -18.068105640 0.834683880 0.550477993 -0.016127851 0.004085615 2.483421626 3.373269688 6.188728858 10.799984700 9.161086566 1.321398793 3.672676839 11.605331467 6.803051778 1.699872512 0.880045971 5.351196521 2.795982521 3.603683788 0.714734700 -2.266890354 2.933835827 1.591615851 3.191254195 9.007221191
2.489533642 28.464153371 -15.780811523 0.908333147 0.415540941 -0.040529877 0.024777990 2.513792817 4.032838849 2.409662016 0.739415281 4.415604133 7.453531577 -1.839289568 6.714278132 6.844732517 4.531733151 4.530646682 5.343588703 4.296312031 2.421988006 3.045595379 8.768438548 0.577832227 5.204768849 7.676132805 2.248589369
-0.143034028 14.805087719 -19.283622999 0.815490095 0.505915245 0.017181523 0.280589495 2.271784478 1.745085697 6.039233804 3.976462315 1.410008492 2.946577908 1.672701573 -2.558901266 5.923281369 4.681607831 4.984557765 3.781756516 4.546309818 1.604907920 4.839011829 0.670532129 3.585716025 7.528854771 3.819748590 4.753494676
-1.328676262 26.922338205 -18.473075853 0.708326410 0.678025607 0.154120511 0.121662822 1.994830757 4.355718220 2.444777957 5.187290117 0.821218165 8.839257436 11.077964357 4.946238007 6.144919563 2.506822220 6.185346437 7.704886992 3.892855442 3.402712022 1.143278230 4.273813402 0.662626670 9.126505322 1.697814466 -0.003323383
8.390221269 24.328280592 -16.796675847 0.885678429 0.451303676 -0.107717086 -0.017197126 2.693245418 1.994568400 5.679790017 6.732108503 5.648209786 3.731953689 3.694129168 0.201492397 2.823860714 5.448345383 8.477523133 6.158902397 2.434309951 -2.876405897 -4.265807334 5.840454758 3.418630553 -0.430744935 2.563516623 4.128048354
10.823487596 28.754779795 -23.204890306 0.830048296 0.453497013 -0.135559365 -0.294930406 4.464142989 4.378060633 3.783636702 4.262320319 7.870122967 1.680637182 0.852698988 4.729169622 3.520736121 5.079599335 0.929467943 5.347341626 5.784635126 0.528847127 2.910750683 8.292187156 3.672933851 7.947097264 6.095861088 3.703318108
12.370265155 26.947633797 -23.328217854 0.844132636 0.487924182 -0.219327900 -0.035571869 2.862686367 0.018516681 1.585520379 0.448480674 2.628661075 3.476457230 7.081662977 1.865403450 4.414699079 3.715006939 0.438823664 1.741852782 -2.092326129 3.751060532 -0.206966084 6.035182716 4.843995445 6.321565953 2.412517693 3.658735580
5.667833207 28.017443401 -23.743773142 0.867503120 0.492562057 0.054818282 -0.042613522 8.686235893 4.712866411 1.959904543 6.601310754 7.366864676 6.034516108 3.246566622 11.050434821 8.444551139 5.160042110 1.936552869 3.103830919 -3.276597559 3.728909031 7.452725799 2.430441484 2.915627646 1.582938868 6.442826240 0.486802343
2.165438354 18.275830447 -19.131715736 0.765569154 0.633490070 0.038780754 0.105310283 10.466030316 1.731480038 3.177567618 0.045355350 8.681562193 7.576462788 5.324221510 -2.100215642 4.286761820 7.181506367 0.311026642 2.497549086 4.803025159 2.299209279 6.631437882 -2.814392871 2.829265824 1.500519936 5.326951901 8.886042688
6.083675289 27.808403191 -13.619832189 0.767829279 0.405636933 -0.106759583 0.484251245 2.792961464 1.482593232 1.571955527 4.776333711 0.131905314 6.699628963 5.027303240 5.101720205 0.749826946 4.692649563 2.406555331 2.571762002 -0.160042537 9.439647527 0.707926370 4.934136294 2.568176516 8.645327593 1.547439380 1.888415336
-0.825335620 26.621341050 -28.119056964 0.825925466 0.355971426 0.221466823 0.376940200 4.080666672 4.274888338 8.597782521 -0.581512967 3.626771348 2.054591003 4.350951380 5.199295255 2.320530622 -0.385278435 4.983732667 2.568131452 5.424484922 3.898062567 3.684260650 10.742826035 6.061916761 6.093927303 0.233984185 2.470950058
2.741607747 18.005045139 -26.364902638 0.881387966 0.411381134 0.031297672 0.230089705 2.448579157 10.193123039 -1.267254877 5.636717252 5.580595641 3.696508786 2.994344804 7.011138763 -1.025569214 6.673299755 11.607808764 3.727976213 -0.180455737 6.072316179 4.185718099 2.391196337 0.850788462 4.721615707 1.654931962 11.991610429
-1.711719905 25.308039860 -18.579287320 0.846524558 0.521610073 0.016426656 -0.105115505 5.336755270 2.084857039 1.528566702 1.287618338 -1.605515128 3.288580930 3.863819836 -0.595251576 -0.403757253 5.613829928 3.196229257 2.407217841 9.053962931 3.089319044 2.489899342 4.844304947 3.909757556 8.529017404 2.927529546 4.988304525
5.111301266 27.626512630 -28.147192809 0.839975768 0.327662563 0.092601789 0.422495992 7.881492186 4.591207614 4.312214503 8.989668935 10.849486971 9.075347213 6.322861481 6.745347510 4.514817973 1.604508100 7.915089347 3.877785056 2.294757024 3.863955027 2.834972583 2.700400258 4.952118716 8.017284840 -0.371283346 -0.547423363
7.981323594 16.692321369 -22.736938608 0.886626860 0.402272257 -0.083783738 0.212250154 3.935205889 3.719844609 6.027370114 3.803055713 0.362324820 6.277664694 2.903323519 7.660441852 4.477117054 -1.133763251 2.273999305 6.080133225 9.443195437 4.139729087 1.292124999 9.230014186 3.291431367 2.940618400 6.451124607 2.311222491
4.682644951 28.010329670 -28.847652128 0.964999872 0.236884336 0.002036508 0.112502938 2.599898124 4.397196595 -1.687626757 1.745797373 0.033939188 1.102660711 8.541155704 3.638470913 4.867728019 6.061288399 4.703140927 5.637465699 6.519041454 2.080949773 2.742856279 -0.076448046 5.238999377 4.487512094 1.699578628 4.966645957
5.088679240 17.448550011 -18.720046213 0.879391483 0.444020406 -0.115018031 0.127621907 2.592565700 -0.669952273 4.351299208 3.021924467 0.941322513 -2.416490304 2.420244925 5.898079134 -2.103740358 2.245392953 2.359415785 0.271846200 1.680233896 6.633058090 6.728308121 2.654020943 3.808363662 6.591198550 7.111822550 2.966425101
5.043759319 14.740334067 -21.140877298 0.864680750 0.502104353 -0.001681147 0.014683100 5.358258353 7.099564557 8.614208479 5.009873910 2.593088660 1.082108468 5.825327701 7.897127365 7.745847778 7.012530650 2.991090045 2.570423478 5.258267418 2.172716950 4.818319318 0.059672648 3.846796243 4.466772796 5.333615891 8.201663614
-0.755911127 16.684398144 -24.133566182 0.821002311 0.435534371 0.289437044 0.229109613 2.572502361 2.647960249 7.250673707 1.288576886 6.512288468 -1.005466886 6.177163550 2.072861735 6.030947485 1.514645836 4.601449452 -0.785517079 5.803735858 3.644457597 1.558975313 1.265466610 -0.707199337 5.608680860 7.895544483 1.065406513
2.517991614 24.140742402 -13.382362945 0.955510405 0.250524872 0.029813460 0.152801546 0.159603550 7.590507497 7.837120849 11.071348690 -1.993836616 6.236461950 4.505294221 2.071316832 6.110482494 5.986586515 -0.157177203 4.994019547 0.026585179 5.600879780 6.475526485 6.855501881 6.633615218 1.576003566 4.249704236 1.388162963
5.662342180 22.637607486 -22.013041202 0.716525332 0.491335510 -0.143007525 -0.474056655 1.674810920 1.692855241 1.934644093 2.650274096 7.825815596 0.131505202 5.630896251 1.122053505 1.100573963 7.980626474 5.133888788 4.805275263 -4.101985693 7.642373457 5.214930673 3.060999184 5.128320842 6.328952942 5.054237958 0.015370117
-2.576752470 25.523096338 -16.292683404 0.713257036 0.667424404 0.179893075 0.115963562 1.164461253 5.316693385 4.003183040 4.457439839 4.272739103 0.211052397 2.243173959 0.783087780 3.993294677 7.311978362 7.608438434 4.868483364 5.682761661 3.236666150 5.871686000 4.270544576 2.161984386 4.657594004 0.072134599 6.094835486
-2.472222025 28.054504340 -19.805558664 0.821683452 0.467153683 -0.013048789 -0.326241429 1.340897097 6.970704569 6.272660580 5.501134775 6.897655949 11.215407381 4.109075095 8.258917541 4.240268757 0.973644219 -1.600857142 2.311079417 0.583689147 1.877684222 8.359528352 2.756530085 4.245003848 4.547604103 4.053727572 5.089276177
2.943411175 21.906471323 -18.847949976 0.817103092 0.428208821 0.026027361 -0.385100402 1.983743417 7.297147839 8.378971021 5.365245343 6.282565781 5.763957484 5.934485282 6.230003688 2.186461539 3.675255199 3.141173446 4.338541559 2.896017028 8.058077488 3.531973429 5.088191649 1.570318238 1.628036655 5.037248492 -2.697120026
0.228639239 26.270494717 -14.192125783 0.732773690 0.596816892 -0.026093330 0.325839615 9.940122641 5.935182926 3.532720290 -0.839462824 1.678032959 6.073304956 -1.305541461 2.078975569 1.936871482 6.301581657 3.095987310 4.882656896 10.529173511 4.736946343 1.760475374 -1.532207467 6.077180087 4.394201111 5.281747480 0.719083338
-1.736408757 27.207469035 -15.317644489 0.751094013 0.413860751 0.006709724 0.514326785 5.102464654 4.176221588 -2.297099080 4.428502967 -1.779107678 3.330109896 3.604667948 6.487843386 2.843984670 6.045922932 4.284698062 1.646934885 7.215222048 3.990978782 8.516181037 3.135985506 0.820394882 5.491636534 1.763366121 5.094408009
5.050370651 19.848422715 -21.579670536 0.880574653 0.453616627 -0.135715900 -0.020035711 5.565343042 5.028882138 2.961014819 8.317778261 4.511226054 1.082206641 3.761558829 1.450261570 3.467350413 3.761050102 1.705033924 2.699488216 10.765065738 0.789099335 5.301001666 9.039238129 4.614222682 3.187307083 8.227898964 6.875989066
2.273194886 17.657217608 -12.896721086 0.866245013 0.408220898 -0.006871773 -0.287972317 0.782025122 8.419941116 3.976288665 3.061742351 4.447739026 2.222178815 4.099602294 6.763840114 3.385262764 1.168336281 2.379626270 6.492850609 -1.062788421 -0.260108520 3.377702027 6.096560310 4.303900750 4.927781274 9.473476176 5.995433301
7.698913048 25.413233515 -18.292126408 0.985251063 0.158990885 -0.057104917 -0.027226274 4.796367125 3.160247673 0.172401905 1.806628759 1.026377747 1.656518469 2.021966802 2.674315236 10.444931223 3.912790961 2.692487302 5.337115073 5.279376581 3.467286837 1.948233256 4.022253498 6.822970234 2.647725292 5.537242733 8.039268922
8.576365619 24.437404927 -24.777680758 0.856230057 0.469831121 0.016517813 0.214140067 2.004483053 4.775092951 5.771447768 5.982702228 3.387569589 4.883129228 0.541433850 5.546166474 6.710261503 10.440541722 6.239362028 -0.027307085 7.203756809 2.907782195 7.404946394 4.430084661 -2.805153875 0.153415548 -4.677794054 5.963656761
-0.976773233 18.907938315 -18.331847764 0.843959741 0.437976282 -0.006330798 -0.309626634 6.582103062 4.415698547 4.458328009 4.647052566 5.794416748 7.499147899 -1.252304687 -2.954553314 6.271335426 4.303812309 3.251826133 8.383714066 1.886327113 9.086026707 9.710277425 4.420689827 2.645257455 11.525491861 4.061685011 1.892469064
4.669839492 22.557340003 -30.988998907 0.845940591 0.480280319 -0.159233347 -0.168404492 2.957972714 4.387092989 3.758013334 1.384021134 3.256019855 2.739029003 4.012721262 4.748362811 8.394355131 4.756689644 5.110426249 -0.580821406 2.712858132 -0.355969974 7.274424406 10.421867791 5.695655643 7.774218525 0.943154371 4.430085035
6.237213006 16.525552231 -24.313148657 0.839117428 0.529013029 -0.125439650 -0.017089503 0.587318656 3.228060388 3.386489717 2.723562909 11.012633562 5.827779853 3.754491263 2.677047941 5.158649988 3.052370960 8.663087502 6.597176561 2.776651107 4.792172533 6.382796769 10.482760965 4.099286469 2.192287610 7.043382110 2.472517812
0.135614625 25.062659354 -21.384240121 0.938742685 0.250406416 0.098494598 0.215308178 4.468377871 4.609276379 1.364064967 0.582818512 0.382046362 -0.227944479 2.292159425 0.051352154 5.312031900 0.114573370 2.072344047 7.970260581 7.985549764 1.997633945 2.888470446 -1.311070337 4.590393315 3.505022368 3.507617930 5.815098040
4.911374057 24.002054319 -20.518504394 0.949317895 0.294596952 -0.032809659 0.104554750 5.381222118 0.237908191 5.893944936 -2.015342099 -0.623603830 6.029941973 4.248475255 0.175335284 4.117566198 9.256162633 4.052903148 5.154026984 5.745705882 3.720575027 5.019540794 5.154462769 -0.741253154 2.849663402 6.549864039 3.821165694
7.698443180 19.413160694 -13.613197434 0.918262638 0.374680817 -0.111339755 0.063336183 1.284393714 -1.469001328 -1.787231493 5.350169932 2.682207241 2.541400778 4.480732704 6.439139328 0.296991544 6.361917183 -1.834895134 0.203915265 5.073985786 6.714617311 8.671186309 2.237517654 4.854363505 6.153536854 4.528580898 2.024024292
-1.692015808 28.845317242 -16.669436020 0.707993499 0.579079120 0.214180901 0.342839787 -0.527073225 0.890360444 1.955081869 3.351001516 1.877445405 2.236426022 0.358430997 1.764874441 10.159155165 2.599808295 5.563536402 4.595648655 4.626243355 0.932871591 0.151057150 0.416542008 4.909054079 1.508446476 -3.550918851 -1.182784445
1.057019885 31.175604005 -18.608006312 0.803649529 0.593005226 -0.049889322 -0.001814282 8.239759744 -6.051044854 4.828291214 5.281012106 8.989739412 8.039850912 4.418990608 1.748666905 1.207736543 5.332087817 2.561211603 0.339049430 6.698824852 2.486928978 1.158876061 5.513451365 1.084163011 3.127795397 5.924424330 1.796007540
3.507035929 15.857275306 -18.521401495 0.762444615 0.584357815 -0.188174287 -0.204437255 -0.831016309 3.843128447 9.128027814 1.881967969 6.334457312 4.345179220 9.454830018 6.369236697 5.116345703 4.079183715 3.504886141 4.999632203 0.962650512 1.728021991 3.805593394 -0.451409980 6.795707755 8.268216418 -1.288488840 4.302704734
9.032412706 29.027854698 -21.848168826 0.920528817 0.377889051 -0.097236813 -0.019275989 2.730796487 4.994885136 2.395013091 7.373329484 7.913502173 9.677976818 12.874286545 7.579558243 0.396626887 4.683655083 7.776851691 5.708647065 6.949431237 6.231498171 5.566682271 -0.469556213 5.838309830 1.363125560 5.607601690 5.590801125
4.224792788 22.567189974 -25.777530327 0.974749576 0.180127430 -0.078346182 -0.106203804 3.494521016 10.343030497 0.773296363 8.986643729 5.757543244 1.851655864 2.520795565 8.030318367 -1.144153945 4.198928021 -0.556947715 1.508634833 3.596384298 -1.277202476 -1.011467112 5.535642643 5.429819214 9.980939595 3.503211484 0.416379051
6.032260140 20.938166553 -22.438228103 0.717170432 0.490837440 -0.144727824 -0.473074028 5.741890713 9.672341401 5.190999632 -0.290309065 5.504052922 4.260337062 6.811584568 4.082530708 3.217169434 0.873138779 0.867312791 5.762691535 4.792287525 8.388950233 3.527049572 6.902672907 0.445287319 4.743942951 -0.115244266 4.424190921
4.770400701 17.109776227 -25.225042516 0.949165815 0.178544578 0.136855323 0.220174270 -2.317085338 3.127605069 3.087415683 8.630089602 7.171321757 6.626741529 2.577166099 9.826274426 2.539206252 1.562354238 4.822484386 2.473427380 5.971391307 4.268120298 5.415743360 5.217595604 6.690396144 7.465924280 7.440466808 7.213315914
8.216700419 22.821416527 -13.514740951 0.747241170 0.480445031 -0.193139070 -0.416533918 9.423003713 1.006905037 3.176494593 3.796225753 0.325989114 12.505459156 3.977102771 4.449227930 8.907623842 5.016354555 2.886052491 5.822075123 3.117120286 4.332621857 2.835763258 2.049114148 5.304679306 3.400041928 9.438506910 4.331521013
-0.172723357 24.081854135 -21.968977223 0.811764252 0.459428321 0.061873489 0.355156428 4.962007951 1.768604985 0.940379063 2.851060221 3.909066643 7.718289181 1.375757175 7.336801818 8.264744917 5.732483962 8.722884994 5.479302876 5.797615448 8.583818524 12.467119176 5.702576748 7.423675400 8.420669954 5.718922223 5.481457657
2.866695996 25.487721802 -28.109847879 0.856062062 0.452991318 0.107737889 0.224386183 7.161489003 5.127584261 1.653111760 4.670841221 0.009113990 6.506203707 2.561778459 3.442286846 8.758286779 11.153157982 4.764914760 6.022062589 0.269835411 2.628068825 1.551319955 6.472432486 9.951529805 1.283488879 0.381053533 6.378021691
-1.436765860 26.506121522 -22.356725531 0.812218560 0.443431992 -0.076300262 -0.371277995 7.304440250 -1.889770758 1.334800340 6.980626130 3.127331946 -0.962737719 10.254311121 3.449188073 1.324334294 4.504034360 3.698286593 9.356980783 8.008866372 9.835976017 9.437885703 7.305402236 7.189797308 4.204303843 7.310766126 4.864691888
-2.389341126 19.974328405 -22.102463310 0.782186651 0.434549895 -0.028816817 -0.445555858 7.570533870 1.005290060 7.352180741 4.919393709 3.142361106 4.135762311 7.036318071 -1.397749526 7.045573253 6.077825003 0.968656818 6.002346947 2.786333291 2.743963650 2.750788021 1.039183259 1.124202837 5.519279775 3.018396751 8.367011989
6.585119474 22.336930260 -15.369174276 0.793456727 0.418481033 -0.118652439 0.425701358 4.459172934 8.023195454 7.080949582 11.278082149 6.086701409 1.274616009 5.153061428 -0.797986066 3.992100131 3.964250209 5.455724145 4.563988081 2.525380492 4.772054210 -1.424737989 2.119903785 2.415890972 7.001649961 3.157820689 7.465127028
-1.226054690 18.902658977 -16.951791913 0.895041615 0.440991265 0.013195403 0.065215745 5.089072290 1.881753114 5.690248599 3.893947721 6.077552406 4.916429106 3.206192668 -2.158366911 9.276366525 3.341087275 -0.742664065 6.847802801 1.147215164 4.424008756 3.328527846 1.202946146 3.844738648 5.021678117 2.171315767 4.394470257
8.913609582 21.262529351 -23.761945805 0.847880823 0.453374174 -0.167328617 -0.218062152 -3.310835032 -1.166907513 2.345523505 6.302105458 5.884319371 7.331277705 5.455181255 5.035988046 6.874415618 2.659039129 3.830665198 1.594307863 6.450075579 1.358996452 2.552438312 3.768616234 5.568115002 2.908108295 6.083467859 1.543826709
4.931568663 16.067859201 -18.383415500 0.883094041 0.462646784 0.044893337 0.063933214 5.788556734 -0.961764533 -0.477317742 2.984372407 3.873454142 3.704144318 4.258048380 0.757385882 2.965932841 0.356589690 3.555819183 1.609148398 2.414365261 7.077208591 0.531731600 0.552396284 4.375778043 6.639624118 6.802535919 2.535625247
-2.518953066 22.507429024 -14.149039692 0.739926202 0.582474531 0.071511220 0.328814206 4.362445428 4.121176062 9.543090593 2.311109940 4.240598807 8.350080885 1.351149347 4.401668595 5.899519674 2.046384720 2.146063302 3.620403460 5.842195763 5.236165433 5.270887383 -0.441125742 4.201218081 4.732262647 5.629822151 2.379973052
2.306341160 17.752762800 -16.474038781 0.762074395 0.480524796 0.010397191 0.433855316 4.526946491 4.893107629 8.104074053 5.426400583 4.943784575 4.544019120 5.735011511 7.737699683 4.148697937 3.537032148 5.794799859 0.595199596 8.088217815 7.087650186 2.875295598 6.103537235 -4.877720005 -0.134447130 4.185179293 3.766255096
10.562800898 26.878737311 -16.466781820 0.867574790 0.387802398 -0.033055635 -0.309565194 5.808677310 5.373818575 6.598606456 7.407983816 1.616321104 0.944763201 3.925237035 1.693151373 0.972146606 8.243060577 1.556388832 5.532328196 -4.535493162 6.936962327 3.752328559 9.953746034 4.001353866 7.444251230 4.873575897 6.952723221
7.490193801 21.284683916 -17.473333853 0.779004093 0.544097175 -0.124005683 0.285890676 1.850072435 4.915074359 5.603798124 3.362118656 3.947436647 5.195667658 9.246556565 2.080743376 4.220305727 0.998909658 -3.844945344 6.108746338 7.087456519 0.600298100 4.793449567 4.349346554 9.349650106 7.066636993 3.451014747 1.384634951
0.596691983 19.785742135 -28.607669701 0.836173564 0.455174926 0.188400632 0.241111508 -1.896377962 7.918245976 4.263519601 2.230129004 3.447060812 5.515871307 3.427931983 5.410557924 4.403380522 4.345911339 2.287930724 -1.159686025 1.602100294 9.039412747 0.161058408 8.097982549 7.925132421 3.624813733 5.952393736 4.813640650
-2.777447123 25.626042975 -22.169581992 0.800255536 0.476216059 -0.074369920 -0.356761065 1.380007404 -0.828993917 4.622688448 5.946233153 0.195378345 3.620377296 8.180793120 3.809026295 2.296577582 5.267559547 5.141853161 0.845664492 5.922116507 3.114979268 6.856052412 0.542798507 8.331726023 4.000588859 4.550516791 2.400444587
7.578181309 24.789644515 -23.527927404 0.830293430 0.473611310 -0.210194377 -0.205240033 5.448568766 -0.592649752 8.041653411 7.128677268 3.728028158 3.131195401 2.354386821 -0.076524821 2.751050312 3.840274050 3.901810699 0.030988636 3.758790442 1.803102473 2.424207341 2.585471068 4.803569725 4.766097154 -0.626587801 3.617201517
-0.551346061 15.167607507 -21.491501908 0.970365988 0.091435834 0.099397406 0.200373384 7.235282444 7.134056821 1.094052348 4.930052795 -1.177993304 3.375127528 7.594481669 -3.436743198 3.574838782 4.941153302 2.948755611 3.132157820 4.165504689 7.514164913 6.214448731 6.678111830 0.912290479 4.668135044 -0.851302090 4.492534827
4.949778674 30.411774766 -26.514109751 0.844067151 0.528521230 -0.056587896 0.070807942 0.769553668 -0.448126914 1.992793555 4.755107529 -1.332421404 3.661704049 6.890627530 4.287794598 -2.256304831 5.345621051 6.685351539 4.158426377 8.289898340 5.585141392 0.997872445 6.989259239 1.961870373 5.535668309 3.325122435 0.895171342
3.996697900 32.503439612 -21.158943799 0.817089229 0.492836990 -0.134953744 -0.266953890 -0.905658181 -0.688170302 6.981254668 5.418274782 7.029988571 -0.540554607 3.276571027 1.911594700 5.181080444 -0.138703323 3.295481081 0.568482333 5.840623959 5.623260553 3.903656065 7.205509696 4.545228615 -3.028261404 1.354856100 7.722812522
1.569547136 15.487160943 -19.501206221 0.842831325 0.319793952 0.265719669 0.341701979 2.147635575 4.886581951 3.635577240 8.758833115 2.460059743 2.474805436 2.850169110 3.211100538 0.830852365 8.524814916 -2.383046096 3.088837464 5.028831158 3.975243530 5.873699039 1.298436813 4.538805491 0.527445629 5.256127609 3.072133279
-1.234346645 21.300930586 -26.237707705 0.737821968 0.529630842 0.202981211 0.365935161 6.037875781 1.802857830 2.500634882 10.606887125 0.663033627 6.713701231 10.149911232 5.015616885 7.756594580 6.375783472 4.797567939 8.258223515 8.718463216 4.070234369 1.093426623 4.441674541 1.379278109 -0.498220525 2.543819875 0.504777252
8.411273829 23.526604037 -24.833227551 0.956351882 0.220377227 0.074180923 0.176980637 2.115595540 6.269600766 -0.292315354 2.147582726 5.198001044 -0.607651420 7.106202139 4.583719700 5.548421462 3.965688954 4.591081864 7.198971662 4.630511024 0.482728767 5.253724532 5.343621223 6.996225318 2.184584175 5.631053437 3.322765199
4.154621563 18.927220807 -28.903596207 0.754126853 0.647337133 0.081640281 0.074714061 5.614240050 3.291593283 3.111149683 7.220879654 0.992026170 5.599670545 7.022470301 4.738630726 8.163159992 7.046150733 7.491389429 1.246707453 1.678341222 0.775330606 3.960295671 6.865910692 4.954784943 0.344704416 7.109445267 2.734574417
3.447905729 17.863844537 -25.174332439 0.875449884 0.372165636 -0.028554839 -0.307025831 3.267959529 6.136311080 2.050501905 3.268786910 -4.096778623 0.610098818 3.699438993 -1.031830296 1.893625167 -1.615591786 4.413525162 -2.086273536 1.285374700 3.595003906 3.493730518 3.769458291 6.903468326 3.695663401 5.382179788 3.367515757
-0.404389245 14.665149932 -18.630507564 0.955110543 0.291294187 0.019283748 0.050395273 6.589969977 -1.972965536 3.060557942 4.926068396 -2.042453867 -2.964125101 -0.458149324 3.357970928 4.828896050 1.768042961 6.427618872 3.000491745 6.006776929 2.234544300 7.704590744 9.212222094 -0.934833205 7.105511797 5.409651211 0.289824383
5.092831266 31.700991786 -22.342687238 0.838656731 0.333478508 0.067508483 0.425311153 -1.211124429 2.556599131 6.034808425 -0.664243765 8.076911122 6.579793825 2.094243703 6.832439461 2.380096859 4.656556060 9.831623426 7.647574625 -0.420776793 4.396998366 7.717496237 3.298010240 10.220207772 5.615951665 3.491845880 4.563780947
8.695012070 20.404352510 -13.680191114 0.781625492 0.522027044 -0.217253676 0.263344253 4.069261662 0.966388855 5.949814150 3.475883128 6.154624427 1.645378963 2.926578494 7.833205260 7.544430286 3.901676924 2.647745350 0.350799660 3.654402001 -2.007032780 4.407205523 4.994109668 4.875642103 1.215956364 -0.809563197 2.463742427
-1.527206051 29.595222761 -20.732004208 0.786980824 0.581141907 0.104020798 -0.179206417 0.393289778 2.699889534 -2.169688816 0.951253018 7.729093982 1.227737797 1.672634754 2.351724812 5.413986430 -0.517158018 3.787351004 6.433624026 2.745569800 -1.378592159 2.248679988 3.623280890 3.648846359 6.942779053 7.597001838 -0.964399780
7.312821170 26.362637518 -17.214470991 0.858976800 0.459502492 -0.119269218 0.191810244 4.975965910 1.368416908 5.239222712 2.717529392 4.617077794 -1.988575523 4.422240587 6.948285490 7.422133420 6.024995747 1.586871166 1.646389813 5.862967325 0.332285190 3.713392314 5.777454792 11.349371438 2.595750705 1.611776626 1.633238660
10.896751442 22.786131859 -20.722303147 0.865537172 0.492083785 -0.058963969 0.072264806 4.299798354 -0.973118903 4.629976125 0.710192855 9.400607167 1.093069300 3.933012166 6.993298090 2.545545135 9.392707411 5.531864589 -1.044094319 3.000007161 8.009735458 10.532726050 0.065858884 5.527165962 7.539773939 12.848563905 -2.216425895
-3.915344675 27.024360216 -17.843511948 0.920856847 0.387935079 0.032079662 -0.022359281 10.258675501 2.783438475 2.681139243 8.939979758 3.352357292 0.377769637 6.414972510 4.187235845 3.825761040 3.231082358 3.593650984 5.336935558 6.176051303 0.596290218 1.860277234 11.517257494 5.295549377 3.771139479 3.380002966 6.656424235
