-7.251689180 -1.264511841 -19.106679122 0.919076769 0.172019706 0.152249386 0.320198746 5.110217643 1.006492259 3.812790962 1.805724787 4.560998099 1.732630433 11.603087834 3.266573684 5.246535546 9.070289148 2.751488285 10.988945900 0.678878696 -0.499554272 4.224860213 2.654288244 4.197687561 4.536270397 2.680481434 0.289757784
-12.133895031 2.524616882 -35.064689651 0.863094733 0.123120044 0.467382150 0.146502089 9.974845461 1.122836188 7.691244489 9.555707396 4.790874966 6.932179962 4.855305389 3.259961588 0.315595435 5.671239328 0.680568157 11.684824872 1.272202763 -1.184890705 -2.661597317 8.880131464 3.006631672 2.561961775 6.737011054 5.930485686
-11.665192823 -4.631853036 -20.787895697 0.822249334 0.320522559 0.461137469 0.092323112 3.882569960 3.268871357 2.265641909 3.008753371 6.746148513 2.071521492 2.396545473 10.430819042 -2.309076002 9.466288114 7.928057757 2.288762895 5.817674040 1.595749549 8.054952745 2.750842436 3.134251125 2.917492721 1.880974095 5.081962154
-9.448488252 3.634757929 -25.288163709 0.969144659 0.077702015 0.226984047 0.056562088 7.625701749 10.415454128 6.939706981 6.704218445 0.952275728 8.726562507 0.058281474 3.004999211 3.146034859 5.084800008 3.814980598 3.090537668 1.724488975 5.488199588 -0.727650923 -2.016175673 4.450319761 4.285036420 1.273630025 2.186325139
-16.938431940 0.307453233 -25.066660413 0.917552998 0.171939450 0.350306053 0.076282310 8.082515996 4.171576309 3.242070687 4.002724529 1.250711668 7.114990919 7.115806531 3.155929642 3.883737697 3.259535413 5.364631318 5.168624670 -0.430900059 3.590819697 2.742974436 3.587265008 1.382764272 10.180039972 5.071152878 2.122519125
-5.165841735 2.159828334 -23.578016575 0.868885071 0.466778414 0.079654955 -0.144262724 5.442039058 7.823128133 1.572545400 7.516006480 2.233085431 3.747086681 4.552224548 5.336987165 3.737407746 3.079445867 3.969459669 4.874055957 1.737578859 0.836517038 5.765940693 1.472203817 5.246090941 5.142801633 6.934026630 4.355659753
-8.859631510 -4.316767189 -23.366772285 0.857986742 -0.025341437 0.505562973 0.087307746 4.699833832 5.518818418 4.350730244 1.952579581 3.293676519 2.120260938 4.729304389 2.292852598 1.219521887 -1.248580642 6.427159202 9.284454744 1.858072302 6.197802054 4.793000069 7.425213430 1.006460575 7.489822602 6.275553234 4.051106731
-7.801167281 8.550338579 -26.986565359 0.723114151 0.465523633 0.491184706 0.138315783 -1.115251660 3.128424458 7.493086118 3.979523621 4.718581552 3.475255617 3.237881025 5.484943556 1.416458183 7.638807271 7.203607667 -3.617051084 4.945749575 4.283677485 1.549395897 4.885934127 -1.387473831 -0.296513201 -0.833984735 5.629649521
-15.741387295 -5.148135646 -20.806556510 0.835970552 -0.163236858 0.356404565 0.384034829 4.611650431 2.283463219 4.578483131 0.237898435 8.182726201 2.770421610 7.467379692 8.278116674 2.526277621 3.391097356 9.073525669 -0.117267351 4.836639713 4.785686083 4.727472911 0.593324104 4.840941533 1.384182960 5.098800410 10.022819810
-8.874652381 0.718369072 -25.459511511 0.780984996 0.487100003 0.058969063 -0.386417743 6.173387921 1.884831393 3.093246172 7.118905024 6.130860240 -1.407877641 5.283909414 5.459806217 -3.855817636 -0.177096530 -0.102530321 2.285767276 -0.294916270 7.448180430 3.898173604 2.277818093 5.256288177 2.583676663 5.625911769 5.167668333
-4.004026032 -0.228091132 -25.700189011 0.905012262 0.289669129 0.029508840 -0.310119058 4.706698858 0.966177904 4.820754423 4.250576690 2.186235663 5.624736207 5.584784219 6.653612712 1.741695259 8.159874762 5.764446199 -1.456354996 5.887795325 6.272883684 6.232054984 2.958323290 1.786205590 2.258113032 0.693253122 3.437267373
-9.710359192 -0.338741783 -16.374946671 0.894645016 0.246820340 0.372330561 0.007743969 5.066134470 8.126170394 3.087880905 2.990106411 7.386871602 5.730538463 3.770449226 3.967929404 4.250525978 10.278740950 5.459360888 1.669063456 3.912483889 3.787637425 6.001658897 -1.939184121 2.803683327 3.594391985 3.593762745 4.237991335
-11.847346084 6.553630341 -20.234201510 0.867851404 0.134220897 0.224440503 0.422427689 1.304637869 4.909674446 5.913107869 2.332241723 10.330166124 2.795617102 2.122280227 5.684996713 -0.602453748 6.550943392 4.687216282 0.584725773 5.538850928 7.130375985 5.145579249 2.743914916 9.483341008 2.248962406 3.491625716 4.080215330
-5.645377890 3.584291096 -18.523405050 0.875853695 0.451600732 0.164685562 -0.042611604 2.387739930 6.701933179 5.623825396 6.368617049 1.660380238 7.789028951 3.038381362 5.550809267 4.650964758 3.320027796 4.891049377 3.373532703 5.086444223 6.430957995 3.454896775 2.845059303 0.992947275 4.370760029 6.124370995 2.186815801
-7.305537017 -0.831695479 -17.022285556 0.814022405 -0.043941464 0.572689778 -0.086389180 4.338656531 5.495574167 4.705121086 6.935158386 1.684258253 3.329175406 1.620924013 5.973514034 2.061401574 4.952537254 9.038093040 2.989635104 1.159396095 1.557502057 7.705717473 2.219010691 4.349043509 6.431649468 3.928553226 5.199175239
-15.961080078 7.285918471 -25.282371244 0.878114968 0.322277185 0.345460528 -0.075554905 -0.783675882 1.979118281 5.228451481 5.078627284 1.916797468 1.891639516 9.588300427 -1.930106290 5.248997530 9.931745924 -0.346797229 0.324684382 -2.683474793 1.963976054 3.959237793 6.719666857 2.284513979 6.705378908 7.031805789 8.961251538
-3.761129765 0.645833044 -19.175767829 0.845462974 0.320806359 0.185425389 -0.384568674 6.616871259 4.503244632 3.085567542 5.381202137 -2.411387594 10.311412187 2.423272975 3.607244682 9.508723549 3.110091156 2.492569514 0.380481566 -2.756679702 5.615140205 4.766225442 2.359676009 6.228041118 1.271561999 8.032581354 4.992133699
-6.376031138 0.008485664 -29.094489353 0.965422738 -0.121529888 0.152967310 0.172599031 10.158776318 -0.738514433 6.474040834 5.674032516 7.099170720 8.427688430 4.250477163 1.070534160 7.527372201 8.950271077 3.169927479 1.844905829 2.342145155 6.264031342 3.850574479 6.645120028 1.900328422 7.469581739 4.585902822 3.135243007
-10.220494300 -5.191291698 -19.642239312 0.843231047 0.066566838 0.434542950 0.309358500 3.637726247 9.695535905 3.101685108 10.711978984 2.186812523 6.526858009 3.128004616 3.231146663 4.373189397 2.926549784 2.523397550 1.200496976 -0.738283516 4.278971079 5.736852628 3.636585867 0.099414450 1.059105844 1.271786352 0.553601037
-5.866231560 -5.959205179 -23.205469492 0.731344212 0.278026730 0.613811527 -0.105224478 2.004823504 4.165173681 8.910173081 8.076923659 4.322964886 2.035820651 1.447934574 6.052691081 4.608915768 -3.730111391 -3.688764583 6.145334944 2.623463757 4.131836889 3.656940962 4.975163971 1.811599433 6.229136931 2.626210708 3.073988201
-1.920000771 3.614201181 -25.334375221 0.834934276 0.347703872 -0.326205629 -0.274912095 4.067733822 1.856873796 5.412980512 4.407879587 4.581124131 2.389729921 3.707828119 4.960981783 6.929671804 0.224194480 2.755006152 5.050983986 2.869697731 6.135587990 -1.028227316 2.866790363 4.529785013 0.587334764 4.156137056 7.525010746
-6.449395491 -6.841372937 -28.568309949 0.892858463 -0.367972253 -0.259554999 -0.005602462 4.271744245 3.222622342 -1.554380437 4.562354754 4.994419443 5.734310747 6.124023819 -0.236889286 1.816664157 2.561976288 7.003686982 4.827013094 6.134747602 1.798929829 3.691268402 4.119430248 4.360341635 3.528056092 5.826345451 3.891504272
-11.541966576 7.384842315 -30.411726485 0.991776700 0.086323809 -0.054240557 -0.077363683 5.686100567 1.584650307 -2.654434747 2.956680779 6.564687456 4.447045913 1.431047307 5.978791303 0.143398294 5.855655121 1.577369596 3.748988746 5.506956377 5.024103213 5.161411214 4.723161619 0.560832021 3.353789180 2.875764739 6.937177393
-8.397284379 2.586037242 -28.150182070 0.986947496 0.107149150 0.117618509 -0.024891498 5.206796021 1.859959469 3.144228212 2.578357190 3.131671616 4.050624120 1.820367547 7.728230558 5.055103014 -0.331079915 1.610359964 2.781840738 7.134155768 1.969841797 8.181137746 6.026798507 3.333062051 9.774344876 0.094642683 3.568104315
-6.448039620 -4.279679160 -24.026889822 0.796760208 0.205195799 0.551965095 -0.135655403 6.725953083 2.133830720 5.717457962 1.038354074 2.178545689 7.793341091 11.999763878 4.072847485 3.778981488 8.173225923 7.631922709 4.535769554 3.816161452 4.391097566 4.382993873 5.240231994 7.402723928 3.494621302 3.261408536 2.492764199
-5.473938070 5.537694135 -30.461368214 0.942444975 0.020668718 -0.331968482 -0.034164320 -0.951804147 1.131238850 0.422169609 3.382027831 1.377177792 10.197767478 7.431345565 1.423623193 8.469154485 6.609778461 3.342544402 0.290293603 2.557722032 8.532725257 1.088281111 6.311864196 7.417897454 4.825565546 -1.144788194 -1.085314531
-12.234204152 6.947261278 -32.992561383 0.915672239 -0.000500450 0.396001069 0.068755031 4.288282932 3.574177737 4.067377480 8.253933842 2.318048146 2.577625279 -2.096857988 3.871070131 0.484153414 2.230740678 12.902399772 8.393980253 2.100864533 7.583700911 3.092310275 3.715645270 6.539238267 3.877943440 -2.229120636 7.345450992
-18.503735812 0.080785004 -32.177941522 0.887636590 -0.292373217 0.227530184 0.273585822 3.738380046 2.646213345 5.843470254 0.291897279 11.206538347 0.380297104 3.897200389 9.404074793 5.580519381 0.574075375 6.704628728 6.633138465 2.990193958 7.700978859 6.239169559 6.882042988 8.842235742 2.486835287 2.601408015 0.346856142
-12.003646446 -2.641804823 -24.950606642 0.731286793 -0.463180785 0.341776930 0.365884841 6.965427507 3.519090500 4.327879899 6.798268314 5.714399107 2.212666618 3.299871226 1.034628433 3.655479071 8.859879695 2.004941493 13.077023693 6.651821048 6.069347510 5.176259548 7.142638784 1.732647650 5.096471417 3.663983915 3.886153965
-4.304047624 2.141583999 -32.317306823 0.873774518 -0.450054560 0.001655845 -0.184299329 1.222972533 4.513374717 0.173680175 5.627293337 7.458662302 -2.736042583 0.106160973 4.154846730 2.643367877 -0.174325027 6.383596884 2.648603695 3.075520772 1.094472869 -1.251216991 1.140983003 4.125904573 9.056310096 3.589629623 10.506306171
-3.227343850 0.827830429 -27.402877724 0.841810793 0.255051750 0.384253879 0.280449908 5.767597901 -1.460902804 -0.140810454 3.832780593 -0.788181788 2.045452585 -0.464703343 2.260438928 4.223577044 4.224360653 1.717212881 2.060478529 7.274198916 3.864086165 -1.064015780 4.312450114 4.623450891 -1.384378152 6.289863817 5.602475002
-9.046766302 7.924912746 -27.815924324 0.886189028 0.116763197 0.288581909 0.343155715 0.459951028 4.162962942 4.603962019 1.879974100 -0.280165866 2.857756626 1.126518974 6.139207847 -4.515680972 1.491024245 4.635490352 6.955294855 4.540521541 0.670968648 -0.373574163 2.508105938 7.307109683 6.712323537 10.177264917 1.797711996
-12.522953187 -4.370233694 -30.839912136 0.915885573 0.297453875 0.072966182 -0.259520222 2.071612909 3.154521330 2.169884938 0.476897183 3.222772492 6.875993760 5.494221794 5.514520031 4.723804445 0.142652532 2.295520035 2.106638912 6.394835750 3.612670241 8.572797732 3.776961968 0.545706824 9.438590915 6.012802259 2.897880144
-4.437878023 -4.918607819 -25.147922425 0.978251211 -0.144120617 -0.148826443 -0.010222842 6.081565320 2.449509847 4.332153027 6.022223976 -1.158895819 3.833471422 3.864221428 8.110388989 6.658899960 6.201623248 -0.126062196 6.615174944 6.446902058 9.962673722 3.261312922 3.493019090 -0.530783566 3.440035360 2.496465440 6.490154979
-11.651491271 3.329894008 -34.292268954 0.929548881 -0.010911229 0.263071020 0.258095838 2.157474014 -1.942541801 9.642819745 -0.475496305 -0.779087511 8.054628801 -3.207147810 5.562443147 6.385267234 -6.551392186 8.134049724 3.483381280 3.320187243 2.564878287 4.311714240 0.666414955 5.990915247 1.612801193 5.724161187 3.370994226
-18.127321898 3.849799958 -27.123954140 0.746818039 0.182114574 0.602270842 0.215329819 7.863175271 1.680744593 6.773080826 3.182166074 -0.145176421 5.196623840 3.550313521 7.406604288 7.958853787 6.890412470 -0.203241245 3.673918132 10.780965766 7.768788336 4.451397254 8.073458687 -0.604730487 0.035379123 -1.482150941 3.211609421
-9.826751855 1.142983024 -17.051829199 0.803525362 0.396599690 0.435033967 0.088323982 4.568192172 4.801470104 8.030624388 6.115479751 4.960056885 8.769454205 5.161335309 5.060076140 6.245163331 2.754999977 3.710546954 7.129517640 1.401386846 4.931357031 2.751501306 2.594055197 3.769516855 8.431348126 1.734726353 7.320915935
-7.504291062 5.831071925 -19.349642023 0.886557504 0.390260943 -0.148027122 0.199499775 5.345889870 5.622263794 5.924441994 8.650241466 6.583239457 5.172886390 0.831339569 2.761366166 5.244484330 4.813997740 4.447618615 5.114474780 4.519849661 1.889792598 6.149290330 3.871367871 10.891773410 1.668876234 3.826476955 4.079238117
-16.736200701 6.314765837 -29.741545816 0.762146039 0.250402888 0.518665485 0.295665223 1.153577826 -1.142509489 8.013709419 8.927774180 2.699539139 2.779244593 3.305473269 5.206894805 4.416961956 5.870060353 5.417631996 6.040957840 6.908686147 5.966980394 2.996715270 6.890899239 7.537065556 7.498478655 -0.820255152 3.236031910
-13.567022192 8.711231666 -24.586751139 0.742917717 0.360771261 0.433940420 0.360018160 3.609136289 2.086776145 2.610150109 7.808582765 5.821470359 8.124582983 6.451225879 8.956723923 5.617376457 9.053089084 0.610813372 3.417609679 8.269755253 5.352730844 5.651140641 7.395703418 2.973452599 2.741258839 7.946815326 -0.974033859
-13.927028876 -1.857481346 -34.678295857 0.872059936 -0.129949664 0.362484994 0.302041689 7.002685522 5.345427284 1.750495821 -0.778267418 -1.053492790 5.342249464 4.562817795 4.841796834 6.251750073 10.095586187 6.823265240 -1.800210915 4.506224157 3.196130472 5.560294568 3.638612254 8.112947136 4.699569171 3.482949226 0.743582153
-16.477330074 3.005309301 -29.676136068 0.829096934 0.387187843 0.223937588 -0.335463567 2.658975950 2.852100306 5.456629235 6.313315299 -0.189412113 5.326953966 6.572676781 1.871352271 2.279701998 3.429379094 0.912709666 5.930986415 0.450493753 12.125984418 2.883747792 2.705614373 5.635931455 8.024035783 3.350796251 2.138063838
-15.660785589 2.188263443 -21.424815029 0.748478192 0.265840648 0.523570019 0.308194065 1.651310119 7.656046346 1.424247055 0.304390397 4.062690165 0.835744879 7.870776944 2.985001695 6.074886942 7.895561884 8.934015072 4.856438713 2.689767504 -4.276243462 4.490304159 4.225546782 4.676306145 8.478265988 3.866652587 4.256402804
-9.122831938 -0.991096575 -31.210662424 0.732890991 0.112568126 0.654870428 0.146095637 0.925616456 5.613097551 0.838453992 1.896200331 5.190342069 4.442602151 3.359744406 0.201666040 -1.312865865 8.482976509 2.518080272 7.748626835 1.174311543 0.260747232 5.888275275 0.604429724 4.962159148 3.117930545 5.970360504 -0.247352699
-15.332360825 1.453393217 -32.860930348 0.955545195 -0.078567065 0.283945569 -0.011640906 5.199106761 5.339049356 4.414503933 3.766859784 -0.900735693 2.070674437 7.056990908 7.814475506 1.528717506 4.443877392 0.759033616 0.580269862 2.266727321 5.519792824 5.491425177 2.276693417 2.576587362 2.092248495 6.055657785 7.579041792
-16.703309045 0.782928822 -31.163270078 0.979431881 -0.196767335 -0.031742238 0.031436241 6.926626313 1.996182364 7.422127689 7.482186212 1.403817227 6.106475824 1.457755995 7.658283043 0.370498882 11.533740636 -0.454575313 4.175431130 2.500294754 7.413535227 5.893425245 0.847514996 2.941824013 6.164270397 8.123251123 2.765911249
-11.200003525 9.371409144 -25.248011144 0.945722656 0.159267450 0.223007395 0.174671802 0.668059232 2.265083679 5.035519555 4.227600242 3.566318154 -1.728173205 1.464204061 3.629933283 2.251470976 5.853109723 1.143949974 5.349154977 3.104601558 5.372297201 8.122051826 7.710152805 7.293436772 2.750568802 3.413018581 0.628128361
-6.968117573 8.762892051 -25.611363342 0.904291118 0.279846005 0.077809623 -0.312872896 3.526716375 -1.365134503 7.176281297 6.477921778 -0.384174585 4.118709527 4.457037462 3.686399643 -4.412307929 4.762565955 2.237768346 5.273779873 -1.938889358 5.105401072 10.423880281 5.123295979 6.144886471 0.440453501 1.348534090 5.644031532
-5.310184341 2.150314588 -18.302688401 0.779414153 0.050801295 0.602350131 0.164642421 3.394492061 6.696176522 8.250960153 2.699758831 0.665212840 5.157162588 2.078856496 3.414030047 4.789096106 0.556295788 0.463057013 5.057257950 0.328243972 2.520942973 7.284616460 9.532955129 5.319722153 7.061376346 4.603473957 7.605860966
-17.063899659 4.571177122 -19.581008053 0.811628997 0.189811623 0.343805226 0.432467208 0.076709454 0.307274955 9.666082429 4.922949059 3.857494363 0.534445479 6.907822862 7.629518880 -1.004808044 8.088503095 8.414039454 0.042405545 7.407105829 7.281270426 2.854199056 6.937943148 6.954095723 3.421553987 4.257573770 2.594449206
-19.774423765 4.737780746 -27.400376156 0.817733340 0.388923213 0.240270977 -0.349743873 2.072225983 -0.224049593 5.281532681 4.781245991 1.252325701 2.879212857 1.136613972 2.429710890 3.340346291 4.104435373 -0.163707265 3.257990802 0.199365413 4.514507418 5.160732235 -3.443063585 5.443611379 0.099007330 -0.073252013 6.176349203
-12.365917124 1.850286130 -35.360886026 0.921998081 0.016010177 0.317100913 0.221608267 3.007944862 1.093923152 5.250369598 0.229701119 0.100403179 7.286440529 7.165063781 2.392473177 4.790103004 -0.473122210 2.270614705 2.583847117 8.012114532 1.600408589 3.209542701 4.457712701 6.664161545 2.546404289 1.936672611 -0.726314852
-2.781597848 0.306209301 -22.492274766 0.750525755 0.593305497 0.276855688 -0.089725168 3.943379275 1.762529629 11.500833505 0.811995011 1.167251779 1.510727009 7.382290723 5.198430219 3.784320952 3.927023843 6.336879641 5.833561323 -0.432107718 6.457588908 4.579332366 0.168630385 3.207992795 7.533341247 3.349433201 3.023112213
-8.383090323 -6.207103195 -27.161230662 0.843815773 -0.147965270 0.432702021 0.280802745 5.152271080 9.878365050 1.683272594 9.971693681 2.023986266 2.115635554 12.624694851 3.455645526 2.929501491 6.382501898 2.907615388 2.802121551 7.470064217 5.686146671 2.938757168 4.699053035 -1.376977801 3.165966022 0.105465972 2.964140103
-7.544876022 -4.304268027 -30.776435463 0.848125626 0.148680198 0.489848447 0.136475715 1.703225373 1.863178250 6.690809343 5.636752587 9.153877387 4.348395426 5.236207455 6.231920285 6.999366542 9.206682195 5.287889361 -2.093170018 6.174376053 2.776462084 -2.498268306 3.484793205 4.117416605 -0.363159593 4.429527664 4.737456165
-3.617679259 0.892424523 -26.216979620 0.736876339 0.490176113 0.333875013 -0.324450481 5.206896850 7.369802222 4.268837343 7.631845611 1.371447648 3.014269296 7.244459117 0.790343306 5.459716683 3.045833973 3.423913984 6.323688476 6.946118859 0.826324089 6.268467882 0.491324030 -1.385683883 4.857069615 2.246874022 5.051964785
-9.691015531 5.036591399 -20.127803430 0.808069168 0.519436287 0.271599995 0.058682246 5.640545945 4.934083218 5.384968868 5.019250338 3.857415067 3.744530476 2.725798026 0.206563107 1.289816011 2.740790542 4.106598119 2.789110935 6.168983103 6.361524149 6.695094692 7.481656839 7.131924759 6.755498945 4.112690365 7.051098346
-18.301141244 0.645407386 -23.180311812 0.820272171 0.245580923 0.438422635 0.273183398 11.969090720 3.665887704 10.052044397 6.488483309 5.101947428 7.631601024 4.298454866 -0.398831514 3.464709969 2.794151419 4.475064139 1.068649792 3.033129459 0.232220277 6.706084090 7.064869320 3.248049755 1.146602313 1.714305147 8.365626321
-12.173243477 2.217864412 -23.458740620 0.949069316 0.226193094 0.143549270 -0.165824380 7.230988102 7.953959193 -0.102402487 3.835318122 4.371325621 11.046312087 -0.152737205 1.057464512 8.977085038 2.525178231 5.936869206 1.725030904 6.414168436 9.833871024 5.827746501 3.499477993 4.238258123 2.227289355 5.977934187 7.619851613
-17.826688911 2.662687364 -18.866852660 0.885625699 0.077281781 0.425082286 0.170292975 3.717236690 2.232731034 4.315855255 9.082437486 3.064584179 5.226843656 0.559956106 4.414760673 1.128652387 2.298309506 7.652366904 1.533606741 6.598190691 -0.847978315 3.278977682 -0.918063362 4.500624629 6.413032707 3.235437719 1.894121071
-9.124241553 -7.940476445 -22.439644339 0.765895036 -0.212733347 0.475673686 0.376674743 8.936187996 6.788831280 8.793317182 5.347736080 3.941827863 6.011601686 9.051838327 5.950843274 1.026095628 4.352713760 -1.548516555 3.484930585 1.401184112 5.624931595 2.956271380 4.252469985 3.801849227 7.019250368 6.387565718 2.535231121
-10.979806891 -5.276665667 -20.700407199 0.777494139 -0.037726100 0.518341387 0.354121181 6.397509277 4.779175348 3.240797794 2.733639763 9.947884713 4.053459371 5.234385968 7.373757239 -0.865391059 -4.669168434 2.357611437 -2.517217309 2.420054120 7.024387766 10.248928418 7.477442177 1.680434114 10.218014298 -0.346455176 0.936792105
-12.873578534 8.154043308 -31.623751276 0.915219192 0.320860213 -0.053935696 -0.237725671 4.034340936 3.861550141 3.207231212 -0.983270211 3.539007317 -1.349819742 1.757379045 1.684665553 -2.181820448 7.049837960 -3.192031865 3.698686778 2.231455943 6.799343374 3.784262869 0.801694292 0.936790114 9.511255502 3.960164002 -0.264428199
-16.954306019 4.046986042 -26.445228015 0.985550377 0.086322541 0.135827491 -0.052818232 2.469402221 2.688719644 1.743666781 2.528300128 6.966242415 -1.728409620 12.774400132 7.354835372 6.904111384 4.237922249 1.906547206 3.461006336 -0.897222300 3.696210469 -2.093298988 4.682990072 1.565507708 7.954207250 5.280606015 -2.125730821
-9.034239297 9.737336939 -29.673273033 0.978927168 0.008761118 -0.193674566 -0.064148300 0.732353549 4.689456652 4.911746512 7.642705207 5.455292001 6.611263928 6.205832805 2.822042960 3.431525614 -0.015092675 6.029988091 2.761982922 5.738296757 7.561851804 8.357582323 6.705766856 6.482217231 8.469951443 4.139174924 6.058338699
-3.863170923 5.200640917 -28.272447304 0.930398600 0.212571687 -0.220205868 -0.201695560 2.324568434 6.877414644 4.399176888 6.710866795 4.425102626 7.296463267 0.540135421 3.726582598 7.752522195 0.496556871 3.627718200 7.044629983 -1.586681222 4.184811671 3.580852902 5.540061841 2.363621063 1.460191868 6.185553984 3.880566061
-9.847740324 -4.883493168 -18.620357379 0.839167726 0.189775582 0.496074950 -0.117014525 4.036243651 4.233492079 6.535068538 1.455853006 2.502150363 3.270267723 6.045500237 1.572391400 3.447657050 0.013591908 1.579907690 0.674879840 6.295462530 2.702705229 1.092054150 5.302261511 1.962312298 0.971957921 6.665554048 0.730609513
-16.667941733 -5.905053019 -25.222230293 0.801878206 -0.153814660 0.329378013 0.474175619 2.771715023 2.642818029 4.413500999 6.114485155 3.451380239 7.647650146 3.849483067 5.151918043 -2.423178737 9.443323342 2.473227666 6.257076111 -0.884796696 3.736571986 5.267582908 7.818683943 6.229605255 7.730303259 1.568871225 1.736764751
-9.007178653 8.658105546 -29.262150536 0.891241014 -0.074913134 0.247233056 0.372764394 6.728996891 5.094195768 6.661871991 8.736941312 4.458835409 4.134136618 5.953194701 7.900720295 1.502881735 3.248123054 1.997901743 4.342952227 1.852270729 1.239755464 3.392639917 1.632720725 0.182908031 1.807473337 4.196514787 3.065086928
-17.338934924 7.554908008 -23.865111324 0.828092169 0.425423850 0.262334081 -0.253887253 5.405714951 1.253558110 4.182511187 5.528343896 6.456837322 -0.173485111 1.408886972 6.828893343 4.191491400 4.118202960 5.865357654 1.782977415 2.675174779 5.534813553 5.078646257 1.733995464 6.198809281 3.809705721 6.878496281 1.806182929
-6.781591004 -5.914255177 -28.322637020 0.976463620 0.138381450 0.162454143 -0.031273383 0.712731415 -0.959202673 2.052810102 0.865973425 -1.789576616 4.421614321 5.213421792 8.962741689 4.931398839 8.646805244 5.696161375 -5.724268324 3.291536061 5.341719605 1.566881346 4.233086210 1.509391240 0.784309613 2.957141879 2.392778770
-4.411881560 7.210390418 -23.362128766 0.711850290 0.653858035 0.250227006 -0.055904207 8.887093481 2.096811091 3.450429891 -0.164226655 4.772528710 8.945034087 2.838443185 3.925325695 0.171885037 4.764703843 10.822974323 7.395485624 1.687971915 5.251219822 -2.016854177 5.502114359 2.654825944 9.707636353 6.257158790 4.307940629
-10.647454356 -0.762051316 -21.219790940 0.911346615 0.233439101 0.334044060 0.058035329 8.213503057 11.123878748 2.737945669 4.962383014 1.317039114 6.884303823 8.807577847 -0.135219057 4.533712700 3.236813364 3.861558027 4.028437030 -2.599540478 3.404410544 2.316169971 5.777027006 4.552541658 -1.646085716 -0.810029963 8.606545215
-8.916388622 10.136472133 -26.806302706 0.773555560 0.561659747 0.277122587 -0.096711923 8.801092263 6.548290916 1.400410069 1.034059749 3.839369337 7.936058251 5.500922028 1.692237961 6.023610301 4.842462814 3.569766210 4.357378737 4.515407643 3.602235426 1.571951267 9.209382052 6.196814660 9.049415707 8.735497972 3.120704091
-11.843126161 -1.892398347 -17.532363607 0.821049694 0.340809793 0.355081874 0.289210904 11.700009151 1.679474448 3.970750896 5.017795080 1.360965462 3.962598544 9.102790569 7.165725313 3.895746112 4.298532586 6.403384476 -1.143122625 4.321438578 -0.459945582 3.027851029 6.274384850 3.560418561 6.979036304 4.862421738 2.559493653
-14.384455371 -0.300980507 -31.380295210 0.836722942 -0.059701397 0.543657861 0.027687413 3.909273585 -2.433296311 3.666904019 4.497778881 6.152846840 5.982759299 4.745165822 3.411115634 -1.029710844 6.910642916 3.434140736 7.365371865 -0.095226155 6.305163579 9.003583837 4.949575912 7.905052382 3.525652648 3.078936238 5.491287802
-5.567002195 -4.102598973 -19.998423447 0.813134426 0.292108505 0.493803891 0.098197471 5.778701917 2.123415096 1.280688881 2.134560800 6.381213406 1.276108898 2.832084769 -0.225683579 6.439659674 1.665333822 3.190415437 4.507253137 3.906752813 3.195448050 3.700554101 -0.167837686 5.322303394 6.512390184 5.703690372 3.425222553
-18.707406653 -3.398198346 -21.699672329 0.970668408 0.025487608 0.238855202 0.010070539 1.522528546 2.564422394 2.402199612 2.804952464 0.185428601 5.970636550 -0.732198065 -0.666375678 2.396536354 5.146306767 2.167617628 -0.759156727 1.646985273 0.598709107 0.349533314 10.817728247 5.529140165 3.547517980 1.660402447 0.060981564
-11.517528268 -4.626024188 -21.566172399 0.888265931 -0.236435108 0.313579202 -0.238222919 1.677024385 5.600883018 5.199706570 8.669458986 7.105781512 9.429640921 4.094535417 6.873328439 2.485741366 4.000762722 0.599024949 5.361437228 4.944914797 9.738330593 7.041355323 4.395350041 2.800888195 3.985604488 5.230886760 -2.981037200
-9.967256942 4.556275981 -21.359856997 0.739277606 0.279364166 0.572741213 0.217696549 0.960342887 -0.570106299 2.098717700 1.228218669 7.715577551 7.377801839 1.437070359 9.075824605 -0.915725040 7.092912028 0.670209964 2.625451624 5.347159042 12.903247960 -1.149971207 6.346996775 -0.026819165 8.597633237 3.836897443 3.504924741
-13.934911745 -4.193376990 -29.727153257 0.732363721 0.139319709 0.605394099 0.278803486 2.738847831 6.084413500 1.299321008 7.468285150 9.408448866 3.167522037 5.479148021 -0.663257748 7.039523823 4.311238803 4.064896531 2.255825715 5.554177862 4.113316618 6.766122387 4.942676633 5.820332607 3.928263199 11.090106812 6.148045438
-10.363279129 3.799183864 -34.441132861 0.939607988 0.214879194 0.261122691 0.052713381 3.056982880 1.763407351 -0.130261541 4.486086299 4.032266276 3.959830275 7.656314142 -1.979752037 8.193497800 2.480100467 6.870240398 5.831677488 8.371576906 5.437810054 4.965520843 4.146031407 1.678545051 4.525052452 7.611532734 2.879486581
-8.070383619 -1.034111062 -22.404860688 0.739299506 0.409865448 0.322267259 -0.426134215 4.161006987 3.172686531 0.017287464 1.168898906 0.389521950 6.655950928 4.453699836 3.384675970 2.623552878 5.975058996 3.699805441 6.195302125 5.761999984 4.034151555 10.773040594 1.747912147 0.996555149 5.441394956 8.592444793 6.399223435
-15.208397942 4.269604007 -33.928677981 0.777346700 0.526161473 0.136994427 -0.316415455 3.192666396 4.826512796 2.164889156 11.881904534 5.434748464 5.733898941 7.510650393 8.683731875 8.007693395 6.772916431 2.740236434 3.226542230 0.354192140 5.831963704 10.692636319 9.601426852 -1.873814255 8.671607870 -1.615958439 7.013328114
-8.704089664 5.684311230 -22.426470173 0.965286041 0.012771982 0.253817537 0.060302516 7.269307618 6.331437109 4.682654953 4.502928818 5.649470261 -1.737279287 6.534482192 5.489618680 2.489405893 3.030878967 10.587441106 7.310149352 5.191804408 4.311995401 5.362068266 3.175860304 6.927045816 5.453732177 -0.267023851 4.183907073
-16.030033803 -1.325384796 -31.240848050 0.975735129 0.123438938 0.094479042 -0.154199537 5.498168859 3.033824706 3.171077533 3.400297744 4.073543249 2.894721800 4.987958327 9.638928689 1.407757668 1.589809001 10.855505893 5.119740424 5.104585898 8.295884851 0.382059221 6.104748491 2.279117668 4.623145607 3.003743830 4.152627373
-16.884078959 8.296942001 -23.144849598 0.988639208 0.093884476 0.115061625 0.023217308 4.258246243 4.214994328 4.536895943 5.096506011 3.522484827 7.462211863 6.061688446 1.375444908 2.539011639 9.093448844 5.706738473 6.635952848 -1.335797878 2.120330312 3.720829153 8.410030761 1.615957621 2.283898369 3.138018692 0.862492557
-10.705836095 -4.097370199 -29.932228524 0.842731117 -0.174618391 0.297429233 0.413338280 4.283505638 3.466743140 0.511218681 3.871830851 0.716240037 4.229654257 3.595259308 4.213809731 8.094491924 3.758626267 3.862671624 4.085281881 0.679869138 9.266376978 -0.047484594 4.615809579 4.574084935 3.525820579 4.961338872 7.136987244
-10.324660163 0.911005209 -20.286797582 0.966166279 0.133266267 0.134415380 -0.175200824 -0.238389330 10.056757768 5.686477633 7.169447395 0.403703345 9.576783808 1.754401789 1.217937552 4.522016981 8.848959261 2.927594073 9.593679680 3.916038264 7.061487661 -2.146251827 3.931090586 3.269537423 5.566631293 7.617729261 1.938636231
-15.910720339 0.392591787 -32.403966287 0.941929007 -0.191819170 0.179075360 0.209540372 6.029116649 6.650967093 7.560245567 2.029655840 2.949624271 4.393647342 6.578401285 2.080614596 2.411441176 2.920445234 1.073817576 -1.150415881 5.663369234 6.487851989 3.482253626 -3.165920730 6.340119151 2.713416395 2.529034443 4.005332566
-13.165854701 3.510038112 -29.409558715 0.854596067 -0.265187036 0.280218867 0.347589966 7.095264633 5.691844262 4.077978253 3.815083178 1.296828334 4.543094181 3.055072211 5.136346537 0.558415773 8.207314342 4.010579182 1.012870946 4.865377342 2.725070785 7.158108568 3.581107995 -1.068279177 2.756601955 3.251416948 3.995348379
-10.561828007 7.189650747 -21.643425564 0.779749228 0.471545185 0.097876249 -0.400070645 0.343974684 6.058853893 0.218342472 5.141854338 7.632678966 1.464062046 5.097420757 -0.887978873 2.963375975 2.853847374 0.462434468 1.697101949 2.086815668 -0.993331472 5.689222213 5.897266370 6.752889135 6.747312380 3.020424656 0.293913428
-7.130509008 0.570176665 -20.116575391 0.761531983 0.498431350 0.302712507 0.282843361 3.935470384 3.801656478 6.096453106 7.282614596 0.390350700 4.784384803 1.413866051 1.660191792 3.023322253 1.955401928 3.883001227 6.210433064 6.667583540 1.810415492 3.226428153 0.356080565 5.098300283 0.228578524 0.146657756 1.495364527
-5.114972616 2.992575468 -33.336008171 0.802165126 0.510267292 -0.136610848 -0.278380815 -0.280119147 4.634687964 2.264191974 8.074513953 3.793507910 0.469331135 4.263090858 3.388574332 6.393805729 2.633680586 5.219530510 0.939937476 0.289775955 5.872525185 -0.672333828 3.656559191 6.275471502 2.779778103 1.368181252 0.684678921
-12.826977690 2.685695336 -20.007219487 0.756770837 0.393652968 0.372271504 -0.365717334 2.159972462 3.426483178 6.359233893 3.070947010 5.184016532 3.086196233 2.783914589 0.466676002 3.142004494 4.981399696 2.637419046 7.607813143 2.779774022 7.201732483 2.885217719 3.154676965 5.671091988 4.452687856 0.106900034 4.578148748
-12.954395111 -3.811289132 -18.055057505 0.898386874 0.131194047 0.353859003 0.224661864 8.596445154 -0.383897095 5.460923873 3.531654060 4.528855812 6.356878625 5.196358979 5.564722831 8.083986730 7.225160054 3.659336944 4.300363617 4.856106522 1.441644964 0.900913002 4.401394359 6.422929797 7.528488532 2.419582195 -0.562972053
-19.916114770 -0.650384768 -30.434762486 0.952501694 0.169912551 0.135067392 -0.213604886 1.843644615 1.548340437 3.951541476 8.826397047 3.569932890 4.379282426 7.403192291 9.708339735 3.534059802 7.338170823 2.554749306 3.414671312 -0.557325892 6.520478421 2.212090519 -3.505565334 1.205338717 10.059463476 5.732722949 2.382908056
-7.883111986 2.858270425 -24.282740146 0.735884247 0.541400547 0.184882258 -0.362185550 9.537135862 6.661309255 7.203588884 -0.800277120 9.603775117 9.891653345 2.888183228 9.519852582 -0.449663597 2.373714586 10.369909410 1.456567154 5.232766741 3.855142089 7.558354611 5.380389222 7.917752195 7.408540879 6.724322950 0.834031268
-3.907065421 1.288951621 -24.594697689 0.804533273 0.457158840 -0.019166602 -0.378635245 7.309600320 3.081069509 0.233035018 0.455628333 5.540948438 1.790041008 6.614951175 8.722783594 3.232995192 6.806908725 3.981969440 5.970281556 2.164877064 6.476626064 2.806570628 10.312024392 8.580561479 2.065703730 12.622621606 3.023403851
-6.168053786 -6.250708666 -29.137891543 0.930182486 -0.250591725 0.169042847 0.208299896 5.968243672 0.057705529 6.588838803 2.431184004 4.856622931 4.810133278 2.788198962 5.396567393 5.009361761 2.725355691 -0.841109002 -0.498060310 4.049103813 5.905591518 6.183971548 4.694879317 6.687520307 5.979298066 7.168627431 2.332285697
-8.533532235 2.175362368 -20.385442008 0.834908044 0.328759709 0.439261181 0.043534211 4.285389647 -0.979954939 7.794844751 -1.226878410 3.940590510 3.432590259 4.323663253 2.234462715 4.495624705 4.481166033 8.813069050 4.423120353 3.484362902 3.345059646 4.520760965 2.584796484 1.445803439 2.965180216 4.464442672 9.075684524
-10.125084622 -3.565397135 -21.222422743 0.771080575 0.062929466 0.624977405 0.104297041 9.679116973 9.474652328 5.286907293 3.773889527 5.869874039 6.353866168 1.585329959 2.734718387 2.803952921 2.031225237 -0.364502158 2.971475502 6.302274134 0.449407394 -0.135296275 1.605091916 3.720904848 2.336975593 2.005241750 1.919692818
-8.146132804 -4.987861418 -21.285827177 0.990350091 0.051442275 0.080887091 -0.100088299 1.710309292 2.053567261 5.885887402 6.149795159 -4.125508483 1.525859385 7.954001116 8.646680209 5.511201139 5.218532629 4.749895109 9.298106962 3.703175479 4.344482308 2.661436954 3.096135116 1.937065848 6.382761343 4.431862457 -0.206541607
-16.695803096 -4.170899983 -28.585317291 0.759418897 -0.624200369 0.180112489 0.034875919 8.850003500 3.656000967 -0.094843156 -5.123462315 10.769578449 4.705130426 3.385032855 3.705270923 3.591020087 4.391161611 3.132862315 4.601106026 2.692030516 1.259219314 3.663511539 11.700181443 1.197073529 0.645786421 4.026117842 4.752140820
-5.236038202 -5.930483750 -27.060320186 0.938381840 -0.107330291 0.328127987 0.015866798 6.544578765 9.739552391 1.222753758 4.788663232 -0.040093883 3.800522701 5.191211404 8.067856787 6.201218109 4.012681014 3.297787689 7.455001336 8.495391015 1.845870161 4.364269198 6.400544374 4.876335034 0.655742286 2.836576779 5.277488619
-15.387270709 6.287241230 -21.235766640 0.848912666 0.342916409 0.394520072 -0.078163519 2.742319524 3.524113870 6.358612559 0.705148492 0.141906496 6.014613752 4.062429706 3.513980465 3.357719518 1.802617388 0.101281788 2.459981940 2.520241059 3.706675507 -1.873925440 5.167987199 2.208366218 4.434225469 8.761342600 2.315214165
-10.638657060 -3.081486123 -31.067707560 0.982923752 0.148187536 -0.085332505 -0.067968483 0.387892392 8.862928440 8.344650036 3.797776040 0.847991195 3.290891107 0.933871154 3.024563799 5.352084095 2.581256371 6.345333724 7.835112099 7.286719729 8.192357295 2.168724743 3.512659097 1.013972531 2.343889228 4.580991401 -3.700600771
-16.233981547 -6.141583417 -25.919174546 0.847916582 0.065484358 0.498353753 0.168501647 1.561377603 8.102057376 3.006589627 8.604542254 5.110545666 -1.001335093 3.075335004 4.861198999 9.346881548 3.643922373 5.079446043 1.547680613 5.265657802 0.673710191 6.237182073 0.747460321 6.059261935 3.826882434 4.816230494 3.503203569
-11.539859845 -6.633343269 -22.854778342 0.919331704 -0.017178222 0.373152680 0.123657605 6.877962051 1.665760989 2.211557548 4.123759654 3.776513995 9.803247161 3.803319212 3.150553849 4.039796829 7.987337744 6.439215106 3.706643303 7.082422526 1.059995181 4.159962206 3.790573202 3.124679850 1.980745153 2.583821959 7.612883597
-14.269327020 1.131988634 -34.241476230 0.735412743 0.193861765 0.608061507 0.227699183 9.663654865 4.594888731 1.353121374 -1.255702928 7.418852593 7.017415440 2.088387876 5.248291098 3.994529133 1.428834615 8.681467137 1.909661348 6.464959987 5.172656538 1.943767724 2.120457328 9.081638655 3.168040605 3.871298226 -2.509355575
-12.122688469 -0.486198225 -27.625229954 0.901171170 -0.032232977 0.357289657 0.243301578 5.315469243 4.230188022 1.990018634 4.169207023 3.470189929 5.123440764 -0.804098769 -0.280015640 6.764420380 9.720684006 5.298510179 3.693741971 3.991645418 10.591609453 6.886875472 3.749682933 0.774320195 3.111123893 5.787719855 2.844592189
-6.537183798 6.556222232 -23.769140253 0.880868232 0.393621581 0.257263217 0.054303276 2.724046400 0.220687690 4.019788256 3.492751718 0.666329115 11.168965838 2.975809916 4.388226062 6.394828720 -2.209034615 6.995143576 3.565134633 6.346264346 5.540993726 1.856620045 1.143821533 3.161970716 2.200046030 -2.900281025 5.329567354
-13.124310446 8.928517197 -22.247144590 0.874004875 0.279217565 0.397022825 0.022932650 3.372028072 2.728951481 6.931842683 3.236381064 2.960526906 3.497854090 5.061397267 8.025993857 4.726978570 7.696388764 -2.274197335 2.286265697 8.039536702 8.102092658 4.941446958 -0.350105870 0.972275177 4.321636880 2.617222821 6.230823864
-15.385458826 0.531673867 -31.447122281 0.982402649 -0.026264339 0.183398046 0.023672279 3.899807207 2.627620111 3.621518275 3.509262910 7.312242625 9.183815304 4.707382726 5.283943399 2.273108085 6.252761363 5.488894572 3.258991154 -3.018190662 3.619741061 5.764816017 8.568595347 4.861506894 1.663964457 2.965254644 -1.841790086
-9.881394930 6.269064494 -33.139221123 0.960462111 0.214150221 -0.018548430 -0.176941151 3.589171459 1.389929657 2.525656066 2.154193369 7.203448086 2.257524303 3.803089639 2.515437220 -0.454254748 3.633629402 4.065226562 6.279483848 0.287640426 -2.146935550 2.678013337 7.887160866 3.198892825 3.286504742 2.168753511 9.419424727
-14.853456621 -4.961002368 -32.278977066 0.772623825 0.380396908 0.362548863 -0.356242810 7.138778874 2.996738809 8.760073926 3.551388584 5.196750364 1.120846738 3.677260668 2.691631118 3.849577576 2.615271562 3.092238959 7.044878298 5.735427142 3.394174064 1.811709348 4.699533749 1.756490356 6.607743938 5.411901158 0.960873248
-12.328674664 -5.852310209 -24.025310617 0.892031834 0.077058413 0.437248662 0.084586137 0.090396991 1.880721913 0.946164585 2.442213308 4.529213201 0.805853442 2.981719906 0.436297703 7.087796400 2.936894897 4.775807421 6.880829843 0.599805465 0.339781059 8.083191062 8.486553057 3.621029623 1.717200921 4.029922854 3.533181171
-20.449521900 -0.700531396 -23.200666000 0.720380394 -0.057358290 0.689720502 0.045251998 6.106420951 3.451967188 2.985742430 1.073293558 6.153891753 2.431195331 3.206991077 1.574102876 3.904668697 -0.093807256 4.392232254 4.009843314 0.857006809 -3.985714729 2.984161584 -0.639750739 7.070076008 2.763777351 6.823019662 -2.824181717
-14.519484129 9.949451383 -23.685161860 0.781663207 0.506200628 0.262858203 -0.252327407 0.507296229 -1.422200340 7.274768470 6.697458945 1.966663665 5.463262578 2.324847866 6.099889669 4.235516251 4.762209499 11.455793955 2.529007193 -1.973098896 3.453329107 2.208829175 1.352164508 4.680900091 -5.453017802 10.476460442 -0.687420430
-12.385441991 3.639768571 -16.429355312 0.751349244 0.388362778 0.326847149 -0.421686622 3.174690082 3.934274649 0.824046595 4.457000517 8.101387493 4.696013272 2.908508319 1.780011627 -0.980467839 0.222362646 7.797492129 5.443690770 3.706236177 5.457450953 14.800922943 1.506292386 -0.690305289 0.148339484 5.767085039 3.735139851
-19.572274363 -4.006297555 -25.583651940 0.813907877 0.034293370 0.474776868 0.333113881 2.193766943 3.727705755 2.107031940 1.846091729 3.657364374 9.954044885 8.321803041 3.042326262 4.500113509 9.044494108 3.916404042 1.914334703 0.921523007 3.302881592 3.967739303 5.177409747 8.885117297 6.757859095 3.110055736 5.380008713
-5.009105232 6.115217211 -20.884876801 0.953176524 0.140231471 0.153880851 0.219340677 1.120673155 1.668322657 4.164984915 5.131026339 1.959312421 6.742017083 2.524344102 -2.213819919 6.809091774 2.010927556 9.439598101 4.798100519 6.197991569 6.647402272 3.888661710 3.052878191 9.320178520 8.589722616 0.810447267 5.371082740
-7.789614205 -4.311484682 -32.364689977 0.975505307 0.141309483 -0.108337848 -0.129166315 3.165001814 5.514979049 5.103024838 -2.548361784 -2.038892926 8.917994546 0.107357446 1.367197530 -0.631670914 5.506459175 7.571808364 4.335636637 -0.651755534 4.185309053 -1.649716423 2.953867697 5.320417011 6.844188610 4.486153680 5.869154562
-11.121673285 0.322319995 -20.784236175 0.993348021 0.054694321 0.067802699 -0.075306275 4.833612323 2.156334169 2.672786506 1.452164752 3.183124680 1.956811071 3.759079833 2.233648978 3.929230738 3.912012013 7.027823494 8.206255550 -0.626473926 1.473295030 2.068118349 4.853093849 11.100797376 -1.080664691 2.038943836 -1.504485163
-6.819510948 4.502840257 -22.120816370 0.832884198 0.335578793 0.220537246 -0.380859698 4.161748200 4.875537691 4.960772078 0.638473054 9.491751808 3.268810197 3.668456328 5.347678705 1.994487886 7.509852956 7.467279636 3.704284586 -0.238860854 3.196560255 5.867334433 2.176638607 3.323775210 4.602189458 2.768596009 -0.212335389
-19.551945454 2.107968784 -25.415620493 0.802235573 0.072877110 0.583710006 0.101929587 4.937753029 4.679108426 0.392155360 -1.454321272 2.755435016 8.895584448 4.404261319 -1.690014344 4.164433700 7.841509747 6.811612144 1.295501596 5.678421413 3.509888089 2.763523227 9.010409462 6.354795145 9.752451701 4.873107492 4.105714429
-6.413130584 5.379417260 -18.612101074 0.819679856 0.364121437 0.382639707 -0.221646944 6.453446051 2.839885836 2.052620609 3.475084809 7.235102329 11.623204917 3.268134478 6.599209529 2.449025267 2.537337214 3.604515505 -1.558168521 -1.245281420 1.753739524 3.021422171 2.873697507 -2.389543108 6.131904470 1.966396652 -0.805434124
-7.087859960 4.883973867 -25.835447356 0.914067730 0.283069290 -0.020821980 -0.289686738 0.861417071 1.020851689 3.836346871 4.362533942 2.607600556 3.479316751 4.380922890 5.195907784 5.638003476 2.785194006 5.613726266 6.316476191 6.654901263 3.564007557 2.109614548 6.999945381 4.549596512 5.455230388 2.644752079 0.756624022
-14.996594111 0.539432080 -24.181884282 0.953161070 -0.164974035 0.252293176 -0.024813210 8.105749283 5.348339121 0.612192281 7.201568856 4.594897274 -6.449774007 4.838145920 0.349196293 2.651864735 8.139229158 4.862299866 1.090369960 1.629897116 -1.347107388 6.703034094 0.538146730 0.745560192 -0.183098390 -0.909598547 0.845644196
-13.316858833 3.501617750 -31.128803995 0.860566973 0.341356026 0.102788896 -0.363778767 -1.867087694 3.018340669 6.839422715 5.439619214 4.057423454 3.252833310 5.645123244 2.637068396 5.443378103 1.604851974 2.805384219 0.661549440 11.028035226 4.263805639 5.175318584 1.372909886 3.999077603 1.519094121 6.573071082 1.820999515
-20.884583491 -0.546597992 -24.910168702 0.813378473 0.152394614 0.531289944 0.181445137 7.156332075 4.345624621 4.953170358 3.281851680 5.096359718 -4.889537209 1.803958440 6.787877333 5.661064994 0.986914934 6.552080109 2.362740459 3.013882017 5.099315799 4.544920409 6.912033894 1.212599426 1.008100310 1.941930583 0.372997719
-6.536719178 -0.362432814 -18.817512096 0.804472606 0.181155105 0.564414227 -0.037989933 2.031788438 4.127940123 4.961620313 5.616908395 9.627247673 4.832271164 2.897076024 7.253179177 -0.824297290 4.637015268 4.695550564 4.611972242 4.822316047 -1.059195225 9.548516243 2.344934103 6.091087876 3.123372561 3.419367047 0.054906658
-4.726005674 -0.887110370 -22.098079284 0.749485210 0.000429230 0.651999056 0.114756119 3.529335653 2.246984263 7.667940614 0.344299234 7.201455112 3.714557187 1.041735346 6.334090786 0.381886456 1.203745737 2.509624385 7.862983252 0.239611914 3.353467589 7.644640444 4.500052974 0.697729087 3.216270938 2.924738814 1.765881069
-6.049028154 -4.375246737 -21.582781221 0.721697296 -0.237121690 0.623526009 -0.184774546 5.210725261 3.459281283 1.977901042 7.693198103 3.312548094 5.168901257 1.217889771 4.315471111 8.233469446 8.308084201 1.878311159 7.813116662 4.687854236 3.434087747 1.287940145 -1.028988449 -0.753346261 1.529029312 2.801260455 5.447905231
-14.316693139 -2.471756640 -34.551090052 0.981950761 -0.068357250 0.163151593 0.066944359 6.628503535 5.664758629 1.081958600 4.046990413 6.044904015 1.206131608 10.060015251 2.292961152 4.738855477 5.919315652 -1.919623210 -2.590880546 -1.048179902 1.545341309 1.849242938 7.608406186 8.089803526 7.795551028 3.636034119 2.328602894
-9.731316391 -0.313434649 -19.837425929 0.920565788 0.175300021 0.232020142 -0.260758864 0.296698172 5.269569885 9.402715971 1.633346117 -3.463874214 4.675307892 0.925032777 0.801859343 -1.289644367 3.779238379 3.852019768 3.368307141 4.756055412 3.342485434 5.451222034 0.062239962 3.455930050 4.561498610 8.803505809 0.510237342
-5.567427173 -6.465972948 -26.401014316 0.833618562 -0.094603859 0.406135447 0.362193596 3.784515620 4.082464314 10.887698945 7.347204620 6.128685856 3.375842669 6.168803814 1.983356819 5.433040753 -4.590879351 8.668217136 5.956889135 5.426254128 -1.606489356 2.903852747 2.318401655 1.693961146 2.770009485 -1.868908072 7.435370982
-12.865386975 -2.287927958 -20.918332181 0.955047396 0.174323806 0.210456472 -0.114907592 10.375962311 6.392783664 -0.688716520 5.848374602 5.028278090 2.115077522 2.769783754 8.090894715 5.300290953 1.844149227 3.733403708 3.947895736 2.266982081 3.557037510 -1.042775840 5.182351594 -1.094451723 5.996109802 3.710055127 3.861493267
-5.331262258 5.243139604 -30.026552347 0.868953018 0.443942989 0.207951992 -0.067758719 -0.621825960 4.435256258 7.168058883 3.294291201 2.133246480 7.488891858 4.742288828 9.151725567 1.535212950 4.643260480 2.815491369 3.913270985 5.587710262 6.280630318 5.377523895 9.361412641 3.236071658 1.482669161 8.360249445 4.442544394
-11.383015567 -5.160554712 -29.025555719 0.944492835 0.078204560 -0.291515416 0.129753972 6.069697246 1.592387603 2.944738699 5.833595721 4.931383492 6.920277256 -2.233823957 2.308698694 8.823112817 6.989689630 2.631702128 1.612220042 0.038100225 10.281961811 3.476634285 2.657527915 8.706112973 1.821895237 1.562362909 0.155091508
-6.169161141 3.462527749 -33.322330083 0.862500942 0.154553590 0.447077728 0.179796600 -2.214262599 4.061330366 3.793485733 6.499684727 5.295979876 4.582005824 1.821674143 3.775217198 3.217666675 4.881298372 2.973325651 7.157538496 1.441043025 10.321229429 5.168850090 4.283783622 -4.804160248 3.649332573 1.581106476 10.956334566
-4.927229355 6.755854304 -23.273613802 0.718838387 0.324063919 0.395394982 0.471080417 6.741790492 3.729824503 6.641405513 5.918411130 4.511320536 4.053296463 5.539596375 4.589741476 3.783728777 5.468472746 1.801878608 -2.513876369 3.439732270 4.014693139 3.986534167 8.291175647 3.250279940 5.006423771 7.643515430 3.686222772
-14.489280413 0.698708521 -24.887096887 0.928465392 -0.148877086 0.337949735 -0.039719087 2.012098169 6.279992241 5.697199654 2.877303520 10.331987103 4.977126375 4.664496050 2.276684893 4.496153634 4.950083139 3.932943485 3.459263120 5.046225571 -0.037068049 1.302318257 -2.752885809 2.387933094 1.381222770 8.807209752 4.457846754
-8.178699771 -2.735158303 -20.391340920 0.760252095 0.396137936 0.514683503 0.013870074 2.262153019 -0.929192465 6.994106413 6.397769076 5.649832357 9.498837385 4.061524383 6.360674714 0.900002254 3.044052856 2.708395061 5.740855042 7.065286357 5.290617392 12.897701690 8.395083668 4.597372977 4.468910030 3.183334379 1.962444275
-17.414654469 -0.781898386 -23.275854566 0.726342972 0.391002127 0.402796559 -0.396608316 6.447581195 -1.126917278 7.943609726 0.227498857 3.073406410 4.657119394 2.986288996 4.687432273 3.310062596 3.566906216 4.202827758 3.139806951 6.755092986 9.926871605 -0.347639964 2.645600630 8.014656669 4.507314717 2.513501518 2.991718030
-8.680789584 6.832695226 -32.270945148 0.994738866 -0.009143668 0.100837959 0.015578428 1.082941528 3.485130255 2.932639942 7.020908436 1.934502239 5.628831290 4.415866556 1.102772039 3.827230326 6.652096482 -0.654646034 3.545801980 8.205400884 -0.316782572 8.382838961 4.796581172 5.224000567 3.171922146 6.502206791 13.713468632
-10.313877494 8.298725564 -30.073273692 0.744239715 0.298326269 0.403685888 0.440620457 3.481784579 0.950008840 0.733788245 3.983212056 11.052303854 0.530116624 -0.007823902 4.532177679 0.346164656 1.472272381 5.804622970 -1.381643388 2.220926698 7.432878688 0.689417790 5.804204106 6.280463776 6.830674579 4.361277456 5.493247993
-16.293900762 6.386388791 -23.823418400 0.919999017 0.141021204 0.355754527 0.084578633 8.464807541 5.837248589 6.086619703 5.024311805 2.453549110 4.619735163 6.355876698 3.801701157 4.411767943 3.487663801 3.293911248 2.333723858 4.396769949 7.987919288 3.134233714 1.541547856 7.298465557 4.832161973 -1.786477981 4.124684904
-13.254045284 5.517534841 -21.654311650 0.817606918 0.396326800 0.160013258 -0.385797553 2.089280991 5.179141945 7.317224250 6.605228358 8.939611334 9.436737589 1.994784642 5.326018206 4.464878760 1.547689381 3.787441229 5.006553754 4.699289595 1.423971921 4.060226626 -0.395491491 6.662299988 7.207242226 0.459104798 6.209169864
-11.899173385 3.730053887 -25.884372416 0.754605211 0.316425687 0.520641424 0.243676565 3.599035064 7.093301501 7.591810482 2.888267631 6.547341765 4.794733108 4.029061706 7.175620771 3.739294077 -0.122095020 7.125834281 2.391560580 2.319988673 2.053066762 2.942144423 4.336080034 4.745240131 5.449467788 2.040274295 1.157129831
-16.546500546 -4.102219768 -30.446987758 0.946391414 -0.022370017 -0.304552508 0.105312123 2.598525043 2.725671726 4.745659684 1.435377705 3.955250746 6.565029253 7.948683955 1.345156395 -1.132297457 5.273261210 6.622806501 4.801336967 2.348796575 1.965004602 4.404560980 0.697794579 2.982749846 -0.925937072 -2.568039398 6.233187077
-12.280317760 0.548699325 -23.296010888 0.808526984 0.372608258 0.269078616 -0.367483197 5.863050226 7.198771653 5.357492407 2.798957134 8.293153507 7.181108976 2.955287857 2.498275089 2.292773259 4.135086559 3.046775912 4.450934372 0.479190791 3.535724770 6.648895366 5.243758869 4.743743681 2.276824106 1.021031152 0.782903636
-6.488911108 5.152122488 -24.721497546 0.912449269 0.317854576 0.257227047 0.015461124 4.153839714 4.023006369 9.251282034 6.819959163 6.192116208 2.616514788 1.924092470 7.168656539 5.683097183 4.398011711 2.535536174 -0.659602914 4.723260800 4.092029793 3.714283646 -1.328103778 0.698791799 8.493616497 1.465818367 7.570631562
-6.275392681 -6.907147592 -27.297404955 0.961882878 -0.028398472 0.225285825 0.152384887 5.311496939 2.065476139 1.322014561 5.731818256 8.557243762 8.231730236 -1.462714687 1.617544831 0.732314259 6.386992556 5.562980942 2.171704942 9.178644302 4.495442244 4.967877786 5.485250986 2.802545441 4.434967193 4.432998445 1.540464557
-5.144332460 5.556186289 -21.532060848 0.710638388 0.358350007 0.547548170 0.258397670 4.841262707 3.978250355 3.137300636 1.780203094 7.509480303 2.434157299 5.381075540 8.674090185 0.192019144 1.392879006 -0.444528868 5.783043385 3.357758856 1.270852089 2.643052324 8.195366896 7.614966843 1.113608221 7.618276045 5.398595069
-13.710189932 1.885213472 -17.696263349 0.830095295 0.270615992 0.260367531 -0.412210546 8.944456921 5.078446045 0.277913410 1.850474404 4.756797748 2.129820056 8.591781023 4.251862967 6.100440506 5.691588727 3.384476053 7.453770649 11.220369368 2.915640819 5.612941047 -2.203547699 2.476798239 10.563115833 9.971071396 5.073017854
-14.155611309 3.004388571 -32.420920374 0.893372597 0.219602989 0.384486162 0.076356548 6.855221276 8.250535060 5.555228748 4.620462510 3.704414905 3.474900974 6.352576333 4.838017687 6.806194043 3.530476180 5.708397966 7.061787151 4.650912573 8.264373341 0.332581887 5.594388641 3.250492453 2.646384161 2.393087492 1.498982086
-7.316949252 4.386072383 -29.369787239 0.961505805 -0.113344230 -0.244294920 -0.054586312 2.408037255 5.500775638 0.509190549 -0.794322995 8.519264125 2.486679889 1.193772597 9.615900313 5.089474216 2.900743086 1.480945998 -1.101650286 3.553701647 2.167307783 2.711676339 2.028627744 2.488050867 8.212194522 8.062827780 0.441417334
-17.660627096 5.876021031 -23.687758075 0.856426110 0.063673062 0.504572436 0.088807186 -0.425057134 4.130887023 6.776418624 0.675769418 6.476831674 6.347047787 2.284259569 1.752375060 7.168430204 5.266633559 3.365692495 7.997693001 5.058830757 3.970460585 6.463332146 1.119042618 3.106776275 2.634670489 0.844831340 7.780923958
-17.529807265 2.633400810 -25.251643953 0.894496747 0.283444907 0.118298077 -0.324869389 5.992784847 4.626980198 3.471927538 5.544402131 5.956305861 4.848671143 4.238540128 3.769787115 7.521685479 -2.005586609 1.717430061 3.832051251 3.406485647 4.453808006 4.742550715 3.631928044 6.449515369 3.437305647 2.339126848 8.997550115
-9.010710078 -6.320048436 -22.409294184 0.803168202 0.280262253 0.345824295 -0.395953869 4.631703245 5.813389578 2.262302442 1.453769819 3.794194723 6.427050722 9.293096392 7.306788515 8.927770458 6.308536765 -0.768474089 6.379253790 8.938196897 7.493807635 2.595761582 1.161280969 0.654554011 9.366157579 3.795479563 -2.299129410
-14.024245811 8.860873852 -21.232091910 0.791604476 0.453328874 0.211757301 -0.350733705 2.432537643 4.943357357 7.026298333 7.436417514 6.662684704 2.943244624 2.776460066 6.162849696 4.867501930 5.909674753 6.954426973 -3.309434466 0.841435544 3.570430675 7.274797215 2.827396979 0.226836522 1.187502124 1.923877584 5.606208392
-9.902807314 -8.014658256 -28.883212994 0.882075929 -0.098151270 -0.408871131 0.212444772 6.168754962 5.002842820 6.777454183 8.841992213 5.788969103 6.541367521 4.443058951 6.638186876 0.587701134 3.491764395 3.546094981 1.891490310 2.112768574 4.912179450 4.332622222 3.255875079 7.644105288 4.512213344 2.881313350 3.098180562
-6.519161410 5.301022301 -26.295506213 0.915312342 0.343832663 -0.086875523 -0.190879701 7.342347656 0.123525383 8.228738726 -0.483953449 -1.841330572 1.153099695 -0.879801551 1.986397311 0.951080149 2.386741139 5.507201549 3.101666311 -0.638605161 -1.480442147 2.935906729 6.037605416 5.989166257 9.197635937 4.000043695 3.623410312
-4.872424627 -1.388785220 -32.517622172 0.945245940 0.052208695 0.315747195 0.063938046 5.973507423 3.188366335 1.475883581 5.373681303 2.679650282 2.825811250 10.259972783 3.745600917 1.086894560 5.095549590 5.084955393 10.271216406 3.340414039 4.643076129 2.193411570 4.065335334 3.037370615 7.334329757 5.817232872 3.824147298
-16.580826038 -5.196875815 -29.904884701 0.947607501 0.084521238 0.298022185 0.077967693 -0.151181304 9.891235289 5.758426352 6.919063483 0.461424996 -3.849187868 0.790851361 -0.808714811 5.172589741 4.181453689 2.552208865 4.641376219 0.734362456 3.362654049 0.513727293 5.581904351 4.720631891 8.275800072 2.531192619 4.378518211
-13.500971389 -5.949755452 -20.518556230 0.917671290 0.024674882 0.299920751 -0.259457311 -0.920763765 6.319061426 0.367571494 4.185075507 6.375614397 5.035100095 1.433627185 5.153752987 4.586551838 6.093622442 5.824825541 6.229517335 9.216455600 4.791671601 3.505828043 9.860311545 3.272748915 3.676315280 4.898653677 -0.990374030
-11.393456967 -2.556181077 -34.912437377 0.846735235 0.058932845 0.506841968 0.150590773 3.933301352 -0.938466187 3.381853062 10.751594971 7.335740859 4.660441102 7.985262052 -2.541122528 3.730055921 1.629730232 -0.508659915 0.772081593 7.446581328 7.100127710 3.341628949 3.082094589 5.557534604 3.400410328 1.032705005 5.837945322
-20.004113206 0.280390393 -27.096218143 0.812223234 0.004919541 0.573508016 0.106572844 4.032133393 4.184705098 7.902486228 1.375755180 4.104154531 9.332839758 6.201343328 -0.685320839 6.518582440 7.101199769 4.226882544 -0.745983306 5.230567980 -0.283858752 -0.792089064 3.911564117 3.842343436 7.108784516 0.822518695 7.632793569
-17.380338455 0.668375406 -22.771953038 0.729475889 0.355604994 0.494580075 -0.311127892 3.328938092 5.718651480 10.104823018 3.215932443 2.040969995 6.873934762 4.041671901 1.654540555 0.153781279 2.468316973 3.944379257 2.585343608 4.323185779 8.665315900 8.976151406 4.219684640 6.219618785 1.185522423 -0.191262247 6.522113723
-11.778711999 -5.064282803 -23.237748535 0.789540010 0.270267123 0.550707412 -0.017424142 5.828613637 4.872277036 -3.459834036 6.991643027 6.459894196 1.663526588 10.638256161 -4.864048564 4.165919073 0.397038941 4.993651902 8.252645983 1.092875310 5.371027237 9.258666227 6.191323742 2.706163032 7.175852665 5.963827710 0.202955926
-1.305113180 -0.128833824 -26.042813273 0.883145931 0.464414417 0.052153732 -0.040650978 9.069463970 5.023584791 7.126891299 0.413177612 -0.822488447 4.390668051 4.195642594 4.435787315 -2.213246194 3.059106546 2.601847639 3.134925761 6.388475251 3.522416979 4.075029658 1.556284111 4.781504234 5.936988163 4.058956835 2.656179557
-17.042840138 -2.082429332 -27.444962185 0.977633822 0.198000419 -0.068254710 -0.019215589 10.956510347 4.000424779 3.375338512 5.778101212 9.149992227 0.822645843 4.172365071 5.286674314 3.197641491 1.071793780 3.573438043 -2.978458687 5.199653141 6.093597832 2.212002666 2.230822095 5.030772613 3.190267366 0.002349960 6.814852438
-6.460653116 -1.297969069 -24.372838486 0.987300767 0.038748102 -0.154060649 0.001047292 2.202384319 6.547098250 6.417045787 10.297485990 7.395804245 1.978872435 -0.131189761 4.960469044 3.598875474 2.948057579 4.537099622 0.249227259 1.341746454 6.643960174 3.582544812 5.286338195 4.796095258 11.715466857 4.429756109 5.459258493
-5.555668161 0.167797242 -22.598009765 0.717606063 0.378488095 0.520371103 0.266462409 6.045073171 1.968699467 8.596911367 4.454075441 8.460354514 7.397968192 7.729305148 0.410968612 5.318752674 2.882659198 0.555312432 -0.035248099 6.511670163 6.331646841 1.404118900 8.086751615 -0.055977671 3.143075819 4.240791565 3.678574592
-6.879353198 -2.188977158 -26.832287777 0.983494437 0.027490288 -0.177806070 0.019182728 3.750318523 2.942801892 6.585584609 0.785230453 3.800168107 7.212137133 5.953483699 9.550480930 5.025810066 4.401518138 0.402763632 4.548879545 5.197482397 7.232646623 2.020368884 3.596527788 8.137248839 6.599020062 6.125041757 4.526552305
-8.478507979 -3.847074324 -33.875243106 0.746919068 0.027071793 0.647880928 0.147069120 3.054880490 4.974710867 0.887303682 1.752293001 1.553379195 5.664379765 2.099424165 1.779411282 -0.364707061 -0.342721880 6.431975372 3.977607115 2.373912995 8.281905857 1.459774860 6.413646909 2.922114971 2.843439979 2.415737913 0.956147929
-18.789342119 -0.601496447 -31.673330054 0.897784157 -0.128905425 0.353739782 0.228550138 0.246702258 -0.496507176 5.762799052 5.827799876 7.078166485 1.310031239 1.238987218 1.489536868 5.274648783 2.638064938 0.543063258 5.446597747 9.545445117 3.314469628 7.228955440 -2.695845782 3.049875354 8.517416234 2.514613719 5.912015213
-16.358064367 -4.742836020 -29.875066844 0.805325921 0.106566691 0.580497431 -0.055825035 3.965481627 7.760512742 0.238699913 2.904607631 0.539246969 3.287530262 14.060337717 10.225560218 2.884979343 -0.474610444 7.075091275 1.302337359 0.611745735 3.497961043 4.674701798 -0.168323343 4.217855238 4.446247778 4.178742475 7.757217139
-11.815960710 -2.082110984 -31.503791634 0.912214686 0.334003225 -0.003028017 -0.237269980 4.377810930 3.109547874 2.621523600 4.862230037 3.912606673 6.096809620 0.949995537 2.319527001 6.667738116 3.739295193 1.645172816 -1.841344864 5.545904543 5.410216905 6.864663818 0.838853844 1.903688987 2.639221011 6.187575237 2.361479663
-12.695275307 -0.083348744 -24.597560882 0.804967597 0.413211414 0.156807727 -0.395846981 1.126093176 5.618936284 2.823921565 4.660858031 2.500253561 1.063079499 3.020129196 -0.483252697 3.364103779 4.727134414 0.688374201 2.005352731 -2.061896572 2.725433529 1.154435112 1.789390098 2.468641548 6.523808438 6.892485562 2.235337696
-4.630928973 -5.186942048 -28.562286955 0.940746736 0.282215722 -0.024671990 -0.186389800 10.232899387 3.578123660 2.610846849 0.761627855 2.456352283 3.157359011 5.951639762 -0.475191230 1.948364052 2.926180667 3.494345426 2.819743029 2.092181257 5.601418506 2.762462225 10.261456866 5.648512764 6.895753876 8.029773800 6.035065978
-16.165948391 8.261666064 -29.318824741 0.770545295 0.459397733 0.390237861 -0.207190936 1.787162768 3.709423373 4.984531380 7.262387089 2.070417211 4.032056084 1.469924422 1.383511205 5.909403554 1.325792366 -0.753499024 -0.480958749 6.037523255 1.610522231 9.976565163 0.279911256 5.212413960 3.594217677 2.090364923 2.675468373
-16.416182299 3.527235475 -32.667667770 0.890411421 0.231588230 0.391447804 -0.017407180 3.728090613 2.724819867 3.653557379 3.684386926 3.393723137 10.008065641 5.377421491 2.548695364 4.214798943 5.882549718 3.587528818 3.596995024 2.026080819 0.027630639 -0.410294248 4.965456909 5.480901845 9.034577031 2.658838519 2.952733413
-14.602608066 3.418337082 -20.616403182 0.778263965 -0.185414586 0.346817227 0.489534925 4.030324765 5.207329389 1.682493588 0.129244211 4.662681816 4.805030880 5.127887034 -0.841814698 5.685919144 5.363717260 4.788468777 -0.086310950 5.388509036 5.555737753 5.449035550 7.196262810 6.291322643 4.643297286 5.890526734 7.497353950
-6.829371817 -2.283698958 -31.027861889 0.978698275 -0.100284146 -0.168820310 0.059937293 7.387545852 1.914467708 0.434243365 6.904742845 4.194899141 0.276385174 4.522915187 2.693866071 3.277672449 4.992009001 7.476111814 3.656961424 5.018141450 7.447103148 7.946451540 4.247662693 6.133042753 2.685695515 -0.668895016 8.930583033
-8.453881287 0.394217342 -34.573527445 0.924773066 0.350748542 0.014429411 -0.146840146 1.350265213 0.482875531 7.964496610 3.460254130 -0.960801890 5.056963948 0.796631977 -1.252670710 2.096864078 2.548807354 4.433447066 -1.441768505 6.285859026 1.998616622 -1.036384935 5.382422151 -1.680496013 5.060753658 11.804915338 4.159696123
-16.655114981 6.578563104 -32.043672855 0.909274693 0.193387264 0.361512060 0.071623522 2.550213064 4.144331598 3.137981086 4.427121745 4.884666803 6.423666907 3.466167461 4.047287445 1.247379255 8.369116662 -0.889923842 4.094920316 0.521012608 5.552448322 4.632089611 6.475374668 -0.336472852 4.151046277 1.654828695 -1.126978242
-13.431073721 -4.719493587 -30.869878818 0.902683173 -0.238907213 0.307739604 0.182709519 7.171850726 2.959457761 3.866211400 1.744254933 4.587265543 2.483484573 1.807577944 3.572599723 8.001533422 6.237408385 5.269847906 5.246353183 6.051932289 6.581485808 2.925046521 1.777596588 5.623511086 1.145196323 1.646323374 3.507845654
-5.616355881 -0.404780236 -32.028476071 0.792245515 0.421297255 0.386815860 -0.212671477 3.506157600 1.146765085 2.547526469 5.222458989 1.443941833 5.741809898 7.662976661 7.260989708 7.086721402 6.067858389 8.966256628 2.790635905 1.187640352 2.557855203 3.467409396 5.555597644 3.988340521 5.649461894 1.598130507 1.614743467
-8.199657635 3.605344067 -30.049959316 0.956135272 0.271936291 0.106352570 -0.023347920 5.291661518 3.522803909 0.329793658 0.579930692 6.233410909 6.955037118 1.453243160 6.069272325 3.260232454 5.847406179 7.555319912 2.479424818 4.114850646 -0.858110718 3.173546394 8.292462825 6.109824537 4.696011074 -0.849888975 1.779767591
-3.058286632 4.087644622 -25.704879108 0.962315176 0.245655284 0.078913591 0.085881486 7.616535075 1.920212354 -0.390338800 1.355406954 5.183253975 6.543672089 -0.935293638 2.738698964 5.545085739 2.319634185 3.803476911 1.026522950 8.406162418 1.427766441 1.621472931 5.378816955 2.980581443 1.178433363 -2.964243676 2.670343837
-13.375868746 -4.392971277 -21.093871701 0.906345838 0.165764989 0.388071309 -0.021444079 8.677934069 0.097114270 0.892952208 -0.311390347 2.446514654 1.611227533 4.915832670 3.541902779 -2.120599867 9.062975251 1.885239312 -1.121946780 5.291073536 4.620698923 0.458435698 1.696274677 5.978639776 2.568486785 8.219335512 -0.244975220
-16.374574038 5.440001143 -21.000592396 0.728977964 0.383426079 0.500314371 0.266947748 5.067485138 3.486741529 7.786077082 4.878679887 5.320680869 8.181673555 10.103925244 5.342863258 8.856316632 2.806063977 7.350953756 -0.592512419 3.966348623 3.721722654 3.857211071 3.772018242 4.541634757 3.512841817 9.305170873 3.514817480
-17.788701829 2.169630183 -26.802772183 0.892056239 -0.016279113 0.372271391 0.255704258 3.203762004 2.551600116 2.062790232 3.551475046 11.046452563 0.906678502 0.829546018 1.471623991 10.356712058 2.928746811 4.363976213 7.063672253 5.128463220 5.962921614 5.232769902 3.408935220 8.295183183 5.388463519 5.209471498 5.000009627
-8.549799886 6.589807040 -20.470217355 0.750835429 0.420762164 0.247539510 0.444892740 4.933990039 4.830126565 6.401830449 3.446433769 5.723190940 3.482148518 8.456183036 -0.209947965 1.501601097 4.724988319 -3.911143719 4.607562639 7.763624322 13.075632353 1.884098028 2.676105604 3.506543330 -1.044689525 8.842084338 6.954258850
-9.185083936 -6.612531623 -31.290283307 0.999939171 0.004487681 -0.008857754 -0.004801588 5.461893293 -1.635549668 4.747603984 4.316621930 4.218267008 0.792322670 4.512468183 4.629386410 3.963481487 1.709156210 2.744864057 2.270055359 1.387936242 3.103087589 0.932845448 1.497980496 9.393078178 6.129349467 4.249715325 5.511454925
-3.169497313 2.537079102 -21.892473673 0.765930112 0.391188559 0.510040698 0.013455924 2.393728048 1.655732071 2.467773812 6.451409837 10.144856331 5.939565554 9.702950516 3.914204157 8.894380895 7.267311723 7.234823843 5.498595743 3.763247470 3.606585029 4.018238291 4.777248183 4.039419956 0.647597615 6.637047758 8.144735058
-18.562644977 7.310349621 -25.532854333 0.720042999 0.170110589 0.621515235 0.257525299 1.871479697 -2.346857378 5.622602442 3.656745411 3.375609474 4.156715110 5.156685286 1.210191144 4.320267830 3.455934912 4.123650310 4.570839322 4.698213233 5.490619963 4.074222981 5.003556770 3.335616956 6.133422800 4.538441197 6.980095113
-19.246896275 1.200283129 -29.568439815 0.826213602 0.259534453 0.419146286 -0.272634084 11.791687783 5.584254738 2.646367057 -2.398199186 6.596004603 8.646759311 7.259665554 5.636267839 1.982040289 7.861789363 1.558495305 6.460029354 3.580139332 7.993890984 -1.174288524 10.638399499 4.805806535 -1.831039134 2.073736955 2.318967235
