1.806595340 27.542815725 -24.159435405 0.834377563 0.520604259 0.081930817 -0.161470209 5.959463748 4.235090849 6.050006246 2.289518027 8.817300293 5.005927318 2.756243080 2.851380248 3.998666311 4.076451266 2.404144264 3.868234051 8.676659733 5.024003938 7.064001266 5.784280335 3.705921004 3.499532207 9.284980625 0.440176408
13.407993696 26.421145200 -20.482707165 0.826304381 0.535294144 -0.098364368 -0.144933437 4.037887650 0.063428086 -0.625825451 0.403041203 4.064984872 2.198734719 5.323118980 3.504788385 -0.995402745 7.338207885 3.155465088 9.483335297 3.489172750 5.224893155 1.028099707 4.935766828 6.186574338 4.572615576 -0.648572297 10.847145339
8.108817253 29.053511315 -17.002159823 0.915061032 0.384073752 -0.118518772 -0.033225921 2.914872990 5.508339808 8.836007901 0.455698974 0.610186414 6.475911381 4.517093488 6.892841524 4.129599695 5.587198715 0.397453262 8.378665624 6.095493071 8.396984490 9.204587077 2.933823863 4.758293602 2.653166574 8.177511048 1.540864008
8.528511232 25.758979467 -15.926518846 0.867037135 0.424477543 -0.178574463 -0.190201428 4.954172490 5.978657536 2.526414976 7.855389752 2.664177652 1.716228883 4.439934688 2.433063681 6.669400951 7.717642497 2.316647760 3.498887902 -0.503946636 3.184937975 -0.728992069 7.588885256 4.236839682 7.145216170 3.490779100 1.899166014
7.839458122 29.179711277 -15.210215465 0.830155643 0.449519180 -0.105022429 0.312641015 3.876597984 2.896221955 -2.875025476 13.188834651 3.377252299 5.083708054 3.581474792 5.337367907 6.145460277 5.224234420 3.922133399 11.010532180 4.220347900 -0.527308386 5.846124063 2.297892657 4.117242673 5.448054343 6.456290882 5.920701159
-2.044721607 30.489738086 -16.528883666 0.872580946 0.481284551 0.034665609 0.075933980 5.297529178 3.982122591 4.901844543 7.766841640 4.635021763 6.222706875 2.908382963 2.247260475 0.414020706 5.021467782 5.011422184 6.507991511 0.656933271 1.941817977 5.880416496 -0.981229195 1.907790137 0.569588659 4.795979678 5.419580774
8.510635826 25.691295689 -21.538291235 0.779884825 0.386410846 0.056989075 0.489099748 3.886503188 1.726959248 -2.687227686 -2.319799918 2.352141808 1.675241838 5.559709158 -1.897965982 8.760830227 8.610004242 9.131082299 2.506766970 2.944145565 3.228314594 5.326059370 3.062698127 5.280995464 2.092784542 4.542066111 10.337648962
6.672304664 29.099688319 -13.814303939 0.801863103 0.480614259 -0.128911328 0.330767846 7.246984078 6.048760124 6.092248197 4.919545723 10.638560990 0.060196445 1.585392817 2.782839153 -2.399149853 2.846370025 10.217784749 3.834043069 5.016323683 4.797359011 5.040539415 2.062895990 4.839985782 0.048473062 4.264588961 2.647656768
8.397055545 33.150957946 -19.087068925 0.871379215 0.417550122 -0.091268339 -0.240873931 0.463723319 8.462490898 5.178293343 5.818479129 5.560152193 4.546497069 0.345386564 1.066683008 6.325224776 7.703054499 4.885594498 3.427480735 7.500251669 7.328851693 3.615740745 4.599241659 5.300497172 3.876755349 6.736411747 3.200009157
7.425906814 28.362232129 -24.017447025 0.835876829 0.541195939 0.063669818 0.066053280 6.065482143 1.826291762 7.627206402 8.524714717 2.548008040 -5.079951411 5.306910515 -0.359192255 2.868605194 3.944892268 4.104664496 5.914629081 7.339413930 2.770843923 6.302177558 0.944956235 4.396410948 5.004663122 4.098340853 1.720344961
-0.043764299 25.380784070 -11.708370015 0.874400516 0.465765964 0.076644419 0.112300657 3.256575425 2.022279776 6.697162658 4.000002745 -0.141665124 4.805439160 6.493146221 -3.986553261 8.581094719 1.888572713 5.096477924 4.617882724 3.626440459 5.993766888 1.624256629 2.560393218 6.910438928 3.902711891 0.940808395 -1.693907997
-1.287658542 24.948207660 -9.862306242 0.902730262 0.324607755 0.027696805 0.280963996 -0.401800664 1.763898323 2.862049455 2.953428058 2.827273633 -0.528131558 5.205365362 2.753396220 5.893397577 5.398558960 -0.017657701 3.425097888 7.828374879 6.206104302 3.674480449 5.011711350 5.951727271 4.164086314 8.550162811 3.973503723
4.606310845 20.959376613 -14.009218457 0.714919043 0.656013438 -0.100029887 -0.220297872 7.720087120 3.689001633 6.486767628 3.204405954 5.950396698 6.859033134 4.692022358 -3.030715140 4.763581544 1.282110987 3.447721450 -3.491093754 2.910301633 4.743755496 2.370583361 2.500293866 5.438340140 2.076259748 -1.815656193 -5.128990152
3.527724661 23.536197313 -22.856225400 0.876578182 0.475430052 -0.046048016 0.058792324 3.755903163 -0.902060506 6.027233556 1.064427223 -1.523270334 6.455285427 5.156192963 4.143254111 4.403062219 2.809363748 6.977588350 1.861326119 5.636888824 4.870357277 1.443052542 6.134025055 7.273523498 -1.390396241 3.790290537 3.725326435
10.567904990 33.099033022 -16.990224919 0.888857097 0.445392577 -0.069677554 0.081875219 3.630620617 1.392325297 4.685558380 2.326145788 4.219170920 6.827811609 7.494625092 5.812533952 0.331073850 3.999123024 4.617500584 5.915841647 0.653980848 11.185615797 1.792649847 3.344625161 3.874814656 -1.207253037 -2.413903225 1.091089390
2.652291944 18.311798408 -18.191589347 0.826823710 0.514616434 -0.032654901 0.224646691 2.779200247 -3.608853200 5.464179924 7.578429152 6.426007148 3.776504275 3.775412389 4.817397022 4.384635181 0.525814612 4.046464172 8.244327817 4.929703950 7.303491989 5.469962182 4.718980304 2.803325470 3.102564395 6.937119258 2.006657567
5.428956992 27.767331211 -9.032902286 0.840460286 0.343264824 -0.138804617 0.395637520 -0.822168039 2.465309458 1.082188104 5.545563912 1.052246389 5.312445246 1.248770340 -1.120323893 5.934963200 1.138983796 -1.514509840 -0.628028925 4.425665988 1.554523829 2.064680653 4.835947176 -0.808242970 4.983570066 7.544842884 4.585357905
9.571260760 30.738969116 -15.999348841 0.808895484 0.528643726 -0.190396514 -0.173127339 4.539085115 0.710811138 7.486579789 4.701426044 1.506856658 6.246606600 -0.989374153 2.281215559 3.970835702 7.239365728 9.616661207 4.878079072 3.060297944 1.703602347 5.897117314 3.682401900 5.057421518 3.054049813 0.719555458 3.775531801
-1.987074074 30.663235487 -13.070348373 0.817846817 0.438976430 0.077657160 -0.363862121 -2.802877945 4.055484218 5.910938241 4.840625367 0.372259930 5.055417454 1.640841419 8.192689120 -0.056996419 1.562533794 2.078568823 5.794838323 9.358908422 -0.238808118 1.612743789 3.509363620 4.814614151 2.563679609 5.429579511 3.834774742
7.617081488 32.502083881 -16.377342225 0.756832540 0.458767691 -0.065706282 -0.460889789 3.341237155 4.199833002 1.903662639 10.084074992 6.939272764 4.388310006 7.725552631 -0.732186637 -2.737765027 4.506847730 8.371270865 6.425269995 1.464221619 -1.413309637 2.501180436 2.497369812 -0.123148189 3.430294791 2.091354281 -0.147684261
-0.345431187 25.706370546 -15.966327525 0.870725566 0.379562260 0.074997467 0.303553718 7.397622365 4.496717336 8.477241978 6.308434744 2.508437834 2.423030563 5.220656705 10.870062665 1.131998319 4.543953838 -2.103366070 6.484146086 2.213620953 5.137231914 9.716052571 8.800144802 3.994948731 4.259400951 -0.312231867 6.685964588
11.359137078 28.355549709 -23.039550122 0.858973254 0.413713395 -0.072689909 0.292783797 3.941316237 -2.001927822 0.799582230 4.768935980 -4.217325021 5.025856918 3.401382521 5.181453096 5.493827104 2.921507123 5.694880209 6.764713238 4.540175703 -0.079792313 7.830530828 5.258396296 3.657167721 -3.057703574 1.764381837 7.391470101
4.307433121 28.920097475 -11.775026841 0.762663478 0.444241429 0.022759755 -0.469548682 1.549632561 7.272447898 4.005522873 3.096422926 7.424399539 5.845592819 2.243926670 4.134984179 -5.464892662 1.758031819 0.819970048 6.803297820 3.224622134 5.301551233 2.789357918 2.734681776 -1.027931341 -2.012833367 3.634637560 3.617061422
10.460656398 20.734406381 -18.423830108 0.760271835 0.478103022 -0.158635650 -0.410169438 1.659461908 3.810214748 -2.990007939 1.763946677 2.598819617 6.272102602 4.680548448 2.718640341 1.046306816 2.297806841 3.049452084 1.090725683 5.035371873 -1.866001917 -0.399015808 3.588852892 4.735530103 3.613123942 6.840385307 4.591876683
-2.218924627 31.118203230 -13.545982521 0.723420226 0.434187235 -0.009392764 0.536708857 6.522093475 -0.357860784 6.170752034 5.302770801 6.352782188 1.571270849 2.133640745 6.014346361 -0.109902858 7.355196929 4.136993788 4.959705812 7.275608709 7.042012361 4.428062693 2.857343028 2.747130391 6.102697463 3.101916126 5.987111697
2.672323705 18.804407795 -18.621721460 0.715019279 0.478240633 0.110531121 0.497811409 0.778275831 6.654970882 6.223352959 8.329891294 5.288225360 5.771769677 3.202344704 3.245149186 4.280690729 4.164676868 12.944984276 9.375536842 6.745181639 2.793223178 5.814936008 6.061870266 2.819373437 8.687379555 2.019692858 1.321443435
3.331957021 27.952212008 -25.907150660 0.782580198 0.409726922 0.185024974 0.430648165 3.319717720 1.314686265 3.502430533 6.166966546 1.798729561 3.551492005 3.899331321 4.310547345 3.660444945 10.652765799 5.235135322 6.598748965 0.768113628 6.261774242 9.117685156 3.169102391 8.605686505 4.630362750 0.134898758 7.705371103
6.280722076 24.924243921 -16.195975544 0.925168317 0.365366521 -0.067471975 0.077578495 -2.041201500 0.411528393 0.890239264 7.614379478 3.692612150 1.085667350 2.970876347 4.719137572 3.369157859 2.252140079 7.377491168 0.758862842 8.435229971 4.356702480 1.335556453 2.106454913 5.993230140 3.166743448 4.154871872 7.398809701
0.525274014 22.701527029 -9.485030646 0.744768685 0.635188372 0.016872414 -0.203888839 1.701219935 10.236459547 10.318741942 3.634466820 6.337574335 2.984467964 6.805399944 5.371844734 4.442345349 4.950951188 4.066864396 2.249681328 2.617719168 4.498249197 3.572204967 2.272670185 2.287399647 8.130574753 8.869968326 8.052661099
3.277202634 28.007193897 -23.291634905 0.847172909 0.374570616 0.197985320 0.320619291 1.161311966 2.882002515 6.289695737 3.958572235 6.171259099 5.391781590 0.024621616 5.212952301 4.974217143 3.593568544 2.853299149 1.194032061 2.607237654 6.963094835 5.986816552 2.229078598 4.744838836 -0.043535804 3.660860680 5.324399037
-1.111948012 28.143357318 -21.236136715 0.878242601 0.448692939 0.122062902 -0.111647784 5.723650243 4.758300954 5.370180223 0.529821784 -3.386056667 3.023559606 -0.136247195 5.066474584 -0.515192973 6.909658334 0.674863626 2.594852039 7.465549517 3.317906702 5.650086698 3.831534513 2.218154024 9.626066650 3.602077749 3.614593021
6.161303471 28.836200811 -18.148532307 0.778141048 0.385435513 0.072448642 0.490598786 2.753439576 1.914747171 2.242257374 4.018348341 5.081885940 -1.154783063 0.110896451 1.174268875 1.107845007 8.708383854 2.317952778 4.111625103 6.764309074 1.422695034 3.987546668 2.855613975 3.118416083 6.778429487 -1.985528169 3.325153087
2.171120180 26.253135712 -19.533577549 0.858486417 0.496123293 0.109514785 -0.069780102 5.075177690 1.858494471 2.689362786 4.439533893 -0.846002292 5.327017267 1.163325117 3.658768683 2.467095301 1.774893163 4.392467601 1.513406135 2.852574360 2.529703547 3.104964308 3.583119833 7.334508916 5.244322467 8.801521968 3.093967909
8.450798475 29.785947328 -11.494937571 0.903853201 0.361576071 -0.060011768 -0.220705062 3.239086370 5.062637843 2.384923981 7.773030462 3.205006728 10.915343934 3.966941506 0.201203774 0.004459666 2.558845558 3.610937588 3.031085091 4.710339661 6.470709795 6.853391570 2.471488527 7.409242297 3.703408505 -2.096964977 -3.263534663
7.820382432 20.473812556 -19.213869745 0.876200231 0.436023548 -0.138732311 0.151360390 -0.289317465 2.082164139 3.116541228 7.098844700 6.987012934 2.707022087 5.774890155 0.456939946 4.235915272 6.685392566 2.798458473 3.113800366 7.712800439 5.324766186 4.884185356 -0.508835649 4.286025716 3.082823046 7.216510650 4.033114271
8.472814851 26.376640203 -16.818260498 0.983074779 0.168218701 -0.063872905 -0.034448492 8.405468913 8.464263295 4.314977413 0.052451370 4.372888560 -2.280414560 1.954192821 2.624766087 9.074094492 2.851457769 4.716876551 9.260432769 3.245627609 10.204250054 5.230092836 4.697945897 0.702470925 6.574949086 1.736440771 -0.573832750
3.960795531 34.687451735 -17.617145414 0.871521611 0.464672552 -0.058459714 0.145299562 3.981114387 0.673198180 4.189222986 6.833014599 0.521022602 5.634596766 2.557358191 1.105325574 1.615562005 8.276024112 -0.267078392 1.748385553 6.367587028 2.674151370 2.776927829 0.240933786 -0.380971572 -0.393963348 2.004064016 7.132655463
9.164388627 30.448943509 -8.697238618 0.922273712 0.348462179 0.035457227 -0.163487295 7.461313749 5.011805874 6.088074700 7.160942183 6.487525333 0.078018061 7.167898198 -2.738156431 4.130897350 4.197979239 4.583976745 6.104519481 5.426732327 5.388922932 5.078106041 10.629378409 4.159188235 -0.376379081 4.844990009 11.168207791
-1.697589922 30.410671033 -14.167785965 0.927347871 0.373951600 -0.003485046 0.013190246 3.346683802 6.497000838 4.128657654 0.478739541 2.666433326 5.035635759 3.739947531 0.684670792 5.052703670 0.016187274 0.634616486 5.716142090 1.444205809 6.194017144 -3.095501246 7.817488727 1.856199179 -3.110829743 -0.648796771 2.992348797
-0.298982471 23.438405480 -20.193608614 0.788119342 0.579682891 0.104407552 -0.178702859 5.114354446 5.781450163 4.795461160 3.675378086 5.102662160 5.476758491 6.692808102 0.009918923 7.065160709 2.391637042 5.575486130 2.732910432 8.388612058 6.366317243 -2.321580354 9.341749248 8.410489927 3.608076271 5.086210946 2.856840588
5.255433716 29.853010699 -18.166219522 0.741142228 0.416605306 0.045321534 0.524494210 0.956590879 2.520888035 5.727462114 4.109891702 8.035429794 -0.916362030 8.111601436 7.461047907 6.440736642 3.854599526 3.756562442 3.240986376 7.058081541 -0.117815604 2.718628881 7.720083134 -3.461357392 2.134640852 -3.257220271 9.847193890
3.586835768 20.389446992 -15.919687655 0.803232799 0.462064451 0.089955802 -0.364995161 3.335254626 -0.067291663 9.670160086 1.511314914 2.424422682 1.796754244 3.888122223 5.990528320 -0.567678035 3.584551385 8.284454821 8.917921949 2.348895049 2.887213300 8.883669869 7.617800693 2.139896515 6.418556982 4.600328168 6.452978260
10.659128190 25.804399886 -19.578362084 0.927970431 0.288760883 -0.142651798 -0.187452652 2.687487195 5.137959817 4.166572029 11.911082538 1.596199705 6.234525873 4.807365865 0.303168595 1.315936030 5.280405843 3.186335017 0.334346695 2.701605659 1.474739785 7.401840421 7.386000056 8.388212704 1.489836160 13.822174643 8.207791933
2.947404199 29.789619127 -7.971593280 0.859584404 0.336195245 -0.105996883 0.369935223 4.549809279 6.041499862 5.467329910 1.638815644 -3.130234864 1.006651512 3.357420256 4.878678394 8.784772593 6.202151430 5.645248631 3.608746345 3.095681058 4.378667971 3.512920722 3.368782863 7.856361829 3.489700188 0.396425297 -0.857470960
13.197591325 21.789527923 -14.251686406 0.737682564 0.590262258 -0.250369443 -0.211494783 4.869731786 -0.611245821 0.477405956 6.406249593 3.351776614 2.979557496 1.250290590 2.701272744 2.341572834 6.575498251 1.770970160 0.548265807 2.834165998 5.795029786 4.836192395 1.111997085 3.815140942 5.891815746 3.685539313 3.291721452
10.665341472 24.844227659 -19.409661740 0.811349071 0.536140791 -0.229995614 -0.036983169 5.390502381 0.644199094 6.688134979 4.171511789 8.604880183 7.154822327 4.596764740 2.466923408 8.875132220 -5.884655624 4.693285649 1.029304176 2.416440559 3.055077903 -0.286852915 3.568532988 6.574836754 3.486784597 1.852782115 8.604095222
4.440137115 33.384102107 -17.984594305 0.763128657 0.566571303 -0.054902564 0.305969475 11.682796935 3.163673802 6.264883782 4.465573529 7.938540417 5.644430611 5.742292379 5.297925185 9.018320334 9.051399030 1.353057407 5.476966682 4.603110628 2.016787159 3.014748671 5.697212298 5.136259196 7.836107311 2.750714783 3.333901691
-0.157775523 24.588238987 -11.757022672 0.879324055 0.372832908 0.140827568 -0.260676859 -1.756188867 4.180814019 7.236581396 2.140975051 2.858822056 7.003191421 2.710483763 5.940056367 4.758587478 3.862561958 4.807448626 7.912131206 4.550509093 5.235767165 6.701024397 6.233240164 6.801671209 4.451544913 2.571274979 6.346653572
2.883365652 21.199275564 -13.393344428 0.742516330 0.663687791 0.086892520 0.025252828 8.035855119 -0.128070371 4.845976844 2.265372668 3.980501811 13.008706081 4.078317880 3.764682846 3.213847540 6.132991843 3.627065265 5.916225953 -0.144502979 1.235544111 2.537103267 9.279286193 2.656577132 4.773036165 3.219281185 10.312175186
-1.889763101 24.710397266 -16.480108324 0.958589708 0.254516921 0.013069548 0.127106634 5.222743203 8.286361220 2.225606699 6.185058701 1.698846885 6.477106470 -0.872775545 7.550075567 0.892431202 -0.849281328 1.864646363 2.967301543 4.721515542 1.116017863 4.425858767 7.718441571 6.005690703 5.779237432 9.858816519 5.723155009
4.187515288 25.797665790 -9.857098633 0.873234018 0.440665831 0.002518103 0.208013547 5.963168557 2.047768009 5.795969151 3.349309215 6.866150142 4.536139958 6.627470014 4.708237451 5.833835087 5.752569030 -1.399346058 4.896677497 7.803439646 5.175707709 6.101526356 3.339940370 -0.792130991 0.692196290 9.450346583 1.612596981
9.942901031 29.411340547 -19.004693620 0.837226009 0.337272046 0.052050057 0.427306644 2.481680873 7.131523706 5.086267216 2.644165542 2.994461615 5.155460893 6.522663840 5.233321784 4.574155766 3.106817883 0.817379250 5.547575280 6.492671429 11.566989443 -1.121382209 7.271057765 1.021775300 6.265330552 2.979631018 6.953805394
5.740002949 20.185618504 -22.710563060 0.802475076 0.461332822 0.096195298 0.365994870 5.579608988 5.076317628 6.485106124 8.145129450 2.752756180 5.749889207 -0.040960782 1.681314930 3.491394407 1.592605972 5.154764106 1.790640369 4.154763411 4.556729321 6.740858529 6.013301705 1.389752391 3.184421701 8.119812550 0.567580001
10.369140651 28.822256109 -13.956145346 0.878679013 0.408755254 -0.143972276 0.200285589 2.869171638 3.359885761 6.308500923 1.709157874 2.911021182 1.948846923 0.819655473 4.713294530 4.394870872 4.925884347 9.984861434 4.196744998 0.503451591 3.771612939 3.076486438 5.813033373 5.901048124 -0.015446542 3.654041439 -0.324625900
6.545554095 26.985284214 -9.605930902 0.766688000 0.494256346 -0.039043418 -0.407891882 10.082256886 4.775647238 6.126293594 2.898847434 3.574843583 -0.332577272 2.699372549 4.543650395 2.758165888 8.499363468 -0.476551215 8.382927583 3.754002725 2.979129442 5.185443554 0.715497628 6.701041580 4.764683989 8.733823869 2.785936977
9.101931106 30.115974586 -15.710620209 0.778081170 0.544048744 -0.131834674 0.284991713 5.049179161 0.582207803 3.213239588 4.332103824 4.564984364 3.410507527 3.637945562 0.227026646 -1.188987815 5.581866251 5.180269275 7.297894565 8.298606200 -0.345376180 7.721653814 -2.684383542 1.832147136 2.419397390 3.219351562 4.094050385
6.705487857 27.257337657 -11.280735727 0.947016340 0.312514618 -0.073471646 0.009827650 4.639770754 4.096711390 5.571841249 3.362486905 9.615059673 7.881806987 1.640360065 7.124197590 0.628354553 0.582509398 5.403183588 5.926713041 0.581358988 3.891486879 6.879281176 1.512997360 2.163354111 0.198792900 13.393237746 -2.791965813
7.385341628 22.823677807 -13.370175105 0.780950703 0.621052374 -0.066249566 -0.004576397 3.797630902 6.311573535 -0.546909068 3.992267739 4.758213236 1.898074147 4.042896429 4.008698884 -0.275012768 3.306442158 2.246094728 4.847863123 -0.501417406 9.144806913 2.691636052 7.949317049 5.773642579 5.423153404 1.711337027 -1.306890442
10.011512981 27.705600611 -14.721752633 0.725245675 0.629015636 -0.227706979 0.162811462 6.194432415 3.529462224 4.473511328 3.533925909 -0.884767914 3.217313786 3.787918800 0.993201286 2.558856572 4.157116649 5.612293780 7.803273592 3.802480053 4.888774185 6.035701717 3.784493598 4.206983897 0.696713385 9.817770715 3.112028361
9.991527793 33.895373381 -19.505883667 0.870637927 0.401712317 -0.143899907 -0.244764441 3.634487366 5.147790134 6.762453762 5.974165797 3.721369293 5.874681305 1.442443995 12.033314935 7.197796607 6.265507664 1.622978965 4.559508709 3.119154506 2.707893083 6.682535983 3.711730612 0.186530227 3.465765616 2.787849999 2.982179415
6.427940807 21.362454397 -19.664389472 0.875085550 0.456713341 -0.152658608 -0.048306870 -1.179045627 6.730926051 1.943298190 -1.696924614 3.790709954 9.158447410 3.381050246 0.751338047 10.443330442 5.991507979 9.109528689 4.981314151 5.447761237 3.675667111 7.084513864 3.204886410 8.896969111 8.028563859 -0.579938084 4.510846304
1.875817094 26.397670041 -25.421434955 0.793897350 0.583153885 -0.113004661 -0.129955723 7.135687192 2.391592443 0.258660272 1.450503029 6.687717376 7.754367036 0.492483742 8.117860653 2.167506872 7.250212012 -1.051622830 5.544459049 3.232901780 4.751008369 2.416203255 5.431856994 1.076124375 0.255596928 8.177733529 4.685540850
10.048384067 18.294455751 -15.589881224 0.818604705 0.525534387 -0.053334127 0.225511454 -3.990620821 5.004561096 5.082164157 4.643314122 4.796521119 2.316021975 3.170899305 11.208465329 7.290766785 2.713251993 7.444746185 2.477590882 4.659362580 -1.596585382 3.142011000 7.342034072 4.239787556 7.297400223 6.877814416 6.036264573
2.377897429 21.569941272 -15.896254007 0.834590730 0.528383002 0.140870370 -0.066522590 6.216580800 0.967284065 4.743112946 4.235828471 3.371122766 8.717116646 1.145582798 2.680620001 7.814754548 0.698282632 2.198031791 4.385279666 2.976023546 1.132743660 1.500518633 3.871322388 3.284218077 5.386856018 1.364982238 2.329266967
8.661503951 26.255649190 -25.164118521 0.953141714 0.300842478 -0.013760243 0.028728610 1.629612956 -0.100614447 1.476589477 2.916045754 1.604834532 5.417916417 9.811505758 1.895017904 1.144156569 4.968409070 2.291699766 -0.248091399 2.453517121 5.214869169 6.011505506 -0.149753621 7.076196923 0.379976708 9.404760609 0.888907974
6.533350095 22.219867351 -23.794717020 0.831655145 0.525974468 -0.166322987 -0.063539309 5.677701641 3.432229662 4.625227588 2.385109101 8.084608066 3.153335456 -0.051999140 5.549650435 2.506889082 -2.465648114 2.440016776 2.762519375 9.355972415 2.520653161 4.514048209 2.971392874 9.467765606 7.247413302 8.197140010 1.582174061
5.277056346 32.025226125 -10.316114184 0.872151992 0.385752383 0.035401548 -0.298818897 3.720733649 2.112570238 3.966986047 7.593554221 9.860639484 8.122124426 3.225188059 3.085737774 3.668317271 6.713219035 10.062236093 4.061891468 8.157558042 -3.129549311 7.993664017 3.378388454 4.592807182 1.591477927 -1.235829568 4.974729781
8.019436090 22.419472914 -8.736082667 0.757533309 0.454591515 -0.045745223 0.466258742 1.148226639 2.831164839 7.758460019 3.218953977 4.387114460 2.043126069 6.903423307 2.720489702 1.884718027 7.225460571 3.219336761 3.261138307 2.735275682 2.308868876 4.893811346 6.755626629 5.292313951 -0.039301567 4.466856302 7.984989259
4.542241678 18.817610505 -12.107248993 0.712953666 0.622432731 0.114783140 0.301826764 2.497457740 -1.008104903 0.125694146 1.541838417 -1.879463978 0.401162961 5.091581466 2.189034352 6.073518991 6.262788903 4.361573063 7.378054264 4.570936526 6.359330738 4.301496059 0.914312251 4.577548018 3.329877765 2.221816230 10.526409677
-4.450578882 27.071990419 -16.822085478 0.829371266 0.421628951 0.007298194 -0.366495658 6.216631212 4.052232643 1.828007794 3.202698634 -1.123760985 5.733185209 -2.208681712 3.884113628 7.723227013 6.651281207 3.451305610 1.940738944 3.563121609 3.723738427 5.186249268 10.872442921 3.323423789 3.401333190 6.510915523 3.618640817
4.396777120 34.666834741 -13.003370800 0.921944501 0.367841007 -0.028054177 -0.118001248 4.187476879 5.299290355 7.064069776 6.487694542 3.713726727 2.287728196 0.996076030 5.635922927 -0.252458082 5.115722397 6.817202492 6.293522972 6.104176609 6.460709600 2.871980120 1.777232670 3.216407510 0.206071451 1.907876840 -0.931209291
5.200715172 28.562791309 -9.192598000 0.748353603 0.533585336 -0.142487809 0.367356500 -2.838146309 1.241320746 6.667134081 2.418547579 -3.131309867 3.059145911 5.547876712 4.127556882 2.959839942 4.350870181 1.245742287 11.399082401 4.186884178 1.685691174 0.101157052 5.988660236 3.570499274 -1.802848865 5.152935380 -3.252309255
1.062536177 23.555382453 -14.448566664 0.759506640 0.634623951 -0.036161794 0.138182592 8.168202341 9.434112776 1.478840911 6.920102910 5.890079066 4.478119876 5.218382804 8.513876963 1.224277793 3.121358994 5.396599548 3.917514943 1.493171294 1.053660201 7.540329129 8.632516911 6.612039820 8.060603439 1.233767739 6.020838569
13.342591898 27.568062594 -20.991265509 0.848946175 0.414057779 -0.289899235 -0.154288627 1.313427841 1.235968592 4.081562959 3.522049358 8.677889200 3.542930817 8.214204809 -2.541850793 2.609758831 5.935743464 6.592254222 1.754695870 1.261484592 4.236535510 0.710172116 1.349231158 5.157179294 8.725835414 11.285385913 3.722080306
6.793122139 19.645899061 -15.095224036 0.895443202 0.377471767 -0.071059342 -0.225049122 4.187142129 0.905622405 2.716365601 1.534006690 2.266914584 4.985860298 4.645715972 7.655982590 4.942807045 4.347778400 2.258036408 1.759022552 5.386980601 7.926222174 1.509020224 -0.102633568 7.582005883 6.341613518 2.517614249 5.042351895
2.040614577 21.975928054 -13.407150554 0.748404955 0.660977439 -0.054730339 -0.001854509 2.979597373 3.876337214 7.861019209 8.778049187 3.158226882 7.553924263 10.977980892 4.542394131 2.686944232 1.547449117 0.878381428 4.966450731 5.970631378 -0.719200417 7.270609508 1.348609232 8.051843110 5.539016456 2.180792572 2.383686181
8.302228809 20.044031928 -15.096293529 0.765574787 0.580760944 0.054544413 0.271361158 3.455220942 0.912759755 2.497137488 8.239616709 2.007400708 8.636344262 6.599228366 8.947371660 5.567685842 0.424469016 -0.059843247 7.054573285 2.802182034 6.354086650 8.603281755 1.981488518 7.324848567 5.940890616 4.313505576 7.544165100
14.727368985 26.865944133 -18.831389080 0.952957801 0.268878914 -0.139220972 -0.013895293 3.226699765 -0.648528993 10.152302383 4.444848339 -0.769420298 5.161413983 6.450388944 6.388444041 6.108046273 0.178342025 2.865367087 6.757117202 4.254539579 -2.129574073 8.134578425 1.388656126 2.691795373 5.711994827 2.554530965 -2.231160600
6.537212094 20.129806938 -14.148190681 0.934699093 0.349034436 -0.013071071 -0.065891692 3.172304426 3.306613242 0.301276444 3.811940078 2.456930236 0.514198481 5.291313314 10.020343800 8.502630010 1.452135335 5.650618388 5.623762450 3.720544656 4.275189455 0.982043370 3.889904522 -0.970106522 6.298754988 6.323585643 5.032595918
2.467404483 20.272573472 -14.502965864 0.900463562 0.418469043 0.118486562 -0.003157098 2.368979256 0.575217090 2.283237175 0.908661087 3.642663163 3.470970863 8.082416235 2.176149667 2.326580874 6.177201850 -0.269391378 3.823179147 2.286964800 7.468413995 3.175596512 6.271471243 2.286084821 5.964011063 8.369009212 3.322180262
2.471339837 26.742274916 -9.387600498 0.938704315 0.323411350 -0.006163592 -0.119169284 2.428690707 6.765577038 1.760630461 0.426210367 10.547980810 2.752593856 3.929923974 6.811989089 9.130877580 3.917849010 1.207997870 6.501223106 -0.083534592 4.465466041 2.484310062 9.802015833 4.364414810 1.380803092 2.509413277 6.431665980
1.168349064 18.131275737 -12.364331388 0.726986390 0.652874544 -0.014587079 -0.212209414 7.616499612 2.044871983 3.708463829 5.856432682 2.791555173 1.183261121 0.875361679 -1.769948571 2.964345221 0.881533733 2.720522340 0.823050963 1.865771284 1.990529048 1.497766981 10.785126935 4.721858811 3.240774120 1.216663432 4.056074504
2.105139470 28.931689286 -10.595778872 0.912736516 0.351960360 0.071389928 -0.194780483 5.748290245 3.254213356 2.591630081 9.432757545 6.153043383 2.204343531 4.686163593 4.102281639 4.479897471 5.698208866 -0.617895604 0.446750911 3.766859912 9.256890678 2.385484031 2.980685745 3.362167177 -1.003487453 4.466915221 7.745219002
12.236191511 26.590615330 -21.538318288 0.801567143 0.373705922 0.017359137 0.466403966 8.345925013 1.605543283 11.865953175 1.440036634 14.095647324 1.849220653 -0.333079007 -1.707525633 0.001096534 3.206869422 3.116136443 6.299926430 6.854058206 3.451854052 -0.831149297 1.464403060 1.007782380 5.641462896 4.136291104 5.043758281
13.696958518 22.559300847 -20.461210888 0.809186157 0.462675497 -0.316641960 -0.175747027 -0.248003282 4.778930159 1.892952805 1.917604856 6.750005883 1.192447720 0.504964162 8.910503854 2.584213528 1.079311920 3.277614471 1.112452066 3.455983695 5.578158502 6.561579977 1.264407911 1.499803010 3.279560963 4.711886669 5.774427401
13.006074180 21.071754877 -13.548397975 0.724215292 0.579309192 -0.334800312 0.166798748 6.619565604 6.853043459 6.396946312 7.964966525 7.458443287 9.035628821 11.217847503 4.244215659 4.255842416 2.632055476 -2.372591426 4.647126813 1.461190095 0.468311875 8.958193226 5.274926862 1.046473230 8.057860956 5.640756408 6.197665766
12.298442752 26.342847638 -11.127320056 0.938866513 0.298908385 -0.116283254 0.125146524 3.745515471 7.790961182 3.292351890 1.910138270 5.385217841 -0.846777796 6.149905899 2.407627989 -0.025282796 4.773374781 2.494563758 6.565047324 6.210903754 -1.640877776 1.560586159 6.782095180 2.604742621 4.276708789 4.813501326 3.450955408
5.215574023 28.440626391 -17.976330868 0.933794564 0.329900899 -0.069463832 -0.119866115 8.139186416 1.516680317 4.986932429 1.028716976 5.100651946 5.942662180 2.339594394 2.307732617 -0.336625817 7.759270136 -1.100798553 3.351683532 0.102434818 6.116234961 -0.613189391 2.634083220 8.904973893 0.406441775 9.006082402 5.909307479
11.323144164 33.156168870 -18.159365999 0.906613482 0.418850338 -0.003195169 0.051050755 5.530782421 3.478337078 1.434174524 -1.683390032 1.466507545 4.564047149 3.100432746 9.813275611 0.239023468 5.350180706 6.464217814 5.082809872 0.414095871 1.267770131 7.284043770 1.552011392 5.477307819 1.254966758 3.349836649 10.760174219
12.242432738 23.888898067 -15.754520574 0.896373467 0.349650863 -0.235866889 -0.136475974 1.959059077 1.941059270 -1.748153352 4.366706723 2.356700332 2.427167178 4.794755799 5.169109530 4.598297511 5.004180773 4.968944490 -4.726108289 4.413215359 1.183663383 9.345477530 5.260265199 10.399093583 5.858835581 4.957033981 4.287723168
-2.674890122 28.836603013 -13.075607125 0.771494849 0.575227525 0.213562872 -0.168225718 2.940081211 4.856669741 1.439894933 -0.951187186 5.466306738 8.720410659 2.408492225 3.969242387 3.698585762 2.912934368 0.556571874 3.144746021 4.478888437 5.682538801 4.020887023 5.089093596 3.143176713 5.982689738 5.975834593 8.533351474
3.374983495 34.781977444 -13.501633174 0.825139948 0.399321192 -0.052179544 0.396186758 6.052698431 5.660017954 8.452882640 4.628927645 2.084934135 7.303751346 8.533354525 2.673032866 6.581164144 6.445485340 1.894752213 5.691417701 3.782634108 0.703503520 2.364121981 5.549276711 5.047348311 3.297406913 2.806255657 -0.349127667
8.306434543 25.947357327 -11.250454484 0.937048459 0.339984260 -0.051511823 0.060806419 0.044470030 6.587247544 0.791228098 8.755762481 1.958588339 6.051948238 3.868682341 4.423691456 6.703438451 6.283289610 6.639993999 -0.933050438 6.568372964 1.241907000 5.260560119 1.649272923 1.092255175 0.940612884 2.588280567 4.480957177
1.532208468 28.573811774 -23.217625084 0.760450814 0.492765744 0.054011709 0.419498768 5.539631242 6.124062906 1.231436807 3.704181051 3.590284962 0.148462856 2.592081490 7.075312052 1.691258053 5.967059909 6.490440869 8.437019903 6.648221137 4.931063048 6.712720103 6.537655010 7.687672367 8.703568391 2.732358600 1.376518778
14.896664331 26.923548792 -15.665503758 0.894965710 0.359155519 -0.181531050 0.192588083 7.416774332 6.897003190 2.488106313 2.476526095 6.100462403 7.039447336 6.189422151 5.751454415 3.839615993 3.538099089 5.250313197 8.457042466 -0.363694215 7.310162141 8.666125314 4.156194020 2.582300483 2.490160209 -1.084266714 -0.537112355
3.592030939 28.869828593 -24.858469199 0.828701664 0.511144805 -0.008250500 0.227851860 6.480533617 4.636517181 5.304418803 5.996895611 4.688986581 3.629503468 1.398658681 0.337435327 -0.395420375 7.142003680 6.107087708 7.968647592 4.694457283 0.342427275 3.792100064 6.083229138 -2.955837869 5.000449713 1.535040911 3.222876785
-0.496143365 29.136775116 -12.650665535 0.781350429 0.591705375 0.170626112 0.101306399 2.925296879 4.428181560 7.221254113 5.588076614 2.523959534 2.489662548 2.140525032 6.544593715 6.525864359 3.665436596 1.088929673 6.543140004 7.186329637 4.565124976 5.464777582 7.638854544 8.979166974 5.274153562 5.072335825 7.221954647
7.028066318 28.025298471 -16.006638957 0.733849093 0.648870076 -0.129578592 0.153761250 6.129161577 5.095236293 3.052815053 4.844758624 0.101615619 1.113142697 2.634953043 -0.207311667 7.401790145 6.182508721 8.752196774 9.013460615 -2.429925449 5.057947866 4.719496307 1.114123691 4.473188132 3.902421843 2.912635518 3.852800773
3.825330176 28.613816746 -8.863836504 0.746809994 0.516806519 0.027992987 -0.417614952 5.358507566 4.950861093 1.734306332 5.356996428 1.679648203 5.645112080 3.405487819 -2.936759312 6.954605331 1.946617712 2.143218885 2.249838440 6.518400992 8.916552535 4.758804446 2.877972072 4.657095520 -0.179224432 -1.359938937 1.410635722
4.779515562 26.206532768 -6.752851383 0.874937642 0.459710932 -0.097666157 0.116667491 2.594601578 1.759410608 2.838471976 3.037350549 4.430048462 7.001434703 2.091647945 4.853275207 2.704801179 2.005475709 7.202567130 3.609058552 5.365350318 -0.506805817 5.663031915 6.088732288 4.462642607 3.438499245 6.452291722 3.223430270
8.553931862 26.650063778 -22.911306246 0.778963679 0.438126400 -0.192467884 -0.405236916 1.493511661 4.628304933 -3.117866728 6.576480173 -0.928606989 13.785206481 6.291765714 3.536295016 5.436331246 7.150875029 7.684854055 7.454239523 2.990991264 6.540294868 3.484811100 2.323893505 5.719549634 1.392007245 2.729365510 5.804546607
3.220832208 32.621780079 -23.009501781 0.822158397 0.454344788 0.019358684 0.342420245 3.430750511 3.653908345 2.679331614 10.008421993 4.449160286 5.161945043 2.054300862 4.549804376 0.726754548 5.555778082 8.552038535 0.819595399 -2.947412297 -1.275622063 6.760160565 1.114649464 5.903121563 -0.968856913 3.948420271 5.306444312
-0.629159579 25.231286571 -22.154798424 0.708027128 0.691361775 0.020239006 0.142502160 4.002937735 3.334188772 6.072506530 5.599212795 5.105390749 7.511999545 8.964434420 -2.468401655 -2.970578117 3.136950847 4.616973045 1.225834397 2.048345757 0.846950859 5.458185913 7.390844029 0.325883980 5.803783892 1.791587728 1.669554593
-2.032099974 25.234076444 -16.171389871 0.775728233 0.630366134 0.026599403 0.013293517 -4.800826079 6.600379228 2.813240952 5.694914738 1.680684392 9.171101187 4.244442444 0.572913447 6.450416225 6.252054065 7.227816257 1.599212955 5.672403580 3.856432711 0.837003842 0.650274870 6.772416532 2.932409500 5.731465737 1.257061076
11.435202781 28.684089628 -22.139068956 0.844436630 0.525191011 0.009660588 0.104918317 6.645182285 1.007110955 5.046430052 5.267107928 9.486506479 3.984989412 1.558274708 3.706836967 3.809327349 1.240902512 9.687961291 -0.622331509 0.589746822 2.537886389 9.413228326 3.898671396 3.008744092 7.629002288 5.220879126 6.586072276
3.873151579 31.187975203 -21.516316932 0.857058405 0.496394049 -0.034774252 0.133546210 7.785832902 7.272753101 4.027658863 4.593155184 0.905351601 -1.389535402 4.948445988 1.424710663 6.418613536 5.654641848 8.089866635 6.224449775 8.014270002 5.241384632 -0.613351230 8.283677605 7.246935397 4.064296887 6.527234042 2.497459671
10.160507911 23.946383025 -24.506455707 0.797698168 0.492423153 -0.175435454 -0.300698308 6.941493161 6.601451741 1.665127317 1.530637496 0.200582241 4.800273404 5.588832291 2.872231482 9.438047112 4.051248282 9.228822565 3.417358338 5.375233679 3.048423159 3.053198248 2.034526607 5.057176709 3.901093189 5.979673655 8.554864488
2.822747963 31.431685728 -17.934947046 0.727301731 0.668775965 -0.047050194 0.146823638 3.340729369 -1.705637656 2.909810452 -1.216849581 5.950212072 6.784515634 1.717944135 4.316541903 6.593785972 3.291416277 7.289338444 0.722829304 1.623928810 1.380166929 6.485790265 0.915138509 0.153622292 4.755474966 4.165609204 2.419140361
11.004647654 22.679637251 -13.124643972 0.761754847 0.633472779 -0.014508053 0.135023357 10.734282368 5.505151253 0.525954382 -0.330473338 2.550846966 -0.849675611 1.478148890 7.852213250 -0.817624723 3.113974355 1.315335386 2.663983615 4.431264365 3.162263130 7.048779561 2.619246291 4.894894269 4.913138277 5.143472039 4.973627326
1.979434036 22.482167117 -25.059646442 0.773139336 0.482219853 0.057187742 0.407981793 8.645953518 13.662416194 0.269735243 3.843706099 4.914483027 1.012577941 -0.913697851 5.911464381 7.262121785 5.191574513 6.308548872 4.704900276 1.469831405 0.516572906 3.764675698 3.301395972 0.529981721 4.212817824 -0.307609538 10.266966555
7.006593550 26.178907347 -14.814007192 0.895206290 0.353325265 -0.052645414 -0.266449649 5.924250250 2.535704648 5.498322213 3.004280568 3.821850042 3.799030932 0.002663934 8.479888883 0.874347119 5.498477634 4.411340350 10.991898248 2.218167440 0.875864806 7.983144553 5.575407961 8.281493068 3.508107210 0.324335244 4.598012796
14.177640508 23.299920225 -12.902930638 0.879514565 0.391955678 -0.158148832 -0.218663722 5.349550551 3.847932342 3.654138334 -0.110712494 2.840422080 5.963759496 5.645311458 5.738664011 3.883492286 4.264376579 1.723853568 3.724438167 5.351541049 0.426943878 0.972614071 3.386231321 3.488763660 -0.061325356 7.918465527 2.885216144
0.590865500 34.050927376 -17.081085904 0.867766431 0.485638764 -0.001915207 0.105511818 1.175221950 6.530183248 -1.025702340 2.928968391 4.093160223 1.912974774 4.954958633 5.383720958 9.597197104 5.595805601 2.627218638 -3.806187852 2.907354819 2.328567215 2.009174496 -1.389559793 0.366669166 2.827984401 4.760754473 2.126735343
13.673167866 23.597699409 -16.402156226 0.798804980 0.550462782 -0.037807127 0.239733082 4.834290241 4.660700533 2.302493079 5.500940062 4.547997947 4.776138128 12.648361129 2.574307681 4.377411445 8.026283001 4.954622468 10.367942305 5.245034489 9.386909946 7.092662170 6.527639787 4.587797779 0.643078654 1.271611032 1.634018960
6.370878066 24.607851139 -12.853647908 0.788665210 0.410671119 -0.114370298 0.443030308 6.197218230 4.530510171 9.926441173 6.083897657 6.337305428 8.717730102 3.011734566 1.045839283 -0.681450333 4.073348484 4.994943810 11.711398784 12.780186115 5.063266101 0.968584740 3.441437266 2.607652101 5.815911370 3.149078871 2.901492107
3.260557695 33.662550816 -11.109724218 0.805723018 0.412431267 -0.021019438 -0.424581030 4.572453609 7.318865299 3.268036350 2.981372021 1.798047283 0.890779659 7.221775126 2.292545252 7.973797596 2.178797398 2.948989153 5.286117751 3.644950424 12.525082658 7.772655198 4.052199522 5.176834919 6.373602196 3.672071766 5.854218914
-2.046571013 26.997727853 -22.694569972 0.802571856 0.507792346 0.112371634 0.292229302 1.430351203 1.944908337 6.493264883 5.302815416 5.682326309 3.801808261 4.810455560 6.525442455 10.400897089 2.131891359 0.466070751 8.182250214 -1.824353042 5.397897959 0.397195088 4.086129125 4.851866596 6.321065176 1.309060508 1.779109896
2.099312928 30.633991818 -18.673765314 0.911169789 0.409091063 -0.044230841 0.021395106 5.598457149 0.108776894 5.362995331 7.626743139 6.167659353 0.748806217 5.347395714 3.987343327 1.280594260 0.125333870 2.249793035 1.838450128 6.130254807 4.407889853 4.136480347 2.349962916 5.247711079 6.022939190 5.460201623 12.734672462
5.969091362 27.094340267 -12.705941845 0.766112825 0.624917753 -0.148784164 -0.020303034 7.198498739 10.023276504 0.672079853 0.822927731 5.038606737 -1.316790319 5.118030039 -1.464235283 0.982955926 0.071277878 2.435295981 6.027510199 1.928272583 3.476538299 3.932283784 5.440104341 -1.904417293 1.074181656 1.181986860 5.120601789
11.089193514 27.676726994 -23.251548810 0.769259617 0.545518139 -0.266988939 -0.198409952 6.631461734 6.515315634 2.635681938 0.727480620 5.105823180 5.720071933 4.867125805 5.993420001 -4.142812920 4.108587302 4.418805792 2.101096177 1.289074831 5.171151545 3.290661274 3.981058742 -0.662617788 3.181260113 8.164592501 0.846040411
4.554251940 34.590952682 -12.648302976 0.715742566 0.538623463 -0.033094064 -0.443285604 1.874129724 3.102294781 9.363073223 0.571016811 4.960594151 6.361894321 0.387433539 4.224725875 1.884245458 9.559512007 2.831877814 0.448631292 6.223289783 1.678244944 4.322544839 2.887099178 9.259678160 2.232758791 4.630665337 11.247206717
8.659992923 33.775036662 -21.059326167 0.856645043 0.469593380 0.012591446 0.213266928 6.565286899 4.297792685 -0.314724516 -0.033485130 8.505842625 3.997472010 3.010035106 3.743375505 0.251548033 5.308367113 2.057008058 5.418716735 4.922793816 1.635631560 3.809828804 -2.903935235 6.039503384 5.866746445 5.212930695 0.954807651
0.095426540 28.032459399 -9.051416411 0.875948530 0.448830003 -0.036212399 0.173073580 1.226695798 8.045434080 3.076188645 4.106063784 5.353690374 5.831869807 1.012114478 1.543383365 1.111942956 3.225033124 6.607167268 2.507150378 5.493781653 5.344538305 5.262943491 3.042362360 1.421633874 2.608215022 0.726156064 6.404109525
7.288747060 24.979533097 -15.171931862 0.890154490 0.434166263 -0.133237119 -0.037047419 4.064499684 4.876452215 9.718601737 4.132935496 2.356054954 2.905936060 5.376484137 5.711917396 4.688923420 5.028946852 4.179697488 -0.238641925 2.555144793 7.642654899 5.776836395 5.751368560 5.282214689 4.910103826 7.472874370 4.034471232
5.164574930 29.747427529 -18.315546533 0.954955848 0.279120945 -0.036074632 0.094071495 1.462303602 8.246387884 0.868195718 9.001878009 -3.222434172 1.343672141 3.983831163 3.003139154 6.013510212 3.672144926 6.524154693 3.234547407 5.645495211 2.835522819 7.431613767 8.641440440 2.398116416 -0.437835186 -0.373933417 4.028813517
5.711702922 31.295626173 -11.939101951 0.898241317 0.429797836 0.000259279 0.091849271 4.429385923 4.636020005 9.679978560 -0.218048878 0.787542813 0.973739698 -0.387040089 -4.381131165 2.534140275 5.658546727 7.126130836 5.673166328 5.046806027 2.998624498 1.905625072 7.089817284 -0.173366469 3.571015335 10.844564629 5.987390012
7.938403966 31.589146864 -24.056955651 0.963569053 0.265990777 -0.013197775 0.024686158 7.272755294 2.964725425 1.839949738 3.401500921 5.099928363 -0.782757159 0.945354721 6.412400374 4.971118622 2.967711515 3.051477380 5.076531248 5.753355565 1.438587902 2.914374988 3.920376641 4.755429143 2.403056003 1.531160754 5.644311841
6.705069416 22.843348237 -16.420889850 0.812482434 0.554098279 -0.179209818 -0.027041316 8.473446525 9.056813280 -0.020353310 4.633861384 1.026397401 -2.394123641 0.957792787 0.916596200 7.992321032 11.758386090 1.475805118 -0.109147563 7.095840760 7.460408779 -1.082002935 6.172761901 0.172911506 0.592289766 9.118694080 9.990705361
1.698501706 31.900093357 -10.733327490 0.880366817 0.360692046 -0.001768681 -0.307981148 3.963559941 6.730643924 4.350506406 5.626857854 5.425230399 9.349774070 -0.633661089 8.696697252 11.214520958 5.226870618 5.519977686 6.322654174 3.592569552 2.423550674 4.610152496 3.888087731 7.057734560 2.458565918 -4.987304326 8.131875687
1.431339166 30.989182749 -15.531600465 0.775229912 0.440590212 -0.029391340 -0.451702334 4.147909837 7.273447932 2.945664869 0.494621872 8.388418148 6.361594510 -3.302314054 -1.651697560 5.148526764 1.866949832 6.157691118 3.348909722 6.058392907 5.797622347 7.121301749 7.492301974 3.606809811 5.305085400 0.909917436 10.213554955
4.219824203 24.014277937 -14.762093338 0.764654123 0.588471033 -0.091066695 0.246399620 5.711361165 0.804745801 0.379819844 9.244291690 1.896392737 3.581577233 -0.471786925 -1.111571557 4.749220146 6.395576982 3.599840036 3.108655578 5.135815926 3.363188451 2.276693807 4.676224743 6.186109927 9.110213842 5.651753712 5.426324274
10.553313552 23.811106309 -14.889983632 0.811510863 0.393999827 -0.166049254 0.398298759 -1.683028851 7.698581152 -1.426851783 6.070882065 3.813010009 0.106986949 2.579672670 2.891143943 -2.470219135 6.212883174 5.876432940 -2.184260631 1.135306662 3.142735923 -3.257925883 4.645663253 5.107072259 1.118322276 7.444992755 2.781578323
-0.980782527 25.692821376 -22.947773756 0.717223615 0.440956818 0.270699939 0.466764302 11.517045162 5.033950646 4.936796417 5.908151929 2.740997950 12.920135789 1.161154229 1.228708860 8.992008089 1.187453910 1.743807200 4.440811763 2.137647477 0.278581007 1.557749568 3.205902009 2.138988476 2.984391324 7.246405746 -0.200340316
10.131832472 18.379758008 -17.800386180 0.719660836 0.390135143 -0.435685772 -0.374246923 5.020356155 3.601054847 7.611178534 8.366362015 6.921397078 3.147327486 6.110786762 6.851034704 7.614840259 3.499204211 3.877420756 6.231233403 3.836949444 -1.892846721 0.078915587 3.254411375 5.626905164 4.048182039 4.544368777 5.112460946
8.283171647 20.464368237 -19.488236560 0.725550713 0.647500342 -0.170428063 0.158977187 3.295693048 4.994752112 0.475095879 5.721969020 7.541500500 11.020475291 8.021327986 3.464182835 1.337514440 6.998470872 6.795197805 2.334611589 1.866155984 3.504496496 8.086393616 -5.941164874 5.954068186 4.674146215 -0.979430570 3.857589090
0.759927220 31.570045153 -19.272948426 0.839934061 0.534935451 0.043989750 0.080123268 9.913353927 8.725390440 3.956080529 4.336647042 3.599243340 -1.205122473 4.160635554 0.416189650 0.741581177 6.811884491 2.873716157 5.023536044 1.405898495 5.112218351 8.949082576 4.867764305 7.152590039 0.304696305 0.427990271 3.579153730
3.388762450 28.179123644 -13.000888748 0.918249739 0.379286259 -0.055983921 -0.099121899 0.199185068 1.330570883 2.710074418 5.535464899 6.248517196 2.203420258 5.885474275 2.623568388 3.955337307 6.847357154 4.037052526 5.507080577 6.004772724 9.596962428 3.924897854 4.548624763 3.158891626 2.889768135 -1.361536602 1.505517733
4.747020015 16.356440485 -17.079666829 0.893633278 0.442529327 0.042587693 0.061430017 7.005724559 2.886461501 2.106243573 5.596003295 9.976896280 6.205110813 4.376129345 5.507917687 1.908808428 -0.848965522 7.755829165 3.247271968 -0.079330962 3.008166621 2.229926291 7.331422913 -0.329690008 1.117502790 2.129718863 -0.027550117
-1.604583299 22.622091569 -13.738189870 0.914860676 0.387800514 0.083972808 -0.074761441 7.576756463 6.108448159 1.844447384 4.124384083 2.119764674 3.741179635 8.078294262 11.174701568 1.665447421 -0.526177668 5.153249983 7.011514779 3.093265995 -2.860338953 2.139183867 9.809833734 3.317465873 1.810009083 7.432990967 -0.156652805
9.497362039 29.363201005 -13.496612012 0.874917573 0.468573160 -0.120021618 -0.023521159 11.963297380 0.711223082 -1.085666092 4.703921190 4.065704937 5.509434438 2.196505099 7.167615834 7.718946209 1.486279063 7.550323644 1.130156782 3.664425757 -1.482704351 5.910237537 9.772956804 -0.014032116 7.049822481 0.921863175 7.889730031
1.948335953 19.172872640 -22.840939064 0.913906653 0.375033233 -0.106046458 -0.113485028 3.424109774 -0.095044919 2.809934241 5.715332315 11.550506251 9.067406636 3.942680537 6.906155129 4.891501675 4.147466041 0.162273976 1.838520830 5.456860426 -1.834121340 -0.371228025 5.750623677 1.677585550 4.181632615 7.051750360 8.960149238
9.497116723 32.599137510 -12.468756729 0.961862421 0.260756732 -0.079686760 -0.021831839 3.365798967 2.802926738 0.870497208 4.091780280 5.241780003 -1.210727122 2.650767131 7.052113473 7.549025936 6.990046974 8.243281446 2.520061782 4.758347936 6.270672817 8.759114662 6.455441333 1.221295483 5.815621265 5.277332433 8.038410466
4.009945815 18.625674854 -18.720785055 0.809185469 0.558892021 -0.006390397 -0.181156696 -0.133063664 4.869118084 11.567235772 5.819546834 4.557078890 9.180097054 -1.066111374 9.043006501 4.451860695 2.102580973 4.186861631 3.064292561 0.039613211 2.173585804 2.027587717 3.120019028 -1.290640767 1.516898141 9.018788222 -1.778397548
13.236850039 21.809498525 -12.211729808 0.872989553 0.286165096 -0.241535291 0.312505169 11.566380421 4.065692643 7.286280805 -0.811581287 9.237893580 0.983172183 2.943725836 3.984522665 3.221007021 2.770901784 9.448910559 5.523280283 10.448621160 2.776184053 3.129541815 3.085250930 8.918354607 5.429507600 5.997000217 3.859772388
4.271639165 27.274398885 -12.595377924 0.724578741 0.430507025 0.022441292 0.537722734 5.983550890 4.939870627 8.646249003 7.524376057 2.069516305 6.005296583 4.464113174 4.118767145 10.670061927 7.544794765 5.800238527 2.727655013 5.158299948 4.024218712 5.238775866 11.032433573 4.619563066 -3.323683528 -0.304615762 9.879859274
12.287919861 25.817319869 -9.538501584 0.898483157 0.331172499 -0.188168737 0.218278078 3.443237685 3.302594680 6.450881307 1.500876225 10.222560119 2.677380533 1.346120703 4.421326165 6.273321375 3.139509354 2.278194811 3.319847479 5.201473979 4.738234113 -0.160903480 3.681973406 3.654242592 5.248460743 6.458767448 6.047340845
4.347353906 21.187405884 -18.228280887 0.849142750 0.451383013 -0.121347510 -0.245936472 4.546572424 4.103893400 1.989612795 9.565537543 5.233785692 0.485270116 8.875579817 4.324197366 2.355687332 4.885826707 -1.346293426 3.813000953 5.148854115 4.914878198 8.150366381 8.577942871 1.239526831 5.803791130 3.688381452 9.371434440
13.196870734 28.170615771 -16.974245310 0.887391582 0.439253829 -0.042587926 -0.133336125 1.013599915 1.508794545 7.206709826 6.695678947 7.096928033 6.243045348 7.247446358 3.488466403 5.142905816 4.772093106 1.060345294 5.803094684 2.333810758 0.582466783 6.498634668 5.912508780 2.541355649 7.773016743 1.868707633 4.118037436
-0.562808275 24.657169755 -11.647519943 0.799356766 0.404890446 0.063310224 -0.439413589 4.220835449 4.591722791 -0.376788211 7.502555739 5.876040530 2.015578670 1.750848371 3.483536654 7.041598687 2.078055382 2.985807608 8.462888907 2.640894347 10.592127833 4.699120427 8.183228962 4.399743452 1.806758950 5.103361267 4.524995638
0.570721153 34.101455907 -17.395674429 0.784828955 0.495149188 0.016826407 0.372273642 1.087251857 -0.260889672 8.161204302 2.286238557 5.747151246 9.641716802 4.660433576 3.799938916 0.943997626 9.445752423 2.248269792 4.598043078 2.565223376 4.026647130 8.306389885 0.022180849 -0.978375389 3.843823315 1.770114439 6.186288732
6.929497906 17.775126386 -16.003129204 0.710100170 0.643204571 -0.180038049 -0.222782248 6.906034980 3.289904655 8.524341702 3.116385347 1.738671435 2.462069052 9.725561109 3.235526635 6.256675233 4.630867041 0.670722131 4.601259648 1.503867270 2.063856876 7.404883256 3.763466886 3.150974911 5.054075769 4.686466388 5.908049678
2.104480783 25.882472241 -19.390372062 0.778736688 0.488481467 0.061235325 -0.388851209 6.187748585 1.929922163 3.877860459 5.475587883 4.787053535 1.496682292 -0.404408238 1.522640485 6.930373087 0.098755279 -1.407305431 -0.494283283 -0.156357193 4.732244202 7.621042686 1.965783319 -0.265692945 1.560168796 5.637858551 -0.033947380
5.159619651 28.865780965 -25.527822094 0.878470220 0.447002870 -0.075855082 -0.150746519 2.714512839 1.164961466 5.690858390 5.421259349 7.268385549 4.410433172 4.149547196 5.012159048 1.654762935 4.930684878 7.534930380 5.414960033 3.361942041 4.142544358 2.680239195 4.969589222 4.954242805 7.640947671 4.940813459 1.959976002
-0.540284582 25.454918392 -15.880117227 0.809867092 0.542692549 0.151962959 -0.162810776 3.512361626 1.271296633 5.684933777 0.765261278 3.175694158 5.492235037 2.428599017 1.415606759 1.448931591 3.579961159 1.041665873 4.026444661 3.772683891 1.636469353 0.224963454 9.153088650 4.558883504 6.382914001 4.733147193 -2.657904296
5.427547310 34.604830459 -20.947056718 0.826697957 0.481368989 -0.140874139 -0.254968352 2.140768700 0.490581001 5.552366391 7.205187753 2.834783008 -1.592503073 2.806779310 1.052797267 1.930347820 6.763771791 6.536556821 4.265807889 3.045669710 1.417785775 4.699786579 5.513311361 9.278224354 4.112686426 5.545344076 1.667588639
4.701592430 27.162504913 -25.689567940 0.834816220 0.525826251 -0.137694715 -0.087342986 9.026812656 5.527852864 9.144881983 4.920039223 7.097353588 1.237958787 4.368272183 10.283350952 1.822830777 -0.166359462 6.745907532 2.588822486 2.869140676 2.864284237 0.206609548 0.940233040 4.642823594 4.246166195 7.785843843 9.532789417
10.170456156 29.244312740 -13.637939785 0.926933911 0.351734674 -0.124606451 0.039363382 5.942043803 0.003557349 2.383655926 2.558046170 -0.764857348 3.015273309 -0.570721474 1.013087809 3.094123889 3.729213030 8.211975103 6.742313229 7.211902367 6.313978246 2.926845253 2.257683347 0.812561591 5.715016567 5.363921596 3.546513582
-1.134582865 27.535080709 -16.182085722 0.932628805 0.358059783 0.010569660 -0.043416432 4.072844793 2.213382832 2.623410244 5.861937796 0.904253175 7.436066517 4.396270556 5.554474038 5.841183300 5.232860762 3.273066360 0.222618096 8.085010941 4.649394547 6.391263924 8.580399503 5.735223066 7.190469090 4.318322963 4.094673689
7.350418258 28.229658202 -18.269291563 0.769997733 0.443216141 -0.071702591 0.453344993 6.598716612 3.963231490 4.137036336 2.556601281 6.613390902 1.579856980 3.497066817 5.934914420 1.780875855 3.935350608 4.682583224 4.782398759 5.695326402 4.591864699 2.254588274 0.953294284 2.278184743 7.943759398 5.360075819 9.090893644
10.388552059 32.905840141 -20.097326350 0.754256368 0.457000831 0.010304641 0.471318774 6.425540161 4.551414784 1.791853476 2.165112319 4.126658676 4.284740790 9.339024940 1.313673619 -0.511907192 4.202546883 7.646174132 2.232981283 -1.764414629 10.235964556 0.241051523 5.808919818 8.176026221 2.584741464 2.823543427 4.880896560
8.918352321 23.143926252 -22.552771834 0.875028460 0.336948709 0.007018872 0.347478773 4.396720724 0.037684246 -1.981476789 6.691342663 9.298987346 7.899813401 -0.784754803 1.088856628 4.757916826 0.780764717 5.126431419 0.735045267 0.892025142 5.477899938 1.946876009 8.662603359 3.189501232 4.616422322 6.177651340 6.920194389
1.296223723 31.433370484 -9.531598889 0.735242787 0.429367432 -0.081967974 0.518018247 2.357106357 4.575008852 3.394423348 7.251631724 5.960822595 7.685828785 2.798280247 6.798725844 7.718826769 7.726692245 5.637615162 5.031866498 5.051385991 9.672930089 -2.722467309 0.011175389 3.735804737 6.055482033 6.822520956 5.051479412
3.928963543 27.675793792 -11.188151830 0.900178979 0.423332647 -0.032728238 -0.096933678 3.328231695 3.949094594 1.416301815 0.820063576 11.132574677 6.384582441 5.333083921 7.154929718 6.223138135 2.780587925 8.855790712 4.898458686 6.086395970 1.864712037 6.320083896 5.652513251 6.277621313 -1.849512633 -2.297486466 2.960127468
9.878510035 25.360489642 -23.023240718 0.969892094 0.228216073 -0.081189759 0.025198671 4.869853021 2.775574682 -1.433684010 2.772913432 7.914904215 7.319121090 -0.321180335 1.808979370 1.263679865 3.150177197 1.333209434 2.595826670 7.491603920 10.759141372 4.873735174 3.440530979 5.295505697 1.392153419 2.697555353 2.228610183
3.693824429 22.231598606 -24.536055357 0.827177225 0.323849116 0.300274492 0.347469162 2.185433768 -1.125850100 3.366882168 3.721165144 2.195043869 5.185038302 3.305505255 0.588906376 3.179010233 2.702388301 -0.106988531 0.982373937 0.260202629 1.824229825 3.046113129 7.353922153 6.638062849 4.082579884 2.979260012 -0.232699737
9.524593049 21.417192186 -16.844355460 0.925561672 0.314027125 -0.190446383 -0.091938739 2.082358936 9.181506006 4.824329365 5.327194780 5.782569871 4.071484217 3.257619291 -0.672313432 -3.639949252 7.495806689 11.044259433 -2.657557945 5.527357582 1.420798309 7.236677927 6.320369126 3.761645786 -0.111740891 3.117994066 3.901130795
2.978474540 28.686575340 -17.853652404 0.805480774 0.460811209 0.057606541 -0.368151108 3.270625855 0.230772879 0.258928222 6.281785447 15.534463633 -2.681938712 9.043510462 4.211670989 3.359721937 -1.286092862 6.634193163 6.593615941 2.108060661 6.120677030 3.955093457 5.802143223 3.089286637 -2.270314666 -0.684331768 8.561485710
4.258331234 34.502082592 -13.914974027 0.713218012 0.661567885 -0.072905201 -0.219847293 -2.106667464 5.888463809 3.341185147 5.243369514 4.581046782 0.621958776 0.202548545 2.403336676 5.382444871 3.192350510 0.230247008 4.839825732 10.935466203 2.176517147 2.397156268 7.855287318 -0.705004308 4.205933976 3.240185268 6.113487642
8.434517105 32.607695891 -21.626643170 0.831369810 0.463894305 -0.046833374 -0.302378816 -0.203487645 2.579445820 6.414657344 0.235094745 3.115746245 -2.566026781 1.602246969 4.948424072 3.238418788 4.625333961 5.293459913 2.897564947 4.013980242 3.661184102 2.007517069 3.669158260 5.227989887 1.727395209 7.226039269 6.989524527
1.510254001 17.326561880 -18.278383552 0.943844600 0.304343825 -0.064643566 -0.111145926 7.083499763 4.498386150 4.780165833 9.014257460 1.804667081 2.831724318 6.551512993 2.663771771 9.794543327 -1.225445951 2.549499150 4.706230412 2.346061068 0.749956805 8.191725338 0.011366329 3.330602989 0.363505486 3.574173072 2.450999594
6.645647961 26.502020631 -15.733511038 0.794240455 0.384910309 -0.075202576 0.464080517 3.579043384 5.596807016 5.853741476 4.406186001 -1.483576787 5.170599666 5.713397035 4.148386232 8.229235570 2.304019321 4.782415705 6.418175673 9.556448273 2.038690907 4.725663293 3.941380209 4.099862971 -0.542478556 2.471415083 7.533282565
1.446748048 30.922250448 -20.694613309 0.779245862 0.530166355 -0.091306948 -0.321500488 1.182205754 3.801627366 3.324490056 4.163971953 7.385606948 1.115341407 4.409583777 2.488102514 1.803822332 1.450245703 1.550963019 0.851039114 1.293900392 3.349566509 -2.639815167 -0.563183862 2.959535286 -1.029949791 4.183149602 1.325419312
3.346061283 34.541071004 -15.366784899 0.728839488 0.647123398 -0.063651005 -0.214412822 3.777421816 8.791901887 9.245217699 2.163155280 2.373316425 5.325703552 9.709386452 1.755772636 5.094418321 9.031853057 -1.889405136 7.059945042 0.168439687 2.009080119 -0.212411617 7.994804467 3.296126849 2.347048741 3.522687324 12.781843918
5.872757032 31.812237455 -22.610179738 0.707880492 0.691072849 0.043994247 0.139240914 5.536136726 5.473321236 -1.417389382 -2.297989638 1.581739536 9.390715958 3.264427920 5.760290181 3.777442434 11.200935652 7.873246868 5.790665987 -0.044906328 2.270499752 2.056299719 2.848556564 1.535081846 7.566024845 -0.313664507 5.942872556
2.322436296 25.932848231 -21.286330704 0.843514301 0.533760116 0.057134395 0.017872417 6.313586945 0.684433191 7.907519032 6.369488803 0.786945840 4.874854370 4.368880448 3.373027088 4.086392555 7.308507290 5.906675780 1.658575048 6.730643134 9.136456730 0.594535616 0.498556439 6.877593190 7.085851754 -3.519061796 2.142471577
1.489049638 18.636238803 -17.431519029 0.714620547 0.472212497 0.069659725 -0.511351497 8.160092396 2.988210893 3.601954765 2.757581631 6.059190235 -0.315012144 4.446796094 2.890038959 5.430681850 4.041142741 9.482031699 2.182597205 11.884158686 4.545199926 3.777734507 8.447303484 7.911636572 4.670394929 3.047017131 5.459395580
0.740389259 21.986264504 -14.934415879 0.818882927 0.438888428 -0.009366062 -0.369756644 4.389791569 8.161600874 6.128016329 1.470452167 4.646029770 7.677947659 1.034674407 0.255578632 5.881565709 10.143689947 8.208079304 5.511765634 4.858151500 7.966564646 -0.765717251 7.313560144 -1.064501443 4.611060526 -2.107544237 6.586908967
4.563520233 31.170640131 -13.425157500 0.746970348 0.632832358 0.013212142 -0.203430444 5.662985125 0.749369797 4.369180999 4.070740791 2.706401765 4.246800801 5.343276565 2.401994015 1.332347247 3.832117941 0.966123135 -0.160378632 8.835048467 8.514836430 -0.994097095 3.438332596 2.599640477 6.565056898 4.371841236 4.037097986
-2.108651893 21.639221988 -21.335416155 0.818147996 0.439734119 0.064398821 0.364856894 2.164979672 -0.007398615 -1.994260154 2.533933086 5.187015246 5.365282332 2.349224740 8.168006499 4.397360727 1.735574463 -1.576141103 2.983286376 8.020496027 4.557377805 -1.201034299 3.891872523 -0.481246474 6.236390157 5.717927191 8.388024030
10.324956968 28.167681855 -16.314467679 0.913227076 0.407366898 0.002676400 0.007832974 4.116508118 2.843937301 3.007490934 3.381565932 -0.372450229 1.355782820 2.481040410 3.024324924 2.025406713 7.985117752 4.397383275 5.025434847 2.573352335 5.450129084 -1.271728210 4.004913126 -0.209398700 -2.757100169 2.564875855 0.008562571
14.568233697 28.632999185 -17.978028663 0.981104947 0.188598403 -0.042088056 0.009608365 0.862926964 4.936758116 8.686121064 8.721706739 4.592354166 0.819510330 -0.497130373 4.856381758 -1.539584438 7.723789737 -0.003163886 -0.017170279 3.082850228 4.893945460 4.980993483 -0.873545750 -1.430227035 0.967941890 -0.514681406 5.705087817
0.181503733 24.262975958 -18.394225956 0.757955793 0.501488416 -0.045662362 -0.414641211 6.216981471 5.344589103 2.884019874 5.030450183 -0.639496991 7.402846717 6.778191443 7.224522955 6.638381072 1.394361831 4.258734536 7.936369804 6.503064228 -1.708240887 3.865112117 4.095134755 7.484990241 -2.365945195 8.959292056 7.207419880
6.022931350 31.455881765 -20.687330623 0.808272201 0.495040802 -0.067375766 -0.311594543 6.660680208 12.981096908 0.790068305 2.943499536 8.844176279 -0.652569275 2.107968654 5.311351990 3.923006652 2.668593696 5.385287772 9.067885337 1.811876704 6.138079869 0.876949646 6.444147553 6.604582309 10.588789485 4.130608015 5.373090142
10.146063540 21.405465763 -10.790808781 0.746916651 0.562228703 -0.209855374 0.286312982 2.164399225 2.109908181 0.692924488 6.708984736 4.138283175 6.140936783 1.122938299 2.397161474 8.101505068 4.370004997 6.867245189 3.324403153 4.762404683 2.511380881 8.254926412 4.639301897 -2.070729876 6.038942474 1.236727993 0.117937527
0.556140965 22.992984690 -11.073577144 0.717660879 0.608621881 -0.095927863 0.324561418 1.493405785 2.278339037 5.222489618 1.234256350 2.702214663 3.132618645 -0.698845666 1.673695979 2.591896853 6.165971557 6.224766725 5.449920597 3.281502000 5.963391404 1.198685135 6.085346491 5.711845991 1.650359915 2.478598993 0.329939920
4.715653398 30.261829103 -9.304538385 0.715322761 0.693709573 -0.083853685 -0.006995356 5.046564963 3.783374610 2.489299688 4.763835001 9.602190008 -0.838383803 5.432432245 2.252348656 7.698299413 3.727771705 0.958516783 5.865317437 1.033194449 6.655705279 7.254292485 -1.062933805 6.274350755 0.869738989 6.177117969 1.055223743
7.007333372 30.748567161 -9.723014766 0.728409555 0.684061331 -0.038434084 0.001561224 6.970091922 -0.716176395 5.673821240 0.797636697 3.499665545 1.531056294 -4.101385247 6.038870158 7.072108192 2.243234936 0.327725852 2.660234592 0.834388658 5.384389431 3.617194234 15.441556147 8.458263293 6.118224258 2.185770065 -4.195435250
11.725385435 32.559913882 -14.489204349 0.916538096 0.376990380 -0.127956629 -0.038252764 4.316640974 0.047130444 8.528141181 2.466999967 1.044880990 7.921351855 6.403228217 4.668797380 7.420558617 0.978964971 4.007719857 8.192215975 2.306180142 -0.288199115 5.035323329 7.032008621 5.349112458 3.549783603 0.809674354 1.548714966
9.997910902 24.996613249 -20.447588293 0.867137752 0.447025805 -0.216730527 -0.035607962 6.781200560 7.043606894 10.153809837 6.172491031 -2.860000249 0.413120170 7.594312898 -1.832945903 -0.230491794 1.233765867 6.584703990 6.365873473 6.498103001 3.936248150 -3.801591124 4.151281493 5.360488852 2.038350586 4.759474076 3.350835773
3.341186557 20.607658124 -18.209245946 0.863563137 0.494209249 0.020940133 -0.097864381 0.566659039 6.887558843 -3.769226866 3.462917174 5.093668918 5.099398156 3.649238960 8.189479084 3.657221883 8.156927247 -0.533474239 4.439534944 2.457456542 1.827107849 0.926690685 1.535975189 4.708674288 4.138833661 3.247893730 7.284972112
9.959004581 29.902500945 -12.407157599 0.796771681 0.534707547 -0.196353666 0.201712581 2.968491757 1.616731080 2.499168946 0.756395408 5.919881329 1.973698122 2.101993965 7.189406290 -0.497331416 2.250813429 5.267798457 0.777522972 5.673615977 3.092699734 3.606486833 5.032324233 9.065572943 4.043436855 8.582685498 4.725358694
6.892593336 22.402064439 -11.793750484 0.747004368 0.633914878 -0.107825044 -0.168849520 2.242390598 3.879939970 8.107832778 4.054093592 4.083109881 3.879607561 8.397312601 9.144886307 2.275094548 1.296421512 2.612434627 -3.529563236 4.230944814 0.624404538 4.775804666 5.537156285 2.332287910 -4.033929856 10.136196644 4.652868627
12.822040592 26.684730529 -17.305441170 0.736027637 0.500136895 -0.157856311 -0.428027790 3.451709412 5.145645444 4.726198974 8.346899421 3.116453633 1.458970068 1.696111444 0.216663242 7.354692271 -0.594867352 5.016138490 2.998665886 1.702857794 5.061425642 1.793277489 -0.170413170 5.042691970 8.141118184 7.884116913 6.465693127
9.252168332 32.511842146 -16.070137274 0.905962953 0.403707686 -0.111039408 -0.062621732 2.873136969 4.259316368 1.221568936 7.485558872 5.846177426 4.861394978 -0.187114797 1.875955135 7.830025202 5.047476163 7.321853508 6.652576274 0.191835265 3.614775787 -1.500887395 4.981263322 9.979480590 -0.263958952 -3.149945189 4.965571414
0.354241207 23.269105972 -13.259496604 0.931516671 0.358654555 0.060025915 0.006363259 6.505497272 4.558363018 7.107303648 3.509817422 5.550272148 2.983308763 5.471800886 4.456986939 2.783135442 -0.073839633 5.216596715 6.042209665 1.495639375 9.599075395 6.729103903 2.490224552 3.990620040 2.557942692 1.389561764 6.264500134
10.395031550 21.909972963 -15.250357235 0.922008562 0.365206154 -0.116996530 0.053258687 4.480434193 0.925623025 3.067811127 2.662025605 0.675076042 5.410243846 4.258421746 2.334255327 5.502748208 3.449593729 7.213301884 4.784410287 5.018275741 3.355453433 -3.791163065 -2.658838524 6.969754932 3.485523056 8.138945672 3.959898767
-0.344332944 25.808443214 -13.590829346 0.769363971 0.624747450 -0.011594095 0.132797896 3.404916173 6.969409597 3.394024165 6.772974194 1.952499457 0.898111441 2.277497692 -0.256710487 4.472437124 5.262174906 7.317699722 1.472920614 3.922973450 1.979468921 4.848087812 5.685888710 5.653225107 9.167139018 7.362092961 2.838076696
10.779268044 31.603029855 -12.592879567 0.754815784 0.611980747 -0.179958065 0.152799845 3.697289301 4.852984489 6.248959670 7.060110579 -0.444035912 4.591819712 6.163816644 1.139576667 1.958300241 2.524752549 1.554411927 1.973413859 4.768366573 6.165600671 4.013469895 5.416000716 2.532505331 -1.514587219 2.120493043 4.936147113
0.631759429 30.929662640 -19.499231346 0.787918505 0.615544248 -0.016300251 0.004899979 2.838291597 2.597260595 3.450434259 4.733597045 -1.538789247 7.868668937 7.132664272 8.257567777 6.750298803 0.009370090 2.541976536 6.554740721 -2.099263702 6.858100046 5.845209739 3.565181547 4.425381845 9.850834645 0.188546219 4.855191875
7.993026501 27.850280611 -10.679443516 0.767016579 0.592114020 -0.195846359 0.150767233 3.130718326 1.216703418 6.981283215 1.150944481 4.980707208 3.983316111 3.250813495 -4.542516798 4.116248395 5.520094340 7.408862913 2.668137818 5.142544309 3.921067748 7.988565233 8.460214571 -1.361517928 6.047020551 2.495291029 3.940677697
