12.129118780 -24.559431719 -24.547489072 0.884709400 -0.145202268 -0.311216669 0.315197975 8.995063497 5.307628821 8.395859163 0.466438670 2.908198803 5.968366837 0.035680740 3.571969802 7.947501365 2.922378981 3.465313164 3.544520209 8.625945010 5.119360287 7.043522210 8.828437576 5.631266239 -0.881733386 5.249470666 6.179784963
8.439607894 -21.420539622 -26.081744746 0.938494622 -0.294946629 0.095899126 -0.151781715 5.120042276 1.841977342 5.494983098 7.007279573 7.566957341 6.207113156 2.160684025 4.189826023 9.244093221 -0.705245282 7.621887866 3.461538637 4.784941679 3.672956298 2.511663854 2.915622070 -0.325522520 4.219060177 3.489762709 2.192047371
10.720616740 -18.901621702 -14.283739963 0.717128183 -0.496715689 -0.478949169 -0.098022382 2.032581034 4.841314907 2.264740114 6.900976611 3.424799545 4.193875591 4.901569274 -0.915878419 1.054325187 2.003152535 2.699862658 1.763723527 0.351263429 -0.396526720 8.712925037 4.969686865 2.299496851 0.405305699 -0.532739905 3.372775927
11.837740239 -10.016865307 -25.391688528 0.880988739 -0.203452299 0.385119748 -0.184793897 3.790185893 1.089151011 6.883441038 -0.421258002 4.136598270 3.658731576 3.005890395 -5.300179959 2.395758450 3.753075827 1.939657766 3.823558144 9.238099190 7.341041447 0.605425102 -2.845162346 5.822231299 5.586020292 5.737579576 5.995889893
18.740034242 -13.449912601 -25.050258576 0.834556172 0.035017855 -0.538986885 0.108548989 3.467826404 8.096590537 10.934783178 3.596510112 3.141364298 4.806663160 0.256508559 2.325883863 7.416231055 2.268304287 2.674599862 -0.278723087 -0.805182011 5.485328229 6.104455723 5.801229258 8.019938954 5.773956020 0.587969619 5.933833148
16.621317137 -21.753940777 -14.096275458 0.744012148 -0.277005474 -0.403082613 0.455234333 8.519723258 5.810866940 8.181764219 3.635608668 4.439929264 4.020398260 0.984245030 10.627567298 1.049753378 3.992847334 2.755232815 7.931813352 4.530317068 7.474392737 4.042699527 2.907037997 5.360010834 1.453778192 2.520681281 7.900546337
14.879666083 -21.987114638 -17.441332382 0.860749811 -0.285117910 -0.165019323 -0.388054330 7.601038383 -0.369081173 9.673616808 6.339625462 -0.419073157 -0.186858665 -0.094885306 -2.251419826 2.864020658 6.857264960 1.226262209 5.452521034 3.456757261 6.792969398 5.027490925 6.189173067 4.265190536 5.868786907 -1.034254062 5.607216232
14.473764594 -18.880794011 -29.957232249 0.880248377 -0.244046033 0.324344855 -0.245773766 7.892389412 7.557051157 4.105493612 -0.317589595 5.663187686 6.068251897 2.819392207 5.785078815 8.919061844 7.106053607 0.669396464 0.247183181 6.318895292 -2.186828587 3.082317295 10.130135317 9.795392132 9.269890477 1.998329218 4.916924453
20.798957703 -21.408484976 -15.013596602 0.807105821 -0.344969242 -0.372273312 -0.301643824 2.816598830 0.665944789 4.045061199 2.610668655 3.638046360 -0.757441239 10.349486792 7.948449551 1.042681044 1.318911525 2.237575119 4.448907907 3.916695674 5.400897695 4.128073128 -2.638664296 2.915556210 9.079981914 8.530138206 5.869550756
21.433917579 -21.802349301 -15.614125239 0.725226165 -0.246494214 -0.444067283 0.464856816 7.505246060 2.797857572 2.963646124 1.261466345 4.417451348 3.903228860 4.720333356 7.401826322 3.465524007 2.397237496 2.199104519 -0.650832490 5.207432259 4.021687235 5.831694792 1.771640820 7.678543212 -0.374303398 5.141595174 9.110879360
18.376204886 -17.774931246 -19.616914188 0.922986449 -0.253634202 -0.179867505 -0.226745202 4.056843932 5.335969255 5.545501504 3.469232450 6.930962502 -0.889259511 4.421741741 4.288630205 4.722853504 1.749547180 7.407692752 2.102962109 8.519473681 2.664543048 7.101707362 -2.111489049 2.373445637 3.806884624 6.641261604 -0.950373383
23.048666227 -15.488732065 -25.206485565 0.824512374 0.017234566 -0.471849309 0.311834162 6.925690862 4.639959973 1.072418826 5.093270784 5.771722502 6.684403799 -0.350203280 2.701812093 2.996842280 6.479959054 -0.982460598 10.132199855 4.513914374 3.072712185 6.213637771 1.340704947 8.398812208 7.670188720 4.923702749 3.779246680
15.069526958 -12.893471119 -21.503716617 0.773622208 -0.604339013 -0.171896363 -0.082065080 1.139221055 0.984304563 6.787912372 5.549439654 0.903516994 3.999949016 -0.130286753 2.405770426 5.075603647 -3.775894231 4.360913556 2.273345239 7.022233791 6.124780176 6.734283537 3.309298155 5.171933121 4.072059102 5.747092130 6.704767996
14.193455912 -25.252168615 -25.349042406 0.755070528 -0.366031113 -0.490582081 0.234987115 5.694479653 -0.166740551 3.540023111 5.416777340 -1.802514021 4.954007905 7.596745820 -2.763539832 2.858028794 5.015022241 3.341450114 10.954800828 3.983705783 9.396433745 0.792345807 4.287585808 0.041838609 5.852729774 9.733364739 6.270403978
13.155379081 -12.863571135 -20.928000381 0.857643317 -0.116511404 -0.483478949 -0.130847769 8.695340574 5.501880107 4.208553948 2.501449961 4.477518428 1.496099907 6.821536350 0.473784958 3.154346158 1.551704370 0.943407383 0.075475934 1.789043108 11.501384646 1.520347712 3.029071989 1.968142033 -2.518458486 2.593822864 5.935027718
18.409272976 -9.247288235 -19.222691936 0.759659320 -0.285124379 -0.562217200 0.159792443 3.302585422 1.925212742 7.161705091 9.377785969 2.576899394 -1.745565305 5.333527472 4.425110813 0.211843440 2.175145944 2.863215832 8.537933581 7.843284515 2.898567741 5.539350106 5.233661648 6.251904636 3.812141078 5.038525902 5.653699613
8.557791031 -13.266379320 -23.661542742 0.993794797 -0.099562721 0.031101508 -0.038624644 7.585471422 0.288902835 0.090550229 0.916979621 6.859909989 6.147228951 1.729849786 5.533257511 1.488364228 1.619069563 -0.272926427 6.558172075 6.496289183 0.601644037 5.612779855 9.399839150 1.231980499 6.296058659 7.110029452 -0.414512490
11.917869199 -14.530145229 -29.178982258 0.762180544 -0.631764081 0.099014338 -0.100752793 2.961833006 6.587277925 5.308859229 4.247646617 3.748351759 1.589939826 3.630732631 1.413290824 1.636436360 9.220485737 0.766849347 3.978796497 6.627879993 1.518302212 5.940043778 7.130234642 4.972332387 -0.225149930 3.306678222 -2.459451174
11.086600148 -11.945333959 -18.517568962 0.744632681 0.033919217 -0.657051466 -0.112494572 6.378961768 -2.142021733 2.478347525 2.635087226 8.696519377 1.705945175 3.282256877 3.618839036 7.158230013 5.869591270 -1.962403685 5.143759187 8.305528462 4.259979716 1.609889627 2.358144962 0.415373001 1.168382484 5.863057049 -1.123338686
15.391743543 -17.820894575 -14.415463788 0.817180180 -0.376389014 -0.364538216 -0.240124451 2.950143015 -1.130117219 7.511585060 6.376328200 5.734070025 3.392530058 0.627744114 5.914804746 0.954636469 5.055780741 2.248024500 8.180420034 0.676087711 6.750315261 0.863788395 5.126172448 0.568251658 5.344552644 3.086965339 9.062836228
22.624346960 -15.437119056 -20.604602453 0.916682445 -0.324626654 -0.130152053 -0.193316512 1.026181704 2.560723521 -2.633135108 7.197847312 6.892611513 0.581498427 0.273425835 6.387019019 1.420668736 2.622732605 4.926797707 9.680644177 -0.090303643 1.819573532 -2.291776625 3.585671813 5.409568507 5.876944555 7.908203923 3.406446156
12.595370230 -20.235141172 -14.179129934 0.799158942 -0.349104577 -0.356658955 -0.335060247 2.331801778 1.901827683 6.750415666 9.734653131 5.114417102 -1.529310246 12.389006295 3.776087511 7.011348291 7.099298622 8.584587445 6.627340915 0.506670751 4.003444346 -1.036595910 4.337618297 0.240783977 1.545934605 3.811776581 0.556745755
15.290627067 -17.915659926 -24.164817893 0.926976792 -0.220332725 -0.263530656 -0.150728599 0.408530957 2.659579319 5.263105144 -0.139525399 0.269789696 2.595116729 8.911013245 9.744617613 4.781928914 8.135385483 4.738154451 3.691597575 3.117603822 3.697022550 3.857768483 1.913132617 1.609422227 2.158034323 -0.959015057 1.914912948
14.350831420 -15.012755848 -28.394268139 0.931286950 0.260420245 -0.175845684 0.184293809 6.632529428 4.154974730 3.885455338 3.439726439 7.268307812 1.937954215 8.498148422 3.859700188 5.903276514 9.612141899 4.037232286 9.200723202 -2.832645027 2.187319169 2.672682759 0.479374519 1.934896586 4.945176591 9.961271166 7.142947759
11.365414581 -9.687010671 -22.404602593 0.994016067 -0.090106413 -0.038811871 -0.048026361 -0.534334046 -1.068996626 6.674945510 6.567594320 2.797744301 6.845801583 0.215666146 4.020461979 3.671903511 4.583300435 8.621122975 3.377384815 7.171722788 2.780061238 1.262351793 -0.509783233 5.936286321 7.926503312 0.498707431 -2.647897558
22.841112792 -19.011837540 -25.900513382 0.714877923 -0.530724048 -0.131773315 -0.435795060 3.128436922 2.173076253 3.105503528 8.338649744 2.495056988 6.316998177 2.617101558 4.238613456 2.988108788 2.030949436 8.014841525 -0.214006606 6.375111463 1.121338650 9.502857984 11.996219482 5.384699536 4.716429038 3.668496467 3.146641183
9.107831984 -16.833563657 -17.440796697 0.774320779 -0.610146555 0.062877204 0.155547324 4.725862198 3.077990949 5.203637595 2.757620800 5.416150896 0.997970802 8.644827181 4.610192117 3.500156884 5.288044026 5.169341800 4.031857165 1.855544761 0.227149388 3.871353436 9.822405100 3.702058372 6.882567714 6.684809412 0.288442476
19.667840165 -17.548216827 -19.630586848 0.968421631 -0.052315501 -0.172207326 0.172531940 0.710108916 3.165116348 3.608832823 2.252714047 3.786474839 1.953049448 7.278107844 1.585741467 2.902258267 4.614085318 4.400605198 3.806012540 0.244422545 2.550519072 1.223120576 -0.110255450 3.030558180 7.100796254 0.847024208 1.126664291
13.959911214 -24.480861444 -20.184030962 0.814215125 -0.423021450 -0.182267434 -0.353390954 4.241736565 4.003732958 -0.144703863 6.354504052 6.621083822 -2.433815375 5.515515225 3.870684637 4.551550636 5.992714191 3.617211383 4.177173275 -0.668325067 4.237452700 4.280838173 0.530749025 4.305211094 3.085417492 6.714115062 2.983641722
16.186352738 -11.799167406 -16.077933560 0.794635132 -0.512669908 -0.064662956 -0.318658556 7.220711735 4.647266356 1.707042593 2.766999886 -0.322647203 3.941606402 4.826472581 8.641005603 5.476079613 4.296682680 3.048801937 4.277073808 -0.452819128 2.678079341 2.353813433 2.203857798 4.109960252 5.557876103 9.861899160 3.210506468
18.839362753 -27.229240167 -19.618322615 0.811859912 -0.379869721 -0.356523595 0.263578080 8.174430998 0.905293818 0.809749465 3.237867890 2.715418693 2.827675430 6.521919424 8.134687091 -0.442922562 9.042384700 -2.082368703 3.020514475 5.545646098 3.844916281 2.440510872 7.097468230 6.141941514 5.415857633 -1.508939692 1.169368165
16.265231045 -17.920767640 -13.416181359 0.717022717 -0.201215529 -0.665689118 0.047420806 4.655584450 7.201014659 1.630410890 6.008738693 2.382077111 5.788803538 2.510195854 2.586930504 3.870215106 11.425183882 7.975979171 3.007596574 7.309350871 8.330663897 8.790895934 3.008760482 1.506345800 4.864200837 1.832088308 2.899776069
21.584037301 -10.462487572 -22.067860959 0.922293608 -0.033311721 -0.380234977 -0.060714018 0.430984174 5.354693695 5.527330429 6.497975326 2.655135793 2.258200667 2.747491006 1.425052734 4.715751457 4.075694779 6.862743205 -3.106790013 2.250846971 1.406284518 -1.453426317 7.118823706 0.121496713 -0.657626934 5.165542010 2.126189041
20.711707470 -12.935519712 -17.147476461 0.779830275 -0.193862176 -0.595065526 0.013387254 3.254248155 1.936513002 10.295880004 -0.976114344 4.689287878 3.962542539 5.433073857 7.645157750 0.219798139 2.896307643 3.674345689 5.125534424 6.182233138 4.299477319 10.455831280 3.807878742 5.516898444 9.555624142 4.534508957 7.310551841
12.068312460 -15.647450453 -16.323138422 0.935155748 -0.196999027 -0.294301295 -0.007865019 4.717218449 2.746325985 2.129363539 3.856452880 9.511914555 0.799208621 5.192861651 2.415204780 5.495925611 3.203749600 0.189016975 2.275751396 4.028894028 2.761298413 2.939856325 4.918791006 9.780324769 4.292761333 1.633689202 4.313261068
17.883529448 -20.945486165 -18.274661099 0.856415673 -0.452489192 -0.240587631 -0.062636397 2.582068498 2.048810981 3.716285734 0.380047464 2.810142596 4.433136844 7.195688369 3.826775601 3.449505285 0.833004805 5.654516619 4.433742738 2.514907790 -1.503868869 3.276268131 3.850281839 5.006535421 2.779464148 -1.034968320 3.375080756
20.850605750 -13.531548662 -25.307494032 0.972400990 -0.145724498 0.069183876 -0.168565349 6.715629070 7.646922893 3.147400106 1.869459277 -1.072044569 2.918777372 6.372101040 6.401435751 4.626087424 2.388125636 3.592928166 4.342605455 7.219415268 3.466083780 1.311034298 7.967883491 0.617093476 0.831265127 5.111629780 8.119654900
16.208012017 -22.409173751 -25.903303350 0.811991700 -0.019950038 -0.471491684 0.343463342 5.190057681 3.551379613 3.484320954 6.505001676 1.429253589 -4.765308326 2.096491985 3.230797057 3.578237185 2.357042607 -0.624004894 2.594410483 -0.615327259 6.233016884 -0.809045592 7.769095047 4.130749547 6.702862775 0.209373849 6.135293323
19.134565287 -20.845512030 -25.621637766 0.906227903 -0.281506499 -0.256479247 -0.183639526 5.822271995 2.717092987 5.027905154 4.353062336 5.916762978 1.868505579 8.027992729 0.856860892 0.475004254 0.189100322 5.481054525 2.572014374 0.059508936 2.057973733 4.072203468 3.298073035 1.276235127 1.724482638 -6.109298350 7.609908391
13.712961184 -14.109752198 -24.487560512 0.946397487 0.184846445 -0.183986053 0.190558968 1.685715116 4.388144732 7.179637863 4.854237589 5.097243824 -0.786104794 4.017814417 3.654606635 0.045432695 4.455103277 5.362011886 1.796774274 4.012788994 5.175565721 0.505832512 6.800089339 4.593449634 9.129852609 1.479050627 0.213773423
18.314107159 -19.487217327 -16.493694542 0.883441532 -0.121157800 -0.368582533 0.262676155 8.912731389 0.039836758 7.490911555 6.581304004 -0.840695487 6.861137988 0.097544832 3.170627819 3.258718233 3.110649322 9.634726210 9.593407203 7.177575155 5.627254914 0.042996255 -0.612585795 4.511718167 3.354078385 6.574095414 2.504727829
8.906165562 -19.547639016 -28.383648830 0.943472055 -0.161217533 0.244728456 -0.154846284 5.288590752 6.371838241 -2.607104482 8.340864820 6.287979127 0.316759899 6.490924019 4.049182481 4.426972033 7.967354420 2.763645202 1.866874545 7.761458350 4.066817586 3.658457141 7.841227119 7.860378032 5.320524336 2.053347463 6.953775887
13.276979176 -18.630512722 -20.921214802 0.886136050 -0.367218269 -0.196517496 -0.203210524 4.295014055 2.103603498 2.749393452 -3.617760538 0.712092226 6.094316036 4.966574239 2.076711033 3.391376787 9.383084201 0.095968708 6.142776195 6.316311783 5.507642358 2.866365063 -1.071151493 6.620842384 2.684646262 4.727722654 2.096602839
9.297810549 -15.270519965 -20.646825127 0.829227299 0.117247118 -0.491200974 0.239492803 5.429851991 3.053205607 1.678934436 7.163077850 7.569034606 5.058855054 5.189171537 4.144657293 3.911272348 7.851976641 2.954601543 5.854649305 -2.395623103 0.691328121 1.907269976 4.869165013 3.871220952 3.529212908 -0.885680987 3.195456125
15.897304976 -18.647616042 -26.895244092 0.729331578 -0.630728207 -0.001822801 -0.265054817 3.635089077 5.316249242 4.238578522 1.454659837 0.508168939 4.111457882 6.508976481 7.861459285 6.159329151 2.112301366 7.915437393 7.516501449 10.875654229 11.226844627 1.227041508 1.297525303 7.486110886 10.746436966 6.688118308 4.942861703
8.424271982 -11.909274039 -20.728716924 0.727919799 0.052374832 -0.582321606 0.358177597 4.358386042 5.187685695 5.387208521 6.600410615 4.061501172 -0.486572331 1.664424909 2.898604252 1.090524143 4.273079774 6.201232115 5.296123746 6.129968082 8.071816669 5.204046717 4.324813540 11.224278244 6.678236222 6.250744847 2.701006916
14.292052353 -15.852276992 -13.618606218 0.871684055 -0.086688223 -0.482193245 -0.011905212 10.364027360 1.546392426 4.951594093 4.978617412 6.081824591 3.777819643 3.271925373 6.467391826 2.350143176 3.767561310 0.315421350 2.147527965 8.431750156 -1.762769951 0.344710058 2.157624823 5.482596722 6.352735800 5.941247507 8.378359011
14.546561167 -11.902328960 -23.129146739 0.833644407 0.001409105 -0.542480842 -0.103680050 3.177487859 7.725550835 0.552192788 6.658065979 7.151345915 -1.179057262 6.700964249 1.371571120 3.198999268 3.351234077 6.307453617 8.232480924 3.062520844 -2.226393047 2.074574721 0.106160434 -2.238708803 4.986429093 4.680613715 5.252241592
8.115885921 -23.270928639 -25.026331010 0.892541269 -0.436041925 -0.111828232 -0.027054939 8.408602145 -0.411556963 3.773572254 0.501156004 4.165958128 1.412870930 1.747440567 5.671936332 -5.251186868 4.769007510 -0.213902384 5.584822137 2.645711835 6.298247658 2.252638843 2.426365246 6.057432519 5.463772535 6.875080355 9.044149269
12.746909716 -16.995057331 -22.076093575 0.846220445 -0.217962549 -0.485270265 0.030266422 3.571077729 7.719052622 7.376522628 5.090990110 3.735095490 7.482142945 4.347071010 6.320024446 5.578743801 5.433469788 5.450740268 6.563270903 4.878420037 3.200294846 4.112986256 4.372961741 8.627675133 7.165703205 -0.465737401 5.233816996
17.088552436 -10.882799034 -25.393019030 0.936787644 -0.209610946 -0.241308058 -0.142346697 8.881496288 5.314949884 8.850432525 7.919320784 1.089276322 1.460960242 -0.083917576 3.853994777 6.432229913 1.707470419 0.706650527 1.698442572 7.896053484 -0.586716789 4.433486218 3.904966289 6.705694086 6.344127708 3.853960428 2.224449626
14.317949957 -27.035052375 -21.040968050 0.864283451 -0.350931003 -0.118962981 -0.340160779 4.933499473 3.951133018 4.734146811 4.165925067 2.437265626 3.085059324 5.840490861 10.529479703 4.368472233 7.484703070 3.173779435 5.339678867 1.692442464 7.132867083 3.375248640 6.070356805 3.878839572 5.030543392 2.982849426 8.938492918
19.141144514 -19.086259513 -30.099987609 0.725025393 -0.444150034 -0.402691930 -0.338981025 5.018307230 5.044270016 8.260169900 7.062125669 6.139882577 3.997620459 4.130538078 1.074904890 3.050822190 6.382705894 6.476204586 3.330913679 6.848608961 2.870776136 3.345367475 3.923171752 -0.949354079 3.120347193 1.654499699 2.225118211
8.054802137 -19.085273204 -18.119306613 0.749944245 -0.400881376 0.345179929 -0.397150561 4.531846160 5.901595789 3.466102841 6.666235524 -0.925947543 0.939953388 0.791653377 5.972432940 3.541487676 3.177032887 5.567131628 2.431127485 4.726137116 3.629067410 2.387945014 6.857968375 4.786369694 5.009829747 3.898285877 2.719264577
23.493788062 -20.629568618 -16.215825272 0.810222695 -0.166474273 -0.385114413 0.409282775 1.552657853 7.130178301 2.985644035 4.854814248 3.131007847 7.058761487 2.786647451 1.498820210 6.918254059 6.267858741 10.515783075 7.042927477 1.287786776 7.937193013 5.699007961 4.083209206 1.594798848 3.074535829 6.731139051 5.251027925
18.316561954 -20.619396097 -13.189194429 0.718717844 -0.407761531 -0.265303266 0.496778997 2.548973358 6.519114810 5.114399069 0.082174873 1.951782619 -1.569038632 3.371282087 -0.638946699 3.184673615 2.307960246 6.545511161 -0.271517120 2.497618721 1.695207181 -0.403964369 -1.080936652 3.413356321 0.549354996 1.807966933 0.484273284
11.302485385 -14.552282482 -27.308952695 0.921056489 0.242183990 -0.273513728 0.134878095 4.778617899 3.749807153 5.703263782 6.522160916 10.452868697 2.506588788 5.614153880 3.711800823 -0.331697915 0.358026094 2.607687110 4.488531536 7.089197495 4.793665718 0.011461499 1.591068369 4.662816459 6.948913632 8.640934880 5.905664408
14.406138342 -20.440319020 -26.084170208 0.826234168 0.026686815 -0.473116115 0.304608034 1.491152288 1.147332368 0.811409767 12.678110878 0.565522609 5.751614595 4.982348996 6.156663105 3.477834236 8.697590063 4.486448138 12.129685852 3.633324512 6.967044872 6.343507449 9.937635664 4.504246163 -0.136037296 7.212587936 4.622172451
19.195111849 -17.838224806 -26.092372379 0.987162266 -0.030516588 -0.145837329 0.057540182 3.144331467 3.943037086 3.342032422 5.128778950 2.684322177 -2.905407256 3.181326062 1.593014267 6.546276741 1.382015454 4.205292964 5.806401980 4.232275347 0.476368790 5.055563350 1.413017160 4.160810644 0.613821495 4.167774306 2.155504989
19.275950573 -15.365891954 -29.126525000 0.941759796 -0.202457637 0.178749058 -0.200370074 3.222156966 0.439759339 5.884511895 2.417462559 3.067068669 -1.331084962 4.821519431 1.478486852 2.912461441 4.174590139 2.781196829 7.524435724 8.566875808 4.626572767 6.735988318 -1.065339142 7.194489623 0.319301107 3.539710928 -1.343711297
18.738982753 -21.737050935 -19.454347442 0.950692953 -0.182403256 -0.178839674 0.175864530 -2.298970728 6.383230617 7.459208793 -0.101321041 6.045997843 4.297061460 4.663444424 3.282016496 6.081572248 4.119736177 9.333854171 5.034841727 9.052527785 4.494800545 3.964806488 9.165576105 5.064203476 4.993282322 3.753923937 5.713382902
22.550499405 -19.459836962 -28.030336533 0.942328717 -0.210854917 0.079128704 -0.247579162 5.473040969 5.469030299 2.319168041 8.217915373 3.264928623 4.487905938 1.226179378 5.669830031 6.271095020 4.318290231 7.108995403 -2.370523413 3.458391654 3.472740942 5.186005500 4.941166693 4.369294673 2.244757860 5.593166980 3.397845284
17.400083662 -20.084447100 -29.997662190 0.710039583 -0.495898200 -0.163137311 -0.472562147 -0.755141217 5.108181270 3.688075829 8.426459306 2.990890524 6.068100016 4.635807717 4.861520032 3.201495449 1.697343754 4.904233070 3.280884815 1.815304221 1.964395859 0.581456372 10.685252668 6.252185989 6.002570362 6.112054075 0.998589898
18.963550724 -11.071459025 -27.375880515 0.786658917 0.176460786 -0.546382069 0.226927243 0.846339996 4.932256833 2.586488615 6.484602883 -1.075656279 3.071011689 7.421743734 2.815050186 2.877594576 4.113736792 -0.714039505 -0.488186111 7.574322257 4.114598909 5.384552671 3.951648419 0.529631795 3.389884827 6.954924011 4.392966133
13.753899272 -18.276220741 -15.471949492 0.710588235 -0.680707758 -0.150078596 0.095800438 1.406411611 4.663897600 2.958637735 5.355155494 0.503285734 4.344681004 8.342347548 -0.411943777 0.558484417 7.221550733 3.649098764 -0.604665888 9.366292725 4.838494811 2.882811215 4.304844214 2.519387515 2.771489575 -0.576840453 8.676361995
10.687773553 -16.508176759 -29.479758521 0.845852910 -0.504695200 -0.153674269 -0.078738993 0.486149647 7.253932623 0.787289888 6.738008467 -3.632705386 -0.403017055 4.733029372 8.945493572 5.554999282 3.944372772 3.969050568 4.943588663 5.489881855 0.905037206 4.529659980 2.340079282 4.218799466 3.441930141 7.383596938 2.137797535
14.134233567 -17.359573511 -28.040707689 0.813048400 -0.079927469 -0.530482640 0.226168227 1.709279501 2.522033737 3.131181142 5.910526951 3.920682191 -0.613067554 3.397792601 3.139801748 5.304207517 -1.604125148 5.459802459 4.640341037 6.527947747 0.067446247 5.291883261 4.907283628 -3.899676722 2.653603707 4.969403059 4.524285897
19.387473204 -15.269394920 -26.093881320 0.756846096 -0.174121956 -0.538678533 0.326635836 -0.835963569 1.492777922 0.454149130 2.975577683 6.978110540 3.482694647 5.560933567 -0.990440585 1.348896625 7.112090318 3.883556669 3.691291403 1.603683410 4.830302969 2.709792254 5.030650928 5.650074931 -4.219394417 5.003509499 2.231037676
19.345347621 -14.029753768 -18.554448790 0.742538799 -0.427201095 -0.397111099 -0.329299455 4.512598653 2.336475407 4.406698133 1.285761732 3.297190462 3.838539739 6.400906992 1.903442037 3.127075322 4.275639188 0.161084197 2.933048374 8.751365600 -0.870751640 6.451667175 6.756880756 6.782217172 0.828617665 3.842905532 2.061318468
11.478979808 -14.571996100 -18.997730643 0.725300448 -0.291416590 -0.609095423 -0.134232622 1.724642425 2.293246452 10.176172912 1.477354159 3.349715347 2.935911517 4.292887997 2.795270586 10.559793239 7.165678608 -1.008766725 7.505827828 5.028902838 8.480004560 5.651510959 4.826270741 3.486833639 5.687019597 -0.670008327 3.559904596
14.551517760 -16.097736108 -22.235080845 0.842146601 0.131368215 -0.425482480 0.304131803 5.173146953 3.547589779 7.430434763 0.887602121 1.458894756 4.662403281 -0.280640928 4.461969517 8.358040398 4.468347386 4.525531499 4.791281797 1.124176319 2.026324725 6.050910693 0.885565509 6.508772965 2.286179131 6.219480674 2.518473064
14.995851632 -24.753655547 -27.958852975 0.885975766 -0.404813468 0.069652314 -0.215224426 2.347331131 4.010569180 4.101122274 4.556850549 1.021790811 5.696344127 6.515874355 2.293122834 3.099662668 4.264370716 2.127377391 3.060151792 8.421257777 4.134272866 3.059789933 3.115692190 4.914997565 8.524000865 1.484207218 5.295599699
10.992386993 -12.222152178 -17.497129701 0.924156311 -0.080076671 0.285614134 -0.240722676 4.584036588 4.737062995 8.177534000 2.985792795 0.675698996 6.771562408 4.995221589 12.978017374 0.162126475 4.628950353 2.944274381 5.341936339 6.490304257 3.053457350 4.799854262 -0.310315534 1.794462077 5.128930745 4.752586175 6.688703574
21.206438560 -20.147835356 -25.582577847 0.842151820 0.004572183 -0.415077434 0.344194903 3.642145465 5.031313094 9.420746435 5.225609270 4.430310080 8.404989880 5.880736392 9.439798324 11.311835235 4.759033260 3.346515395 5.193236932 8.082224122 7.286148350 5.074261072 4.433674977 10.786992866 6.174028444 7.372117783 10.969517788
19.457875400 -23.891282683 -27.476660484 0.754071005 -0.428605227 -0.175947713 -0.465528604 3.999974988 0.028259135 12.439047134 0.333705795 -1.820110300 4.080382695 9.819131231 6.133163455 2.647668976 4.497874273 7.971830904 -0.933542534 -0.885075921 8.893896586 6.741133925 -0.594690259 2.144511149 3.661099653 5.513553612 6.549185393
16.842417055 -9.179387524 -20.616215532 0.738864318 0.128026964 -0.654640237 -0.095576025 5.681162481 5.961581687 5.600318926 -0.197133948 6.579413768 7.882294289 1.764439052 -0.279448282 0.551278602 0.895219724 4.195293022 7.069241208 10.059744890 5.464400612 4.647642931 1.939148888 5.426716479 5.945765553 5.186988120 2.308046864
12.125205983 -14.558220990 -21.542081988 0.862076845 -0.156564514 -0.338945549 0.342676204 4.150310653 4.897797530 -1.804182171 4.513253324 7.221916613 5.490021444 0.758766731 3.422701799 -1.382946924 7.716819939 7.223198946 5.509706174 6.404076989 0.867474156 3.153183365 5.197474360 5.464308457 1.443599995 3.473114236 1.068545840
23.178480835 -21.421868937 -21.151870861 0.815659299 -0.168044036 -0.464961354 0.300453075 3.971488428 4.806029179 10.282920898 2.836931071 -0.491275378 6.543509035 0.763027156 3.292493830 2.211341655 1.435263483 7.235770310 2.183187231 3.469183527 3.695962290 1.965108696 8.474081138 5.262010189 9.859772696 1.451232681 7.420304026
15.063285425 -24.562281237 -14.499465312 0.851213463 -0.182708279 -0.222218284 -0.438944597 6.314197195 6.276938919 2.490686052 7.144179572 6.688697188 2.383470600 4.080104470 6.800478795 8.663814113 6.515464750 1.512756617 3.947569634 6.631664568 8.612505546 7.226929570 3.673798990 3.300479641 -1.666322410 0.518027237 9.106873299
8.945160054 -12.531345111 -24.555431553 0.874984736 -0.265584242 0.387787133 -0.116137251 1.703502990 1.130809172 5.977100130 6.864245077 4.882934291 4.474038631 4.903884749 2.345556672 1.730650812 6.837073640 5.286845673 5.187344426 -0.241236621 5.780472155 2.759291752 1.140131662 3.592916441 0.655885418 5.067145369 2.767310279
11.797048134 -9.827875869 -18.672278853 0.778622999 0.308270788 -0.536020200 0.106759968 1.845004427 4.845872150 7.251078132 -1.092427870 6.372343401 3.770029227 -0.963661305 0.698828045 9.787556026 0.218580716 5.274582044 1.301923048 0.044475638 5.788671917 3.518691134 3.242470854 10.964088679 3.364483309 0.292070725 2.895574218
17.206408462 -11.000558703 -18.104829760 0.934078225 0.047417854 -0.351778396 -0.038747611 6.664506786 3.722204721 2.695729459 3.083970958 0.862010254 2.374863430 3.424746362 1.666821847 5.796692058 1.248532999 3.636481991 2.655961032 0.532435806 2.051851315 7.800093523 2.719217130 5.631088700 2.283046057 1.330255593 4.160689052
15.775812927 -15.834806635 -28.905533728 0.982124149 -0.093958970 0.133975085 -0.093029808 3.502001743 1.248028260 9.069597683 5.361182497 8.168173917 4.270354157 6.422746893 8.391955749 0.406862840 -0.241301423 1.045211591 4.990662849 5.119267850 7.141333681 8.046832017 -0.992571812 3.058242787 2.137886319 2.804729979 0.075895285
10.105001281 -12.422202597 -21.151285132 0.992775311 -0.016844012 0.091756899 -0.075459481 2.794706571 5.838277211 2.940933346 1.353637668 7.613024046 3.572525000 -0.792047471 1.502173141 7.615308558 5.821557462 6.365244124 1.445326755 3.627875306 3.594554127 2.113601529 1.271185795 4.822313232 2.085087562 -0.416518311 5.316842808
16.404406434 -21.601159350 -20.990743312 0.969964707 -0.144039914 -0.195234953 -0.017443732 3.002009347 4.735210911 6.331196797 5.401413514 1.691910546 4.380718969 1.061745478 3.824498179 1.259266236 8.947971284 -0.811653162 1.195063727 2.366158101 9.458077701 0.824463358 9.015818930 3.309804203 0.934859843 3.176373043 4.104454161
15.748019217 -16.479780435 -25.624865630 0.795942915 -0.297036719 -0.218371032 -0.480164716 4.222582167 3.203071966 1.204102610 6.540781278 1.539306699 10.673911938 4.248091472 2.454092233 3.337035604 8.854431483 4.325282681 6.117359468 1.595268443 5.230946287 4.567925995 2.581946830 4.552594893 6.872829321 2.820808309 -0.667210143
22.043302843 -15.530260021 -24.037640358 0.718123104 -0.340001304 -0.604247792 0.059857557 4.473848912 3.779611091 2.574402329 0.494738357 5.768567699 6.986873696 3.982754092 7.293321318 4.061538622 6.991209217 -1.350234449 7.979902313 4.524692630 3.021921172 5.897405307 4.258306614 4.708038085 1.962624950 5.185682621 9.409806947
13.707217188 -16.066597757 -29.090321255 0.899740922 -0.086292502 -0.381894192 0.192812611 2.751255184 3.315941245 1.756591382 0.512332572 4.295757592 4.473897776 -0.227244115 5.138162321 5.477038392 0.332010913 2.511038673 3.428720941 4.079888091 -0.339965906 4.592871411 5.279579529 4.028286560 8.125016385 4.314953725 3.703574152
10.547143628 -13.068085678 -21.374498642 0.922058887 0.142881693 -0.301422830 0.196307179 6.806119620 3.234384188 1.264326586 5.929408947 2.136984140 7.844804592 1.978249348 1.304049585 4.975763599 6.672162495 3.933967129 0.032357743 3.018262323 4.937252626 3.790850687 3.681682909 3.375236051 6.286792316 -1.051204006 2.190059782
8.683263661 -23.117183425 -24.724196245 0.973449259 -0.067135897 -0.154721768 0.154759447 1.809510711 2.473657473 8.146658034 2.872093874 2.203914095 -0.006419582 8.158567144 8.139043637 1.469565649 3.517277543 8.109729452 6.877115196 5.780043240 2.619386896 6.479930831 -1.115978045 2.451655010 -0.341838107 1.913690502 1.536187657
12.257610160 -16.435558145 -29.959736232 0.915941291 -0.028170353 -0.302124761 0.262637795 5.700524953 6.159746696 9.123358864 2.010424678 6.340673625 0.297586761 2.186134715 4.858711155 4.385568684 7.165409753 1.088556219 2.970368553 4.578044591 6.359116276 0.229826590 9.555075668 2.703241216 7.250241024 3.401630513 5.988224210
17.313317082 -23.443343186 -26.325088254 0.932450154 -0.081028761 -0.248804758 0.249132980 6.679030786 -0.413825044 2.951831581 6.612850788 1.935136653 6.239491722 4.893100012 1.516968927 7.969962189 3.913537864 3.651492545 3.859292758 4.543158835 2.852863342 9.233089054 3.331346998 6.450261203 -1.797771691 3.193015764 6.305859859
11.964797363 -16.026225605 -25.874310225 0.807424495 0.128945353 -0.465649117 0.338540517 2.442433848 8.780983889 4.482443004 6.195937546 4.707025567 7.087113864 2.473060420 6.655766050 1.462083248 4.911392469 7.005848566 3.975152547 2.022709044 -0.135678240 6.088857598 8.809073780 9.737264301 0.430007356 3.404475049 7.163197497
11.754535915 -25.510070749 -25.663958388 0.830908986 -0.502936915 0.127678885 -0.200855217 3.591195349 -0.568806256 8.685463176 7.332611030 3.165558715 5.453876551 3.727884281 6.321947375 7.622117021 4.497325601 6.170481017 2.260279346 6.070684076 0.682932780 5.875607240 6.719617705 1.755856696 8.744972950 4.794234659 3.274813192
7.780235244 -19.787690664 -18.665366720 0.769890854 -0.543445881 0.275213642 -0.190242210 1.416012309 4.798578006 10.409951390 7.682781007 2.236798678 4.449088880 4.048167853 -0.602258811 5.005251642 4.609931370 4.441560321 4.989626623 4.811658984 3.717046260 3.671080201 2.900923146 5.875864377 0.715484648 8.211319752 1.056560691
17.606548748 -19.414932026 -17.805999440 0.734295281 -0.353103083 -0.454667340 -0.359730820 3.497965349 7.706573002 8.202521088 5.626308200 3.709859646 -1.423613276 2.534912393 7.457202580 0.556275916 2.201338272 2.925487523 3.554113144 3.278668794 3.990508835 8.606643862 -0.875296730 3.246319814 0.179107955 2.537697566 6.166074979
22.386390997 -16.622231335 -14.798269957 0.838508414 -0.080902903 -0.538533512 -0.018439501 1.096657262 5.172032005 -0.594258655 4.407761359 9.530375656 -2.113102478 3.057186927 2.237175564 5.446890706 -2.852594108 5.891398438 2.558212774 3.975213042 1.298005712 4.454239180 3.778052971 2.984059218 1.272497156 5.932473597 4.096885301
11.969475192 -14.415714092 -16.784840390 0.992865237 -0.117308768 -0.016488955 0.013615713 0.691578368 4.609346337 7.938128584 5.665048342 5.884613731 7.399690207 10.323247482 9.613472082 -1.663453843 5.101847021 5.030091492 6.950486564 6.403036896 4.296041140 6.696026180 2.809863978 -0.135982284 4.167183018 3.024235639 5.560949134
16.483325294 -15.473494328 -15.933488012 0.758758391 -0.304209080 -0.391277208 0.422663799 4.286591054 10.066366612 7.576613351 3.142740466 2.973361381 6.491088902 5.140411300 -4.315904695 4.586186836 -0.234857708 2.340065680 6.701119336 4.360595842 4.067474068 2.067775093 4.082739359 2.847342311 7.287443980 7.098214544 5.887094660
12.761099037 -10.562043511 -18.684369790 0.728681032 -0.358425796 -0.579612841 0.067851729 5.118948904 6.219618034 8.083406347 6.875757258 5.372786671 0.063258556 5.331529253 -1.620239770 6.859626058 -0.856566041 2.887480482 1.034693570 2.287448974 1.688985375 5.835605985 4.440509411 7.098519077 6.575272738 6.307879582 -1.385755221
18.232697116 -19.251722585 -13.040649682 0.849929222 -0.244984680 -0.300883469 -0.356471544 5.791585574 4.600199062 5.731884337 3.094536692 -0.341779741 3.450659671 5.003287727 6.228204365 7.216361463 1.942126306 0.502457517 3.578568086 7.536190792 -1.805895297 2.324549343 2.297172044 6.040322734 3.390179640 7.872252575 5.524504153
19.177881769 -13.694070493 -25.126906894 0.712381881 -0.031451566 -0.580824162 0.392639971 -3.406328035 1.269974439 6.492327382 8.985611114 3.587336624 7.687460711 6.371097401 0.960547683 3.619460649 6.610804377 7.246777337 2.348661365 2.034587930 7.038108816 1.169431608 10.623391464 3.842749994 5.661530645 6.807835980 3.920789802
8.738324507 -15.043333948 -23.138285261 0.970216323 -0.116565709 -0.172947237 -0.123215155 10.499461711 7.553776343 1.764774220 2.210047437 5.868730366 10.590784293 7.495002267 4.585321406 0.756170102 1.054494943 0.058755373 -0.397825393 1.378348962 3.328988219 3.621957027 8.399219434 3.171861659 5.519239346 1.608557682 5.893114326
10.345893151 -21.006145944 -26.899707194 0.898843919 -0.197096579 -0.274164718 0.279403393 6.911554408 4.319084887 9.551411080 6.910937148 8.619342958 6.704394176 -0.391700687 3.404960635 4.403619187 6.876189394 6.587125169 0.468323202 6.891479633 9.261362791 -1.059001653 3.525735420 6.869765399 7.744129767 8.086995853 3.663153397
16.876233336 -15.201256157 -13.128107517 0.786775502 -0.447209462 -0.416749138 -0.085487790 2.586695435 1.174934895 4.298775429 7.662894607 2.802206542 4.352174863 3.423924554 6.677828949 2.287710977 9.088140426 0.086977266 8.486723828 4.335913883 0.236005063 3.402734631 0.425470281 4.240385757 2.318896382 3.423414944 2.856379064
21.200896921 -13.174887166 -27.415870623 0.764890660 -0.113847013 -0.633825857 -0.015681804 7.564643318 5.859557047 3.909471381 -2.832839032 3.946430279 4.858412014 4.071745624 1.239691161 6.504141225 5.342674432 2.893891878 3.235635389 -2.002596082 9.348073831 -1.203356709 0.849340256 1.206728041 0.946853456 0.852896134 5.293444132
12.629604782 -14.303540675 -13.197380400 0.846988980 -0.325000245 -0.300204214 0.294723496 3.683329031 4.900833217 2.816274981 2.524154273 4.777514668 1.296551225 4.922574671 2.334266002 -3.428885308 7.772023441 -2.753033563 6.144156031 3.855267397 5.247701229 6.590456901 4.852700483 5.010181817 4.892699421 5.910992835 5.690406492
18.924075382 -16.117900696 -14.675636781 0.812181726 -0.371102132 -0.376743113 -0.246391311 3.416365138 0.193169249 6.470458774 4.161244579 -2.094842743 3.133701238 5.171267318 9.464758535 1.711408308 3.297729244 2.883632867 7.180269181 8.810387119 1.182452872 4.515059745 5.855818215 3.450352184 6.327697704 5.639574451 0.263298670
21.556007328 -19.362109243 -16.113900722 0.853027871 -0.118725035 -0.364512006 0.354088710 6.104433800 1.240573503 3.190291213 3.029551436 3.868700523 4.447516629 -2.510114050 1.554214793 4.711668485 5.584657724 -3.407225667 4.265721566 5.682792369 1.972975147 10.761354075 -4.630544993 6.345293300 1.360187344 3.625259024 5.287683487
23.511241644 -19.540423242 -16.156771620 0.859671811 -0.199583492 -0.390038162 0.262680487 -1.205910962 5.240970319 5.462037917 5.681492608 2.646280553 2.965215343 2.483303660 4.869345348 2.863085240 7.665304875 5.801418518 4.591478427 -2.328318843 -0.225164830 3.894884552 7.946611835 3.813016230 6.127887254 0.948868731 0.404881075
12.498699043 -22.613802564 -27.225164308 0.996042332 -0.036072917 -0.067525989 0.045151501 6.216787790 2.673103729 0.264388469 2.641462171 5.007344551 1.920495005 2.083518824 5.990486167 -0.851543763 0.759926868 4.824409251 3.456205143 2.550546510 6.783097784 2.547994396 5.161526363 3.738546529 4.449197621 6.280054697 7.419256651
22.402336972 -23.653499644 -22.365110970 0.863097990 -0.400952571 -0.032279615 -0.305379962 -2.222517192 2.380220193 4.753245434 5.487544491 8.978282421 4.453921154 2.334344871 3.702986560 4.593988146 2.073281197 3.040349987 2.895170203 4.240833610 7.804660838 4.162743207 1.482323883 8.842643813 6.273283823 5.341256314 7.569030534
20.060087522 -25.470299115 -19.655351340 0.868732598 -0.353414977 -0.174497645 -0.299920155 -1.371321028 6.460143368 7.028253810 2.404348518 4.748871373 4.228081706 3.096795312 4.018695781 -2.277733225 7.300555843 1.592538950 9.726929075 7.224938244 1.745606829 8.075543496 5.441347867 3.909905142 6.958117992 2.292065662 3.784883752
13.459298183 -20.185528838 -12.812588422 0.763830501 -0.279047421 -0.405863184 -0.417097805 1.740255015 4.016670063 4.556176287 10.676422851 3.757304816 3.752622324 3.609658788 7.953772975 7.660082493 0.394277260 6.468244539 4.786474554 4.779756441 -1.973328994 4.002057618 5.065914935 5.637430374 5.338597278 2.552927638 5.487722928
17.205847015 -21.446430544 -14.301275405 0.827559094 -0.360145642 -0.331247360 -0.275165858 0.574172836 4.224519030 3.635549610 3.359616749 6.567247876 4.972575828 7.270739832 0.089554048 3.792503799 6.389951783 4.259009813 7.438811161 3.471772186 4.981766852 0.391607128 -0.689293787 7.270604987 0.595179060 4.184184205 7.719626214
23.037142611 -16.592778634 -21.828045889 0.749477468 -0.101187724 -0.653899919 -0.021435121 2.931865403 5.426817880 2.675326076 9.262468027 4.945100562 4.844747864 7.480363326 4.028914681 0.194812634 3.568735859 10.514933559 -0.051726042 -1.673655940 7.056179265 5.410875569 0.633104219 3.958339806 -1.139884788 3.921492844 4.439547664
15.977452320 -13.320797753 -28.413424878 0.956238999 -0.271983239 -0.105225796 -0.023656406 3.339210881 5.180350750 -3.164117652 6.982575193 2.898392319 5.940528368 4.547221364 8.289958462 3.812508574 5.395257385 1.211191571 10.068917789 2.219095051 1.705921356 4.241601218 7.450647928 8.515461765 8.452355329 4.969378182 12.494404794
17.860720597 -21.945163667 -27.710191140 0.784929457 -0.129718342 -0.464544384 0.388918261 -0.532305401 2.067278688 6.171910800 4.593192753 10.166735893 7.495160219 4.216577434 3.944865847 3.176509422 2.066132007 5.798728600 5.732057891 8.443812136 2.020932304 4.094661548 7.728282180 6.356858264 -1.605554672 4.534465956 5.593987363
15.950611351 -16.895042012 -29.114423844 0.751232532 -0.641213996 -0.147612162 -0.052009076 9.016830922 2.242192647 4.055264688 2.144084389 2.015516054 7.393989809 4.245605123 3.607446406 4.537950459 3.601531571 0.817438263 4.336501613 5.262471707 6.547764083 10.137460374 7.935412307 4.717123890 0.979941608 9.129906651 2.753599493
7.324423217 -14.995710622 -25.358041877 0.780032966 -0.509014275 -0.109624130 -0.347038311 2.106743048 6.109709836 2.154715703 5.856881474 4.936119421 5.931824963 8.089970211 5.879286921 0.708769130 6.313336620 3.892734172 8.130281863 2.527676253 6.842677028 5.159660909 1.772099253 8.286421755 -0.969959059 6.870111567 1.369964786
16.882852028 -8.361013167 -21.177232984 0.746928486 -0.020513204 -0.633920460 -0.199554243 5.573760625 -0.782135168 8.382034765 2.085626896 10.274603657 6.506965796 4.964134123 8.885696733 6.669066268 2.135950763 0.275077060 8.487701132 1.458712271 7.172688185 0.992264830 -0.013876545 6.314842467 4.869126623 3.306866100 3.661819708
19.198993837 -25.457489699 -24.364311606 0.742231377 -0.467854689 -0.212103628 -0.430368011 11.418663817 0.655481411 0.694503469 7.341458504 4.659273042 6.084206021 2.102933625 8.481001184 4.116738808 3.070909749 8.943968530 3.168862393 8.967474835 8.628778704 9.329352410 0.387482972 3.827611401 6.361334536 5.973071411 2.462467097
20.586053663 -26.015395155 -24.710727302 0.895708418 -0.327898419 -0.230725443 -0.192236381 7.133441702 1.629747801 4.680508437 6.606325795 2.050034814 7.198268690 -4.218463768 3.271858523 0.884009240 3.808880133 11.524854332 2.674126194 2.450260809 5.655516522 9.030027413 3.348753322 1.651067424 6.875679339 2.144040755 3.912741100
12.736637202 -19.355062315 -25.940406842 0.975582887 -0.138601499 -0.086508208 -0.146778695 4.314455221 3.234168678 3.084983114 4.647533626 5.394756154 2.679026627 -0.570837857 3.786072848 -0.564720254 3.237653483 1.518878145 0.488584872 2.949565989 -2.387865784 5.005086429 1.042618842 6.350688275 6.314007345 4.993777166 4.557010680
22.772057317 -24.182405024 -22.091058343 0.748120632 -0.300480661 -0.580375053 -0.114855083 3.292149040 2.104897214 6.937965816 -0.664520488 1.981072307 4.653754222 3.608541288 1.418263141 3.934737720 5.474998520 8.079053124 3.055425949 2.883784460 2.449946476 4.890341768 6.112363829 5.193902638 3.056110213 2.597714021 3.026113803
17.969150169 -19.222557567 -14.292135244 0.877782367 -0.376845161 -0.078681591 -0.285122864 7.565156582 5.611488066 0.647434100 5.594953610 1.444959273 3.677857590 4.953698127 8.152548325 5.094814742 5.171251554 3.475924570 10.209542347 -1.126044187 1.422272240 2.017050095 9.310895135 -3.171618258 6.487246942 3.632477601 11.422146193
17.307867205 -23.097466788 -24.790421706 0.921371596 -0.363877489 -0.122802886 -0.059891617 4.455081211 3.248322104 0.201179963 8.629921948 7.094788977 6.980534350 5.822626622 4.293316354 5.678262296 2.622015110 6.256104837 3.668534263 8.455210932 4.659439069 6.196330257 4.420123822 5.574195392 5.143125858 5.169443627 5.123075216
17.153137920 -24.848762519 -15.787410455 0.711119678 -0.492922636 -0.491195668 -0.100313977 -2.943171875 5.932444615 7.139716278 2.154282477 6.570936569 7.120678251 4.192102374 3.587217525 -1.198496540 -1.673015974 2.742181273 11.219929726 3.605445177 2.160431682 6.611709159 3.907534842 9.151426074 1.482920173 5.737228557 7.130577524
13.755876086 -13.137763970 -26.846727990 0.808028593 -0.247322589 -0.394744008 -0.360691693 5.699914255 -6.584212092 5.568945641 -0.441748476 4.339399793 3.020259668 -2.364751496 2.993236099 3.212347007 4.108196277 0.664282200 4.766793616 3.310095525 4.300860652 -0.718694262 4.596640048 1.652812703 -0.501166148 2.817849750 0.574791149
15.850655947 -12.021056336 -25.394634649 0.974925398 0.163825565 -0.001038199 0.150600712 5.091922460 12.306407471 1.122719413 5.448749996 5.834079791 3.194658063 6.192582399 6.381443013 4.637737909 5.355222220 6.640186594 11.965395561 5.904087800 -2.538277026 -0.963427162 -5.725455435 -1.847889234 2.790551695 4.299874802 -3.062602670
16.845762999 -20.053324273 -24.323794128 0.715556340 -0.529053636 -0.340773037 -0.303241013 7.112602438 3.284148214 4.485474244 3.176648360 1.081389330 2.663331554 1.439129793 -0.537546093 5.635260477 -1.350942670 9.523947798 5.295438890 4.365766216 3.235697377 2.200544219 5.395604271 6.876104261 6.248698800 2.718680148 0.366432568
12.719761526 -22.602212663 -17.867313881 0.910926807 -0.270330081 -0.136144933 0.280354341 1.700923692 3.943079504 6.168622862 6.234920251 8.237892868 -0.354578273 -0.392494064 0.120685650 7.182339801 3.983801445 5.767330413 9.099384098 4.943558326 2.376190120 5.096057045 5.235241660 5.333250871 4.510420086 4.117612171 4.626692007
19.163942976 -23.197169469 -28.817581438 0.707674964 -0.555897013 -0.115943667 -0.420394723 7.399542220 11.434337520 7.046984588 2.547174972 0.925351760 10.400958650 4.549734670 4.626187282 2.778239141 3.478146464 1.823029746 0.606269984 1.387047188 10.157882054 -6.303266575 1.649891086 3.866042485 2.781896895 0.264067765 4.565041963
19.699425810 -12.219655272 -26.120070984 0.905280383 -0.028991952 -0.420792335 0.050603419 2.335721473 9.571367994 3.449947782 6.666767202 4.481137127 4.666638569 6.499331672 3.494462113 7.111869377 4.907366043 4.403279730 2.893353920 5.229907892 3.363106700 1.676079757 5.037440878 3.996563170 6.019517962 0.104094490 4.464774592
16.294979832 -12.264337894 -26.921116097 0.719941478 0.034284483 -0.583372631 0.374413163 6.127350377 1.922972157 0.809987922 1.777887811 5.759514533 3.413763399 1.460585509 4.971331468 6.076013888 0.294779594 6.446631471 3.027421660 5.845993654 6.892930487 -1.407799734 4.251484621 7.326797192 -3.450164598 5.816699091 5.108991663
21.009479848 -19.971073474 -25.600354050 0.924816163 -0.316245204 -0.101454132 -0.185502278 0.559517036 4.636737875 4.265053755 4.061969085 7.572284934 -2.453762857 0.401575743 6.394211109 3.410780554 0.467054635 1.318144991 5.069998624 0.932468393 3.540750583 4.656882401 9.010578575 6.370132477 5.224328386 4.970704309 6.499537462
12.554608169 -19.479941437 -16.174274919 0.863669654 -0.492700638 0.014335259 -0.105429171 7.127041708 1.889509571 3.975644771 5.119674011 3.309239931 1.641819129 1.922785745 5.476524003 -0.150029993 1.700395102 8.950820265 5.112527201 -0.685516652 5.871034720 5.826942888 6.075571864 10.419276896 3.942454904 -0.989589551 3.663867275
18.457810832 -14.142992078 -22.121221051 0.786929323 -0.293356113 -0.309230046 -0.446162763 7.256034180 4.952109527 2.536064802 -0.857305457 4.083388182 2.116473249 7.183850986 5.133040466 4.676591362 4.967952333 4.382764421 7.394085100 5.797040497 0.142577913 3.485793180 2.503427424 3.439006607 8.218479576 4.525751171 4.941213687
22.792841026 -21.926947397 -26.780384310 0.809896063 -0.097514650 -0.524886763 0.243008531 5.508114421 5.194669756 4.406669540 5.961830626 1.746502860 0.752258538 6.495840378 4.305725024 5.295137454 2.180611213 4.068919974 6.995475248 -0.241494676 6.540990808 0.580917553 6.865285887 1.194832777 4.576379716 5.609474549 -0.083914726
7.064143898 -22.494254337 -21.477544796 0.973469453 -0.187143613 -0.056423470 0.118957492 1.062967394 5.928073843 2.439486949 2.438832428 -0.943087691 5.438729358 4.552798528 2.394533420 2.888406858 4.070551028 5.300092654 6.830905381 5.127153910 3.894494445 4.680090652 1.072928338 4.755286608 5.766283779 6.996266397 7.537733569
8.768242734 -19.850571408 -17.596514521 0.785123634 -0.587765702 0.031898500 0.192600219 1.035097899 10.249512570 -0.351680588 3.272855643 -0.167990439 -0.932878411 4.335881150 7.541738742 2.849547233 3.383872673 5.198015323 6.899371975 0.786557794 5.739546803 2.480226291 3.444188277 2.503551548 5.775112826 4.987607143 4.713353905
21.878918971 -24.751228895 -24.942874008 0.869180732 -0.397433262 0.008865323 -0.294097031 7.491066630 6.005412828 4.690518338 6.382016682 6.433901052 7.937514861 0.996250323 5.482675188 7.452286456 3.257124082 3.764802895 4.440858571 11.602838805 6.603096632 4.554590646 7.363128436 4.265445256 0.405416836 7.927149702 11.256008602
7.985450881 -17.971479149 -27.804975067 0.908523339 -0.286046393 0.091488622 -0.290504106 8.557850424 7.794879330 6.314307249 -0.872463230 8.168854977 7.033823707 6.044054537 7.111255803 4.602400252 4.868474737 6.299067020 5.850344570 9.908719417 4.793920639 13.087863441 6.405286020 7.085902966 -2.439775057 6.944776324 5.720045402
9.586301275 -16.824122728 -14.489783424 0.957246860 -0.280386550 0.032608624 -0.063233773 -2.026306734 1.998946142 -0.540287224 -1.375915557 8.451058906 4.960549390 4.681692075 7.359795392 3.118176006 0.592920490 0.280690312 2.552995399 5.674188570 -2.037857454 4.576309667 5.951058136 5.051449435 1.856837712 1.601538037 4.972258629
15.533034582 -22.273234257 -23.648718593 0.848556637 -0.321656695 0.214428062 -0.361260586 3.247109667 7.297906543 5.682453765 2.899907872 4.484250055 5.312409354 1.192230738 4.336886390 6.905137538 7.970505420 4.363689272 5.545229286 3.239950321 3.510053747 3.983301768 2.494349911 2.732843961 5.345552671 5.162902357 2.556965668
21.853885503 -22.498501825 -16.468187398 0.856392117 -0.136346995 -0.352185441 0.352090122 -2.340655392 10.114529992 0.590235008 -0.127998919 2.831461748 -0.285423395 3.158276469 3.162385545 -5.654087647 2.855429191 4.988317701 6.997546203 4.827220506 3.063610913 0.756576391 7.204614209 8.025574062 5.226416555 -0.781611578 2.490377293
18.541793732 -9.577043934 -24.463076630 0.942591464 -0.133241721 -0.183174617 -0.245387519 2.721183972 0.486554484 2.707521519 2.446016442 4.264020231 4.161470528 1.776747483 8.475420412 7.203851179 6.652647190 4.508667097 4.994316499 5.365944218 8.837723976 0.080576639 -2.275043633 2.413861278 8.127944798 6.048693181 7.876370812
18.576054122 -9.935070084 -17.784076915 0.982303134 -0.130506046 0.008911299 -0.134049666 3.366114953 4.296389593 3.142142234 8.644957653 4.338104548 3.473896730 2.017988931 3.136129478 1.977521394 8.143063317 1.914906954 -1.261548358 3.238670938 4.848792052 4.648930125 2.683418490 5.338141904 3.731156667 4.325890792 5.483951576
14.523023362 -25.939115486 -27.115464180 0.750879193 -0.460781085 -0.209342851 -0.424307435 0.679574645 4.111439225 -0.759054050 6.904473676 7.709132032 0.267153904 2.298765895 4.740425851 0.321814255 4.332877015 6.459984662 4.645349628 3.973866577 0.911698467 0.265950365 1.836640361 5.332937768 11.055323869 5.267463603 4.980614652
20.880606187 -13.392856912 -19.477334334 0.710166261 -0.536647474 -0.358888405 -0.280842454 4.841505985 6.832320020 3.095267670 2.168264596 5.486626403 3.406631042 2.383091089 8.528555974 8.057665961 2.594287525 4.038156242 9.435609814 2.183194906 3.438046125 2.780226874 4.346037684 2.421464255 0.429432117 4.639982681 0.338927785
18.383808704 -23.410222847 -16.373421104 0.788504389 -0.304128148 -0.300299882 -0.442252053 2.156982666 0.666659898 5.253646775 8.663244231 1.388805805 5.097340718 0.009923630 8.432782180 3.763075360 7.163907247 3.403893337 0.667967822 0.915785758 13.798085552 4.613515009 8.526213223 5.980839780 6.989475181 1.661152493 3.071170293
16.889492022 -20.896085520 -30.119228435 0.862270640 -0.316624371 -0.387459581 -0.078188387 3.554603584 4.827211870 3.764368009 4.796064670 3.127744525 5.629796908 4.399088458 4.481788340 3.522375077 -0.581965751 5.055503486 4.231207511 4.667099914 6.600805479 6.361197892 2.274286538 2.414068315 2.457149226 0.231869901 7.577147182
12.117327426 -17.231360423 -17.809093537 0.799629349 -0.288906300 -0.219429299 -0.478515242 -0.327043073 0.008062241 11.570316758 2.449257955 2.251827052 2.733446387 4.983327797 3.663957040 1.022949010 1.891783267 2.398421548 3.060748675 5.371501438 2.179828484 5.817768196 0.740311940 -1.046537016 4.896470928 4.327255821 1.028277360
18.918176301 -24.306393239 -28.375528080 0.727065875 -0.607111802 -0.035509189 -0.318637052 5.119806369 12.299032038 2.662842702 1.196125645 3.718265452 2.442577982 6.075658142 1.077888862 11.429933271 0.979557562 5.876544127 1.027920694 7.227247580 8.055001424 3.509177525 -0.277060025 6.844096127 2.207563256 -0.601379045 5.590033167
9.340079928 -24.838739159 -23.572285542 0.789780765 -0.184937942 -0.394593067 0.431671880 3.065460145 5.110164901 3.339128466 -2.391468740 3.404626184 0.103471048 -0.885253657 4.479887916 12.075477045 5.967481599 7.470957203 8.403267307 1.329159950 6.143622999 2.987566554 5.529123594 3.113601095 3.169008673 5.496143679 5.441095052
17.528884567 -20.394951795 -24.379885826 0.740751041 -0.176650402 -0.555561195 0.333817749 7.203243783 4.264210815 4.853324460 -3.239257184 5.128661054 4.011064974 9.280079608 5.600998909 4.795255166 -0.254049516 -0.889958357 3.050131900 3.544679477 3.980031975 3.785562800 4.529579617 4.064796537 6.747289622 10.488309363 8.168152075
15.891598836 -26.611640505 -22.549548235 0.907647983 -0.336311391 -0.248369038 -0.037183441 5.607054228 5.034136121 1.402952883 2.914007324 2.788311471 2.086838755 6.732533005 4.197228513 1.724505432 2.739306395 7.125685108 10.209941044 2.677516087 4.461101359 5.562585505 3.829773523 3.510513632 -2.094185833 1.419763787 -1.740992176
9.327580764 -21.570100120 -27.689769932 0.853720349 -0.322558517 -0.345652916 0.218269627 6.303586845 4.540930653 1.192949240 2.039107990 6.331188965 -1.619663977 3.840338075 -0.286121195 2.155958639 3.584176489 7.724684557 -0.912925323 1.638575030 5.159595023 2.565725988 6.042723415 9.429517478 3.539680707 3.421503408 7.363282691
15.262862624 -23.874529094 -29.339697268 0.872798606 -0.412608693 -0.234511250 0.113934775 3.583642539 1.066412362 2.389587193 -0.601728635 4.925077064 9.445362433 10.849041981 3.961222635 2.046671894 2.894556345 0.237269103 6.471117768 0.926053560 -0.993555158 -1.621188915 7.729163240 3.611767143 2.424796751 4.224987777 0.566610077
11.712044535 -24.557803282 -28.104308749 0.727830009 -0.588917770 -0.249330295 -0.247535335 6.413156308 8.515950638 5.064815497 3.789205577 10.432075005 4.359117985 5.138077192 7.058166875 1.072137695 -1.792428111 4.369081345 1.892304489 3.582570062 3.960232641 2.240393263 -0.276845537 -0.231219906 6.730147781 4.946194414 2.284103102
8.262747573 -14.882682045 -17.210658441 0.964766882 -0.199389949 -0.119588353 -0.123154932 2.109468578 2.095994536 1.564254053 3.550294635 4.781442664 2.361766976 -3.653933839 3.102863453 2.052228555 4.158241328 7.901294840 4.797459715 2.570292484 5.377069330 2.601359765 3.609542335 6.108200522 1.207455552 12.047818394 4.390383580
9.970246553 -17.434210309 -15.546086497 0.813491003 -0.507225660 -0.245632922 0.143593127 7.375345901 -1.279546168 4.682596739 4.485446570 8.974152733 6.598445795 3.314547348 1.965554262 0.807796264 0.697948567 7.092237928 9.220194687 2.858659147 -1.649697132 4.938436978 0.328811535 8.802024449 5.478028844 -1.692747619 8.602122968
20.924945000 -13.261057764 -20.069833932 0.966866863 -0.177889587 0.006496077 -0.182979683 0.637568270 3.205425920 4.928155791 6.153152031 4.351194287 4.515681432 5.293958502 2.844758873 6.414185342 5.752394141 2.245370109 8.184995159 -1.544106522 4.941297504 3.436410056 -1.340731849 -0.373199958 -1.357368287 10.393975194 8.303051905
18.315900806 -23.045350713 -25.052759333 0.945015134 -0.204575696 -0.134271051 -0.216948074 0.502583596 4.299641826 9.978227940 3.591957080 7.203143678 2.098146642 1.009391463 1.515115763 4.964992250 6.256365897 3.903029952 2.770534651 0.766836629 -0.812183532 -0.327174147 10.635937890 2.104712572 0.534102297 8.631745331 -1.591735224
15.491087686 -19.202656476 -14.237636542 0.886271386 -0.267362706 -0.335495790 0.174593208 3.791254357 -3.090096752 7.953632554 6.859568474 6.801354049 5.631024910 1.972379717 2.478525161 7.763470478 -0.087768536 4.664083274 5.800684754 -1.893635177 5.974014098 2.384540642 9.739031148 3.063570104 2.967168046 3.731941203 4.519704227
13.706403558 -21.452821674 -20.794801424 0.773747033 -0.590419959 0.051563407 -0.223743193 3.349110509 -2.107502191 0.021221429 2.657618637 3.078738879 4.140145375 1.115088040 6.269763728 3.047538226 -0.681630500 3.886360478 3.674707082 6.313277978 1.030862372 -0.165917659 4.049559095 0.381902236 5.353829114 3.473398406 10.045495322
23.602114754 -18.653416930 -16.748037392 0.941597830 -0.176091578 -0.243080509 0.152634036 7.152280348 5.900011544 2.235347685 4.892528887 1.055254312 3.483651747 0.082893533 0.555532480 4.925018003 4.500097222 8.100069563 2.958445926 3.787668539 2.841911296 8.282507662 3.345927233 3.123394759 3.773378241 1.177832927 -0.168917195
18.452956744 -10.447983409 -17.972388001 0.786684024 -0.516114846 -0.244229847 -0.234745595 3.863155408 1.704188675 3.656819285 5.748951148 8.492097733 3.431560189 0.095040356 4.801722020 6.313368371 2.915310271 2.118864822 9.199865308 4.944180789 -8.373799026 5.581947093 0.064985503 7.468385824 5.128921274 5.392353112 4.070571822
23.877444033 -14.455318376 -18.372611354 0.941416631 -0.115393867 -0.255248619 -0.187795433 3.191721566 11.016059472 7.228269614 3.464894066 5.465536743 7.518242190 -0.988479463 7.717719198 1.992967254 1.537603021 7.666888868 2.605776267 2.402357773 4.124445014 4.836410969 2.107787129 5.061307109 5.701215768 7.300128727 5.637238784
17.642085004 -24.497861524 -16.110610804 0.842591318 -0.351107033 -0.336803053 -0.230927318 3.732523363 5.178250550 0.664570586 8.478407784 -0.647360010 2.807290266 3.437039675 1.039253400 5.554531464 2.273341503 6.577034326 9.066929966 1.933384599 5.609332085 -4.729399015 6.103652148 5.339095937 4.218890921 3.850527542 5.116193415
15.654161686 -17.245307950 -25.372945249 0.949164954 -0.188648254 -0.060761350 -0.244552213 6.978499550 7.940515004 5.608841977 7.077629047 4.253118885 1.208654179 -1.615255725 2.323033569 8.199181096 1.748754245 4.229991951 6.028919566 2.135071722 5.695542642 7.265892258 5.102371452 1.994723174 3.697168906 8.638863783 -0.543637018
15.831677500 -25.559676806 -25.872718053 0.736654584 -0.566845949 -0.265542694 -0.255954627 7.143505371 -0.504279958 9.385586125 1.931022411 5.335246875 5.043330544 3.567681176 4.940489270 8.141939057 1.175946181 0.251319811 6.600166802 2.823221360 3.321882434 3.018166997 8.085602025 5.853122086 4.283276571 1.588195333 3.473295342
14.201244663 -9.753748276 -26.660309064 0.976228995 0.167407468 0.099904107 0.094714620 3.708123378 1.554116780 6.408051415 0.358171797 7.463881708 2.393965052 4.429379582 8.316778472 2.292098963 2.349516669 1.774290046 3.653304765 5.495371564 4.973622988 6.757418189 -3.764492676 2.148720628 1.611505751 4.627540144 3.202900113
14.556719660 -14.196643397 -28.505739327 0.872493201 -0.274742534 -0.396208558 -0.079315403 4.546269466 3.272740559 5.483184926 2.227212456 3.582371420 1.718849957 10.349429241 3.595803870 4.362451508 3.356526371 8.570051277 -4.635255691 2.813159884 4.290668279 -1.764214103 4.863648367 0.773252006 -2.653141991 5.135226818 4.998685094
13.067991603 -21.445718495 -18.940630687 0.709129848 -0.300531844 -0.375364213 -0.515671579 6.343345116 6.686193506 5.170911811 2.001084793 6.237761053 1.565162897 3.671523217 6.500571378 2.067370247 7.978331743 5.430005537 8.726072398 5.924414384 2.354553441 2.480960896 3.881534603 0.989740656 -2.098134745 2.456278656 5.036855276
19.448656205 -18.114363136 -25.095043714 0.739234245 -0.252340267 -0.623668178 0.029918637 6.590604723 4.236344831 3.668826478 3.775210470 1.600871532 5.404408958 0.848567129 4.821996687 1.840326106 -0.032426254 3.992502358 3.478108465 0.766308570 0.416257906 0.904383138 10.620361424 7.372126138 3.044619076 5.241582422 3.438625935
6.413212716 -16.015195924 -21.352771804 0.969973981 0.059117851 0.223115360 -0.076649146 6.304783276 -1.776487911 7.084792849 6.403695708 3.536122758 12.317480856 5.307236022 3.876347162 7.252315336 4.827034220 6.037544773 1.218369496 3.673324491 2.993377775 4.008517155 2.225435189 4.485496095 3.540878740 10.385127146 7.019271629
7.664282934 -22.052100808 -22.783950465 0.959070846 -0.152253671 -0.114279879 0.209623569 0.301376022 0.827988655 -0.197614433 4.284468754 7.138319120 8.733530127 4.799341460 5.897224211 9.197414508 -0.845961573 1.127959142 8.476521874 8.088895127 7.227042865 5.517309754 0.863957499 2.483522410 3.825466432 4.681650875 6.306336477
10.461700289 -21.281971291 -24.715825488 0.841892750 -0.479649755 0.166523115 -0.182818934 6.308617705 -0.554388222 7.703547389 -2.850740958 3.952572047 3.155564776 6.243244965 1.694951041 -0.410175902 5.248434963 2.590700477 7.566554905 1.959088727 5.078183209 1.876630136 4.968920531 3.771959637 4.811694880 7.432021103 4.780270218
18.641868130 -10.573064868 -18.588234092 0.900646269 -0.013340026 -0.430820861 0.055242444 8.509294392 4.176952394 1.344116445 -2.038264008 4.986719500 -6.122908192 6.494500088 2.298286043 5.727141259 3.750798864 5.095463534 1.828946673 3.697359600 5.989272038 5.631800063 1.527571067 8.916812502 8.468738922 2.874110333 6.508552302
21.665270545 -13.613126687 -26.524196853 0.967218872 0.099817051 -0.163014460 0.167184017 4.040922676 1.679693181 10.539503770 8.555911598 0.674214785 7.672697105 5.831521423 1.503009132 0.649129962 6.873959595 4.536139978 4.584171050 5.184651905 2.803045152 2.599509735 -1.227197837 6.946021465 1.293736086 0.977709855 2.079955466
7.759478368 -23.817144653 -23.508496060 0.767432047 -0.598451181 -0.146351581 -0.177441406 8.597214388 6.748856497 1.420788757 4.573696557 5.098121414 2.822178772 3.623705547 -0.878150229 8.948946822 10.024226014 6.825875051 -0.646608601 3.547858837 7.290852665 6.375814571 6.371301809 -2.176725149 3.922021469 -0.682856403 5.049694987
12.700805947 -14.316805278 -22.271001710 0.740318960 -0.213653534 -0.464678678 -0.436295463 2.614865401 5.855529467 2.557245700 6.072513257 5.958799976 5.642904821 5.621362518 2.077942369 6.384647746 0.964179173 -1.237075226 0.031409405 3.268865861 -0.409569067 0.474945182 3.523670078 4.026786531 5.027188540 4.086210602 2.252536078
18.554262406 -11.916126991 -15.511001577 0.906035518 0.004250457 -0.349651419 0.238380911 2.749587919 4.243040225 2.397204005 4.550095637 11.767734861 -0.775869379 3.224994777 4.238392932 9.745028450 4.798369116 -0.598761032 6.861444494 -0.690231955 0.670954207 5.323732126 4.150072035 3.414966257 1.669283875 6.505964421 0.637245693
12.147529713 -16.962698803 -12.989241333 0.737587141 -0.195146550 -0.409233168 -0.500411079 4.637150676 0.083611525 1.946864179 6.703620013 7.114228276 0.569194566 0.002310632 2.099585583 5.855057247 1.374655293 3.395702867 7.668266468 3.151642063 7.540877437 2.447214190 7.681616357 5.291132934 5.810368167 4.368166032 0.959517057
19.459680118 -16.093030718 -17.137734410 0.809953639 -0.086813178 -0.579690518 -0.019936848 1.660204263 8.250383727 2.613119426 4.915817513 4.923322740 4.250897473 2.527215108 2.609258574 0.613898827 5.975052031 1.920392667 5.324039496 7.076279080 1.077893616 4.274554603 0.292368455 5.941816056 3.227600066 -0.384456445 -1.641662768
8.886999619 -16.112270654 -25.096351773 0.858015707 -0.167365879 -0.479849076 0.074448457 6.653679316 -0.987336499 6.374510478 7.402819571 3.647101672 2.364258764 -1.452424160 10.390116445 9.417666798 3.331279022 -0.383899203 3.818232170 1.702998912 0.926309654 7.430960650 5.573185980 4.045364937 3.268483604 5.630947610 2.376605498
18.879758610 -11.577039525 -25.466083620 0.897694282 0.021317995 -0.309411820 0.312977388 4.559539471 3.555625044 6.715622983 3.840586086 0.684502606 5.710925249 3.456322310 6.062633937 3.784589356 3.265441761 4.348773905 5.682512867 6.965274232 9.255516668 -0.133210984 6.696020448 1.399234446 1.638727744 8.523449367 3.170471570
9.285561425 -20.190259082 -18.220137596 0.916971602 -0.136974220 -0.260260676 0.269565435 5.532590253 -0.803528694 1.908763343 5.261844114 2.370704061 1.419123761 8.075005357 0.128211698 3.328247012 3.632755408 1.646358773 4.285204043 -0.005072657 3.893524695 6.764616532 3.983449978 7.462449609 2.947139755 3.420032797 3.383187416
8.700693315 -22.476997360 -19.424955714 0.880917022 -0.231070295 0.227356577 -0.344819817 5.988997130 0.355853292 7.003269896 10.016323303 5.129034026 1.856423284 6.789336148 6.050585014 7.186835858 4.598169547 5.507334268 2.666699288 1.549077066 2.408592569 6.746787698 2.942095953 1.093019546 6.680793022 1.499622694 8.307986441
11.658520164 -11.480337639 -26.366916876 0.711409918 -0.544499696 -0.351314157 -0.272019067 7.996055817 -0.139612055 3.586537637 6.936919501 6.557523030 3.773180045 2.075468965 3.876655995 -0.309429634 7.196841547 9.418811318 4.482977288 3.029685116 5.404245906 6.239309904 8.398366570 -2.557780878 8.196716245 3.623874932 8.876216760
18.677490946 -19.799676558 -20.198286603 0.944908173 -0.216361386 -0.093341416 -0.227208439 3.176728923 -0.288547369 7.137295308 3.675553849 1.162941227 0.330585574 9.611225164 6.554162866 5.112488925 2.886322125 1.529837522 -2.229594859 2.706718441 9.738432700 5.294788622 7.352730709 7.941050114 1.549624357 9.986018253 5.382395046
14.211986041 -16.145429892 -22.309205714 0.891950365 -0.324486978 -0.308447924 -0.063187235 5.160116699 3.478988754 -0.512976816 0.445990156 -2.731642176 3.889742122 9.614409727 -2.358499138 3.458407476 5.832018358 5.164580880 5.891800010 3.024481936 6.405344230 9.394582757 11.801406878 4.429147855 3.602382141 4.113127752 4.093028098
10.714924201 -21.618340134 -19.634818945 0.959833785 -0.172499079 -0.219316441 -0.029384878 1.921547939 4.476679140 4.944063688 4.644975090 -0.460781038 3.836709206 3.704542854 3.541775925 3.000850443 3.689745929 3.537151104 4.145774023 1.422158607 -1.976612119 5.625276203 5.379294223 6.403428427 1.831432314 6.268916486 5.747240050
19.801336495 -17.845860662 -18.221934642 0.948643335 -0.184350366 -0.164569560 -0.197503480 4.733214635 4.004779148 -4.052803052 7.886685071 8.546321272 6.346907497 7.123119325 5.341172084 5.908575483 5.906796348 2.195944980 3.701405555 3.457035872 1.241989287 1.358660023 1.502486212 2.587943326 -1.407912805 2.856898897 -1.808614276
12.979219039 -13.692552673 -14.718922812 0.734200263 -0.620115785 -0.269900112 -0.059668392 8.162290949 0.634530054 -1.492768011 4.760190421 3.400892559 5.880697925 5.113799623 6.334556207 7.489269491 3.557365208 9.039099391 5.416301284 -0.409323881 6.115716534 3.836083947 9.883099647 4.379578438 0.660236048 6.745359200 4.645561340
14.112184310 -10.739018521 -19.737419796 0.844539643 -0.152221885 -0.372830425 -0.352957168 6.911510585 6.954855812 8.594506370 4.246732143 1.043254456 2.584151083 3.005947178 5.749354483 6.940363236 0.074610028 3.342312078 -0.572715349 1.665212121 6.760553615 8.230749665 2.602894330 3.396217340 8.063123704 2.791060849 4.323863533
22.908218103 -22.671504014 -21.432981447 0.911064408 -0.277782443 -0.091932947 -0.290425363 -2.023872698 1.760398899 4.444919548 5.250628543 5.076181134 1.427319795 1.509057988 5.619528667 5.150629752 3.578868209 0.841109568 3.295163469 -0.111514215 -1.169629382 0.866678785 6.096293452 10.612437826 2.897758281 4.289475117 5.049706154
14.638695548 -25.151576971 -23.411155160 0.972419927 -0.171789814 -0.139955882 0.072801763 5.781726165 1.632379578 7.424059248 5.511549397 4.458771139 0.365516891 -2.822328755 1.286208821 8.285726602 5.651328245 8.932624690 3.510897196 1.407171945 2.413184600 1.327231686 2.254435731 4.029144211 2.092230282 6.115474360 3.121443971
17.619615634 -20.333151895 -15.068268130 0.921009343 -0.303231757 -0.163595219 -0.181738538 3.979345389 -0.705975751 1.465683724 3.054849470 3.355450323 3.689561941 1.498380644 5.402175780 3.326293981 3.682815366 5.595625878 1.263229242 9.580431963 5.632553824 1.155161711 3.014094680 6.869718895 4.193681935 7.013487081 6.906887354
