-0.130349515 -4.604031998 -31.937509729 0.940860019 0.001651960 0.338351434 0.017262769 4.486437525 1.415112453 3.347564586 5.214562422 2.052710138 0.346822670 0.060698668 4.741064901 7.278348475 8.095431536 5.896567696 3.142974885 -1.447875670 5.138124824 1.785514202 8.198685266 -1.534417740 -1.359867150 4.078462749 7.351536051
10.516644130 -8.302430938 -20.017183064 0.780306595 -0.271733513 -0.242185584 -0.508555463 4.903425697 3.763602780 -0.675963013 4.136548120 1.437187661 2.603031629 2.194160419 1.190496398 6.312026569 1.374948237 4.027433909 -1.613600814 1.462295159 4.854633159 6.125171704 7.922101097 3.115459079 5.263501852 5.025923178 3.474453607
0.500758747 -2.909546674 -34.134715980 0.953180106 -0.237988216 0.112192385 0.149070999 7.384273455 0.909290196 2.304291190 6.399929152 1.104296216 0.933368804 0.381475819 2.254028110 4.772085575 5.679724274 5.339602349 7.848228999 -1.683409858 1.743227634 2.236233315 4.282040801 -2.319106451 8.738965072 8.899047844 3.167663523
4.703258060 -13.407057198 -26.224903939 0.873454677 -0.271617040 0.401755844 -0.043512672 6.647424843 0.825162824 7.429688289 -2.392559000 7.291479011 -1.690651489 2.006463142 -4.304261368 4.414784617 3.079977365 6.322888392 4.618615784 -0.581557585 4.475955800 7.315286759 3.878287472 -1.377829077 2.426046473 2.387637508 0.895461313
9.678259639 -5.785330999 -21.675063879 0.971446765 -0.235834315 -0.013115670 0.022390581 3.805020913 1.780994285 0.507832619 3.486582442 1.417406273 6.808279758 0.870208419 -1.796767401 -0.477474788 5.725299591 12.046980655 1.683778754 5.872845971 -0.189792934 4.175824746 16.876280841 3.752404540 2.450294636 3.618444279 2.779165562
12.425546148 -4.799574991 -34.794021578 0.892735632 -0.021224602 -0.449058311 -0.030319002 -1.047830875 2.835678768 4.748095907 5.850256874 2.127745648 -0.259704396 6.154845865 3.750035980 5.820199615 0.473992114 3.940898922 2.170397556 5.985849390 5.783380982 9.647543492 2.656574062 8.015443931 1.280815590 10.168711422 4.320573613
-0.790186004 -1.865837812 -27.418032709 0.710303247 0.621771219 0.240082540 -0.226340945 7.498359525 5.844265735 0.516127822 1.148484648 2.919401218 5.773547655 0.559876345 1.064110869 3.790643381 7.810775098 4.185126367 2.266794378 4.256132733 2.377261871 -2.290265615 8.815211451 1.540709093 7.269756180 -0.134436092 2.510112256
10.349059676 -3.774616734 -20.867280861 0.978347056 -0.166407712 0.110066720 0.055052965 3.405073373 3.345867125 0.780930130 3.390507362 7.040507467 4.069991340 -0.149886449 7.314659726 7.128670451 10.443809173 -0.596358890 1.133184323 2.128508373 7.175189830 4.983740611 3.228344761 6.620820925 4.730108029 0.309481883 0.352339009
8.570606837 -10.380374670 -23.841466668 0.928762990 -0.288006021 -0.056579575 -0.226385936 5.080473947 7.351442560 5.143943278 11.723529154 0.977561760 3.125042685 1.893155430 3.943153788 2.838671743 -0.140256053 4.400936667 2.677319116 -1.184222718 6.865550794 3.146949370 1.108963946 5.744554639 9.083480667 5.144268646 7.812673699
1.039274185 1.890438624 -26.756550606 0.961663052 0.260977674 0.001552916 -0.084216482 1.448186372 2.924328022 -0.494145111 5.829174567 0.418820385 3.891647344 3.136403006 4.800782629 4.266529645 8.369839357 7.878001672 5.818609456 5.347350979 4.282332533 2.762523464 0.573286115 -1.246040503 7.496699894 3.376228971 3.849831369
12.813388837 -10.199755957 -23.635235007 0.775101266 0.067294197 -0.613762802 -0.134107202 5.760669567 -1.451039467 1.873142218 -2.121941701 2.722237670 6.373415273 7.398810785 2.662324574 7.564502561 5.004483470 7.291691248 1.417102021 0.540896771 8.387273080 4.558485886 5.151538785 7.523920681 5.242289945 3.806574683 7.972445327
9.680444335 -10.321424521 -32.432307430 0.903869589 -0.401235144 -0.130399717 -0.070894560 1.233208861 4.768126486 13.410155415 3.114825417 6.942244231 3.386110968 0.231725386 0.004289797 4.487787674 7.839947437 0.976614416 5.506452735 9.843034876 8.691010927 7.164088062 4.567302048 4.667127625 5.400556363 3.362636688 2.898168732
5.146543050 -1.812069458 -26.000396458 0.808595219 0.114381990 -0.576032910 0.035729806 1.809462133 0.086064508 2.726765399 1.108982369 1.821758241 5.970371416 6.321175565 3.707384865 3.126062613 1.181112319 4.651186363 7.174938575 7.594495234 1.617476676 4.763731683 10.522321495 4.163564438 2.816235217 6.619057940 13.131307461
4.457182401 -5.862612801 -22.802856954 0.797898038 0.282489234 0.432298787 0.310928146 6.987851907 3.186875366 3.101937098 8.064876277 4.048477477 3.667119584 2.905715277 6.468228223 2.114111344 8.193167080 1.973032001 1.862431241 8.728705619 3.222496526 8.137772134 1.209847904 8.727630822 5.305633504 7.571537498 -2.098911522
11.559779719 -8.138770176 -28.267028409 0.962929890 -0.030156758 0.267890990 0.009540148 5.168010707 0.477485992 0.474702405 4.506391496 9.578551188 2.414247319 11.054096058 9.704191473 7.546624636 -0.330239589 -0.022293809 3.386893059 0.907854970 5.657297617 8.572602567 5.410418015 3.124900679 7.485082405 -1.959093380 -1.977475110
6.403369048 -12.339204968 -32.298037276 0.987990832 -0.106417984 -0.111786111 -0.007293404 1.533839281 7.273324591 1.894203039 1.734518642 -0.087129177 2.789527475 4.578977548 6.122245962 5.668610243 2.502466096 8.154773952 1.266881001 7.946423387 7.457126495 -0.974505385 2.028090480 1.812829093 2.847069266 6.480659633 4.852653334
15.236356884 -8.090798879 -24.376717066 0.849559389 -0.235730983 -0.462921718 -0.091559991 2.205103969 -0.008716690 4.135447686 5.879932940 2.338031643 5.300262544 1.290579745 7.357964663 5.755810532 1.648801561 5.798022713 7.471775098 4.503489104 5.845937715 3.320776573 3.463394942 -0.289112811 3.026291058 6.416711006 3.261325887
2.921191968 -8.306784808 -24.064577993 0.940171537 -0.286270585 0.149408223 0.108645365 4.676266785 10.957206073 6.803659585 2.309330184 0.651550317 3.835321556 5.585972359 5.263650271 5.867569460 4.463267195 -0.172870006 4.711223967 9.046287497 4.172239445 5.192388790 4.783953244 2.859013224 -1.724338135 3.890737564 11.517653768
6.882700308 0.386447126 -21.898844239 0.868051519 0.432504368 0.112703382 0.216158459 9.106986556 6.180503724 2.559997461 8.843870655 2.412362029 5.290531841 4.471995533 12.306798657 3.291265866 10.093618033 -0.265384855 7.579344992 2.898955827 4.625645310 6.317642171 6.126854048 1.449685964 8.565277313 5.163038514 2.436051911
1.027617776 -2.544546943 -32.622739005 0.895308493 0.356659612 -0.216696537 -0.155753761 6.245490130 5.926087170 6.147506411 4.616135283 2.703952697 2.271754377 7.778199031 5.199011514 5.302519550 9.165001624 3.455732420 3.952651642 6.313826120 3.411144345 3.890336081 5.013251124 7.012903835 3.539004001 2.619534227 4.394208184
12.094618278 -0.149923081 -20.489441778 0.729342978 0.496654171 -0.025765235 0.469818696 6.271765066 6.059730215 5.117555004 3.110637018 3.232381971 1.144734662 1.037249716 3.255812165 5.311767036 6.457053724 1.844772147 5.198274305 4.327187290 5.631615165 0.617365810 3.425680858 5.373371685 7.046296240 8.753303066 4.082696196
2.624661250 -5.500409136 -20.107411695 0.782569009 0.446567159 0.066261089 -0.428687516 2.547196678 4.436311134 -3.495202664 9.249839217 7.080644210 4.587705394 5.482525078 3.403090364 -1.875825008 4.478036243 -0.539685130 6.067389668 1.250443956 4.845284911 4.125473661 7.308471128 4.628602068 4.113255578 1.902895853 -0.153512786
12.036229668 -3.764228376 -19.635437670 0.741790219 0.373576944 -0.396846495 0.390768981 2.100680517 10.165111436 -1.467576723 9.066243292 5.715761780 0.011619395 -0.330785990 3.302531332 2.978029368 4.247023348 -2.056621985 3.139245530 4.062004593 10.566209889 4.724015476 8.591044671 3.508081179 -1.523218249 2.481007310 7.682817727
9.525411639 -5.465800244 -32.411183120 0.855255615 0.301140422 -0.373601769 0.195637415 9.048699264 -4.166898866 -1.380825743 -3.870628248 3.864040741 5.665714617 7.010826055 8.077576148 3.783325713 -1.895990771 0.953738057 4.033203845 3.000964888 4.334055303 5.445590219 6.208191667 6.834160132 2.036333148 7.178169715 4.186645091
1.498341908 -12.695797293 -25.401173845 0.893270639 -0.381276049 0.136988847 -0.194756759 5.815661395 3.882784741 12.116337151 -1.403977873 2.888124453 3.561947662 3.174864069 4.215492905 -0.032792203 1.069585471 4.831696720 5.827587091 3.114511878 1.459076451 4.884194953 4.453978802 3.012457927 2.157720628 3.647284406 4.879639654
15.786986481 -4.639604721 -29.803431830 0.979653648 0.079713759 0.137207968 0.122875627 7.624788683 7.128206213 6.635176567 8.292631127 0.860754212 7.921357522 6.068800309 1.902511246 9.893445268 1.065929066 4.424770411 4.920348849 -4.766728122 7.324980686 2.928976629 -0.497442181 5.307664220 5.973714341 10.301116268 2.377394038
8.070383062 0.344268225 -32.679808357 0.981890245 0.164610458 0.015826281 0.092436314 3.545208627 5.549495379 0.924111323 5.144632431 4.721704017 9.568127761 8.893853714 3.657544327 2.910271652 4.517601660 4.173307428 -1.152415364 3.647199335 2.140950588 -5.264599157 3.772010871 0.243478678 6.249877544 5.256300695 7.680454232
11.602005362 -8.881320345 -26.774637338 0.883287690 0.335404338 -0.303264579 0.123844188 6.373586861 3.836961164 3.946114878 3.224307525 4.208803317 3.478985650 5.344698562 8.373702584 4.190742619 5.268064895 3.438661794 5.818754470 6.883615663 3.480359474 4.643341588 6.026926641 3.356583388 4.117936726 4.489543740 6.576867514
0.354875560 -1.985366582 -29.925171642 0.762877805 0.579727017 0.272086484 -0.088898738 3.638781308 2.676850281 6.719669626 9.741838772 4.180891037 6.219958991 13.030683857 9.140800330 5.078753575 4.923532593 5.924495813 3.170599489 -0.746534450 4.793698308 7.971806477 6.911599231 6.500887469 4.358479233 4.175668705 5.875703573
-1.417963183 -7.912304166 -22.952240104 0.978387709 0.199436182 -0.022906085 -0.049578337 4.690829384 -1.563233887 1.825957719 5.908990080 2.469141331 3.884455715 7.046852415 6.025893152 5.021581471 5.594334689 1.467445944 8.311179077 6.633830096 2.084456845 6.010555174 2.327149400 5.409126285 1.611252287 5.675066295 3.879179301
15.169092726 -1.772873196 -23.240422724 0.959744188 -0.014156666 -0.277828889 -0.038752946 8.282292672 -0.110259492 6.484436165 7.475440835 -0.981211090 6.470746592 8.828436839 9.444577820 3.952885845 -0.167127832 5.791768560 1.715734212 -0.168213637 3.669527300 -0.268568100 -5.215796880 0.446228588 3.419988560 4.167660747 6.998859111
9.133119950 0.940653975 -20.864549531 0.770477587 0.406294203 -0.461048278 -0.169480953 7.047936426 2.945506600 3.116602165 0.024007240 3.564585071 4.675341657 3.437150149 -2.159276226 -3.171409654 3.970432266 4.629564560 3.206285212 6.305616801 10.379263072 4.659196307 6.100514682 5.450058140 11.932839477 4.445027655 2.974101311
2.336774760 -4.156498019 -30.440278537 0.878479495 0.468278974 0.007372261 0.094521051 5.099206303 1.318560042 -4.371441308 6.242835029 1.264632942 2.346021044 4.255904604 12.695859202 4.856617824 10.221316304 3.766195050 8.688766873 -0.227235280 0.759140126 1.853381448 5.449669154 5.258851567 1.777398264 3.501533830 7.442131859
11.916112409 -7.745124626 -19.598292214 0.866964408 0.047675763 -0.385573990 0.312141690 5.567185581 -0.063048719 3.273494851 6.667684123 5.384794397 6.394848745 -1.083358673 3.425804529 -2.005337204 2.758558338 4.612110168 6.148326903 -1.523866399 0.938801830 -0.123973723 4.017903302 5.797984114 8.529442304 4.469823296 -1.650871767
3.790760006 -1.859465372 -25.413259777 0.939414664 0.313620233 -0.019661571 0.136952040 7.714107856 1.775227145 4.448751349 3.931529161 6.436973710 6.231682174 -1.748648953 4.598406510 5.845009833 5.057955257 5.644300391 6.979056572 4.048408774 -2.286140630 5.467214665 5.233862111 3.866987206 4.791377561 -0.136914110 1.181843689
1.489089841 -4.542120136 -35.425096853 0.995958297 0.086233247 0.019807281 0.015445701 9.822637984 -1.352319118 1.434596730 2.934811270 2.449278328 3.843704383 8.159222642 -5.990230791 5.940393546 4.931791360 5.917594156 1.701794510 3.323428200 2.087707410 7.785560425 6.167029654 5.800806203 -0.295845995 6.601798925 0.039165729
2.107326974 -4.264565654 -24.448485282 0.950555008 -0.010589613 0.304881209 0.058141932 7.009738569 -0.089619410 8.524711774 3.736153245 4.743140374 2.916430653 2.752959964 3.377829965 4.941722122 3.382117124 -0.950360636 5.587371882 4.606449873 4.282643745 6.235018897 3.288716074 4.953432663 -2.160929015 1.994711286 7.875728471
9.336733745 -1.473338653 -21.901040598 0.806891856 0.504997412 -0.188908849 -0.241281151 -2.364782091 -0.287976973 3.349963391 9.204244568 3.276885887 6.068901350 2.682755809 5.654912900 5.662821495 3.525292775 6.075902167 6.891620849 3.536610181 3.499219080 4.370031526 1.361559895 6.560984496 1.398328916 2.471793224 4.023131373
8.962281948 -1.485698677 -32.868216716 0.950453782 0.086988560 -0.278650787 -0.106884691 5.036232749 9.451423091 1.361427517 3.978572230 10.519958693 6.860300427 4.480059988 5.665507283 4.343672020 7.650039288 1.606868319 7.774906799 8.097521902 3.193755259 4.478560148 6.250016438 3.494763895 4.154743143 7.739987776 -0.226461128
10.880449054 -10.305918683 -31.464881788 0.980873563 -0.155282377 -0.007166529 -0.117145537 -1.290612799 1.777215838 3.334021600 5.202685464 7.915950495 -0.480959753 8.195928354 0.893866216 7.405791543 5.509542174 1.041847760 -0.479637614 4.345527749 4.025880130 1.063725098 0.436243404 3.308488075 1.384325130 4.206784456 3.965768945
-0.996102354 -0.240213734 -26.549506580 0.979298061 0.145882997 0.139836036 0.011804333 9.299303859 8.534704473 7.987753268 3.651825805 3.709319004 6.677680447 -0.742725311 0.949961500 5.814089053 2.259036860 3.192443544 5.151521483 1.942323764 2.381477734 3.254392932 5.788243218 6.404688696 7.217052825 6.427283635 3.546204041
9.438001439 -2.696129959 -25.214002185 0.724844121 0.295478322 -0.600733511 0.162520185 1.368065627 10.886865186 10.051808222 2.118774520 -0.244797817 4.059396702 3.197687501 1.358694249 3.347015699 4.884572841 6.573374595 4.455999209 7.277593123 6.259527760 2.925300834 7.857279315 2.833537202 6.125034659 7.346413968 2.870075450
12.049090804 -10.432419384 -31.470128787 0.920420839 0.204319794 -0.231866422 0.239409404 4.880736707 0.321702382 3.956766004 2.413223788 3.620395993 4.775638240 4.289057540 5.544681254 0.936243570 5.506733451 0.309156502 7.058429060 3.627897985 2.957659929 7.809521255 4.661013028 4.112918447 4.833547523 9.335389080 2.185191551
6.795654224 0.936654655 -22.318197631 0.885217032 0.207917411 0.280901391 0.307010691 6.953405875 8.203321835 2.980324754 6.335096475 -2.259769420 4.790322459 -1.038861132 1.695651095 4.923696854 12.408452712 4.267262765 3.709370158 6.344251208 5.426172609 11.940009670 2.866786618 3.430833427 5.370986702 3.001848632 1.710508512
0.695135942 -4.254611742 -29.308201364 0.875480891 0.201016251 0.410657283 0.156480903 6.619522256 10.656649521 4.520689387 6.702046762 2.319638546 3.605586989 6.473604130 3.339779027 12.457430492 4.107036424 4.465027326 8.127018662 5.115232325 2.648318499 1.164033515 5.563074836 7.953338858 5.637526255 -2.558982552 2.570011433
5.057658428 -10.985817256 -26.140938798 0.948303460 0.233378921 0.154326264 -0.149793967 3.311631160 2.816527056 8.421181056 1.744514918 -0.938891703 -0.101282386 2.008805774 5.232463811 7.871457645 2.804005562 4.886908195 3.392183996 2.651640902 -1.255727746 0.147251335 -0.753157379 9.476024605 0.699984073 3.917305142 6.534582691
10.063225693 1.263610784 -27.191589958 0.947177275 0.291952884 -0.131024460 -0.021244166 8.540859231 4.087943786 10.366883562 2.667946908 3.344909871 4.370737145 2.962677196 2.737081455 1.668341372 9.426480902 4.877497242 4.402538767 2.205313756 4.794709080 2.616243992 7.746175052 4.985918428 1.946135037 6.027398564 3.722977041
1.450456400 -10.102418643 -28.108427163 0.948477813 -0.131542962 0.260425556 -0.123550866 4.942706684 6.795437413 2.133154301 3.651095970 5.040827401 3.902624275 6.093289555 -0.477479973 13.154680511 5.818378939 3.736079353 3.761754687 1.792818905 9.161397099 -1.902808195 1.694436259 10.544797820 12.543723873 7.861712756 2.954662504
6.209583134 -2.019089032 -23.272589379 0.825689179 0.426777509 0.299758293 0.215042561 4.481878469 6.393303207 0.689276962 0.047459395 3.193195996 3.659832977 3.138350234 1.600458479 1.753682568 2.401190347 5.365751258 0.582485475 2.064692350 6.998470519 3.291404464 5.174925849 3.856515412 2.510022762 2.245160968 2.468604247
11.152427946 3.826683918 -26.526220156 0.953445868 0.196620507 -0.198924929 -0.112739638 1.927293414 5.326500010 3.093619331 2.093264270 4.969314650 1.447581113 3.491309685 6.355069167 1.663364489 3.610149887 9.984962375 2.997765034 1.103387033 2.127706440 -1.305451267 9.469304947 5.522701568 7.706326072 0.564610701 1.578891586
8.724218394 -7.336969846 -34.214807419 0.963964249 0.243744887 -0.106475001 -0.004942685 -0.435326272 -0.672036076 1.369007006 1.803446492 6.547387444 3.070644420 3.483693535 6.218708480 5.675074605 6.560637358 5.917196901 1.935378431 6.618976964 2.624296352 7.350448821 3.656105539 3.604903597 2.976015289 2.091512095 5.302272373
2.265144178 -3.631891770 -19.771715360 0.723935064 0.088931267 0.673040706 0.122578391 0.163614351 9.944672883 3.416952831 1.719194280 3.503795747 3.649985607 4.198811883 3.373323187 -1.245186639 2.465365864 1.231476813 -1.042490467 -1.772504300 4.741648478 5.910652876 8.456810039 5.611875542 -0.387373311 7.406169525 3.616817650
0.787964009 2.213815773 -29.149049110 0.936461221 0.260066255 -0.078088474 -0.222054305 7.822156725 6.463572653 4.277131180 5.250292726 8.680381325 -3.117152805 5.755939511 -3.042906889 6.907750130 3.548377712 1.694308492 5.285045518 10.040055608 5.481373404 7.543838205 7.742668581 4.171168158 2.450339144 7.337889285 9.540257987
9.507071726 3.084059836 -30.071021549 0.765350568 0.634416527 -0.067652508 0.084719040 -0.349765094 3.601258273 5.968163556 -1.553009381 10.003611848 7.032989203 -1.410048364 6.020147989 4.302391329 4.021281919 1.530809294 6.752340846 5.262701601 4.103596720 5.383978771 4.931802480 1.279124004 3.185407879 8.062687915 2.173986931
12.487104567 -5.296167636 -34.314984827 0.948437579 0.225357802 -0.209681265 0.075589601 4.210419426 0.753769744 0.653421026 -0.407094298 5.995368778 -0.383446376 5.579464589 1.516471310 4.613801722 4.831092725 -1.935932660 1.781464153 5.064876702 4.202164269 4.905780639 5.273282584 5.858083000 -1.448420658 5.256627236 0.483519942
11.643518577 -10.212746913 -30.626411044 0.914238115 -0.087964773 0.388765062 -0.072750226 9.774468137 3.185646127 3.819857542 7.526465771 7.087254782 4.676034500 4.598077508 2.754326807 4.079198094 6.811204369 2.653330352 7.277873947 6.977675661 6.165828883 2.986358887 1.171904044 6.405406153 1.171176022 0.966567418 3.891894717
-0.266223368 -3.583109855 -33.481777907 0.935745616 -0.336103906 0.102955890 0.028537541 7.229185691 1.017503496 6.034117842 0.119630837 3.671702287 -0.236962746 1.584788090 3.507381937 0.635375466 3.179643323 4.079644584 -2.913972013 5.420494316 4.444023267 8.124120009 12.134755187 7.848038176 -2.033301398 3.016589976 6.572143380
10.813338250 -4.802480437 -20.216684092 0.911856162 -0.059649304 -0.200900617 -0.352986178 -2.715666415 -0.658120998 1.955627136 1.221881253 -1.744103813 4.614050089 5.333246566 7.713983061 6.242884027 2.250627503 0.536766563 7.625653286 2.844590183 4.342368368 -2.369463308 6.074545493 -0.600250664 5.026132710 2.524372189 4.450032065
5.107600023 -7.975809042 -25.336932692 0.954918217 -0.252165939 -0.035079088 -0.152685937 6.141497138 3.319926972 5.917649299 4.661513456 3.330301056 5.138300760 2.774800027 4.740936863 7.257900124 1.602374555 10.084058229 4.671744551 5.830913968 3.574982454 0.191614641 3.382398834 3.615311073 5.005175572 1.772048756 6.185343038
4.105078264 0.812975103 -34.795442887 0.886551453 0.376854972 -0.182448504 -0.196772443 -0.300553245 7.314260956 5.408700662 -2.629224536 1.707060130 1.181124232 5.228339651 1.423843629 5.445708390 8.758970993 5.418771868 -1.069503047 5.326729651 6.983343480 4.266075400 5.921840145 -1.141917294 3.986430483 4.048276551 2.970411336
3.388560847 -8.497912219 -21.461984434 0.754343147 0.166079230 -0.635121122 -0.002294825 2.046298253 5.132793602 7.082928237 6.480114530 1.650566716 2.944307482 2.175580969 3.827334291 3.700611898 3.640479148 0.276642080 1.227461532 4.464307443 6.730504990 0.107647328 -3.220291415 7.031394463 7.306444477 -1.023963983 2.958230311
11.077116586 -2.310450011 -23.855731005 0.979078867 0.067658305 -0.129926732 -0.141230205 3.865944573 -1.311734005 7.128591782 7.593825972 -0.740450604 -0.368738073 4.167491239 -1.596309749 7.905983854 1.090418007 7.708674036 7.111397103 4.843945019 2.126085871 3.542036759 6.035441539 1.296573005 9.729113421 1.209821177 9.277315494
1.296662888 -8.674383462 -20.028555689 0.745060715 -0.501992485 0.315011390 0.306032515 3.742221623 7.944734126 -0.522593528 0.995668358 5.525453138 10.137935963 6.264081947 2.104846885 8.354016785 6.261831927 5.951193106 1.670474349 7.184915090 3.083815502 0.748699125 3.321891019 0.468475983 -4.062389086 0.643205550 8.041013465
7.494451645 -4.964426653 -18.053766670 0.866743083 0.019446519 -0.350440907 0.354357773 6.437272947 5.714407527 6.622475409 -0.173464386 4.620977363 4.600795060 4.360652414 -2.316465702 5.735859275 2.377342323 3.701901441 4.983991598 3.389124083 3.324092310 5.010121172 2.785139255 3.382475984 3.184302092 2.084955534 3.906480986
8.278209764 0.271268945 -34.650924719 0.859727269 0.252653779 -0.417330281 -0.151230048 10.027865202 7.155048037 -0.443748650 1.806142022 3.119496855 3.154764322 6.016594513 1.456435688 3.338938828 6.157640262 -7.263148232 1.377588463 5.295034690 -0.052680069 0.845516374 2.888605942 5.014507363 6.155239502 3.025998789 1.738136634
13.399786390 1.712063299 -26.092037172 0.953484959 0.224595262 -0.197999289 -0.034923957 1.884659299 3.202083362 2.150550704 2.989523333 9.854603020 2.440265297 2.021242694 5.401551128 1.017402439 8.611651875 3.095873717 4.802738391 4.542322529 4.926235790 3.590864558 6.403838802 1.653711141 -1.324268760 -0.662260018 2.957520093
7.821198343 -8.142063657 -19.723716856 0.876205446 -0.164363434 -0.205381055 -0.403815924 5.109733024 7.371734816 1.433768419 3.191619272 6.000363057 7.721260234 2.750474412 5.368694677 6.983425629 2.413046125 5.451331490 4.093032246 8.330641819 8.363487827 9.715842348 -0.267368020 2.866162427 1.540313122 -1.091092057 1.747101748
13.996000678 -3.271263609 -32.507238499 0.915184938 -0.263281051 -0.234188490 -0.195640919 4.160917087 2.813572997 5.294471835 2.247576879 5.359947433 -0.450642579 5.356995940 -2.284486329 1.646985289 10.170143678 4.546949009 2.480441071 7.324745246 0.151967096 2.624557383 11.885002870 2.664434775 3.902656293 1.413122511 5.662122625
8.390909825 -11.270653818 -25.084307643 0.973393965 0.112704665 -0.195687555 0.038835900 6.891809931 4.372972997 1.450788916 5.662626431 6.967346334 6.465836632 3.836808001 5.816977713 1.693755978 -0.411806239 11.900493764 0.325199914 10.426788095 7.975730680 6.058490237 4.198326519 2.602590341 1.678097653 2.499392078 -0.919386981
13.767246251 -6.444177716 -25.970877555 0.881526748 -0.448279682 0.112117462 -0.096879278 4.209318437 6.990032968 3.029082679 3.634597636 4.252355085 8.335072927 2.457363439 6.453207895 0.359927536 4.508977532 0.731388195 0.088858969 7.147301688 5.519837523 0.309762364 3.225686614 3.157631350 1.889415609 -3.589460220 6.687558372
7.570900821 1.589382552 -29.614621436 0.803364701 0.346702363 -0.480665062 0.057997651 3.896219675 4.020073255 1.340653441 4.912283334 2.816009693 -0.042129357 3.116680267 2.562554321 6.383713462 2.749750501 -0.043617153 -2.175013095 4.462451126 6.722834516 2.191816400 7.605575388 6.531699684 1.461445794 3.261533347 1.690792346
6.020649585 -5.350380687 -23.537829885 0.995791227 -0.057789212 -0.047425664 -0.053019295 6.666644502 2.292323361 4.631649317 2.914442232 2.916175854 5.874411527 4.305758389 4.387127746 2.526344367 6.597804398 7.044509970 -0.772735959 7.937360195 0.115610293 8.079442636 5.197705910 4.884732143 8.544751921 1.410717849 2.105687969
10.109769414 2.216167114 -28.910058994 0.975554339 0.184410142 0.070472932 0.096541163 9.181305748 4.270248676 -4.555491226 -1.647067098 6.187493607 0.777567982 8.961563880 5.069464183 3.381239907 4.703214261 -1.655641740 2.107567477 3.942577579 0.208252853 2.838895414 5.869880158 1.364033723 5.273647488 1.548682209 6.125376752
13.993799816 -4.905857612 -27.086898970 0.938687621 0.270534608 0.111222873 0.182499446 9.971047133 6.462078634 -0.573908380 7.330825163 -2.321779924 4.981909681 4.247129988 4.480403215 -0.494910789 6.634979405 5.677426220 5.949204382 -0.362184223 7.447099041 1.986878176 2.826197877 7.345950168 5.834150576 6.052128955 4.433735009
0.673803191 -3.874369032 -32.959574452 0.960719084 0.118698938 -0.217584824 -0.124844896 -1.116769285 1.211648018 6.490801814 6.478005805 8.621209940 6.084091140 5.069873052 7.473536928 4.470016454 2.938002931 0.125665389 2.649874314 5.787371866 5.033406864 4.336735823 7.034316850 1.214445179 9.099377928 6.306701710 6.164809940
5.688511870 -4.891915688 -34.738519853 0.929758229 -0.019888844 0.366417606 0.029869858 3.278890202 2.059712650 4.365859450 3.021032324 1.429921106 0.312432196 5.326327203 8.470531767 6.588158455 0.282873264 6.860924207 1.379524245 4.982816972 8.098578014 11.383054300 5.873063776 4.298611681 -2.209373808 5.079838531 18.121569182
-0.519415639 -1.452645462 -31.504419517 0.859495460 0.437509380 -0.146712291 -0.219837670 4.985306916 1.586762911 4.895031414 2.562418553 -1.775735693 4.586113969 5.116906225 3.409647298 4.560296978 4.265696343 1.748030737 5.467645702 -1.332674965 6.625645070 3.616777440 4.518425762 8.539765705 2.393922276 9.452598205 5.497788016
13.390569089 -7.247283706 -27.051478227 0.810810635 -0.570899743 0.086648507 -0.095664173 3.090717056 2.139699021 1.561109121 6.050693352 5.318357658 2.603759708 3.458568311 2.224791515 3.626467250 -0.866518038 7.820146508 3.218391178 -2.176719250 4.841940276 8.301437623 5.672646553 6.503732045 4.713140094 5.998864471 8.071226032
-0.474455161 -5.363745579 -27.017162387 0.804507288 0.453028873 0.301375728 0.238129238 5.263303910 1.710669244 3.577117993 1.074619976 6.617592654 9.773359674 4.207618964 3.521911776 5.405245956 4.914588521 3.225988600 4.997648160 2.734707847 2.841308899 6.627839678 3.130592641 2.626682304 6.776814387 1.124436782 2.638841170
1.623063717 -2.678045774 -26.298919832 0.975427114 -0.215040752 0.045583393 -0.014885405 7.621640342 3.477800667 8.591258062 7.487414762 -0.086151554 6.189710987 2.713186952 6.139850003 7.295041869 6.646086671 -0.606509283 -1.042582774 2.194258696 6.069696741 5.452765261 2.153216183 10.019765206 4.933961760 6.830554672 8.710117830
14.579127266 -7.637901812 -23.685119881 0.975989079 0.004992933 -0.213810936 -0.041294939 4.761441819 -0.702428023 3.772856592 -1.570303389 2.344072769 4.686312577 2.371234032 -2.094215721 2.484612324 2.150452765 3.514889081 3.964362231 5.786854844 1.554233812 4.734919108 0.318579526 1.957418649 6.312938568 5.653977131 3.023936292
0.225499009 -7.373938358 -31.643504459 0.974413068 0.191994459 -0.050056512 -0.105601355 7.383084977 0.554047323 6.490200525 0.442623035 5.807393706 -1.053330849 2.576220809 1.271576738 2.175488085 5.407136264 5.729219137 3.762642753 5.738255552 7.310820057 -2.332766360 10.833299022 0.918322185 3.504767203 -1.141172695 2.529159108
13.661665041 -3.120175308 -25.768699802 0.924070697 0.374372722 -0.049172464 0.059333635 3.584121144 7.783018770 11.807580642 5.335231428 2.877526347 5.566493942 4.192581117 8.134855577 7.360467172 3.561985976 2.390517085 3.736368903 4.634722885 4.341232461 -0.960613896 4.832311518 3.758935676 8.589711878 2.324232441 3.228373907
0.793838687 -3.464392333 -27.057937798 0.803731816 0.374137134 -0.357063433 -0.294180688 -1.718594525 2.448211708 8.525572648 2.121194928 1.131199593 3.150237485 4.756356354 2.256468571 8.224508813 5.366287172 4.332069725 2.528726152 -1.197531907 1.282553541 5.430277212 3.866585543 3.613328644 4.610464986 4.396173631 -0.640230870
7.826823707 2.138983706 -25.306324256 0.733415602 0.593803885 -0.225046239 0.242595736 2.323131541 6.514024066 6.720139957 6.790908954 4.766490155 8.000292166 1.830639033 1.583516850 6.596438088 -0.250465383 0.726239262 5.720293079 2.879039763 5.342894623 1.938083698 9.477410948 3.201165961 5.092102268 -2.032664286 5.248074890
11.977001051 -4.739462541 -34.744044127 0.940849980 0.296369478 -0.162768052 0.021748776 10.876170701 1.122241183 7.136547110 4.327096427 8.426372261 3.064423636 6.239741217 5.311658439 3.722196396 2.926888895 9.093066075 2.033096362 -1.813417349 3.513522157 5.626029264 2.112826895 1.459606969 4.641687841 6.499608684 1.826130632
6.317816164 -9.916336777 -34.067260099 0.847564684 0.249835690 -0.456934801 0.102111812 3.697874295 1.028119468 6.928272636 0.442483254 0.123130397 4.090729458 0.724683281 3.727860279 0.438411407 5.763464084 1.477157750 6.578721204 3.468452545 4.686334903 5.635093754 1.573112489 0.540404577 7.198026159 3.103294772 3.699915051
11.778822088 -7.265069359 -27.471413820 0.981940188 -0.000766712 -0.185620657 -0.036576643 -1.835599391 4.644507717 4.007198808 4.177312311 1.678018877 1.612455266 3.098560240 3.402162023 8.264922333 6.733377159 4.047885769 4.550424674 1.262661185 -5.536549531 4.532016550 4.968754865 -1.387124989 -1.716542711 3.303279949 3.971369581
14.565075812 1.034144420 -24.760794380 0.920444561 0.284803946 -0.233547910 0.130858311 3.479209058 -0.595634505 8.135119375 -0.291034030 1.852956019 -1.204483242 7.356240080 1.396658339 5.473985241 5.642785775 -1.077373747 7.512640854 6.217080561 -0.791366423 3.491374801 6.818220150 5.948639189 -0.449612627 2.907043089 4.637540337
10.900915698 -5.893267660 -26.092640153 0.897112057 0.287855648 0.327408179 0.071644726 3.264052237 4.945018610 3.314693298 2.799713726 3.635876081 -2.188027428 4.570237210 5.200522731 4.392963641 4.779218609 5.149302364 2.406386884 -0.924058542 2.238687033 1.990565243 5.819222470 3.155753436 -1.200742212 2.344500965 12.312950239
0.644581146 -7.595295262 -28.416908467 0.863079278 -0.156324928 0.479151192 -0.032723252 4.557775944 0.213883844 5.560721409 6.856007109 3.862074888 3.710660656 2.357605042 1.617414517 5.043684161 3.966220823 -1.343131024 9.641305065 2.618014766 1.648664244 2.326739893 5.463019624 6.009938681 3.081391643 -5.343821279 -3.081117161
12.928071950 -2.321184429 -20.196734014 0.835794636 0.036908068 -0.537416373 0.106154429 2.822682404 1.880490033 1.396688472 -1.078090014 6.324683474 2.291296795 4.482952578 6.782320133 9.250491715 2.783837203 5.310536575 0.560315928 1.179045769 0.156232268 6.599398709 7.130458156 5.675462261 6.005701342 3.715815542 4.830431675
8.872867150 4.732343065 -26.590339600 0.957565383 0.109728975 0.247972001 0.097662558 9.107964288 -3.236435039 3.449519449 6.274762084 0.303952033 2.960470929 6.214057149 5.694633271 6.424871511 -1.590608033 3.807573082 5.705829147 1.850320311 3.840019781 3.192042850 3.447189594 2.480304843 3.821794632 7.079929712 0.895465793
9.050170798 -1.191140785 -35.223880841 0.969141460 -0.233844995 0.074187995 0.024031018 1.267762593 8.865651121 3.012208469 -0.111828691 5.543992262 3.456296258 1.061826824 4.020814385 -3.579730178 8.239967367 11.588004969 1.940529542 0.552816236 -0.266362503 3.127408335 7.259657396 0.949924689 -2.237042029 -2.549592911 3.400199231
10.086203422 -7.587685933 -33.398156736 0.901360765 0.108098983 -0.413615085 -0.069180507 4.982020573 9.170802490 2.895836171 -2.016053023 4.536706767 6.642828987 8.690184210 10.838348740 6.399077455 5.028431807 8.210758508 9.867665830 3.815355031 0.543739597 5.163552902 3.868410826 1.147246936 4.392200533 3.110397206 3.890275353
4.806904451 -11.493514270 -31.386730946 0.967238126 -0.023851865 -0.252405387 -0.013153574 1.316081789 5.053560845 2.073328716 8.331516263 1.028521482 2.736367653 9.016787077 4.863958535 3.645108222 6.820153054 -0.542560623 6.535353675 0.967981205 4.406152101 3.824301864 1.644174756 2.765899627 -0.935190064 7.706575888 2.252185409
12.151696023 -12.340203908 -28.068593639 0.943980879 0.068408843 -0.317727929 0.057177732 3.681884769 -2.550136539 5.238205725 1.367261487 4.910091127 9.129946483 4.967532712 -1.778494031 0.735837735 7.748136188 2.566686757 2.701269968 2.119628337 3.460409587 8.167045696 1.108191630 6.212189890 4.652104943 5.862454570 4.471131263
7.822685343 -6.460296164 -19.906944030 0.872625336 0.137386864 -0.319482611 -0.342900471 1.800757269 6.602141631 5.964642259 5.954258790 6.823465302 3.840045964 8.164994323 6.873992248 6.527536428 0.990945158 7.045880709 -0.419561799 0.538229149 4.036015329 8.202173481 6.222839315 2.303652556 2.584804161 9.765454402 6.859592555
13.815780097 -3.355417076 -30.768469089 0.870184769 -0.481431923 0.084001052 -0.062813966 3.063165065 -1.131750719 -1.474064086 4.623558264 7.058978239 3.332805646 6.060478276 0.733541635 2.346112221 4.872605956 2.537231979 3.296974905 0.740361592 7.392004070 3.309337644 -0.148829351 -0.307636438 6.645816461 3.608746656 -0.830966476
3.399734943 2.632152986 -22.846670909 0.735415894 0.316104893 0.487907693 0.348119582 3.012653130 1.537823481 7.491733433 -1.617483414 6.589887125 2.310559320 9.204353270 0.773609683 7.381778717 8.649049409 5.450390261 7.592927419 2.695834748 7.078312506 3.614222602 3.252367347 3.295649515 2.629174271 -0.809543610 5.000827828
0.337703031 -8.189720229 -21.706143430 0.798615031 -0.213404150 0.560027504 -0.055153382 -0.406052793 9.028490099 2.751200987 2.367801042 2.094989813 4.864262530 5.075319737 2.839444665 5.696805909 2.128623506 5.951873566 4.137926899 -1.015230196 5.873216849 6.978039393 7.591227652 4.781325661 -2.165389285 6.956350905 2.772318118
0.881036980 -6.120939058 -34.641375473 0.985570853 -0.006674413 0.166537194 0.029511165 4.584621361 2.968458820 3.225194163 5.180161618 4.914880379 -0.224573970 -0.936660119 5.638062634 -2.415528851 5.757517525 6.091325942 2.950541942 -0.119262256 4.840566282 -0.930274618 4.123493923 1.184689797 -1.762836712 6.592270025 -1.176438854
3.237839424 -3.188080375 -29.923982040 0.921223719 0.298145339 -0.236031872 0.082128992 12.040953954 3.388309798 12.903478942 3.389626469 6.049594047 3.616571863 2.607846460 -0.615446499 3.104406252 5.682855292 8.219277809 5.970825081 1.984082312 3.880785523 2.611575668 2.234211213 5.284341158 0.296428189 4.600447397 1.365878269
3.861775944 1.302580263 -24.679557128 0.964566439 0.255312498 0.064661330 0.015685177 7.334252256 1.514851685 1.534336954 0.512193345 5.589705951 6.367504973 5.610638709 10.562246816 2.067654736 -1.366146967 3.450611427 6.385929134 4.983145329 8.509492119 4.325784852 8.092377954 4.465537032 4.017400260 3.067350941 6.739898144
3.884224056 -1.249106402 -22.217684471 0.818817820 0.404172942 -0.085929453 -0.398494341 -1.033937610 4.828045928 -0.453203155 2.670740654 7.133691086 7.290823344 3.520765903 7.865046666 7.437005847 3.092039771 12.708040823 5.531932457 11.848576954 7.091808637 1.356641644 8.008161427 5.231574794 4.458740253 2.028174895 2.716123737
7.468573466 -8.547935066 -20.274614775 0.826942870 0.531577621 -0.070598729 0.169134685 9.598068072 4.153211182 7.408967194 4.334571118 3.378089210 6.784583238 3.438494781 4.613109747 5.082544166 2.651319696 3.231908696 1.357932666 0.579438055 3.222661392 11.919295169 3.072645019 1.453739607 7.030995619 6.901461683 8.177124389
12.034701926 -2.452200311 -23.096337277 0.879852783 -0.011438963 -0.335414509 -0.336489728 7.068328481 8.663459260 7.304413819 6.324928400 4.843499387 10.788096138 5.442739689 4.739786337 3.391667758 1.971893824 1.617663427 8.923109541 1.903202717 6.855384125 6.471017382 5.490304384 3.819291858 0.587954234 0.925287458 5.286763293
6.103864924 3.018982495 -32.154590132 0.805671256 0.564883291 -0.155266825 -0.087709226 6.334874682 3.289800190 3.006197622 8.839511135 -0.123473318 5.976798402 3.444261178 -4.898800100 3.215063032 -0.731589051 0.705415441 0.879140326 0.572037441 5.618386364 10.147162672 2.828595901 7.126732181 1.680179431 6.684891790 0.795378087
10.790466931 -9.950041225 -23.191615320 0.975032204 0.098652733 0.166241573 0.109286685 1.647117333 6.632907837 7.825301517 6.106053125 3.968158266 9.499155715 8.317841891 4.900441883 4.544102136 4.919641619 7.059993289 1.134834213 2.232331686 4.955108979 -0.883560210 6.314727462 8.258654818 4.492821831 5.796947982 7.207398818
2.552938788 -0.807595372 -23.713388602 0.923882288 -0.202545200 0.278419659 0.167031296 2.919621596 4.304637255 8.162035514 1.627456799 5.036891273 -3.504529283 0.899645574 2.673281081 4.265873093 2.395915522 4.091512034 0.262269048 10.652144566 7.773692605 -0.855525062 0.169480941 7.238934765 6.919028435 1.262490248 9.562208445
10.691908681 -6.239925529 -32.784165708 0.981280505 -0.162670254 -0.058990510 -0.084540401 2.302969403 0.615840168 0.112876955 2.172229254 1.346557124 6.275526981 5.641664293 7.176375986 3.552336347 11.931632949 6.871607772 -0.646694086 6.581368452 5.638035000 1.042405860 3.699479679 3.646379856 1.080473540 0.604685141 4.430577276
9.632097837 -12.474952558 -25.019463592 0.968797673 -0.205519330 -0.135556469 -0.028588772 7.048434448 -2.953925990 -0.024232735 8.002182696 8.408904662 2.121088870 3.486229660 2.215428211 5.328688905 3.818608205 7.566436240 6.983052784 7.220093794 4.359456752 -0.623143586 7.389236377 6.123434931 8.288512604 6.648279173 4.744689564
13.889098162 -5.501107546 -20.994071771 0.911215806 0.204107273 -0.350195309 0.073411311 4.301981468 -0.778060208 2.994114210 3.143717503 6.000549611 5.964220521 0.031109814 0.747176133 -0.221842251 3.160683062 2.376448970 5.832114367 7.358325836 2.576864899 3.957514220 2.970605514 1.100630936 9.201443096 5.109644224 3.633230537
11.846056052 -10.678890062 -22.157099889 0.987633400 -0.126593341 -0.061726069 -0.068878780 -2.120237835 4.803172098 6.706273269 2.478337420 2.736029429 2.862277594 9.699849094 6.153781740 3.507557427 -0.864753106 3.541350745 1.863605380 7.751658054 7.834853049 5.745955798 1.805430298 2.706018594 2.830392797 -0.180896469 6.834370373
4.759930105 -6.983762412 -24.601828830 0.907623567 -0.357418647 0.125713465 0.180741520 7.208530132 7.477910497 1.393001657 5.167915972 3.293778904 1.938659526 1.083345531 1.681735910 6.515068779 5.074218958 1.109889381 2.743272876 8.048456207 4.571973882 6.324779877 8.413773149 6.595901841 3.455697132 0.042190741 6.091928887
11.187938286 -4.640343992 -33.650545807 0.936418341 -0.281304344 -0.067400670 -0.198609430 2.461536665 4.421050841 4.162220836 1.360458484 7.140199149 -0.050317708 3.376181023 7.283293097 16.441524535 6.817297719 6.442712966 4.998267122 2.979829495 4.898319821 4.665898291 4.295995613 -1.763504764 1.834873634 -0.049051865 1.160018868
12.853544698 -8.385294943 -22.154971498 0.928203416 -0.253024968 0.234719260 -0.139009540 1.596871388 10.337353805 5.081199593 4.895499331 6.014086635 2.682091977 3.891625210 5.154969217 10.973850407 2.096377640 9.849138887 8.167746659 -2.165031453 1.430572843 -2.601630628 5.494632505 4.999538101 4.793367314 4.598420426 2.495582244
15.522824306 -3.008948878 -25.391008017 0.957100930 -0.263382840 -0.006822458 -0.120585007 2.876412067 7.717368023 9.367175225 7.548555481 3.764396027 1.692183287 3.099473264 5.056325114 8.989698132 5.154819414 3.523876828 9.934620074 4.190171135 -0.611620734 3.920871934 4.720028302 1.779328815 3.397526271 3.044896131 1.520227342
-2.907908521 -3.850962807 -29.297626906 0.993344717 0.061054171 -0.089247668 -0.039667562 4.829278756 4.595343147 7.661232958 5.416905527 2.444112097 0.696214992 0.297716055 5.212147476 8.299566861 -0.953950269 4.311251751 -0.689483610 -0.038177208 2.299983704 6.864291454 2.867003560 7.472645652 9.004129837 9.027139349 1.590392056
9.835990680 -4.313812469 -30.823146283 0.909483117 -0.353415113 -0.048647293 -0.213475192 2.853222463 9.406332442 5.657265039 7.168577353 7.137345836 -0.183833855 7.027531562 1.489540097 5.017827774 0.827809095 -3.678851624 4.256756578 1.060026230 4.793846397 6.439745101 5.509643868 5.650891636 4.041821729 6.068217885 2.946026798
8.221380960 -6.106195635 -22.927863473 0.963845840 -0.260255621 0.005621123 0.056891218 5.417295056 8.102067337 8.360127932 -0.942509788 5.254369192 7.091034759 2.000629090 2.552605217 4.681303113 1.379967368 1.810665590 4.014507954 2.858040982 3.553189626 3.791442506 3.904818462 4.947501331 3.434747492 5.066485074 2.686745431
2.583298860 -8.748490017 -25.527714219 0.991673721 0.033138131 0.120335965 0.031691481 5.097048539 3.970059345 6.979019532 3.226631602 0.001289097 -0.900978101 10.827417727 1.329407909 3.462474560 5.944166463 4.103876589 2.281589276 4.915804522 4.906607747 2.529190092 5.588717028 -1.465590655 6.762576761 3.406164822 1.859490432
6.516918871 -8.056954758 -31.197974956 0.890528048 -0.364705147 0.257471979 0.087510745 1.166217732 2.622646798 2.682761141 7.410479833 8.289897080 0.834946381 2.870171026 2.999216269 3.316627949 3.899216169 4.330498076 2.576985179 7.087833287 3.249555171 6.887065172 5.998295191 -0.486657442 6.645500931 5.286409788 -2.024553315
8.792081374 -9.297790737 -30.403725061 0.792125522 -0.146390174 -0.590980533 0.043000988 -2.655721026 6.343831278 3.613371832 4.534423915 1.294543855 3.159106256 6.734205634 6.394933706 -2.037320080 3.143821718 8.323607828 2.438858122 4.475368510 5.878042539 4.543052778 1.684222714 9.846764774 1.290928748 -0.752727581 4.776678348
11.317049427 -10.503812481 -32.053944004 0.890280800 -0.060550565 -0.451018731 -0.017771600 2.808909675 2.698741497 7.015229375 8.148348776 0.978627646 7.772486185 9.177424067 2.904305700 6.698709123 4.696848215 4.490362325 3.265740009 -0.175330223 6.356849938 10.727886899 1.476464466 4.044752686 -4.379209231 2.779477409 0.081796023
7.994768549 -2.638584947 -25.757020140 0.741729898 0.316952118 -0.574484724 0.139087794 5.968884271 -0.437820687 0.627739346 6.606944214 4.674766280 5.247377363 6.412816300 4.931950690 8.359380143 6.194444419 -0.715385971 1.787121824 2.237086819 4.430280080 6.091610782 6.413704269 5.851954485 5.284296257 2.333451307 0.053146552
8.364518174 -0.196730791 -24.171116026 0.967568363 -0.205924981 0.131233678 0.064684521 6.911980052 2.954926365 7.166817115 8.154437422 2.313545422 -0.267280847 3.566569976 6.647861683 0.660315588 6.869143040 4.758366881 -1.108456829 11.290661484 -0.227862540 9.529567673 0.579430960 3.184102977 7.892405283 5.058538471 4.292479775
2.708319671 -1.507433567 -29.331039976 0.988918706 0.036381050 -0.141458186 -0.026566795 0.324188245 5.467620283 2.295798684 3.654327084 0.701975881 8.456721347 1.544533516 4.128312289 6.842661556 5.449997326 3.683570522 4.793643772 8.308239253 4.812364868 7.623966588 7.836401349 -1.477433766 3.001325316 6.898191464 3.300406000
6.968543360 -5.848289602 -32.358502794 0.942360906 0.259211178 0.149549639 0.149667608 4.294184379 1.698397570 1.767231979 8.259082250 8.564555760 5.222863100 5.356256150 9.432756521 1.874858561 1.890412728 6.032027077 3.953478224 9.392330825 8.072543965 6.258428922 1.166166834 1.444750972 4.809598860 9.286191969 3.333774961
1.441384549 -6.756267711 -28.597533367 0.912129186 0.075775179 0.379100454 0.136239923 5.126183520 2.954038895 6.014249741 -0.666065084 2.955049393 -4.699682124 3.455694051 -1.164140191 6.848160739 2.926516305 5.086265308 8.446165292 3.519799085 3.832133584 3.757113249 5.501890322 4.745966976 0.682124711 -1.207660099 2.555906630
13.895650047 -5.388390420 -22.752506709 0.841334175 0.223100872 -0.484095888 -0.089632463 3.300809044 6.137001180 2.701671433 11.163395994 1.217828394 2.225971321 4.259428165 8.226998615 1.642405671 5.498684507 7.491692376 -0.742662251 5.513666703 1.144870447 6.393276497 2.814104928 2.808968077 2.895652844 -1.052883732 2.646781867
0.383113038 0.626601885 -22.883811270 0.759863227 0.597250544 -0.256209061 -0.016018146 6.529452591 2.879488219 5.046313489 0.499915060 6.256932529 3.381719718 0.301048581 0.913751195 7.240802471 -1.054407012 5.986947871 12.744413031 0.818942450 -0.637320132 3.777837451 4.123164402 6.210916446 5.426508459 0.802385485 5.057527867
11.278091247 -0.572296325 -29.610838077 0.879796660 -0.282670831 -0.289619443 -0.249350390 2.472728813 5.803057434 4.801696804 -1.115827863 2.058480478 7.802981845 9.570962142 6.970397232 -0.431063093 2.093793095 1.027052844 2.227684176 0.305251553 5.293221808 2.311778776 1.054285796 3.637915987 2.042083706 6.172792935 5.117136650
5.187913183 -1.491210681 -32.848021804 0.955484317 -0.021624214 -0.293737583 -0.017330497 6.416657800 -1.686809065 4.193770063 10.678650707 0.177162424 4.877618516 4.155083076 -3.871051190 9.209166336 7.324701365 3.686357946 2.162321284 6.989536557 4.627298914 7.475482566 1.467095357 1.878383546 4.369096670 2.781372590 2.678346399
4.677401111 -5.841487112 -24.177384269 0.995125067 -0.024138241 0.093381590 -0.020574851 6.360266834 6.121987935 2.613172738 6.158922148 2.094512121 12.804506223 6.284416584 3.711394476 7.520393016 2.011243835 4.979883791 4.216605553 4.813321182 15.852269767 5.615329996 3.900906873 3.409603445 0.225340888 5.902921514 3.037249545
4.286006178 2.234883558 -31.857373359 0.907458147 0.128975439 0.383334120 0.113754119 7.991708711 5.602793286 2.637566084 8.707689048 3.603229684 6.508771912 1.684215378 1.915142223 -2.980071929 1.503720187 3.611388108 6.030950635 3.753903154 5.048200403 6.576844166 2.376791297 4.779427742 9.309106824 7.301325512 3.896020038
5.507487578 -3.721973942 -23.279433908 0.857862334 0.452168533 -0.210701953 0.123371478 3.308312268 5.563100205 5.219484748 3.242855902 4.266790356 6.052623783 0.609680464 2.276899661 5.083088726 4.564821227 5.671246949 -1.109878023 2.348858525 2.708465656 1.625816952 4.266423485 2.409540711 3.990504375 5.421051158 3.937543902
3.188581851 -11.592729317 -23.219640403 0.978786001 -0.184896870 -0.017739526 -0.086466302 6.741925730 11.706368392 0.519333752 2.146117277 7.170092337 8.224622321 2.714850993 8.096226401 2.920036636 3.616474789 4.533579714 0.276455974 -1.399062652 6.130737974 6.506219913 4.417791869 5.244835361 5.680402950 3.704243848 8.535175235
-0.424598715 -4.444107609 -25.157608535 0.874757681 0.298846038 -0.381352222 0.007780018 1.917529746 0.408676455 9.802250133 4.419378966 1.137235166 4.644638651 -1.556733812 2.701051462 0.715836020 5.434915382 4.698624182 3.691208068 0.813418052 1.689849108 -0.253676007 12.426802037 9.735344971 1.881446565 1.643799876 5.118323637
3.030688248 -1.144975451 -31.645605961 0.909404341 0.355594584 -0.098290500 -0.192029202 4.294051082 -1.300613936 -1.666322045 -0.821291166 3.056836887 0.980621444 7.236653599 3.190362768 6.189104168 8.764247799 3.061155736 2.119695140 2.872735593 -2.531251315 5.950007529 3.303649312 3.364579408 8.146625388 0.178121291 5.988364152
14.239942252 -9.224292404 -23.055419232 0.996509476 0.045632409 -0.067019665 0.019872375 0.263914028 0.705548104 8.283265426 -0.845329028 -0.093553462 6.512507871 -1.248516869 1.274109998 5.596453309 9.270787077 5.067090339 4.568059700 10.406000967 1.096008347 -0.136223669 8.733544899 4.109588844 -0.433687498 2.881290759 3.102054592
0.987928256 -4.459353524 -35.132057943 0.944012688 -0.200605962 0.226576080 0.131379500 4.198223565 1.030978946 -0.072343478 2.547437893 -1.242108267 7.846416677 0.923067667 6.110636493 -0.254625056 4.506087779 -4.306367164 3.176901883 6.813406637 5.616917020 2.694087701 7.874160944 6.992546712 6.281127210 5.176640848 8.080804298
7.441007280 -9.345584023 -28.705351259 0.922183271 -0.369589882 0.110644989 0.027184903 3.689167819 7.119161093 3.895594188 10.719771065 5.887418899 6.847119773 8.319458627 0.539702874 4.812923711 3.901821820 4.727681669 9.856632081 3.150717230 6.974608250 2.352402109 11.411331626 -0.818101558 1.895085307 5.171792679 5.601974152
1.740454425 -11.162392117 -26.246358493 0.945381281 0.309024317 -0.068882779 0.077545904 2.737201056 3.970950822 4.760892065 -1.442626811 5.129587481 4.199004285 7.356812945 1.628479520 -1.255033947 6.972058824 -0.746945610 1.698360681 3.176508138 3.246832497 3.256810277 5.548595237 4.887825720 2.663882522 10.259452297 2.838916332
-2.162807240 -4.463792705 -27.883391246 0.975795828 -0.054423600 0.211137292 0.016781445 5.445420663 0.920496966 2.277264033 0.417962397 -2.035099224 5.282840334 9.798517082 7.665439187 7.547975748 3.633834846 7.103455432 9.004292892 7.068507132 -0.038845265 6.785374907 5.270341591 1.071329947 1.133738419 2.178106791 5.265998173
-0.372499274 -0.873413226 -30.453480806 0.925680934 0.278938573 0.186744255 0.174455334 1.769807878 5.991670161 3.222313826 1.170122397 0.930618153 -0.158342362 7.280226557 4.093526775 4.488809179 7.784376971 8.111469179 4.237339889 3.234434362 3.385181584 0.354237921 3.103842580 3.518238188 7.254520364 6.408922426 7.985656853
6.939584479 -6.593781889 -35.608360082 0.975260923 0.120008245 0.185642186 0.001063919 7.278695114 5.670890082 1.951180485 1.752073261 4.690635261 5.510733108 4.163858523 3.661371075 6.817186199 3.609137430 -1.094175073 -2.260333958 7.553885220 0.769249610 1.066038744 2.471769164 4.764676882 -2.727116867 7.370449227 5.856030648
5.557245914 -4.313539496 -26.569876249 0.940864006 0.086025248 -0.308674145 -0.109976594 5.651566565 0.190028401 1.004912977 0.761704811 4.750339725 6.525700840 3.750468075 5.411923194 3.466013002 3.447607150 4.982335342 5.593417482 1.697385562 2.468986835 0.201362100 2.871611913 1.302206467 10.507000582 11.402039108 5.163217905
14.758274391 -8.478759550 -27.821246221 0.802648514 0.067064302 -0.578382287 -0.129350964 8.902949636 2.963622384 4.265101628 -1.736330173 4.414438748 8.329056329 -0.526901020 3.958780446 3.588682379 5.619834779 0.745326967 11.313518639 9.650784935 4.078030358 5.564005988 6.430712427 3.755329297 -1.199460464 4.771232033 1.601226931
13.448255144 0.532554730 -27.456153374 0.728815097 0.478066017 -0.484496470 -0.074462131 8.376070316 4.945794656 3.572790450 -0.445072315 4.974954453 7.960002912 6.628517541 1.028120032 3.608401929 4.171224450 7.657875700 3.594194613 3.679402806 2.678955573 4.036201844 5.911930264 1.183159275 0.715031902 1.618037580 -3.624959585
6.242694814 -4.274750806 -35.810122413 0.935532042 0.324164459 -0.068071895 0.122733118 0.813235210 1.846772869 5.660843009 1.941678271 11.771797321 -0.135287493 5.782758012 6.082836243 8.690424255 7.419450623 0.914402532 1.533872269 8.291200865 3.924282536 3.461167447 2.638521023 0.746270089 1.751261990 3.168294415 5.746641513
6.531139878 -6.539787670 -27.470018931 0.842311058 -0.471899798 0.212330715 0.150792341 4.083979571 3.785039341 6.322024686 1.985364047 3.103040642 4.967944307 6.223405269 0.264142966 13.406306462 4.637030686 4.366063020 5.262741572 -0.685047884 4.654472926 1.033489654 4.418732503 6.837211164 7.069698559 8.148609587 3.088033276
-3.136828915 -6.275988574 -25.936426076 0.995217060 0.068604501 -0.010441627 -0.068756072 6.505340884 2.556451684 -2.542505735 5.692294663 1.782230886 9.166332942 5.672715827 3.481805668 5.811207609 6.676295615 5.002595784 3.735475626 4.979291876 7.727352223 0.766400576 -0.780853668 0.859378455 10.062501771 -1.183048966 1.992499605
0.975097625 -6.334564015 -30.535806838 0.867209132 0.123321414 0.459113558 0.148171828 -2.956607226 1.669531326 1.768913526 1.664083424 0.691444575 3.219259961 2.734881452 5.544053585 2.996754215 0.754133501 3.845807792 8.110472240 -1.786679879 3.196558046 4.805265505 1.118224323 2.980964312 -0.285018993 1.243787331 4.969950677
9.233623100 -12.282636059 -25.379901305 0.952831579 -0.125228679 -0.269808136 -0.060277101 3.394980998 -0.006650982 5.468364512 1.558649871 1.098577684 4.276336293 4.722778556 -1.743309129 -1.469098593 6.921855498 -0.702400802 6.998356379 1.135544255 4.448042474 6.665187541 6.394451630 4.019558761 5.840363703 3.664880664 -1.000620745
6.121371800 1.390399110 -24.056222374 0.862814449 0.494755447 0.026270027 0.100390042 1.933016740 2.791300988 7.816346541 3.035723335 8.184706779 4.030775006 2.260836421 6.205204617 -0.589270029 5.352169812 2.702542848 7.626490499 2.370655404 4.966236484 7.345009551 3.906754341 5.054761125 4.269620773 10.867130852 3.749950509
0.359031778 0.263136963 -30.988929844 0.829866821 0.475648554 0.211309501 -0.201066674 8.634861560 7.419504740 0.231677548 -3.219079786 5.711225929 10.218784092 5.290099292 4.967631496 -0.792367230 0.710741976 3.554436716 1.363237839 8.779529259 10.522667219 0.758526803 3.541531978 3.579311036 7.719118301 2.708221034 -2.542012740
5.900476222 -11.674721926 -25.805187155 0.778097742 0.295955060 -0.538323318 0.131082082 2.140648211 0.275408036 5.094651782 -1.499135913 3.886761376 4.955793822 -0.821374314 6.430938294 5.294925758 0.619470323 5.134462439 3.207322055 -2.074504486 3.519677990 10.718982652 7.020525340 -0.546853353 5.067500411 1.971039976 5.487554180
7.900723948 -8.433798518 -31.857087573 0.793328145 -0.581891403 0.173903634 0.042312840 5.050319609 5.774801934 4.158166731 10.503258494 1.334493663 1.925687851 9.147311508 -0.408778527 2.810967824 1.775627656 2.738599066 2.837455346 0.822265635 2.784184629 1.522381264 0.938578820 5.720510246 4.552271932 4.462644767 4.659824090
12.000378439 2.538465159 -26.061361294 0.936543728 0.307324785 -0.007239805 0.168478213 11.237482645 3.852072352 5.011660935 2.108861131 2.593439828 2.332108127 5.426492274 2.648619318 0.343392856 4.482269840 3.955935949 2.589532294 4.947065909 1.892579898 3.919323468 4.714315217 7.252310178 2.348046593 6.307536953 4.598888381
10.838457140 1.922160922 -28.645585838 0.766257227 0.407892588 -0.375877542 -0.324329419 1.704770261 2.622981261 5.553470926 7.605550468 -0.363115941 7.289728523 4.968768934 4.534529260 4.188157737 4.615047129 4.301328913 5.589168648 3.368933921 2.606084449 6.877025605 8.209505205 5.901786733 2.602196167 4.859389335 -1.081184710
6.645367172 1.852942969 -25.607248961 0.991591399 -0.014432893 0.069790509 0.108016081 6.733553084 1.584050244 1.304123350 7.674201750 5.647237148 6.614250704 7.865229977 1.173434853 2.056620100 8.604959883 10.427195211 7.171093485 3.168923578 3.006037087 5.548091849 4.849931995 6.410136489 4.809815112 5.266817484 3.844884573
8.290111974 -3.482332361 -20.317210258 0.713548617 0.660239778 -0.093740646 0.214812706 2.621163937 3.163076292 10.886016154 1.409300444 1.141523403 4.153455401 3.409634895 8.305551214 7.363066450 4.751507806 6.139948450 5.093079068 6.599073171 0.326115463 4.473396565 1.901242706 -4.730836987 5.080338469 6.062210265 0.544092904
3.559119859 1.974100406 -27.198060803 0.732161048 0.669963509 0.107623876 0.059213159 4.526720373 3.410580325 5.594064877 6.187293575 3.955599581 2.772138708 7.026405784 -0.577322643 -0.957637713 -0.520875928 5.006598087 7.912401274 1.296557004 6.931310252 -5.195458436 7.354728535 6.151085143 0.498986227 4.551070756 1.794826964
8.455052628 -10.149534998 -23.693083031 0.986190189 0.033186956 -0.159451131 -0.030047846 3.386684785 3.525643908 7.423907524 10.039823526 6.581408614 4.892366799 4.205029242 -1.044835168 5.274368336 3.612264875 2.434175740 2.142536322 5.288817183 2.289166232 4.066167838 0.818903600 8.577158730 1.000648137 9.372734979 6.720730137
5.308904198 0.163141235 -32.567379065 0.949992661 0.138726595 -0.270356902 -0.071944574 -4.556089596 6.991039624 4.324243201 6.522862384 10.868862551 6.228891055 3.168730364 2.046096115 6.632132470 2.748968368 1.326162449 6.656961664 4.786234141 1.566083567 9.676802760 7.329107534 4.249703803 4.172679231 4.144898271 6.065636841
4.573819056 -3.885353403 -30.993394677 0.987396151 -0.120267486 -0.076791074 -0.068466807 9.077116897 2.855537920 3.776324688 2.995769254 13.474279000 6.094863507 8.703305410 5.862099241 4.944200096 7.368516792 2.416664429 2.630537030 7.176532031 10.768168881 4.473958518 1.229992105 7.605666622 4.204366817 -0.349999651 4.826085888
10.121750338 -6.969811034 -20.586534586 0.871959154 0.269022969 -0.391244806 -0.119337245 2.221841977 1.729196450 1.257965215 3.777184071 3.680460181 8.782245024 6.541925426 8.956358923 8.601497595 4.553433658 1.273801931 0.724283062 10.783519846 4.203000787 4.466555283 8.357619111 3.096591572 6.453638663 7.890895393 0.922753664
8.165951013 1.011669286 -24.071915193 0.963735723 0.123420662 -0.201577241 -0.123884672 7.188449413 3.870768676 2.072831191 -2.031629973 2.758471739 4.734136159 4.482818221 7.437466043 1.868448944 9.839494769 -0.723576204 5.087717045 7.680162108 1.973576260 4.354060141 3.619026951 7.025487785 6.790491756 3.427738640 3.867174261
4.467127986 4.471694496 -27.163135157 0.952877666 0.287173552 -0.068664119 0.069575452 6.281258495 5.213769014 4.174830079 7.641626671 5.977787005 -2.916001874 1.108898195 6.630675928 2.000040052 1.561815708 2.272946829 3.167312463 2.385548452 1.837290471 4.463735198 0.140489398 2.017743119 1.621659115 7.495145234 1.885067189
12.922320062 -4.070837832 -21.207847547 0.789015281 0.588389943 -0.116560320 0.132912950 -4.095171145 -1.029946711 3.685367564 0.703796671 4.355221336 2.653144208 4.391777333 2.700247257 1.240951878 -1.227106636 6.364587301 5.781070409 1.589195563 7.603238382 5.453842893 7.728713980 8.263811307 5.475498557 0.805840703 0.210865910
2.149381805 -5.947263405 -34.623621552 0.852946422 0.247415116 -0.437709690 -0.140279681 7.468616980 5.578590729 5.008361502 3.256453389 -1.907502961 6.120861606 0.245393850 5.741100331 7.262034509 2.228669615 3.766235813 1.411327342 5.352813070 5.084780656 4.427388901 1.773565491 3.484926686 8.529705120 4.326216297 4.904196548
6.413789813 -4.198352260 -31.793847686 0.937500331 0.292428287 0.173746190 -0.073424032 6.772461229 0.333460982 2.697889085 0.905393695 4.674825007 1.070420457 3.708409303 4.359711820 4.308472320 -1.654270304 1.843403384 -1.041254217 4.638536523 5.173006799 10.212928659 0.119832484 4.145444168 3.749626817 3.256833333 3.682959787
-1.700034442 -2.210262883 -27.482473112 0.716397315 0.083030356 0.657493097 0.218136827 0.261549086 7.125285749 1.009211281 0.972656070 9.644869837 5.738928636 4.475683838 11.421398491 6.828522829 2.004722642 4.257770157 10.497127529 5.316651038 3.901359572 5.890905452 3.703333725 6.483510876 -1.334357144 7.079444488 7.862589564
6.982764124 -0.246418572 -27.382236828 0.753122996 0.578902537 -0.310427866 0.036223540 -0.412770050 6.456707106 3.905670931 3.385458209 6.569470766 5.411851702 -1.228944102 2.388512912 12.411932883 3.781868185 0.794384564 1.317795624 -2.230023385 2.792127864 3.829429234 4.467653560 5.807571194 2.923096527 8.120965351 7.736201101
14.829421675 -7.207853638 -27.918182271 0.917085721 -0.341116510 -0.168819747 -0.118714783 3.481392009 6.387916115 4.653127983 1.460600198 3.615265051 1.807129511 4.239892435 7.315337243 5.192131865 0.627837182 7.938157266 -0.618170234 4.375904177 4.232714064 4.830192345 1.447760870 8.110355326 1.701895324 3.985312828 10.294362776
2.260490832 -3.676240870 -23.778066890 0.819313763 -0.108399992 0.561751842 0.037540213 5.868401054 2.236899677 6.135406959 2.419080987 5.619134789 -3.470989840 4.995847416 7.463951841 5.317410306 6.367104429 -1.633771668 8.477689774 5.723845279 2.665223331 2.873659756 6.960351670 7.259945320 7.063243621 6.016015315 4.404942523
9.880842089 -9.057702469 -27.551519339 0.957946828 0.250025444 0.131764544 -0.049631207 2.462351636 4.067832224 -0.405831819 3.006552497 1.744996535 5.393244100 7.244846605 -0.342106066 5.746445999 5.860538895 2.046449376 2.058036120 1.821469879 1.493777973 3.140856732 5.893593585 2.536920703 5.822854071 9.360518529 2.112515194
10.575609802 0.565060687 -24.477253806 0.871298186 0.312472982 -0.262551229 0.272519650 2.823874344 5.725720047 3.678571746 4.455181011 10.533050535 4.800331562 6.690968601 9.398272269 -1.046277431 6.634119614 4.373358763 6.652413333 6.416531194 -1.019343525 5.424706592 4.463160715 5.278921530 3.066951757 5.594746582 5.512819517
2.975912524 3.514260923 -27.982273782 0.868148834 0.056092018 0.472464954 0.141237935 6.716775352 3.872309364 0.965810986 -1.804875340 3.390148926 4.194446893 1.956722266 7.832087537 3.790226182 5.364167482 4.048295504 1.040779183 1.466531689 5.568158565 3.779483232 4.404665349 2.045783598 5.085795700 4.372135633 9.111406657
12.305583465 -11.413633621 -25.748027826 0.954390130 0.016193623 0.263429569 -0.139578324 2.686854290 5.341839485 -1.479450527 3.528703745 0.801208165 1.795383306 7.007879321 7.036968281 4.127570042 2.397972202 6.734854728 5.230106466 7.706027817 1.896544613 5.533937110 5.643680283 5.181122339 -0.145176679 3.352340406 9.428776735
0.065473851 -4.116665133 -23.348794876 0.776316831 0.265640810 0.486445641 0.300229540 1.589447780 3.242311306 7.372659998 3.285744430 2.773290573 1.719229759 2.922431458 3.848073128 -2.615551752 6.395315927 8.024091070 5.527993572 4.704945936 4.138678805 5.941852040 8.259352301 6.162210644 9.695672535 5.009208022 3.307647379
11.951464857 -8.762461949 -25.941449154 0.929274576 0.307701688 -0.198795623 0.047420824 4.820103013 2.716955749 2.316386349 3.263724711 7.972326669 5.222941715 3.261051067 4.272211264 6.601931062 3.219467787 3.710161398 9.521855671 3.292612681 9.559239250 0.336062883 4.758996869 0.464042251 4.322910673 3.976015874 1.690872987
12.609949602 2.998952825 -24.826533100 0.715479730 0.638353546 -0.140458273 0.246708287 5.799728298 2.790586037 3.780862550 4.232688139 9.833510102 1.556145079 3.377586345 1.993229948 3.686725276 5.200114255 6.343424656 2.927121539 4.757219114 5.327219235 8.617754794 3.128517680 1.745470365 7.484341703 1.579524325 1.363421511
9.207250423 2.844597454 -24.047548026 0.978758111 0.152360283 -0.101716990 0.092046501 -0.680593417 6.037943038 -0.638500675 -1.544805748 3.878122364 8.433603149 8.984475854 5.547801564 8.957356530 1.835927593 10.821304153 9.411285791 6.101227723 -0.282481574 6.306649225 6.311714011 4.153278384 4.157361059 4.073003724 1.569404265
7.619126917 -8.182067590 -20.526516161 0.791640214 -0.097289014 -0.474695549 0.372162271 0.331713469 3.169840379 1.616704828 8.176356814 3.118168448 2.679741819 -1.146478592 8.345524561 2.516766984 6.009702846 3.008035606 5.538558696 -0.330125862 -0.156844727 1.668487627 3.748138096 3.977817654 4.971595650 5.512105014 7.372631765
6.940087313 -12.729210274 -22.494139803 0.794764929 -0.577053732 0.180764545 0.051786835 6.775211861 9.530876607 4.148788480 3.033815935 6.024444316 4.347851292 3.312776839 8.257466563 0.394939263 7.970456892 1.399436783 2.439667321 0.336104379 8.616884485 0.975644360 4.470491543 8.617526305 7.927133805 9.611829451 2.101703180
2.636414176 -3.438780041 -22.983479844 0.971797432 0.140048731 0.188918332 0.017491938 0.691424937 9.385758416 13.141498136 5.619114777 0.325817572 3.340773555 4.042623029 7.312621824 8.416060756 1.734045749 2.182940749 3.545315608 10.845277419 1.442787145 0.034833539 2.354296109 3.606121943 6.391809737 2.332906833 2.770735740
-0.845028254 -7.103219873 -24.623062454 0.881601111 0.162162299 0.421782149 0.136318340 6.497915786 2.686595848 4.705939706 3.699187581 3.664503722 5.061251979 1.018227909 6.920629646 9.403769455 7.829562285 5.742610183 3.165593890 3.311550031 4.449953377 5.653835058 4.694956448 6.389452214 3.625672409 1.319144618 11.485290614
0.308819029 2.334940458 -28.143265192 0.815872511 0.367675053 -0.336695368 -0.292922055 2.584382220 -0.322344042 6.007392140 2.699693345 3.022179672 0.635708658 5.148338034 2.146304549 2.636665165 1.693986999 8.540921601 -1.668056259 4.785239400 5.822031499 2.186986918 0.901145465 4.378707145 3.829375112 5.414554624 1.194515865
0.426420316 -4.299977383 -25.072018067 0.972391005 -0.096875314 -0.207222757 -0.046147976 5.378283356 3.327815614 3.177480669 3.021394203 2.900995470 3.041474980 6.016147874 0.822702808 7.123293267 1.598886690 6.379456508 3.685125192 1.514392660 -2.742476838 5.326361353 1.451203133 5.936032903 3.784104864 5.374808177 1.954412912
12.505651263 1.143116226 -25.829080632 0.839632569 0.439863267 -0.291157180 -0.129479542 4.910937116 -0.171845741 5.901739888 0.262197457 -1.648293481 0.911160256 1.588211289 4.558380214 7.050492662 3.680688881 1.922237714 4.670179437 2.879679445 2.694577734 2.530060171 8.381127230 3.095062680 4.920659632 -2.524176064 4.460423296
3.227585312 -1.101801144 -31.580114549 0.904385522 0.238913265 -0.312665218 -0.165068899 3.343347780 3.761393483 0.706348806 3.754861772 9.791335332 4.068412236 1.723373514 4.998293950 7.105326455 6.260159425 2.032836325 5.525561714 1.672316898 7.912308308 2.087092898 1.755251084 2.270917270 4.092288554 0.792546454 6.096146552
15.696999698 -2.666058575 -29.828604059 0.994866710 0.060727368 0.019144354 0.078650555 5.569330668 4.003526691 2.152970045 0.126663026 8.048769094 5.415080072 1.728450779 6.022741825 5.657497135 2.318124265 2.062656490 0.094426355 3.294843573 4.274475500 4.494302530 2.457786505 2.038611677 4.326037426 5.604194392 4.383778583
2.392581388 3.741866965 -25.375081828 0.846514950 0.082217906 0.499002479 0.166280429 0.060528271 9.838585405 4.027282346 6.101989724 0.637159427 3.746000899 11.301976183 -5.017377447 1.077203865 5.730714846 2.014992210 3.936715115 7.062838628 13.093225077 8.259614717 7.765169561 7.553194689 5.328009804 1.776978287 1.067052752
3.480602365 -10.555909160 -21.244134492 0.990553005 0.104982178 -0.058760230 0.065808222 7.146500423 1.008185131 0.799271882 4.167375340 6.427268864 4.358678284 8.824976760 1.243850560 1.411889472 2.690669149 6.579038559 -0.211253031 4.866918911 0.264493116 8.447653452 5.685412118 5.492304901 1.687215995 6.807522185 4.860105157
6.964501859 -13.377902401 -23.422670084 0.899511855 -0.434439236 -0.034611629 0.030708440 5.229261191 0.161853679 2.385495411 3.711133606 4.742043370 3.558235334 7.122977783 7.226434829 4.457460828 9.808889177 -0.594373612 1.967322344 6.858566017 4.137059140 3.350944692 7.914449148 -1.414989221 3.568024342 2.473691316 5.924013190
14.101523980 -8.875996127 -29.755058823 0.751979920 0.365265765 -0.482347433 0.261625831 0.412565374 0.630806254 -1.272915945 3.532106931 1.004751475 5.046862628 10.613920945 3.776098799 4.866399067 -0.564874344 9.688296931 4.517365520 6.433198534 2.036521142 12.685273606 5.375234441 4.457891477 6.287401967 4.331482848 5.909166722
4.544033362 -7.317015475 -29.170176085 0.988028499 0.139400512 -0.044619802 -0.048746854 4.703943413 -1.009539586 7.203841019 8.165389827 5.524204213 3.516257387 7.204329815 2.729845656 11.004010395 -1.665537537 2.589446349 2.684426729 4.704718149 5.257948552 -2.849851749 3.253122073 5.498186359 -0.863959377 3.906684582 2.186644609
12.691340826 -6.867171399 -24.646139106 0.805381970 -0.193592467 -0.560017267 0.016201811 1.012270471 3.480415739 6.651964052 0.427013057 6.630685445 1.461911901 4.273996406 4.361006503 1.031865831 7.680858914 6.038553099 9.192956730 3.854187437 5.982632435 0.962474056 2.287956431 -2.118594909 6.718532545 5.767580208 3.842999870
