-26.973069924 2.254925930 -11.006517099 0.862488198 0.008070295 0.412799166 -0.292653083 -2.401638457 2.250537812 3.741910078 5.666469437 6.182219023 3.953598280 6.557133123 -0.236815758 6.606012926 3.809799765 4.998153386 -3.328120111 2.822056645 8.374873962 6.883437735 4.535358451 5.850075430 8.120210007 1.222417849 7.780859184
-21.639763984 0.100796219 -10.757897545 0.941424977 -0.002356430 0.289977902 -0.172122851 4.735192616 7.294766630 0.180855018 6.516206878 6.171058876 0.403654602 -0.065307270 5.267843573 -1.395181796 3.421684928 3.541157080 9.637815221 4.976411965 8.874728764 5.144384326 2.956735616 4.332890391 6.340967209 3.597397764 6.885489168
-21.314012574 -9.235262982 -7.480697000 0.751909074 -0.246189310 0.427152417 -0.437680683 7.016718213 6.344480861 5.501158642 0.588773180 7.142683885 3.913044554 9.750180960 -0.568262136 3.297121813 7.319359177 1.006634819 0.374564315 4.466888197 4.623482789 3.505081942 8.594241876 5.607445083 3.292121371 4.331836169 5.915323239
-19.124294676 -0.961030593 -15.954707773 0.771268189 0.002488794 0.448388715 0.451759611 3.552191507 5.473765602 5.061853020 3.433852327 2.791635318 0.653967489 4.621665574 7.252437277 1.477071090 1.433218358 0.643897071 -1.040480923 4.173645007 2.393152730 9.792686674 5.518406871 3.330987105 2.004491952 2.968840494 1.290819417
-27.085286901 1.318947917 -14.484766482 0.931122910 0.009615693 0.356896680 0.074447458 2.458555559 3.400479416 -0.201586132 3.703430311 2.420868559 7.650834117 2.098273283 1.283261696 2.982862689 6.967652654 3.116432788 1.731761726 0.788149406 9.356610612 8.235980267 4.803895272 8.671531346 3.847784846 6.631511928 3.597399705
-17.582548841 -4.385963410 -15.020333875 0.789438960 0.177884274 0.569203953 0.145430991 6.687229939 3.255374419 6.063996779 4.347201397 7.371119168 0.916767697 3.573959157 6.000769487 4.012534167 1.163421381 -0.517438502 6.649516107 7.491756215 1.907001426 5.405199402 1.177222452 3.623889035 3.228889440 5.285542840 0.398146736
-25.100306086 -0.661614992 -6.981176912 0.899626336 -0.122944277 0.418160899 0.026431477 4.939332585 8.413730918 8.079638244 3.099093547 3.438660524 6.374521216 2.956443351 3.947006442 1.871313200 6.334503503 -0.636514753 5.075855904 5.226175439 3.097637342 3.127542647 3.580215865 8.360112935 -0.759586263 0.227637634 4.238319205
-22.638198715 0.705018918 -4.706516044 0.894655834 -0.146584938 0.413074972 -0.086445722 10.070646262 3.119770674 5.351611150 4.132217814 -1.764815864 2.966286003 6.810376687 5.423835641 5.916710011 -0.669505118 4.151003839 4.759131365 0.280617122 1.421245651 3.412980512 1.565093000 -0.532947456 3.202778139 4.678803892 -0.398454375
-24.672948703 -10.500832911 -12.365230624 0.776775741 -0.070750827 0.493821075 -0.384388495 1.727311211 6.094405171 6.024903553 -3.601392387 -1.341814538 8.717676992 6.733061383 3.751267866 5.710749853 7.726073216 3.545253393 4.082664695 3.566417604 3.540382058 2.367845981 -1.573074822 1.923760732 8.293389921 6.344885774 3.822326152
-32.850056519 1.657388661 -13.824389899 0.708732885 0.237342603 0.651962051 0.127717149 2.104977666 5.760649404 6.507665736 5.326727953 6.737224884 0.244533077 7.811749228 1.885618108 6.118183159 3.850655388 -1.220045102 5.777538625 2.641387413 5.905300996 2.052435601 3.205382077 4.304909485 4.735439976 4.484611410 3.072737509
-27.566939335 2.809399549 -13.333276919 0.785437503 0.192489206 0.570650937 0.142805262 5.240791297 3.654627027 1.748946742 5.642453577 3.541289037 -1.512794931 0.635385786 4.475475964 2.391124949 5.561219539 6.455577069 3.708240723 3.063866361 5.283873597 8.088018870 2.143590803 4.832862154 5.064877998 0.284809747 7.235710340
-23.314500705 -10.804870732 -11.245797130 0.710979017 0.115898969 0.667058464 0.190024397 7.325413738 5.240425974 4.512032960 3.031800173 2.333966790 0.623689755 5.729229541 5.680526446 2.588900967 4.415783906 6.922917768 7.757991140 4.673735568 3.429525807 2.190342313 4.997352476 6.171039940 2.522282990 0.975181853 3.421157606
-21.104597960 4.372706583 -7.412494779 0.864222345 0.108367206 0.321140606 0.371813123 7.371849532 2.326824979 6.354364161 5.023284351 2.994994373 -0.326681124 7.385790424 2.973680399 5.043318381 5.176990754 5.957813521 3.054002032 4.991284296 0.593813110 5.078394204 2.421998799 3.266719000 4.155838733 5.873477632 11.378192150
-19.527506200 1.667989703 -13.157927564 0.728973172 0.141478247 0.542085676 0.393351165 3.932146673 -1.061591528 0.984473292 -1.315357749 3.999306570 7.147481936 10.234763623 8.703337542 -2.433468013 3.866874834 0.054300090 2.310582735 4.804527110 6.670786020 -0.309534350 -1.812168672 4.721830266 4.812885094 2.532734059 5.927729767
-18.882823469 -2.299920996 -17.089729717 0.890240798 0.083252766 0.412033349 0.175410429 3.887384800 -0.940731802 3.727402349 4.941501816 4.476799352 8.261990713 2.820972361 6.101464574 7.186784240 1.851903610 5.576598441 4.810619425 6.634633361 2.944776432 -2.974959140 -1.850171699 0.758156314 3.521963981 7.637169976 0.660914376
-25.862366049 5.822612056 -12.832141842 0.796340611 0.295748618 0.476832627 0.225842936 1.928337624 4.267889087 4.001566454 3.805409240 2.994860700 2.789828921 2.508764117 8.576527153 2.426404036 3.547591889 5.918930398 5.687623843 4.063990316 5.269840693 4.561829012 6.839546157 3.185984517 4.334442939 -0.656872835 2.390231900
-27.641853326 -7.243434336 -18.868472239 0.738377157 0.132007869 0.649261211 0.125829156 1.416091257 4.904110093 2.742625210 -2.246689086 1.707681443 1.922330802 6.413691813 4.447824357 4.618443206 5.451564065 5.327904655 2.714876992 3.876739486 7.077425166 0.121955540 0.329925717 4.146203771 5.570981406 3.533174162 2.196237427
-21.312303145 -2.550845672 -10.291748858 0.906526207 0.158084120 0.342340965 0.189795442 4.798042190 2.201326744 1.841050819 9.125721434 9.456154534 4.264893896 3.049324590 3.459759917 5.718335765 4.537038767 9.254508375 5.339813147 3.770241018 5.329920137 2.593845510 2.137362978 2.549778015 1.328468335 0.731223588 0.488781438
-27.902947974 -6.840965841 -10.419894296 0.783587922 0.113822627 0.610610212 0.013767609 4.548692815 3.856405068 1.723865218 2.312091081 5.223803834 3.272152870 3.039427012 4.143447038 -3.298624230 5.622448260 -1.050113918 4.869232234 5.347135199 5.783337921 1.516197331 4.477661646 1.656643138 7.261157601 1.241021027 2.735336300
-30.324363408 -5.016266372 -17.812547378 0.974565146 -0.048989129 0.198627892 -0.091486627 8.187056692 3.830277236 3.404725117 -1.043477212 6.872755992 6.553558180 2.903351322 5.456420048 5.590678059 0.870766771 0.675438143 9.825955508 5.946707076 0.788119987 2.939449439 7.602993263 3.629001010 6.988886364 7.978556573 0.103568069
-21.981149345 7.453401049 -10.695367639 0.741030874 0.264384527 0.417001140 -0.455064957 6.611754919 1.767554491 -2.073885311 0.420302663 6.084543899 7.145841904 2.958756267 9.319213873 5.591068080 9.174694511 7.575287371 5.368924435 6.892984654 -1.813932019 5.032194067 5.387435364 8.070977891 -0.373196876 2.405245835 5.247324160
-16.422109027 -4.119693911 -9.844679905 0.914747691 -0.344549202 0.143956306 -0.154269539 5.040771667 -0.053799403 6.341960039 4.649613752 2.858570024 9.900959474 5.544994332 1.995230332 1.086887812 4.310890651 5.264737355 4.755942118 3.484201273 -0.662794297 4.715249146 2.390557528 2.293712318 1.723535723 2.154150587 6.479247174
-21.535613381 1.488481076 -12.680074631 0.935806851 0.167841298 0.308785426 -0.027320258 -0.392103983 7.561646115 2.719916354 2.880880517 7.091796844 -1.150054383 4.280870566 4.064357575 1.891216114 11.345695144 4.410543549 2.614903900 0.554394472 1.257540727 6.593833785 -0.022476631 1.414586831 3.662053389 7.502085447 2.884396674
-31.673307814 -1.475606819 -16.173056300 0.757373355 0.027733943 0.516518215 -0.398529000 2.254293139 1.494557481 3.942793744 2.187922679 8.155252858 6.610305432 1.418284614 2.710340967 6.562112731 5.715741946 6.043925398 6.629455924 3.911517745 0.956680230 1.432066344 6.331080766 7.021990923 -2.295176802 5.420141043 5.773558377
-19.801947608 2.711655942 -17.462546049 0.814040012 0.219063149 0.428801942 0.324775446 6.218129485 4.243369122 4.472459468 1.504297775 3.484267053 4.581924481 1.455010104 7.156735122 0.738107754 3.905871636 6.616826848 3.360767254 7.432530528 11.307476850 4.719369819 6.048349100 7.914172605 3.911811596 4.022841787 2.717738877
-25.036898414 -9.374979052 -13.619718601 0.954050249 0.007003702 0.293474557 0.060097876 7.600461439 4.094942826 4.163988008 8.328597831 -0.142544652 1.482420403 4.329672694 1.200762888 2.336434635 8.454578150 1.214779953 4.722505114 -2.082908180 5.038084513 5.339655938 10.738066532 2.722467780 8.394915549 4.798201094 7.055986895
-18.665273551 -1.199362769 -5.411457719 0.745396117 0.162389885 0.561489178 -0.320537138 -0.133382793 10.986706572 9.650632576 5.395521962 4.515594973 4.529685832 3.487776819 2.267685615 -0.565590980 3.163433754 10.230623957 2.115929349 -2.164171253 2.375950067 3.420914347 7.400872549 8.721012044 3.451034860 2.748428025 2.141495257
-19.009664973 -2.385285711 -16.628809909 0.886240473 -0.058507603 0.457838576 -0.039224015 2.859874816 3.911424455 0.812138357 6.173986215 6.919157683 3.442519947 10.375919956 1.979934033 2.905371766 11.248693534 3.201908558 1.571266026 4.334030942 6.501579937 3.500124947 3.084682731 0.030207094 5.789839301 5.569565985 -1.369509932
-31.533438637 1.309626891 -14.357432493 0.947025988 -0.047883635 0.307646573 0.078756085 7.209763589 7.812994374 4.740278419 2.765620602 1.461115394 7.157956096 -0.067795825 2.241825710 0.254487486 -0.526864861 -0.369098208 3.369231170 3.241429675 2.927971767 5.681489305 5.536085835 1.817664754 5.454130554 4.439600866 5.813065599
-21.524509732 -2.869342944 -9.273102368 0.795710118 0.010106731 0.594798943 0.113830927 8.389324260 5.826151361 1.902119685 5.511410231 5.307928766 5.778194976 4.736417795 5.689393707 7.882357219 6.928305463 0.686487938 -0.863880722 11.549581932 3.852123356 12.390454997 5.741786138 3.672948141 3.088650844 7.053059459 2.432891955
-20.378513788 2.994247815 -11.087451612 0.820658156 0.165862211 0.386918766 -0.386398482 2.758675367 6.834216662 8.289112349 5.079480404 5.025620348 1.725689945 4.112295036 -0.132087687 5.102091427 5.961030965 8.016592981 4.597770514 6.681469606 -0.153003394 2.304854943 4.738901452 5.730589233 1.718956753 3.785978215 5.946644045
-31.013052198 -0.148390697 -12.853111937 0.883386754 0.109107682 0.398547557 -0.221095459 7.988443589 5.819098181 0.581283055 4.992563500 1.489064242 9.480380763 4.401211574 10.210530432 5.878889685 3.038927263 7.119554789 7.283935136 0.357028739 7.523030660 -0.082726604 6.781346839 6.462554953 6.194278589 7.250050064 6.866565473
-18.040849583 4.137676088 -14.140218902 0.933172402 0.111982884 0.329329880 -0.090503773 4.276908526 10.137172519 -1.182847101 1.594693699 3.580307338 3.511308004 2.606635673 4.634239647 -0.489662494 5.245820386 4.503804676 4.956161086 5.478051095 9.217432402 1.549584250 1.702952085 2.697832759 7.581957017 2.167909846 9.797995725
-22.236593980 -1.548061118 -3.343107683 0.736123144 0.280825661 0.601106651 0.133904667 4.864382765 0.578867903 6.576980811 -1.509422653 6.325104388 7.961063544 0.382961002 -2.311122530 4.108588620 3.765668314 1.972737592 4.531415316 3.943384785 5.008774920 3.600135555 3.343059572 1.332206242 3.969196414 -0.134242865 3.834841280
-31.194106293 -0.083284978 -10.854320954 0.849571318 0.092151427 0.418306193 -0.307825631 4.616222248 5.198396857 0.728997860 6.157085966 8.265299949 2.892102927 1.891383939 -0.512786457 4.404251099 7.249707337 6.964481405 1.628915520 -1.390743966 3.766843866 5.193512339 7.272398028 -2.356980574 6.842230536 3.705398423 1.772559346
-22.646036211 1.452918189 -6.569965803 0.821397544 -0.052758989 0.557937085 0.105965903 2.961081513 7.442647923 2.750178198 7.194465698 3.707297480 2.371343729 5.803548274 0.139433366 7.713380973 2.707531555 2.580513546 2.009091893 3.491960860 1.884044380 7.435185728 4.925151098 1.794010332 -0.695133583 2.710025439 2.232903722
-18.660220954 -7.164196675 -16.228090196 0.851541278 0.103170448 0.501527729 0.112708686 7.054663082 7.211994963 1.396198706 -1.706912972 5.500122558 11.917169609 5.641590789 4.376971344 0.691330476 0.208831187 2.067249966 6.779835165 2.562342371 6.876025684 5.063257510 7.881671994 -2.372736949 3.290817903 5.537816325 7.097270049
-22.297262076 3.181596548 -19.350866065 0.789969149 0.207611018 0.461625160 0.346047136 5.269780616 1.535021197 2.802188488 6.023113504 0.874953800 2.709843666 8.176659721 4.073403732 1.377986246 1.581620401 0.782559282 0.545065856 5.143743929 5.694220281 3.184672628 5.549576900 4.815192347 -3.339440787 -0.196346991 1.988735690
-22.863164599 -3.197315875 -6.380092491 0.740869400 0.315304408 0.580758701 0.120062455 6.856860571 2.750471473 4.792465531 -1.014223854 1.297737653 9.229759215 2.227349876 0.222561230 10.875832587 5.374876484 4.978176426 1.294042191 2.888001059 3.337325434 1.713657746 6.820977337 1.401020989 -0.936888805 10.266268863 3.445969359
-18.478100695 -5.795110121 -11.596453175 0.739496492 0.196841232 0.467916930 0.442099778 0.619705065 5.877074818 2.623367924 6.705611495 -0.149396704 5.634429632 10.358507182 3.956181690 1.678075425 8.559645582 7.860598693 3.584467737 9.192597921 9.042349208 7.855709357 0.546215832 7.797533834 5.863033841 8.031045928 -0.554902320
-18.194328851 -6.650957645 -17.094478225 0.831813102 -0.213491601 0.305896240 0.411017993 3.935386622 4.153788400 3.495976547 1.842068296 5.630729593 3.828305575 -0.179109353 1.972894012 1.681751012 6.769022460 9.086920376 1.176086784 9.789860149 8.898147328 1.963676713 -0.475279445 3.098061735 -0.134124596 3.393760110 1.495178169
-31.487174353 -5.158612449 -15.112327873 0.824413007 0.094176238 0.449020444 -0.331443315 4.785856354 -0.707766379 2.647439605 3.112005770 -0.356497530 1.498684498 4.541745641 4.807924100 0.863216602 3.363891436 2.495926223 2.738179420 6.543024723 6.101617042 8.068446152 6.074533961 3.204428580 5.932424146 -1.944892657 2.344763622
-25.875139667 -3.884604916 -5.540829649 0.884283909 0.105159576 0.296177653 0.345343641 3.316539961 6.086325141 1.478839104 7.946399579 1.555802188 3.905366723 3.405744713 4.215719850 2.641643960 5.881843374 7.593542013 6.203477112 6.665483437 2.660914320 4.025471151 3.328552475 1.242200369 4.026405790 5.189376414 3.694649838
-15.701517004 -0.174978560 -9.989138361 0.791462652 0.305994385 0.394975014 0.352063978 4.652470661 7.587202012 3.340017381 5.628530939 1.844374207 -0.555455460 4.385513954 6.018352924 7.960994012 -1.598323926 4.580363589 3.938686180 3.154671036 3.206363754 2.031810672 -1.045747343 3.922641994 4.047960530 3.136172305 7.267428443
-21.788503220 -9.104406017 -14.944489859 0.896924646 -0.134692819 0.421008114 -0.011670161 9.296817487 3.829911129 5.531446672 3.056801856 2.494382125 1.527228964 0.512275627 6.081606022 1.821219077 5.625088622 0.304688260 4.094552689 5.185824352 6.071292970 0.465758751 3.114547261 3.763700087 1.012380672 4.857962895 0.517519752
-20.403072879 2.618628604 -15.237589400 0.832118630 0.218560877 0.422985914 -0.284416324 4.779617593 4.896855901 6.173675004 0.247235486 9.279846552 1.875359746 1.147240531 1.553715571 8.579492392 4.828953628 5.721951334 4.701481428 6.116087752 0.975844778 2.206450713 5.917628862 2.215029015 -1.915217275 1.339359144 2.438657254
-28.309491028 3.691802235 -8.739116160 0.788149236 0.075834579 0.469868942 -0.390247455 1.730220521 6.962821359 7.604610478 8.715803762 1.439018210 4.824485715 5.500513371 9.529792948 0.453110645 1.077012313 7.485230900 5.853859713 3.167729553 6.539488820 5.149280775 4.885673151 6.429527921 7.097313103 7.682053471 7.284444743
-27.795992380 -1.281870204 -17.813009652 0.888352999 0.123617265 0.421462770 -0.133853852 1.531936700 2.803596868 9.072240002 7.308667154 2.936187215 6.608127913 6.674691063 2.680425481 -4.284368087 5.879647707 8.850873619 3.322698814 4.730870459 5.439036134 -0.706532412 0.408093993 2.901393598 4.338744078 7.281810279 1.753439945
-19.561625786 -0.240412928 -8.495304933 0.896257791 -0.214223426 0.380147058 -0.079489056 2.402670469 4.231930019 2.282711237 3.920870823 1.057045781 5.835954234 7.861335499 2.303096843 7.386315944 4.107611418 2.833087888 6.703319353 4.017214445 1.818657820 3.915887883 -1.174131842 -1.139034760 0.974269367 -1.642559007 7.133824711
-26.415173327 -6.909129568 -9.529723715 0.885480702 0.037583450 0.462241289 0.029058607 10.000682452 0.222133981 -0.178101105 4.337483849 8.708981065 4.007293824 4.281668262 4.574529088 2.731923711 7.502634940 4.992740603 1.666621559 7.792188888 4.412729972 2.539000491 7.075982189 8.213099513 7.386695974 1.174393274 7.399116491
-16.651290130 -7.190089905 -10.614303006 0.836642799 -0.417386799 0.294938296 -0.197049458 5.067807303 -1.462419719 3.993786187 3.040079002 2.864712023 6.792650105 -0.379600810 6.161313865 5.926350151 0.652296804 0.351082510 5.672370261 1.045343785 -2.256004803 -0.592854144 8.860054886 5.885447902 0.978324877 3.614396831 5.717408626
-24.426222923 -5.106867526 -19.732692317 0.939423745 -0.211002399 0.185879957 0.195983818 7.670311691 2.819426388 4.083721778 1.801742671 -1.430434773 5.350117176 7.395694132 3.943011524 7.210462448 10.023271602 -1.047311227 4.932971982 2.625525098 3.026238057 7.090373764 8.321492939 1.913199440 7.716946260 4.248852388 -1.427595368
-18.744404615 -0.797920795 -15.837577015 0.764745909 0.057627329 0.511201721 -0.387963383 3.598733878 4.408231852 2.941158936 6.299256842 5.853300024 8.232140933 4.253116232 1.182785544 -1.314166120 6.495047754 6.458512132 -2.868743539 1.849064349 -0.277452805 0.861855227 3.755272284 -1.262468062 5.689833767 5.121943941 4.228461177
-16.926709640 -2.553379691 -6.676925479 0.728932781 -0.464190945 0.343081420 -0.368074593 6.805993251 3.829576332 -1.676129793 5.731100316 6.900645212 4.212494602 3.329810354 4.674158354 1.434671335 3.133237148 2.776374558 3.944288397 0.644963139 0.476994578 2.212322069 4.872594219 5.704345051 0.835506238 2.253037960 7.004812081
-24.155994678 -5.219727689 -9.809131284 0.844525220 -0.230527808 0.418453325 0.241931594 6.463310320 6.811295833 4.610956610 3.275120121 4.432846792 3.581626377 7.783084634 0.133940153 12.276422807 3.760846203 0.602572925 0.294973398 4.542205181 3.141596321 -1.810333097 -0.665960890 6.309604607 3.428716727 11.608945589 4.801349150
-29.767843941 -4.821534305 -6.001595534 0.853948011 0.050253729 0.484573117 -0.182855822 5.120256777 3.147074958 4.119562123 9.076553505 3.739478927 3.454516600 6.125136657 3.702831196 4.960628034 2.335311303 0.395778953 3.437627582 2.469199717 2.207547075 6.731915356 7.714431866 -1.789686187 3.497526173 5.999091815 3.092364357
-21.768468561 7.950077216 -9.695470917 0.777247461 0.154498360 0.393664720 0.465880596 3.190668756 6.235703109 9.197256278 1.399935116 5.245290246 0.728393696 4.325532787 2.979123446 6.059275223 3.735959629 7.318926752 7.099696613 5.113056438 4.268344333 -2.904464207 6.862587443 10.967511778 9.326823284 3.562686753 0.938756038
-23.192349754 2.457752344 -13.924519258 0.734702351 0.175220284 0.420659080 0.502549744 1.455404800 1.277032131 1.532288819 4.121236843 4.730458851 0.250599275 6.280561695 3.942240051 1.151007801 6.457566446 4.154715792 3.418254039 5.000928396 2.057247077 -0.873000994 5.315199984 5.526901976 0.296396898 4.842538738 6.906685692
-23.962530569 4.427769824 -11.958412464 0.800924733 -0.019062044 0.427506566 0.418801083 3.639095458 0.348948284 7.469745461 1.877161308 5.558019185 3.948403258 7.502538676 5.781584984 5.380208553 8.004947520 4.484475136 5.084657502 4.660338324 3.438970530 8.884773325 8.716371772 3.633753313 2.843570957 -0.205179285 9.130848696
-25.487935254 -8.760939696 -8.101177414 0.734724366 0.038701997 0.647076368 0.199936078 6.305330783 3.904333221 -0.760893770 7.458278955 4.542697053 2.328003269 2.298440253 7.829513502 5.965913001 6.106188840 5.888136142 2.676406632 7.056178210 5.464488117 -2.360142904 4.655266704 0.469240347 3.734643080 8.145362474 1.932209814
-19.612263513 -6.038965748 -5.152519846 0.819442004 -0.444924693 0.348116238 0.096808597 2.988986047 7.841762931 1.231457942 4.656421984 0.139094118 4.746158229 7.881497388 0.113516130 5.062677408 5.323865387 3.251498044 4.942686325 1.820421887 2.090684843 8.056535280 -0.609280386 2.186551423 6.745226716 0.072017471 5.362425425
-26.820548813 -0.095213807 -12.855972393 0.888379349 -0.007405107 0.380395075 -0.256956969 2.627451980 0.729550522 4.814838587 3.844256711 8.047758615 -1.309177983 3.442798430 7.208875814 5.208817205 4.908244095 2.751907716 9.045141802 4.208438151 2.002777629 2.256772628 0.065142571 2.972141137 1.619155392 4.504215368 7.750748117
-20.746490502 -2.930408672 -12.170423448 0.735832087 -0.080066909 0.472121699 -0.478791740 8.778128659 0.134769874 4.532544444 8.202363880 0.167950154 -0.086587113 1.206887873 7.042734605 3.768998182 -2.831160093 3.323835037 4.515585554 3.278945465 1.456971016 5.542506950 -0.249337274 3.834578146 3.227948367 5.667607800 3.073685383
-19.357462295 -4.954142892 -17.170831554 0.753041160 0.212497493 0.440925636 -0.439725381 3.980489287 5.688524465 2.199253766 1.984771217 3.093520811 11.027992534 6.661956776 0.661118372 1.259493932 2.883046060 0.188390681 3.725864171 3.032546663 7.079228876 8.852673113 5.774095690 0.541364063 2.532041900 3.360441717 -0.397536589
-30.109587120 1.835288145 -15.857437782 0.729393930 0.241172906 0.628200414 0.123224852 3.810288264 5.662562528 7.317739439 3.355632078 8.611085634 1.033169166 3.917309234 7.770503428 8.236249218 3.520995664 5.171692333 0.570954097 4.135436068 2.267426424 3.598479301 3.071779689 -1.324281631 5.843480607 2.747441026 8.553747835
-28.898116429 -5.254157286 -16.926523746 0.845509253 -0.058873945 0.411645894 -0.334956146 5.263538594 4.687584720 10.961787858 9.252552711 -0.014266432 4.887945573 2.164580772 3.134133373 5.353703726 0.219137130 -0.513054899 1.952532739 10.203508255 5.560974116 2.325615101 3.647736728 2.005945308 6.753885198 -1.679733310 3.309063926
-32.198050843 -5.033871330 -9.313928560 0.772704228 0.180780288 0.597219101 0.116516135 4.992643998 -1.942070873 6.941277371 8.133852622 5.719435146 4.655142510 7.748424403 6.557041340 6.231684067 8.722733719 6.071890383 4.390534002 4.491303050 1.019426037 2.374588554 4.759290839 2.418198270 1.413548565 7.158414091 0.488273816
-30.927664614 -5.038963960 -18.449629319 0.912738398 0.105872043 0.392983866 -0.035544443 2.984653838 0.406424720 5.346466568 0.755482427 2.718724348 0.276686557 8.570019820 7.339715605 6.834619915 -0.176461567 2.355398417 6.307079814 9.317170433 4.633880596 5.865084443 0.343516078 5.463158246 2.959434226 -2.654877563 8.451622799
-29.677790860 -1.160456046 -10.172468898 0.843058839 0.115149697 0.425312098 -0.308386058 10.152335894 5.991656581 3.905210173 3.308185449 6.456837898 6.780850564 0.531239500 4.072024308 4.244063337 2.379626477 0.718621185 6.434984432 0.798104580 2.467875961 3.058369645 1.609281757 7.134160223 0.713346350 3.670333052 1.238928007
-19.377389217 -3.817481957 -4.298048201 0.783856816 0.254581895 0.565241269 -0.035480402 -3.673652902 4.073064950 0.626625947 2.711143768 -0.421402601 3.755528658 -2.360298112 5.556911624 1.733103697 7.124049669 3.571444438 4.217353617 -3.167232829 4.232085511 4.534657466 5.535658967 6.208160109 8.230952957 9.044022284 4.286247474
-17.953509311 -4.493234221 -13.102129932 0.942970970 0.024261938 0.329552490 0.040153013 7.540288023 8.182878742 6.150907080 1.386793081 7.506839513 1.379073845 7.815628614 4.070081936 5.797661655 4.134663114 5.383151035 4.078315682 5.337401571 4.642372531 9.854041592 8.262248977 1.564228173 3.815076233 7.260660444 4.243029416
-25.111580232 0.452438187 -19.640800048 0.707162218 -0.184504312 0.680716652 0.050045934 2.761180430 2.717230552 5.984145253 4.833664521 6.449794893 2.267584426 2.276746591 -0.090483826 9.622646782 5.271070632 2.792190617 2.454302769 -0.394069020 4.654137372 7.548959583 0.553060873 6.819202777 5.400569936 10.190138281 -1.354599801
-20.396520238 3.562850739 -12.944012172 0.844743079 -0.045876658 0.529960721 0.058703469 -0.070504551 1.574808217 7.082808458 1.592401679 2.632568617 9.073059349 7.441181271 10.337648058 -2.783899926 4.871281796 4.407175650 1.220698505 8.426200878 3.053165184 -1.268654911 2.600306560 1.962955878 8.574065098 4.424986095 -0.490272877
-27.373491074 -2.565192041 -15.192052757 0.891881173 -0.002443866 0.372845750 -0.255984467 2.294100565 6.358151390 5.461660304 6.589816933 3.892572742 3.758426484 0.253931790 3.198246855 2.174020891 6.016788970 0.937870987 5.545163162 2.672492857 2.083552855 3.356413182 2.769777107 8.290089197 7.999248389 3.764579489 10.836882198
-20.222149293 -0.745124053 -8.449811547 0.949647893 0.139206299 0.190662191 0.206005860 6.320258398 -0.340234635 2.647935098 7.219518662 4.188562391 -0.215702997 1.974619373 8.852583298 8.195061283 -1.195826539 2.741176847 1.247633451 0.790320384 4.203276758 4.671993852 2.648943033 9.059792675 7.255131330 5.521522018 2.667175431
-21.073376721 1.204749204 -13.735794996 0.911329206 0.151754008 0.375219229 -0.075235165 3.723170758 -3.299056901 4.046672421 4.950070547 6.534849258 7.351957577 0.798361185 4.005250665 6.150011721 5.861936332 7.900237035 3.028829933 -3.296150808 4.420054001 7.100603322 6.877049373 2.248861155 1.960905637 5.597611365 5.860776338
-15.692247088 -2.331370597 -8.446847608 0.932837803 -0.248889382 0.220363368 -0.138952135 9.176841456 5.807285259 2.099437402 6.860727237 5.611382607 -1.445255797 2.980400713 7.702978519 5.573045821 2.012202749 5.851840287 0.920943648 1.918563932 2.799990653 5.774732354 5.779479045 4.327976444 0.961199319 5.643369144 5.447451176
-32.787620182 -3.740871453 -15.350530436 0.748207537 -0.179912265 0.626796706 -0.122241354 3.560195507 4.922174965 4.465524887 2.838699909 3.213213526 1.474552993 2.484704807 1.835878334 4.936738744 2.249964845 2.550037728 5.228916401 4.296096737 2.160700232 1.317567501 6.184421897 2.154733824 5.097061113 0.682195650 4.964580277
-19.022384017 -6.135144486 -17.776609447 0.775365463 0.223554554 0.589725298 -0.032493583 5.198857823 7.937730090 5.006556991 4.323484499 -0.363031785 3.244784371 3.790270152 5.119227550 5.837792262 11.047277556 6.883794697 -2.213067572 3.049243958 7.872308864 7.879294484 1.154942212 3.096476327 7.567994190 3.413017470 3.153296722
-17.189471694 1.920492393 -11.373571553 0.952001212 0.086608946 0.275336032 0.101895302 5.983576723 9.168475354 1.020739410 9.376814707 -0.680863284 0.505890575 9.865977663 1.657583190 5.557963142 7.594888669 6.260076851 0.242551664 4.836335903 1.137443268 6.278842006 8.258639903 1.351848860 5.439652039 6.384280945 6.057971229
-21.107540463 1.393339528 -17.397001950 0.828031108 0.248415953 0.420198398 -0.275839273 6.625001521 3.752894623 3.919461096 6.539179282 0.781428583 8.778296861 7.573581160 1.920631362 -1.272814779 8.735466056 7.056168336 11.123454980 1.704488152 7.893393670 3.964427599 4.454650869 3.148541281 6.636898793 5.125932940 3.973346892
-30.733734010 3.196411409 -10.375358301 0.802074758 0.131231893 0.380155425 0.441515715 2.325570714 -0.087974710 4.456228999 1.806520042 2.819897791 3.934179638 5.869360163 8.133311012 11.323946108 5.801174800 -1.470951884 7.592817421 6.224617056 3.443518418 3.163206424 1.761804161 -0.657056816 3.683606439 4.669114183 2.954485071
-19.675600297 -3.974457276 -4.354310287 0.917283676 0.170870465 0.334843920 0.131428658 9.976638725 0.628277530 5.648836265 4.614506507 4.934240713 1.893633742 4.092984612 6.513344433 6.225800638 6.484258096 2.182046297 7.592357858 4.507190843 -1.345927345 1.888321788 2.107526859 8.415228616 5.681868862 4.532637348 6.618016045
-19.498266237 -3.900179271 -8.068558678 0.887485617 -0.226164743 0.265149355 0.301520495 8.603903097 5.489534642 0.541246572 3.679175699 -0.227268928 0.745871839 6.863997653 0.930606065 3.691486299 9.484986780 0.803274551 9.274829420 4.041179041 4.066726411 6.475691055 10.188013276 8.646174675 3.597232313 5.691645008 7.018185643
-26.203746462 -2.443453983 -21.834392589 0.842168353 0.208139685 0.338322105 -0.364648448 -5.364596312 1.530638459 -0.732827096 3.463524286 0.236054896 2.702116435 8.399949053 6.497111681 5.166989825 3.231396852 8.889076729 5.648396023 3.664484466 4.650452663 7.497356647 4.369634455 1.500883107 0.721906656 -0.712409535 1.003939721
-33.514481830 -2.826734787 -13.075781833 0.806227851 0.132415445 0.574460137 -0.049581782 6.300717730 3.666308229 2.232057111 7.133292125 0.634785863 6.586611786 1.365004338 6.252212188 4.902530863 9.600323584 0.516714290 -3.900638118 3.702639519 2.516197863 5.785395614 6.054637167 5.580996476 -2.428221162 3.558687389 2.517059205
-25.318452086 5.224742038 -6.573835471 0.794203435 0.058350172 0.593946573 0.114296237 0.809901031 7.180585401 4.267685590 0.782954227 0.919376488 8.968532070 6.210662012 3.287325256 7.951476754 4.482922787 3.428965294 3.779323310 5.334802844 -1.054050393 2.228412529 9.098869391 7.708104848 5.538927810 4.515158742 6.151845028
-29.655762549 -5.995019223 -16.619831671 0.823678478 0.093515846 0.539547643 0.147298651 -0.703295366 -0.373227924 6.115294825 6.552725478 4.013067475 3.716564107 7.124097938 4.633009771 6.688756811 4.870598312 1.485229415 6.883963755 5.546137128 7.186034254 2.472461188 5.922446669 5.053516864 -0.973452440 5.797593660 -2.612546823
-25.492825872 2.244042325 -8.869991658 0.708149133 0.169477766 0.516549659 -0.450531399 3.786161767 6.448899535 3.109810860 7.815372448 2.629603754 4.851363010 0.036939494 10.992591938 3.745402950 5.261427027 10.606815640 6.576099186 4.533041463 6.527317856 6.973816441 2.041561105 2.318650932 7.681388866 3.038150011 3.713796407
-18.119387506 -0.713509171 -9.667032270 0.748083916 -0.025747229 0.660107518 0.062973012 -2.448464319 6.936601849 4.355213994 3.203961805 1.814773608 5.948548476 2.011452463 5.191832220 6.656295711 6.052301948 -1.597893146 2.604392113 1.249783685 2.807534441 2.968211729 1.692187190 -0.533674103 8.159688149 9.634955445 8.101998038
-27.485842759 -8.491943350 -13.332624259 0.814372423 -0.308836791 0.421461474 0.252562110 4.007673547 2.925896789 5.287073269 4.803700257 -0.632761285 3.019878133 5.169091072 1.608281981 2.183582422 2.200339463 0.606983287 4.771622122 0.114861455 3.866336298 2.595822274 5.613444883 4.179070976 -0.450712106 4.964841679 4.430093711
-20.995647588 6.640546545 -11.598270922 0.807670589 0.220100422 0.243772100 0.489692952 8.139134350 3.980161194 4.307284441 5.195254149 1.478979841 5.714131799 -2.756906933 -0.599037222 5.775064144 -4.017492992 5.336110078 2.133152163 5.326063345 3.976469886 0.951442731 8.086047462 3.804385320 3.408761746 3.821911363 5.771973405
-16.732404599 2.864578097 -8.775653660 0.812874632 0.249424448 0.309365238 0.425811493 7.288608304 1.188201623 1.399852125 -0.379515216 3.892808544 3.037241740 9.705945149 4.497993946 6.664397325 0.109697411 1.800805757 5.617231325 7.967219131 5.831822473 6.805473479 0.220714193 3.250510617 6.118336563 1.540255417 5.454355908
-19.696930119 5.765907611 -12.253932527 0.852047825 0.209205036 0.353317707 0.324675769 8.310969285 0.883801536 4.588906733 -1.059537148 1.312756399 4.179903923 4.531532285 5.667820500 4.507196115 3.309881891 7.187630510 3.973444964 1.997962902 4.205726356 9.811406893 5.269692475 3.930105273 4.434889371 3.797730943 10.531289811
-24.144037012 0.633425587 -6.981785662 0.832371353 -0.063549005 0.476687033 -0.275479449 -0.874040879 -1.008782571 2.725397624 0.051772878 8.517058452 2.646369857 4.401478833 4.388741524 3.588735182 7.295107421 2.102004588 4.547904182 2.686818591 2.117955832 4.921097646 5.854113501 5.890302000 10.854625041 5.464644390 8.593096789
-27.905666912 -5.447790226 -19.419107920 0.907424663 0.094952235 0.293958823 -0.284873243 8.753107466 1.596806840 6.017239739 6.889294902 6.552127009 4.636160755 6.526901686 3.211255871 3.873277493 2.902213301 8.526962228 6.472888749 4.572547361 0.660344842 6.774936869 -0.999487439 -1.152388618 5.090756656 3.692706833 6.671381660
-29.617471000 1.960756669 -10.866369352 0.883732024 0.176330175 0.424283837 -0.088930334 5.000436517 2.465948742 0.413814121 12.022019547 2.586905644 4.821667005 1.834413164 6.251733430 -3.478235946 -0.469505167 7.287315307 -0.038413146 3.798586463 -0.119890872 1.001126965 5.376596825 4.208611383 8.384282923 5.567417822 8.027526123
-20.794698813 -9.207279473 -13.923986521 0.786270343 0.074367910 0.612809446 0.026701010 0.697072393 2.235082781 7.064181407 1.879919491 -0.427406579 6.752191583 3.461042127 4.345874338 0.842105845 6.899874278 9.110188042 9.748130586 0.906652963 4.214462458 6.417588201 3.478258082 4.295583284 4.961700638 5.378851303 7.069907108
-30.182936581 2.511074715 -10.416846951 0.735488352 0.263625454 0.612404125 0.120497685 7.292861874 6.668554140 7.648844465 -1.543128841 5.733334007 7.329556176 4.097618826 2.175966227 3.933079189 4.159945538 7.911423151 -4.699960877 4.181981059 -0.980488314 2.221192929 1.919281223 6.696059583 3.791906866 5.004313483 -0.021596446
-20.729748371 -4.826975281 -16.264749101 0.823694914 -0.076771675 0.557313619 0.070953000 1.693578091 6.009729790 4.964804529 11.573448323 5.856920039 5.782813513 7.454999708 4.348752931 3.443053803 1.458330365 3.207983709 2.007267001 3.139182116 -0.817620657 3.881540868 5.579086937 -2.823039929 3.176292846 1.710473619 3.893559911
-25.078028168 -6.900493325 -17.767440504 0.914343994 0.069371950 0.398920182 -0.005027985 3.920823519 2.493228952 5.849766211 2.803620061 2.177512922 3.377468804 6.322566760 1.998067617 5.700879728 2.568443938 3.385598318 -2.086764588 4.298575969 4.823857954 4.913837882 8.070860479 2.371864261 7.408843736 3.645651135 2.353908679
-24.879820629 5.538609828 -19.355647068 0.829064938 0.258874468 0.415610218 -0.270006455 6.075166176 2.935608020 4.519038238 3.938337190 5.751726387 5.024994578 6.140764886 3.686615504 2.632797521 6.105645918 6.223666510 3.882780189 -0.566089225 7.130848517 5.619624782 7.605592187 6.461106761 0.026256237 3.532553428 2.968137513
-19.254914976 -0.006176643 -14.835854112 0.938229597 0.143353948 0.310778437 -0.050908072 6.442834032 3.829386262 5.780929293 4.195066449 6.894837293 4.558208499 5.994703978 0.658895672 2.743778335 8.226168155 5.933554252 8.024725644 7.133676706 6.629149496 6.278856864 6.822489051 6.410910679 -2.055308404 8.724852470 4.024887019
-23.521436087 -0.440132994 -7.399988166 0.895567808 0.045078493 0.353135136 -0.266874139 5.600190533 3.959551371 6.317877361 -0.898214240 -2.311292947 4.913372188 4.188718745 6.008539618 3.365323554 -2.933687629 3.396033165 5.680148532 3.014778534 3.640827043 3.915722662 0.904701872 5.207493785 6.581819911 2.385331270 -0.743111512
-24.016901825 7.661089690 -7.998190951 0.711143153 0.385488855 0.459290494 0.367050407 2.881936298 4.109249632 2.248753805 2.689729721 8.755593933 6.602810679 6.149625133 0.695520292 2.328013032 5.702261377 0.583679726 -0.629953924 7.684191553 10.864957670 8.455172343 6.375114174 -0.321307893 9.357927796 3.839715464 -3.229975829
-23.771276472 0.579524073 -21.821498336 0.886653001 0.197789224 0.348619121 -0.230630846 1.233144193 1.907511047 4.340875398 6.017127769 -0.073195450 -4.060701593 3.094977780 1.092467146 1.599448863 9.283044581 4.241661689 9.446675903 9.811228433 4.383375010 2.007007265 6.427014714 2.803157359 4.078922517 5.410406422 2.980049308
-20.104258432 6.544008201 -13.426265808 0.823331120 -0.007704733 0.402995740 0.399575947 8.077572462 4.904198112 5.192984564 -2.272405827 2.735094399 1.803166770 4.128342012 4.609326554 6.967257237 2.549640936 -1.892518423 4.491147225 3.520290194 4.988882243 4.148734770 3.560373700 2.093778079 5.201676613 5.015113403 4.676769249
-16.591016202 -2.526026165 -13.374129257 0.911400430 -0.001280218 0.402882557 0.083864552 8.147553710 3.290039429 4.792719006 7.359372390 11.257782951 4.875774609 5.964321010 -0.127338473 3.523704064 5.814460335 5.259071796 6.400771585 3.681692709 5.851943752 5.553056543 6.838765690 6.634417663 1.999749110 2.742090709 1.479637255
-21.926667579 -7.388087025 -8.146973025 0.870500643 0.039380816 0.489600766 0.031126704 7.437284900 7.419700825 5.712249054 4.904498980 4.334450942 3.081881803 8.208265721 2.773281882 4.034128786 -1.411496500 -0.767724891 7.514890587 3.304579836 4.874997012 5.666072986 3.878561621 2.487889694 7.998598960 4.995894671 4.556636280
-16.633174618 2.424210598 -13.766406516 0.850129730 0.201288905 0.374418492 -0.310761985 7.535364573 6.143408127 0.828363534 4.769313700 6.052969654 3.771964042 0.106586407 4.220213362 2.043782489 -1.334299220 6.885875651 6.040790877 2.935912222 5.747522128 6.215297782 1.035184951 3.044508688 6.220839378 7.338400167 -2.489399832
-29.333742631 -7.623489169 -10.611008272 0.854436269 0.008508296 0.435316881 -0.283488068 5.169382526 1.511019883 6.853210711 1.789809405 4.655914744 3.785200545 7.817996811 5.198844203 7.266990393 3.793588990 0.991276577 2.746717055 5.516291620 5.067718193 4.236390504 3.616328510 3.650525493 2.916357476 6.975073124 8.413693123
-23.769277243 6.750130675 -16.989523875 0.879646082 0.228627729 0.275914715 -0.312767010 3.687557422 3.903399421 -0.824356696 6.777895200 5.640920477 4.798700658 10.040628359 6.474677335 6.427066834 8.328057795 0.817043223 9.364641304 5.505015824 6.965310654 -1.280836254 5.714848829 1.481475083 2.468117460 1.977301336 0.834262700
-18.767263947 -1.848886639 -19.320855351 0.862430031 0.077552935 0.489602208 0.102419045 4.236401067 5.229221284 4.002924472 4.150168534 3.504370540 4.272356559 2.656053830 5.487775404 4.130640510 1.702510542 3.904949354 5.463789063 5.244139975 5.669185224 2.649015758 5.647096562 2.721905962 6.886133440 -0.278521121 3.153772228
-21.719713620 -4.337218435 -8.388049143 0.752852888 0.146390218 0.462781165 0.444540242 3.067710664 4.230379499 -0.455590131 1.772233731 1.807020748 3.979410168 2.053856371 6.279062091 3.032083944 4.329037872 -0.965677986 5.574277886 1.782743602 1.393830574 3.720089615 6.977179675 -0.809170249 8.497192251 4.734289514 1.805003942
-25.893910737 -6.960963226 -14.278915805 0.852949864 -0.097729170 0.398297151 -0.322931754 7.563081397 7.198325481 -0.281714248 0.000524086 6.326999725 6.618907737 7.818056599 5.555275237 3.743390315 1.537478285 7.590721793 8.664105425 6.447659457 3.647702876 4.546492047 8.876184874 -1.081408964 1.153896887 3.855037924 1.668941791
-29.034163700 4.676516350 -13.496489717 0.838818930 0.001457791 0.542590794 0.044451180 5.442659871 5.917528636 3.760169795 9.282884751 5.764062101 4.775512279 0.844772892 0.890296366 4.223397332 5.361373915 7.598146795 2.503609614 5.519266097 6.468068399 2.642633854 4.111414593 8.758133827 4.161501777 6.623024892 6.095096276
-22.699039455 7.767578741 -13.431409280 0.881606952 0.237286201 0.315272954 0.258973755 4.340235686 3.062641587 -0.015358046 3.513107183 4.772452430 6.193837020 1.996809198 4.738754402 3.832708833 0.387447009 0.180632948 4.609339673 4.272059606 0.309425395 6.093748379 5.379979921 7.322593677 8.195134187 -0.611645469 6.018917091
-23.197816295 6.909521911 -12.926660899 0.827385960 0.373857782 0.418536119 0.022143834 7.061032011 0.435350530 4.890024284 -0.973101923 -2.684135190 4.570135837 10.159103164 -0.247034316 7.678964556 2.688955723 5.446527092 0.894903668 3.440974277 2.174283627 -0.664408246 4.700169284 5.979960344 7.330160005 5.677023632 3.378022452
-19.602371203 -8.430835655 -10.313046781 0.803929443 0.156296176 0.270138619 0.506254958 5.228577559 8.215677730 1.758303936 2.419967879 8.502666797 1.255451449 5.997622430 5.073890962 7.829849615 -1.049930460 4.993788023 8.421491082 7.751769044 2.521185038 9.346182050 3.932701105 1.873631679 -0.061280765 2.338919093 5.366204700
-28.265028663 -1.682787864 -14.099385701 0.787053828 -0.032502031 0.481618341 -0.384101111 -1.044085704 9.461688261 2.207590248 1.017130425 3.509127070 10.419202933 3.575360365 3.613420832 2.464341806 9.056364006 6.389494169 5.495229917 0.149093514 6.777418711 6.712659333 7.011707779 0.291711278 4.589020551 0.573275543 4.007921274
-26.297858275 -7.034229875 -10.013262173 0.715563907 0.106407988 0.663482703 0.190883050 2.410040019 7.031847646 5.355373739 2.196445722 5.369263643 2.260237458 4.995121635 6.261266647 1.753241138 3.012487229 1.146740510 7.540540988 4.145854825 0.383386050 5.485002133 3.474166932 7.628917871 -4.209889976 3.597333588 5.459128541
-22.697534700 -2.913291973 -9.889221819 0.913839894 0.199191291 0.285896931 0.208524393 3.053681585 2.750123134 6.080314990 6.446155646 1.400207696 9.642792765 8.340275043 8.030864421 7.570061603 6.446107608 5.018606075 6.988879548 4.579583295 2.725870131 5.091261010 4.073363862 0.838154953 7.754559594 5.452746658 2.351741569
-28.334934602 1.933782510 -16.986046001 0.951479561 0.086117544 0.217291243 -0.200137277 0.270599978 5.174508560 3.519139216 1.075685374 4.203028469 3.315273595 3.578588222 5.870420322 3.935086923 4.709690498 4.951999129 5.025552223 5.102334041 8.444688377 4.379813950 1.662704437 4.317762067 8.567810030 4.472185550 -0.410897804
-24.379184352 0.693503778 -13.570454629 0.826035880 -0.125470538 0.549417399 -0.007898735 1.734144165 4.837751213 3.082742683 4.795408412 -0.571643987 9.221080201 -0.378172796 1.835467510 3.778169597 5.704023757 5.847439723 0.024136593 5.729568982 3.261285224 5.184454496 0.034985438 6.638142302 6.142693064 0.058954844 2.925612650
-21.467069384 -4.834029721 -10.600358911 0.870906644 0.028040056 0.340266464 0.353488481 5.200697270 7.209030783 1.493534573 5.027947078 2.630121899 0.546046351 -0.524179471 0.488745128 0.818766269 3.058276730 3.929786341 10.465475799 4.681799183 -0.528660093 0.620547834 3.163217365 0.891121575 2.630404574 7.123643544 0.184438943
-20.144803935 2.566501270 -13.783872784 0.742757006 0.205746487 0.448330011 -0.452747848 3.588792884 3.394211329 1.130273630 -1.653907374 4.041594437 0.206076438 2.943070490 5.145310999 3.200001538 -1.899928065 1.635971379 2.955424902 6.414825820 -0.956560993 1.501110734 0.653841315 1.748780711 3.234435879 1.836094292 1.421232585
-20.507869890 -1.873221447 -7.964109198 0.726107038 -0.378278846 0.409936873 -0.402026672 6.362215935 4.346592526 6.804141471 5.606003188 4.950810715 8.486919305 4.508000486 6.901212014 -0.639832281 8.992465082 -3.765014219 6.091842736 4.713243382 2.539659315 8.906766425 4.007782219 8.178494442 2.966756496 3.444942183 1.481545103
-20.356083382 -5.144448927 -9.680070124 0.940309643 0.110079857 0.295914183 0.127023610 3.023758982 3.273242709 0.108737619 0.769920901 2.568157440 8.764933770 2.280451463 2.787300303 3.869299718 5.700144277 6.797732051 3.867491780 5.672559418 6.304391286 4.074339314 2.227517792 2.007540581 6.007561288 7.811614897 4.755636829
-15.989138215 1.408356836 -14.957445525 0.802442168 0.303888901 0.464451973 0.219140292 9.436723673 4.528130077 6.280401966 3.538864959 1.372607079 -0.762420216 6.532804619 1.203843265 6.016838965 1.016269817 3.538510032 2.586030882 3.587465197 1.681741052 8.500717990 3.629990007 -2.428112318 2.371024394 4.714706909 5.626435412
-26.074100054 -4.061126189 -14.401544911 0.720396137 0.018990324 0.358439931 0.593455634 2.434783648 0.002221078 3.373261336 4.395234783 8.868254692 3.354771117 3.325057079 2.604403405 3.297004195 3.212746940 3.604177707 6.526996140 1.921615189 0.413400220 2.324412380 -0.699387431 2.785285426 1.186770036 3.515817155 0.966537076
-30.016404119 0.710245564 -16.267804577 0.771661600 -0.043399388 0.443535725 0.453796131 5.241469390 6.200363102 1.195929263 2.683984649 8.613327215 -0.549477667 3.491618334 7.684730144 3.176127443 1.500140694 8.054066315 6.137502415 6.424697462 11.757362211 1.470231261 4.284371016 9.886127790 3.884786572 3.687363777 6.943369960
-24.912900084 -3.431709354 -9.367954806 0.930297279 -0.064223581 0.282823921 -0.224572782 3.385407166 7.527740902 -0.757302182 1.406182273 2.451546398 4.107132346 0.306657690 1.755293236 4.001956645 5.226862654 0.725796955 2.608646374 7.441115377 4.878309432 1.247742112 1.004755944 9.405950394 3.967896905 1.765426432 3.731587587
-21.837465664 8.078807844 -13.097278628 0.917759882 0.162478132 0.313465248 0.181816371 3.375545040 5.630788215 3.683468125 8.030423510 7.775401844 0.767880314 3.504093894 3.967615343 7.120624576 4.654834605 -1.534002419 -3.212261124 1.513272653 -2.949866550 6.726139463 7.621553296 1.155263482 -0.046715133 1.649736013 1.044060894
-26.972217132 -5.732515180 -7.050620434 0.815044945 -0.073912327 0.403417526 -0.409259092 0.999758161 5.906001165 4.114011884 5.210510822 7.943386560 3.572498899 1.984287888 -0.122437849 5.940555556 0.434180740 3.907731981 4.184968912 7.045668676 5.200865367 1.775413089 3.068207912 3.190490342 0.254132294 9.700974342 5.725284382
-15.605697621 -1.697117709 -9.991976917 0.737843602 0.157012624 0.473954961 0.454203204 4.748695162 0.194619640 2.247686324 8.589081249 10.570121175 5.888748323 2.571321463 6.727019966 1.621403281 1.535673029 6.355422609 7.173500078 4.627311495 1.424223856 7.192791440 -0.303347344 2.558478917 -2.263798451 4.023278433 3.946488191
-27.660410815 3.832772075 -15.100977951 0.866514874 0.051352397 0.476761331 0.138612906 7.097117968 -0.907307110 7.694896088 3.162536169 4.540113394 2.064733772 4.623347593 4.751581111 9.735937551 5.188504776 5.922225814 3.268424716 2.541884965 4.302411044 6.167423303 6.451124135 4.702038653 8.876635799 5.368704024 2.657035238
-20.537069054 -5.306955216 -8.402514605 0.816738946 0.026572458 0.477279775 -0.323164687 0.513455811 2.015496008 3.008662080 3.902648979 3.490373724 0.269475263 7.247052803 7.791119346 1.529237487 4.434944937 11.948751350 8.981825482 7.168056577 -0.370191256 3.596656602 6.200580431 7.293449013 6.899445814 4.335717411 1.701460386
-28.696567447 -9.048923728 -15.335581128 0.883637352 0.004506354 0.383114355 -0.269050394 7.759507700 4.832317307 1.053707745 7.399509359 3.969383186 6.587059108 6.741751339 -0.382677810 2.524121397 3.625529324 3.420072573 5.370467018 -1.062261191 0.494178286 3.688093630 2.102767869 1.069399221 3.853424454 4.566359853 4.377608684
-29.496198489 -3.445055282 -5.963151755 0.760976007 0.148921689 0.301686066 0.554728190 2.618205559 2.450211916 4.734575632 6.554468825 4.340942795 7.192950537 2.592412052 1.802628584 5.533354021 5.601263651 6.966326406 0.244455417 -0.000227436 2.040137948 1.746809474 7.412169808 8.872684526 2.280672557 4.049905300 6.451359760
-27.840597192 -8.175071432 -16.756628831 0.797902781 0.004949308 0.591179091 0.117617763 2.233388142 6.527953177 5.343685729 7.292515433 8.439796710 4.541507272 6.634231718 0.821748811 4.629771782 2.989562655 2.751220997 6.162361460 8.076706231 0.141584763 -3.155272704 5.114366861 6.816173060 6.033045272 5.532480533 3.051639428
-31.221441235 1.821814086 -9.509443729 0.752739559 0.176930910 0.622390812 0.121277727 3.852354797 0.591929984 -0.654763295 2.364366939 4.251686544 6.610179020 8.877364553 5.320185659 0.134082979 9.928413914 5.664637455 3.391419865 11.897370472 5.344127174 -0.470581211 1.908241164 6.250686502 -1.717391021 3.234835359 5.803151915
-30.582508384 5.147811943 -8.783049921 0.746288258 0.034447987 0.652826221 0.125240164 1.632355601 5.536254754 5.158473553 5.679038241 3.827939670 -2.158935452 4.690303428 0.822787833 6.463602464 -0.519023203 7.248089889 2.626572810 8.747555588 2.386092487 7.624409765 6.771005138 4.339374515 2.336514838 8.244250537 0.678356129
-23.776350027 -0.606961642 -7.322487934 0.969629896 -0.090445067 0.214666883 -0.074536455 6.322280850 2.078244235 9.375659375 7.324729577 -2.085188059 6.809042785 4.144710379 1.121244857 -1.294886247 1.570080278 5.822544886 -1.092955207 1.083209306 8.194697293 5.807266018 11.665163146 4.534648508 -2.804089087 6.542053732 1.720778164
-22.593638245 1.495728461 -18.843601366 0.820164881 0.229174782 0.435438134 -0.291894018 4.095454065 4.956363295 5.084180720 1.404682892 -0.356512696 3.704065009 6.986849185 4.217386387 8.302586227 0.548355473 6.680404232 4.336366880 5.695077134 7.473133150 0.444781180 1.280406431 5.867391814 4.774630428 3.367461832 -1.279236924
-27.702348045 1.013699784 -6.805208541 0.871256875 0.005366513 0.386976955 -0.301879934 -1.008928358 1.898931611 4.041866376 6.624711819 3.354797707 2.431670260 0.020683556 3.637780022 -1.893452741 5.563526756 0.920111890 -0.254525750 6.071452502 7.786016756 5.053623941 2.222237909 4.383856051 7.626085120 3.940361757 2.843671902
-25.462674712 -7.867037859 -6.535783888 0.857913818 -0.350695914 0.343554596 -0.151547011 4.169577655 6.474135387 1.349833335 9.351544784 0.153066299 2.604211753 5.050839240 -0.106409026 7.463248962 10.100194546 5.043247189 2.753455780 1.891326190 1.392406260 3.587330280 6.415290045 2.152409721 4.542150092 6.508702607 7.405562505
-18.896610693 1.496084551 -9.726720878 0.945088256 0.124190818 0.296292642 -0.059962482 4.933687590 -0.604367760 -0.319852906 11.488618264 2.454490475 7.132318711 -5.676078244 3.569505957 5.270830227 -1.878374776 4.194276208 10.461074772 5.136680396 3.552879297 5.024948915 3.609154731 3.059439433 -0.184310795 6.427861369 5.921238398
-21.122718762 -5.542158021 -7.482386121 0.797401151 0.048678700 0.474228370 -0.369985460 4.312794053 4.005996179 2.256171944 8.099824218 -3.668491421 5.331896443 7.938053556 5.059319584 8.862906686 6.832220073 7.319480654 8.833114605 5.282801479 3.047300604 3.559302210 6.901085159 7.232373114 5.039642297 4.388780398 5.840731049
-28.150041161 4.194321336 -13.954031852 0.707175985 -0.060585400 0.582730108 0.395799390 5.968814780 3.744249256 6.440838808 1.456353183 1.020739049 9.743878725 5.381874554 -2.171826065 4.412669375 2.027160119 1.690065558 -0.123531411 2.751681872 6.223490283 3.422910425 12.399029553 3.656340631 0.668626444 6.519701659 2.573504946
-23.551018422 3.822917702 -8.448165453 0.871847559 0.186655294 0.442745841 -0.094961866 6.657760764 6.357151539 2.668316920 9.202737993 0.175823295 6.550720774 4.804150502 7.900464672 1.619078035 6.560635304 5.251230178 6.120345812 7.431922544 2.012730175 3.661528317 -0.312806422 2.880223182 3.723824220 0.119892087 4.103937725
-31.908631397 -0.110357920 -8.834220527 0.947710013 0.140560005 0.240399497 0.155873983 1.803756765 4.128027624 6.447156935 7.708736774 8.467853643 -3.791978743 1.146219985 6.222856670 1.792674622 0.253504493 6.657689965 7.202166335 5.964451445 4.765159052 -6.517022023 4.449638294 2.588002460 5.408996508 2.292688131 2.570863155
-28.905395481 -5.999286275 -12.526984335 0.852428077 0.103012553 0.492429780 0.142364669 8.393193553 -0.632416988 8.657780675 2.572872233 3.846987797 5.970110529 0.453349533 5.448703134 5.308296278 1.166431761 8.178521945 4.103318268 7.083636796 4.469208199 3.721392808 5.575918676 2.478968416 7.103892205 3.459572639 4.672066294
-17.600397034 -0.114565733 -11.707628491 0.803720452 0.261204522 0.395663279 0.359522187 6.206495449 5.326085926 2.713884575 1.263596941 0.401556773 1.393672944 2.350971680 4.404594339 -2.336006937 8.249655043 7.960851698 3.908463993 5.225915310 0.869071894 1.205992201 4.343588746 6.821007912 3.750711332 2.598829803 5.844403580
-24.167998745 1.707553670 -13.639141249 0.809832830 0.251387657 0.529745547 -0.018565803 -0.771563113 7.455673963 2.509449215 2.124145880 1.405955751 6.782361482 4.962848287 4.931475586 6.853833382 2.588200385 5.965059114 3.993802316 -1.762031667 6.552010030 1.239573802 6.340099273 4.784838408 4.244352670 7.547435415 7.555003948
-26.858467574 -6.193953436 -19.414096036 0.774766164 -0.093609402 0.463332116 0.419878580 4.188812925 5.088894422 6.136196552 0.202980797 9.290297986 10.815488254 7.330826549 0.792029353 5.781676291 2.377709306 5.396073190 8.370145876 1.636470980 5.352335926 5.113120516 2.140994116 4.975407914 5.012034550 4.715761809 0.702792854
-18.796009995 -7.762511944 -9.503557680 0.786459626 0.008226281 0.518144198 -0.336065732 7.820003733 5.058798230 3.442798914 8.263176030 3.670463979 7.935209614 4.077630703 -1.500189025 3.673920602 -4.353236684 0.153012748 -2.224048189 5.814197688 0.031936092 -2.235390491 5.874614423 7.364839674 1.454558442 9.872250650 1.040948957
-29.455163732 -6.404910496 -9.640972042 0.871493245 0.100610720 0.460579286 0.135069345 1.545704535 4.071298452 -0.324637073 3.830008008 4.453146906 5.885153231 -0.809987212 4.572269543 2.945464490 5.991227683 5.590297020 -0.484360816 8.806600007 4.223810516 0.115803547 4.686739070 1.788401838 2.334009105 5.997944875 7.467137909
-27.290088161 0.011740979 -14.728362514 0.853165529 0.228706164 0.435160377 0.174463512 5.225931282 -1.098204246 7.099489946 3.691783371 2.532511687 0.976205650 -2.295993126 4.365526459 2.218942326 1.474679379 3.898730669 -1.118132408 8.931584054 4.165228128 4.690647469 6.718818445 -0.596967911 3.230417456 3.431597240 4.799024592
-24.128571517 2.271908695 -6.275428646 0.755140116 0.034665100 0.523993392 -0.392418987 6.838806785 7.160702801 6.879120008 0.431075870 4.702830539 4.786292457 5.383258467 2.614548368 1.969127716 0.835728470 4.512554182 1.419382469 5.268152599 5.944789284 -0.536572805 3.023405193 0.668456054 4.181273831 6.922618289 -1.954842785
-29.589555965 -1.112601634 -19.802888019 0.846047969 0.034121681 0.472021542 -0.245426587 1.226921363 5.461961837 -0.401642869 5.115014795 4.258124662 7.008219105 3.951649051 1.727462888 2.710157294 6.447439311 5.250619388 3.705095824 5.217509624 7.276276928 6.486593340 -0.326973780 5.778718394 4.367779625 6.524267692 7.598208254
-29.148975950 4.220237002 -10.549427971 0.845738859 0.243119680 0.454038784 -0.139525579 6.293544584 7.243302464 7.938919849 2.533550480 2.427546871 4.220276759 8.441226575 7.581275274 6.790422208 -0.234380008 6.366247586 3.873861134 6.785393762 6.143557991 2.189036197 7.617068229 -0.432458041 3.084065109 12.698390477 5.219008081
-15.956891292 -1.671534614 -9.724066639 0.831267545 0.066272472 0.511674439 -0.206861055 0.118539820 0.415961414 4.813275541 -0.287860312 1.868788655 6.585403212 2.350723505 7.313254479 1.613441478 1.657151211 6.076117088 12.977107188 2.377178682 6.010878961 4.986806777 2.593001698 6.961169726 0.748773419 4.117838239 -0.086994719
-19.308896731 -3.353301034 -8.917442294 0.743577217 0.281617455 0.262901375 0.546504710 4.967238796 1.668887326 4.606858743 3.889473860 2.259005388 3.962050049 2.589442514 3.839853630 7.276569763 2.512658720 5.553265767 2.547518058 4.624539020 7.335069647 -0.769158942 2.126292922 4.654829995 10.360288199 0.552097866 0.900861980
-28.727383852 3.014116450 -19.790455822 0.747446801 0.184777449 0.405969274 0.492310392 7.771077611 2.891808247 1.576878327 5.487262001 6.364893106 6.708128413 -1.933010024 8.324463239 3.160003539 8.885853375 5.012950077 4.241528864 6.385703677 6.809863248 2.737689536 1.205169912 9.255103055 1.880968878 4.275021046 -1.466029617
-27.510871297 3.214186415 -15.206956999 0.789997119 0.079854527 0.434037461 0.425604616 2.691528780 -1.673078620 6.995314486 4.619930785 4.322700631 6.411953481 9.359508481 7.985594087 1.625821220 7.203143641 2.765426189 4.138690247 5.909994938 1.332009959 1.246651147 2.666880335 1.952880411 9.258881667 2.578897350 1.041218887
-27.098281822 3.913698767 -17.470187457 0.913232020 0.140303923 0.306502578 -0.228862963 5.332065164 4.752942275 0.287523192 7.480417071 1.885188195 3.947640056 2.572567300 1.989727333 6.312735001 1.503960083 7.411054571 0.833501342 1.063178756 6.826529246 4.961925098 2.230002856 0.950280119 9.057338788 2.633953915 4.492114164
-20.405126120 -0.985731543 -10.406970619 0.781070782 0.105575215 0.459982229 -0.408899324 6.515003003 -0.558093682 4.978350428 -1.620788250 0.284886441 6.325461346 7.075295162 1.233496562 3.543478928 3.723940367 6.643287930 5.323562835 -2.597904445 6.550239032 3.774574670 -1.978837197 2.109430488 3.515069766 -3.224250330 8.212151965
-18.762147341 -2.021743595 -14.795110964 0.948438119 0.013735363 0.223005224 -0.224822473 10.114010306 5.440614258 3.938386254 10.365898272 5.453495927 1.050984109 2.086383069 -0.114793187 1.776532366 7.472301431 0.543836902 1.924079628 5.952558305 2.093086123 4.068469710 3.662750836 5.306504000 0.687786270 6.150300239 5.680119054
-22.537448355 -6.575162984 -18.425149625 0.937934974 0.097221962 0.281783898 -0.177267338 -2.258647458 -0.501687169 3.303077140 4.980678164 4.952735264 1.551702402 5.487270452 9.938231859 6.623847173 3.462835273 1.442152255 1.663059321 6.302154242 0.313072401 9.095592893 5.898274516 7.212154586 4.787343617 2.621564140 8.173652177
-18.303577001 -5.224319492 -7.563386341 0.808691052 -0.169413420 0.394188166 -0.402409699 4.634060401 2.778330547 5.999846306 4.139710435 2.247095935 9.968293054 -2.001976328 0.942290795 0.838406236 4.527452757 0.891708132 -0.170948832 -0.059355537 1.774426034 -0.142516837 5.376941197 4.217923950 2.010025015 6.248866021 4.691903888
-23.137351758 -0.287030969 -6.263799729 0.765225594 0.106148087 0.475859733 -0.420380647 1.808783233 2.711543259 2.216061193 7.694806263 1.109460721 8.258913998 3.973266033 9.266818610 5.275204691 4.800373432 1.252211941 3.941580569 2.475881970 3.478709291 5.945791457 7.295233301 11.959668599 9.368055162 -1.237972999 0.708454989
-30.351592830 -0.889624442 -9.144228876 0.962119589 -0.005433890 0.269550239 0.040485036 1.248128659 3.582369421 4.148102050 7.504695446 0.984487894 4.357009531 5.009290700 6.937636216 6.116295616 2.253999142 3.403655754 4.798380868 8.148479945 3.655081931 4.322386580 3.496549279 1.113076067 0.523462815 0.953406622 2.343456708
-28.601941116 4.618420037 -13.055260546 0.737443725 0.089705253 0.496873243 -0.448605284 6.187694556 2.764459393 -0.495385279 8.465664466 6.978491464 4.306022944 4.377550926 2.337210335 6.623823264 -0.115996380 8.673630092 2.540839312 5.200039549 5.399389817 5.483946904 7.575070111 4.463838221 -2.331913634 2.795756910 7.954156369
-22.802595379 0.166231704 -18.988676853 0.820512522 0.111590864 0.408821682 -0.383629396 8.309474143 4.766220278 2.251436254 5.802363848 -1.078006466 11.739348238 0.602863506 3.277915995 1.616306197 5.633993370 4.483894246 7.874439054 3.390578538 10.465418942 -2.179319196 0.324753819 7.988108767 4.175390445 7.700461067 1.802391491
-18.815984933 6.273935697 -15.359378536 0.931277205 0.236232249 0.271371219 0.057225457 2.691054177 7.198889942 3.455123520 3.727544754 2.063041486 0.985822746 1.838378671 5.235035331 3.641977186 4.437671014 -0.469522769 1.580267389 0.969952309 5.054906938 3.161400860 5.710651973 -4.227308386 3.382790292 4.547652683 3.732159827
-31.884314444 2.929257410 -7.191384379 0.811073997 0.091322759 0.435471502 -0.379715282 5.144844551 6.255318428 3.755714125 4.025943958 2.016149771 5.126198306 3.531125953 8.647663026 3.092728133 6.694534121 10.947214969 0.905222852 6.394366156 8.667927785 3.576698376 3.859703154 -2.995122272 -0.162206843 1.660229050 4.629035258
-16.643063187 -1.272150800 -16.694277596 0.996404681 0.073651482 0.013563302 -0.039613220 2.304005867 2.907785512 3.518084246 5.407806200 3.353887071 3.696600393 4.530997543 -0.200219180 4.612022936 6.963374710 3.931435256 3.906291514 2.358003499 1.671995474 0.788073094 7.368394948 2.136848905 5.901029090 -0.619319779 8.508481371
-25.536249570 -3.333955082 -11.783738360 0.839904118 0.077383785 0.426195679 -0.327001631 8.541027102 7.333552469 3.014105541 5.010211532 -1.860764038 9.141802854 6.506640352 2.396031554 3.141314435 4.261972960 3.287039377 3.165190359 5.779517241 1.817541734 1.477554061 -1.724479055 8.500840916 4.500915319 -1.213041439 2.113975665
-24.612244576 -3.976938352 -11.712587298 0.883008055 -0.072861963 0.448581315 0.117314587 10.023749470 4.472196881 2.705570213 7.659223265 2.795711390 6.242977694 3.076236980 2.180871275 2.060266370 -1.663973718 2.927330115 1.877975163 -1.006530247 1.960386577 6.120014775 4.260401157 3.178044422 8.095587332 3.745000631 -0.339374179
-28.344033446 -8.475771145 -10.778524962 0.795768363 0.009547119 0.507537732 -0.330252958 5.652710093 5.620940912 1.172657946 -0.403340810 6.151122245 4.617514165 7.665161927 7.254029383 6.845956725 2.832357264 6.867658426 0.887881332 2.989960510 4.589207717 1.325136949 5.480227878 0.236500150 6.680413496 1.121060318 4.069395629
-30.694023049 1.599206779 -12.612222264 0.769147650 0.289324782 0.557461300 0.118067616 7.346334494 3.960117858 9.319028548 5.223141134 -2.985637950 0.836225343 2.580218849 3.563222142 5.081451619 4.565410658 10.949547637 2.110678819 7.621249392 10.010405625 -0.488549382 0.912688061 6.888956770 7.240422431 -0.857958523 7.749914321
-32.048342263 4.159495177 -11.343380894 0.804124533 -0.003752257 0.457347475 -0.379740625 5.060888073 3.980222426 1.621828966 1.838157498 4.957103768 4.800585568 1.723976399 3.640767489 1.485240775 3.698623027 4.795826326 6.653790091 5.265046367 4.414102552 1.252692144 7.137867533 11.499044021 2.762067051 3.346581787 3.516877358
-31.481966073 5.216459041 -13.833585193 0.803006883 0.202697659 0.560113736 -0.019136520 4.993476201 2.659769003 1.248683042 6.083806242 5.437932297 2.630608638 5.998247749 0.332979938 -3.105854564 4.735151104 -0.878769673 1.114921033 3.714491641 -2.898863518 0.174342795 4.576028163 4.787881254 5.293891436 1.140120790 4.306975421
-22.203439099 -8.426914795 -7.453303636 0.805927807 -0.133652898 0.404096202 -0.411489408 0.530145185 0.572344664 0.471604354 3.430554225 5.313072532 3.955146238 9.569158524 0.143793052 7.090660569 3.516126016 -0.814227736 3.392415060 3.334644980 6.097304287 5.468379312 6.756508373 0.099629152 1.178013238 5.765047569 0.731551772
-20.743374560 -6.210620495 -11.140636284 0.865867485 -0.046961461 0.268664177 0.419389652 0.680038247 2.446706331 4.333072551 2.891013770 8.020188575 8.319636536 7.102310895 -0.900822208 1.379779837 4.105445327 5.178569139 3.331346187 7.893080025 9.813495279 2.413536532 6.775922160 5.066210370 5.017097472 4.100876165 -1.932447455
-24.266133039 -1.355814139 -3.372078425 0.871034096 0.014789813 0.388111256 -0.300749926 3.169816099 1.109404404 6.290543324 1.231419160 9.127392022 5.277903335 3.973968597 7.703511498 7.026075073 6.879022344 7.152054132 -1.261927527 2.895926485 4.824568108 3.200313957 5.281391384 1.865658696 3.074990649 2.953637118 3.716267919
-23.377926761 -7.813634047 -13.415670269 0.951335091 -0.192979213 0.240249493 -0.000865319 4.905197000 2.877403312 3.307439283 0.289986544 2.332538051 4.043536372 1.232532986 -0.479066550 2.414135170 2.004389941 6.118285006 4.577083363 4.591396755 5.041556551 4.944078730 2.981535962 8.967142176 -2.604046818 4.097824505 3.234806845
-22.116937593 3.358277674 -6.538832597 0.893534448 0.055721783 0.314221714 -0.315841713 5.579514980 4.068571866 0.744682211 6.703076097 5.186692831 2.337204763 8.110933852 2.791937704 4.814452014 11.790064129 1.537895219 4.310163580 -1.939707722 7.053020312 2.396769086 7.232824832 8.928090224 7.672089948 2.461287451 1.898138625
-24.215916256 -10.991698293 -12.389791296 0.871903671 -0.113613642 0.474493448 0.041616072 2.364453965 7.739040305 4.523684002 4.813906670 6.900180613 4.972601177 6.233195295 6.920383913 6.350387269 5.608381967 3.418996759 2.042917679 10.324675165 7.526660927 6.266498191 6.383828880 -0.287354085 6.275570246 6.288763949 -0.718605904
-15.338651914 1.069426922 -11.544027467 0.807298765 0.335145422 0.434552789 -0.217048670 4.445222877 3.355607339 3.912778206 1.329239769 11.157881216 -2.134841042 -0.026632399 1.890170138 2.765832404 4.815155153 1.618932923 3.503972323 8.186270676 0.546021937 10.791585769 3.365043544 4.499408619 4.240643459 6.457356389 4.034826850
-20.974907720 -2.465185911 -3.375901156 0.759296906 0.247067272 0.267341397 0.539402029 7.439355323 6.695745893 4.684056788 4.276470021 3.640932564 3.682521349 8.726208068 0.447737876 1.065096159 -0.011848298 4.337815144 2.806227396 5.075505098 3.137419638 0.832196417 -0.637101548 9.384118499 5.088128417 6.931569589 4.524071657
-31.978663782 0.528863550 -15.224529410 0.735163099 0.080261906 0.456784960 0.494409491 6.409306709 -0.644136221 1.575260976 4.172168592 7.232038396 2.171696727 6.525238335 9.740024968 1.024265060 9.064388711 -0.629965502 4.825411267 3.401386222 0.827447457 2.504795388 6.167933953 1.345092891 2.078352677 0.524022371 3.818176680
-25.919500026 -7.044542060 -16.030242712 0.739651174 -0.057869696 0.554666522 0.376712474 8.003251025 5.351988701 -0.098508237 -1.592479716 2.480844622 6.832021474 5.701725038 6.479666244 -0.481056724 1.563558368 10.393868942 6.698835037 2.956564181 4.399733851 2.029344137 2.486521996 5.389529664 9.699919449 6.514846772 -4.206892686
-26.156024867 -2.843111818 -8.708107635 0.859962336 -0.181968128 0.430985299 0.203970715 4.755285810 5.834179781 -3.215726852 2.399123317 5.673560729 6.207667232 -0.250101073 5.953219875 3.854333062 7.980888008 5.261176324 -4.054126273 6.976065849 3.017779159 9.887346091 5.949563428 6.385983544 7.457855320 6.687202843 3.693443002
-21.256603658 -1.920614460 -20.916223062 0.802754667 0.065427163 0.297247860 0.512784497 2.499014283 2.996840990 1.657064527 8.241004760 0.282759011 2.707017626 -0.105473885 4.973898729 5.617085744 10.120294939 1.610610473 5.831981059 1.558315885 3.979416702 1.735212304 4.581458883 5.379819470 2.285358554 5.443211105 4.708822364
-26.825393104 -7.400763829 -8.545037526 0.764928258 0.004339866 0.541778023 -0.348342503 5.526946791 6.138856206 6.250998365 8.370308282 4.517315232 1.162151179 3.799932223 5.544138055 3.196060464 4.196195458 4.003662057 3.537694616 7.411790033 1.303783784 3.653667061 1.737719408 6.487137110 2.536283125 4.654976658 6.158984274
-25.292564835 -10.057844121 -8.108081953 0.781278227 0.122969854 0.296431514 0.535360724 0.857572192 0.426074510 -2.422792882 6.875398428 6.009337597 2.495746357 8.353029294 6.240375345 3.668436501 -3.132801033 3.121382678 -2.047480913 -1.539418231 2.484162676 6.736921840 11.166846160 0.145301159 5.975453555 5.540324869 7.761814814
-29.271026641 -2.174198670 -19.204867541 0.733510903 0.209888505 0.645038989 -0.042816741 3.374302457 3.672134872 2.798973367 5.483356056 3.512300440 7.707088382 3.504583444 7.833644690 0.102516492 3.175692857 -0.849694150 4.179326131 -1.237683426 5.675735997 2.396557499 -3.045609367 0.635820660 0.486671450 0.101471786 4.156640506
-19.737126712 -5.475258968 -16.570848060 0.827366627 -0.099040999 0.547425951 0.077331573 4.719519146 2.026527448 7.051386105 8.529686021 5.377064450 1.778083335 7.170261291 8.379557842 -0.583319230 5.201298887 3.087549448 1.732247130 2.942951743 7.069167485 2.730342558 -0.058236212 3.880318872 4.286865683 8.018616365 7.524379138
-26.351322605 1.667476702 -18.382557443 0.818657601 0.187244010 0.387028553 -0.380720780 2.711058276 2.539955937 3.481265539 1.611472603 3.085762880 6.057934971 7.331288621 0.049246306 4.954469344 3.186539950 7.415711218 5.073071989 5.495863023 0.448776137 3.691872917 4.397242110 9.981518985 6.716874265 11.292265582 5.382634326
