7.424195702 11.540023794 -32.557244667 0.925812099 0.337034790 0.164036760 0.048697523 3.879501611 7.836923678 -2.609762494 -1.762680857 5.982001003 2.944874327 5.670682436 4.228739223 11.277299097 4.625757007 0.597097920 -1.396452965 6.783783563 5.661453579 4.787143587 5.921130797 4.565948614 -2.723376933 -2.812311697 7.237756878
4.079820133 8.798040881 -26.463382080 0.943562323 -0.082209543 0.245169709 0.206938510 0.774090472 0.053332254 4.275852604 2.755033988 6.558779740 5.153348752 -0.592495688 6.634833819 8.536793043 2.271874786 10.589644471 4.634938474 7.477960722 5.145746403 6.692951073 4.410014611 3.321638538 5.430053679 10.428999668 -2.453813440
14.312647807 4.391693858 -25.393045658 0.965780893 -0.013697728 -0.179877821 -0.186342719 2.685915534 3.714139575 8.463439321 6.865251630 5.051523220 7.064133280 1.776809878 4.695963923 4.857312445 1.332905515 2.805806406 6.972587743 3.174636402 1.512713535 1.185041445 2.299321333 6.572316345 2.888253625 10.015414984 2.759296229
7.622797354 17.212953072 -20.240036733 0.759191798 0.454504837 -0.074634989 0.459872575 2.941994371 13.854222625 8.127776540 1.899517701 1.805499469 4.857589341 1.231318658 -0.015920754 0.894146249 7.555739279 10.305867860 6.068078684 1.721026021 4.129157219 6.451104382 2.660080060 5.680652057 -2.759299087 1.541281482 10.437819103
12.840901252 4.193742214 -21.621165070 0.921373588 0.345389695 -0.134924344 -0.116499319 4.914381610 8.851203554 0.714148230 5.673038709 12.520381004 6.607886712 5.524892719 2.971832900 -0.933807674 2.413303361 0.732434543 6.022945262 5.746535958 3.602759221 1.900524428 -3.762276172 7.155914044 9.810121352 -2.174068173 4.154244464
10.186794714 4.086460770 -19.355547031 0.996808899 -0.078579313 -0.013883853 -0.002132770 8.776654457 5.389050630 9.339345931 0.064924739 -1.060071638 4.756762887 5.149450276 0.415496605 4.718352318 1.465168720 1.809692960 2.057839431 -0.501097336 4.534373572 5.517469786 6.398970614 8.665987616 4.246881478 3.786608271 3.488088345
10.984668233 8.338565719 -27.038971039 0.759945315 0.630361736 -0.027050362 0.156190518 0.346794321 3.173017698 9.466455784 3.790009212 -1.424600934 2.833204219 3.196970659 5.948576124 2.133521263 3.656940305 2.175506279 0.048940397 1.351013959 2.944681867 1.663300820 -1.596409478 9.918500850 5.375575840 4.665761286 6.968193012
3.291289677 10.927131967 -16.900381641 0.720439559 0.468520486 0.067334528 -0.506874204 3.208151456 9.639608932 4.773905617 3.339307462 6.404469068 3.248816800 5.409553079 7.789620762 6.804798802 0.600753451 1.381971698 5.809379313 3.370763941 5.081886189 5.672679967 4.992171772 -2.176324772 8.789537154 3.514340244 3.634565659
10.460316861 14.678893705 -29.892836002 0.867342395 0.329868436 0.138000394 0.346207849 5.297317929 0.684670157 1.952883197 3.290754103 0.051265308 5.290534388 6.541021094 1.473139146 1.006121079 4.827822718 6.672078102 6.155712118 4.121057144 3.172555763 3.936838434 4.764560160 4.815000302 0.130191710 1.898593648 4.197589286
8.860256166 3.018176841 -27.039620223 0.768020677 0.613476347 -0.091892436 -0.159206756 3.395234722 5.396413346 2.981960291 7.493579740 3.895493309 4.948906468 3.993358988 0.914443390 8.338254629 6.328871509 2.732139530 2.410989640 5.649051181 8.965246696 4.758329466 1.322051331 -0.724164733 2.643814221 4.143367358 3.445390523
8.832159824 16.607083671 -21.994922987 0.722797670 0.589106841 -0.138367619 -0.333723030 2.383022581 -0.742142867 7.469102487 5.744493699 1.911874567 2.016999434 3.753237191 1.794624925 10.633322473 -1.819751671 3.101012456 -0.597886150 3.917194455 8.825845668 6.110736885 6.059409263 -0.948513775 5.122151402 7.047618746 4.337904845
2.754035800 17.958791881 -23.519108977 0.983156988 0.145315292 0.088260059 0.067051957 2.490198812 5.425106857 1.514323963 4.542939123 7.365674600 -0.340730299 -5.723940773 6.726697891 6.439167274 4.101994501 10.814500638 3.276168389 4.518571035 1.357309515 10.798845535 4.834636554 6.514845273 4.766299141 5.834646034 6.233181881
7.364606011 4.032058353 -26.839870011 0.784821207 0.505440777 -0.322714967 -0.156334076 9.759352412 -0.572240580 0.768837471 6.365769629 2.920231744 3.527325495 -1.630642356 3.425095347 1.418609581 8.679016134 13.303297012 0.137970068 2.720709259 2.445728564 0.351760882 8.051213654 -4.016762770 3.902747285 5.683194537 2.412175686
8.821283343 16.834645813 -21.941076016 0.850942934 0.519994085 -0.073813440 -0.007338298 5.562582144 5.246061269 -1.977791375 3.012050957 3.555501781 4.630939900 4.906029373 -0.537389101 0.121443017 3.929408938 6.064603717 5.583804555 1.891867213 10.484114066 3.645301055 11.740108964 1.599673840 4.192696256 2.080926707 7.733435367
3.699672189 12.951983647 -17.187961499 0.835969066 0.499867014 -0.093959494 0.206058979 -0.757486445 5.043578734 4.417826968 7.423686111 0.616535746 6.439235722 1.338098067 0.206030467 2.152100848 0.438774758 3.993497704 5.469709955 6.253819811 0.674802430 2.736228228 5.706451458 6.630945113 2.389121640 0.929966624 5.544686627
4.368550040 17.142942548 -26.313577952 0.953411354 0.100238490 0.176418817 0.223238520 4.050817034 1.750529466 -1.070139745 7.050004064 9.582995714 7.464736600 11.169222379 5.136389079 11.800522123 2.710021697 3.318746865 4.335591567 1.515320220 3.168367333 5.864398521 3.023376950 7.374260654 -5.286077059 2.380824895 0.547120735
6.482366236 11.327747379 -15.141242249 0.850114974 0.504943324 0.149202130 -0.008688779 -0.206946737 7.685732815 6.307401936 1.155176196 8.234642965 4.643086570 2.921941168 4.821332596 7.259987606 5.821435290 0.398629230 5.122409073 2.308298269 7.684045564 2.203584756 5.970153822 -2.551794194 4.040357318 11.661932937 6.882339656
9.344204283 11.086903689 -29.270067465 0.721027380 0.583600948 -0.293706552 -0.230794092 5.559427391 5.976904287 7.655427723 4.884870496 6.862856940 3.842007898 5.051093945 9.393814592 4.161879216 1.107104375 0.904499448 1.535282526 4.707738534 -1.299022253 1.731141611 9.632706146 5.441449893 3.126072790 6.540656451 5.774176506
9.203210122 17.421352080 -27.868916988 0.956222308 0.290621707 -0.004175161 0.034065946 6.724406306 8.093319515 3.407905559 1.477823739 5.377539161 0.223571984 7.741549455 3.665939160 1.315401465 4.983713237 4.123303809 -5.358816819 3.705979725 2.290780554 2.476002764 3.438342431 -0.788836047 1.269986592 6.207587838 2.925388838
16.331874736 15.940514318 -22.856699297 0.872551605 0.410750446 -0.217290691 -0.150739917 4.497745072 6.223511558 6.029475347 5.990699421 5.663496927 3.533952335 -1.470808566 6.003702186 5.937490112 -0.093899059 1.259402978 4.263136125 2.315059675 5.802229632 3.564948957 7.061514828 4.382352645 5.449737633 0.850266085 2.610362726
14.099854988 10.508722342 -32.408791185 0.734715915 0.333629379 -0.556392604 -0.198270602 3.615642344 3.030166132 0.387998302 -0.310574826 3.755367899 2.668723276 7.003607462 3.852674691 -2.668466697 5.507307975 -0.002086657 10.500697422 -3.259597605 8.577375173 8.541610781 3.163031045 0.711952529 3.758166954 10.176849436 0.496544373
6.966088888 2.547695284 -21.049690173 0.850355503 0.475802464 -0.151178777 -0.166290443 3.870340003 7.617348843 1.296213099 -0.096105258 -0.989881087 3.564328118 2.642829421 5.642467843 5.159908519 5.115267305 8.340975405 8.160668060 1.875095745 -0.166929477 3.536776858 0.347018821 3.008933008 3.968170994 3.509053320 5.270160540
6.943563050 9.352024544 -28.684426775 0.707356823 0.688289392 0.159347743 0.022634809 1.051568039 4.114656931 8.225551388 5.713386143 0.317745163 7.534092454 4.246474455 4.069879220 2.871313649 6.365541212 5.244510965 4.097728207 2.519520342 3.845677190 7.506281165 0.061177066 5.425848357 3.424112331 1.684433234 6.145186608
3.154089893 19.068249552 -23.243148299 0.788440735 0.474279338 0.288097160 0.265368317 3.270495976 2.924646060 7.441354267 4.144849070 5.781268401 10.786895846 5.865788962 -4.419109659 6.758234725 -4.493377126 4.293062393 3.736686575 1.835484503 5.502450607 7.138040804 12.054481731 4.931844943 6.885166037 6.148511485 3.696695514
2.523267556 4.586057672 -28.910704846 0.853121191 0.509912422 -0.015637158 0.109220122 7.483719204 1.391829270 6.958597889 8.623119408 4.499610262 3.698361879 2.471383677 8.403975378 2.522460716 6.867033185 6.492077544 2.733437908 0.122239742 8.658494457 8.565957969 -1.016377141 3.631136720 2.811505180 3.728052294 15.466374216
12.969920874 17.493569958 -28.831273685 0.993095569 0.070081127 -0.080809227 -0.048163224 9.081925064 5.670375417 2.812888894 3.852709305 3.202789105 1.834360610 1.589053536 3.529196197 4.315555434 1.691244826 2.259190320 0.714049331 8.295264638 2.371267230 1.607517759 6.601807164 2.845915723 3.534581068 6.108495122 2.218044105
4.605673612 7.051078695 -17.728397766 0.814213651 0.459137844 0.038330798 -0.353241166 1.073680253 4.057795389 0.661579144 6.773964636 4.408140946 1.768361365 0.047507087 6.247121202 4.674292607 6.797316463 2.291320079 7.806692848 -0.436336418 2.759799271 -1.207479873 6.859083481 4.562555920 4.017693644 0.655260476 3.811275660
13.660449980 16.853437414 -18.096231795 0.876663739 0.316172470 -0.174800433 0.317711294 2.107907280 1.683120927 7.011910710 5.171895292 -1.039972032 2.784888045 6.207132357 6.276356223 3.402049797 7.348359942 6.227466625 1.753768770 2.668199428 6.333299926 2.460519783 2.964913568 5.121600040 0.844405723 2.473758156 9.114055861
15.183926477 5.752498865 -25.503368433 0.887545826 0.366597125 -0.233555266 -0.152711795 -0.174354976 2.379638365 6.834027329 -3.058979547 4.054601398 2.883954449 1.632061738 4.674833705 6.302473720 1.456933576 2.389788882 4.741499477 8.130388304 7.159506476 7.178099698 4.112658573 -3.370657986 4.750248029 5.728729230 3.682265868
9.551831349 12.617359176 -23.545531783 0.980034889 0.028976655 0.132139587 0.145708952 4.766803495 8.024795117 8.919934000 5.028943331 3.318617146 5.633278075 6.624291304 5.003193891 1.373831202 5.692702613 5.090409607 9.522471589 3.044604095 3.486057985 8.680612486 0.037163716 1.903918270 2.625091801 1.846769295 0.520432577
15.299118006 14.521324230 -22.521845182 0.828907754 0.427803187 -0.340168319 0.119087711 6.165830982 1.302407289 0.112641232 2.550576367 4.619447189 5.849828522 0.660449955 4.026191897 3.898534246 7.416317844 7.771353851 -0.122255288 1.652276901 9.611445463 5.321383682 -0.814819546 5.470866441 3.693942179 3.242333106 0.771084467
6.946380462 16.777552608 -30.566122329 0.974637263 0.077661335 -0.141812527 -0.154725982 6.957613604 9.275374452 2.017748080 8.923160538 6.144284002 2.202933660 -0.433240584 6.037326630 10.138896488 -0.712331147 3.185685975 0.046195684 0.302309316 3.542751742 10.096359701 6.440711672 1.952381113 4.962759252 4.683932539 9.754313813
6.068983029 19.559834233 -27.147056097 0.873204435 0.334860731 0.065353637 0.348010356 -2.176877743 9.555876004 6.844383373 11.604882031 9.137509214 4.670706383 3.247134308 6.433601389 -1.313061700 2.060825137 1.969262794 6.242595536 1.251650692 5.581286556 1.322273185 10.770190484 2.654683576 4.138259330 7.287567520 5.743697885
9.301658418 10.375606556 -24.314810861 0.830514721 0.252186743 0.330601074 0.370607711 5.607458881 3.154590777 9.315083154 2.378139613 0.005661594 3.147584197 3.540652532 3.808012111 10.892192336 3.127831294 8.819053015 1.603376835 2.049871360 -0.041646658 4.866417936 13.408293641 2.741619178 2.714970476 3.854049553 5.595822926
11.572949631 6.449931481 -31.658034928 0.795685408 0.509427499 -0.223893161 0.239249257 5.608287313 4.928790908 2.767373541 3.566725666 4.417145828 1.886491629 7.143138703 -0.632619788 8.262631127 7.970300134 7.789196027 -0.200285664 5.641121638 5.227826746 6.976995004 10.637919127 2.418422536 0.208607280 8.776440977 5.011715960
17.774328006 13.203684696 -27.697696725 0.852421220 0.346378350 -0.103436620 0.377757817 1.817544687 3.383446671 6.022164329 4.548462265 4.960640521 3.767744636 8.221816285 1.076326232 2.674262415 2.336888894 8.433911421 3.506297551 4.102549593 3.114767411 2.077069221 2.458301005 4.671947969 5.593172014 2.874554033 4.911932036
7.855556298 8.303268151 -21.608948698 0.846129820 0.482397273 -0.226595084 0.003444673 1.197902037 2.450413850 7.832784397 6.817593319 2.171482747 10.089982665 7.521981915 3.875312097 7.247457228 7.665422348 3.267159475 3.759609581 -0.505929523 10.664660916 10.916808238 4.225883803 2.999210068 4.971813452 2.664477080 2.894025292
10.671581672 10.590693803 -26.372299854 0.742766765 0.539562447 -0.308482165 -0.249015365 -1.928554789 7.043070348 6.834107665 1.480023015 -4.142243187 4.568558449 9.376050633 3.266851633 2.977863682 4.408613781 2.609263167 0.999309908 4.844845500 7.240728840 6.576589706 3.713190936 3.177507998 -2.967195397 3.163782775 2.246672371
13.452454256 14.483631436 -20.277927174 0.913728461 0.329582770 -0.212929868 -0.105528993 2.928858607 8.016267537 -0.681627488 5.626019305 2.066666524 -1.024253954 6.721649737 8.916722175 5.314629933 6.042477888 -1.098141052 1.195815885 14.890980192 4.977509337 4.007567874 -1.256336307 1.329420646 7.401641831 5.782914863 5.134973052
18.409462119 11.002761301 -25.023900881 0.979152192 0.183947511 -0.086163345 -0.000420676 3.406350983 -1.204364028 9.458586373 3.638207947 3.139829485 2.628913627 -0.790547605 8.415999691 1.609718836 2.949059336 7.099025578 4.271972301 9.450437554 7.127223684 2.101489314 11.139575444 4.180426429 2.909200778 8.366344838 2.770296960
4.622207001 16.248726470 -24.760150351 0.885172359 0.408099354 -0.021341460 0.222417074 8.394192152 2.490095130 4.659160207 8.952967668 -2.042142235 5.705640253 7.993425234 0.745648871 1.447437275 5.648153455 6.434750771 6.885219153 2.173306443 9.050016163 4.510378896 5.471820290 7.345185937 3.805441739 4.241249790 7.691287141
17.536054500 15.203733589 -24.716483357 0.981779504 0.044827914 -0.126602035 -0.134429866 0.333424451 5.530780750 2.997649938 4.590814838 6.027066375 0.574676742 5.764237477 5.012744051 5.527771439 0.617348586 6.871359675 2.779100272 3.488468612 11.320814246 2.105721462 3.395993250 3.548445665 8.180214201 -0.434201694 -2.579618392
3.986091409 7.703449762 -27.907669867 0.940213347 -0.121083936 0.251504890 0.195148234 4.754660291 8.371778032 1.562574499 4.781421105 5.674792973 5.792146049 6.261147009 1.076806107 -3.840124639 7.255356672 2.868602341 0.586598954 6.653252795 3.714715364 -0.814562762 8.693900118 3.356578950 5.681535068 3.651301567 5.830067564
10.141249027 15.345236553 -24.610314357 0.866269335 0.481834845 0.098362359 0.087962881 0.861960661 3.688989034 1.998894250 8.122521308 2.355039534 2.980667908 4.949511943 4.032542101 3.355592299 5.997727246 2.361490207 3.052066098 5.657721187 5.298203483 5.545177848 0.521261000 -0.627970737 4.368030981 4.415683819 1.802203543
12.483428860 15.807464786 -23.772206300 0.905286884 0.294393391 0.169670386 0.254951269 -0.103016302 2.469805380 3.918329193 3.958571546 2.160831877 8.111178562 4.964766719 3.790737400 4.321256001 1.056675945 7.175629120 3.933232792 6.832836515 7.967716559 0.851885098 5.939974456 8.757806846 3.695324878 4.810417369 3.002709586
11.591018397 7.070042474 -28.156213313 0.984854189 -0.056355661 0.128313194 0.102088154 1.108662493 -0.056127324 7.757718622 4.143639094 2.351280366 3.457062073 3.605738304 4.749464785 8.464463164 3.379137634 6.056149570 1.759138374 -0.306762506 0.507684419 3.730906343 3.065247205 3.063560588 1.642170465 6.827498095 4.604380256
9.100207683 2.521706685 -26.380718123 0.921516759 0.279758756 -0.252832575 0.092830979 1.224226244 1.680723510 7.116321921 2.192181562 2.044011661 7.635931360 -1.957381030 2.782688473 -3.993058148 8.556821218 -3.674824452 0.101308167 7.984652063 2.252123302 3.260313811 -1.075886590 3.860858863 -0.926087614 3.471068370 5.859509714
13.834969709 5.151933481 -21.105488627 0.891044791 0.222118607 0.237154219 0.316954857 3.767765494 5.590453208 6.195034583 4.830213870 3.847579562 4.747314654 -3.328136505 -0.725636945 -0.793669531 6.909527696 1.764697546 1.390950892 2.208287588 6.884661308 4.964530631 1.683072029 1.562247597 2.466853193 0.150186640 1.728341087
3.262875896 13.843484804 -26.461603654 0.734611893 0.548319091 -0.303477959 -0.259985903 3.521159882 6.443732280 4.316799048 1.986832164 9.446770432 2.866031045 3.227160681 6.707116188 6.683375636 4.123996469 -1.376471437 2.605700771 1.911298670 7.790151110 10.052523867 5.191157702 0.856013571 -1.348998915 4.999976265 3.745331689
6.722934669 14.350299826 -32.884707939 0.765868837 0.549805462 -0.153222923 -0.296110814 4.298939612 6.271384695 -1.971834702 4.505702351 3.473541359 3.255739378 4.890647202 2.813959263 1.933581572 -1.809540171 4.052798769 4.297628767 6.878177611 4.763615938 3.346315406 4.692885127 6.677311864 -1.159522159 1.903114246 6.679773539
14.807662680 6.632630521 -20.252071980 0.879756691 0.330274394 -0.053010257 0.337841534 6.207213431 5.852467919 3.958051978 -1.612986570 1.258196640 5.204616644 4.971871580 6.955825847 -0.415841938 9.679790151 9.752383612 2.022003339 10.066175826 7.374345971 2.340433751 1.539886724 4.877950272 9.010879951 8.379512803 5.154331845
5.089431121 8.899099832 -23.718206301 0.993633452 0.053222233 0.041642361 0.090143616 7.763766668 5.723415468 6.288690886 4.414499317 5.411241596 3.826871051 5.002019210 7.949162372 1.016486279 6.606584083 7.359854066 1.925741571 1.637137308 7.965907491 4.507356370 3.528683270 6.436763670 -5.180003721 0.464298007 0.103602491
12.383577186 3.326389490 -19.770920569 0.732073871 0.671413992 0.053051507 0.102257699 5.018948919 6.689115854 1.788839706 3.959568542 -3.213959760 5.293979873 4.339840452 10.387797950 0.945916223 3.925198598 4.816412840 7.360518359 6.845061462 3.064427822 6.775870661 2.504522792 2.617225368 2.879048935 7.139086069 7.090040148
9.803915312 7.255594855 -33.105275225 0.725614946 0.480709656 -0.491355458 -0.031160728 4.741473619 1.711634907 3.912425332 5.297008127 0.137627519 2.132467171 6.650575876 3.055652518 6.528410637 5.808601235 8.148546686 2.510950482 3.492392809 3.790480836 1.463363834 0.458914280 6.214313109 10.077634856 6.848261940 5.443434817
5.923752272 13.984650330 -28.854600328 0.788191938 0.418872944 -0.263156844 -0.366124844 2.174803744 5.834883059 -0.130763627 3.281267652 1.267474391 1.860368645 2.320697991 5.732674927 2.365399778 4.306549401 8.095049157 3.232718771 0.094925636 3.989980927 9.006396590 8.601461481 5.840252943 11.054054953 4.880593469 9.139525375
10.372312888 17.329987145 -26.329794137 0.717870006 0.595419524 -0.169115688 -0.318650481 0.894831174 6.206741581 1.527642475 3.185018636 5.142467986 1.489298213 6.796829104 1.288476059 4.917150347 -0.287825358 -1.005600364 -0.948898513 2.035701427 6.328328803 8.605248715 4.734045030 3.643792478 5.151607584 4.435042009 5.503804697
2.117572375 14.399248300 -20.751992400 0.741043028 0.527899458 0.052622356 -0.411592371 5.614834657 -1.566436818 7.113695310 4.669102942 5.818120972 0.403079402 6.150898533 2.392674727 4.188108608 7.543761503 0.788235815 8.413057513 3.878720255 4.974831204 0.752126726 6.897360742 11.424831523 9.049298828 4.912901310 2.030223680
5.024980151 18.156573437 -25.141531856 0.806289208 0.500859198 0.123141037 0.289610190 3.387231241 4.277070997 9.529964569 2.811523585 7.946004578 2.978446763 4.589228062 2.713420343 7.025313860 8.104614448 6.276078560 6.439177178 6.433705491 1.394113292 9.358310365 0.687652686 6.141165936 3.440584735 1.972829578 5.181670979
13.630610965 16.481199258 -26.763793290 0.880385423 0.431143008 -0.142335054 -0.137032649 2.026989045 2.268933046 10.744521555 1.903326291 6.094514622 2.913842848 3.617764506 4.431467750 6.999133270 3.379725249 6.594552882 5.056162583 4.260729448 4.581051155 -0.718359121 9.039629198 -3.155343771 6.868286367 1.187521851 1.364422587
1.211991301 5.944294231 -21.779134040 0.932010966 0.025012772 0.184117409 0.311176317 3.342289601 1.583916892 5.026271501 11.771863646 0.804934917 8.157507681 1.524347287 3.648617489 8.561734531 6.251281578 -2.903479205 -0.509958491 6.051592897 -1.584278967 0.681372446 2.706040105 6.040591674 4.141910370 7.780355727 5.279762028
11.078906638 6.271459931 -19.894740559 0.883352189 0.312691536 0.211942027 0.277477011 3.935701213 -3.867573781 9.357324810 7.467542634 3.496484736 4.177663183 0.035939529 3.651324505 3.127710162 -2.902414899 3.387743073 4.986435341 7.600746117 7.774785234 6.375703531 4.092839107 9.468964346 4.697492508 3.120473579 4.308617658
11.105474010 16.905624067 -31.469670035 0.772170007 0.603935406 -0.179434060 -0.082576771 2.326898495 9.329013934 0.616590436 2.754370265 0.892012491 6.855013598 0.421945613 10.710539532 3.943812093 1.963946512 3.970831790 0.449975620 7.541879881 9.999805396 0.677820332 6.804866002 4.985579682 3.787597964 3.234812337 -0.908622872
5.816665859 16.578546985 -19.366095486 0.794952945 0.480300435 0.230476240 0.290244741 4.171142199 4.288210112 9.855053224 2.408742093 1.751748828 1.786541569 1.353352050 0.468755184 6.076111040 5.626638599 -4.532576791 6.870265426 7.531543127 4.033886743 3.058612520 4.043042515 1.360719962 1.504361722 6.356264320 7.064444048
16.387767793 15.077199436 -22.310052135 0.741176603 0.403354630 -0.380939131 -0.377951934 1.527272820 9.111341006 7.057303457 8.758855240 2.395913830 7.429499699 8.273054339 7.878065635 2.082711989 7.516462115 3.072183758 1.605999829 5.008361709 3.028586259 1.454629285 -0.076272806 7.036969474 0.199703229 4.006320058 10.245700665
3.377739111 10.574225882 -19.111447801 0.867443482 0.469463146 -0.064958985 0.151414963 7.748112384 2.366024782 2.892643316 0.999042238 8.257472244 6.239532220 -0.274515561 0.562646762 5.949781447 3.570787198 2.969384830 2.199554341 1.066129319 4.145494202 9.064710528 3.101386536 -0.696578620 -0.553646537 3.778707072 4.110854542
11.792986116 12.599028208 -21.999789524 0.772066125 0.601047632 -0.079195349 0.190745221 1.132911846 7.812790594 -0.276933595 5.157403616 1.763785732 6.161833470 8.414152268 -0.293057126 7.909871462 6.150274086 0.760401705 5.807468648 4.512226667 3.097131117 1.357436605 8.721763296 5.800570345 -1.996844567 2.806385130 -6.184923568
9.674373670 20.122868705 -27.260010619 0.974597732 0.113768870 0.107252538 0.160352108 2.524587817 10.177017980 1.659650037 -0.989274608 5.412000804 10.067474269 4.004243670 5.069097255 6.701554230 4.459342576 6.367794761 3.918783494 2.127806496 -0.051503237 1.650237544 6.659732714 7.716453117 4.375267628 1.195498419 6.364069835
2.215483671 5.626469165 -28.348444423 0.886654624 0.340233304 0.311796222 0.029461715 6.977495052 2.271028059 3.723730702 3.732398995 4.127818052 8.388893992 6.225497878 4.736731547 6.741302267 5.228539897 4.961181320 -2.744040159 7.409259905 6.100562753 2.798665320 7.868927693 6.815328365 -5.170948852 2.146075474 4.465881013
7.363379979 16.532614091 -28.546278638 0.765611743 0.630398171 0.009110380 0.127881997 5.935017629 6.210741945 4.206259766 6.549195507 5.356793974 -0.607457333 2.419601272 2.696662548 3.433337677 6.520656481 0.564760765 2.890133679 3.647205945 4.088114327 3.171772730 7.874828100 1.027805794 6.855121614 1.503920411 1.422119909
15.316498349 13.442178140 -30.805116685 0.759250435 0.518120511 -0.376703299 0.114823941 2.762820700 3.325884773 4.242537885 3.486655331 -0.434742519 10.123716874 12.006099694 4.873386053 9.662880684 6.584301863 4.734022855 0.926988543 3.456727731 6.981150374 5.221920339 5.254658981 -0.226484364 4.291749338 4.268900373 5.524380188
6.135062986 10.986761602 -21.728441114 0.821578425 0.451451197 -0.303242884 -0.171010120 3.777373267 5.368563587 4.072016814 3.167294853 6.012894541 -0.221134494 -0.767687235 1.580185449 2.759206984 7.465542244 7.484462092 3.922476303 -1.137634484 5.759626756 7.697027760 0.854220995 -3.712777574 1.220909513 2.512402614 0.503794659
3.862601271 5.732000199 -17.897281504 0.811172289 0.298536523 0.454546427 0.215088372 5.198074766 5.744151195 5.889771008 1.674155178 8.243069069 4.429896434 4.577900192 3.301933782 3.909634398 10.273235902 4.277256411 5.521029270 6.913317634 1.785790086 1.050267594 5.670232410 0.698818956 9.161965423 3.142838869 0.953716613
8.690557434 6.202636061 -27.940179167 0.841062279 0.518793708 -0.096462944 -0.119005171 8.119015664 5.366054950 3.898235839 6.644197076 4.551201634 3.214680776 8.631739828 3.326726169 4.214408665 4.198096117 6.165101347 5.643951286 6.695872044 1.159408158 4.238631981 2.132797330 2.593427765 4.438864301 7.176974477 2.808190609
4.046591949 13.931747888 -32.067730206 0.869012809 0.239523234 0.351749931 0.252422948 3.580525432 4.856338861 8.385997949 4.891814901 4.271168064 5.666411471 4.074977521 5.822838567 4.992381798 -1.366570959 1.971429247 -0.545340381 4.042759170 3.227897193 3.783704563 1.892230825 2.876990811 3.771652550 1.968642280 4.527158820
2.875282485 8.623283987 -26.642882210 0.775723895 0.568442100 0.059004752 -0.267664823 4.363477166 1.464735688 4.662066236 1.791728799 2.057433091 8.233274851 8.605006001 3.860350147 5.138806852 2.304647939 -1.966596334 2.685703889 3.664297444 8.056973074 4.157029837 9.776001122 7.157229340 1.471127044 3.390363716 2.657378525
2.605317588 10.096703464 -27.605035960 0.718035061 0.544622589 0.262794870 0.344602297 5.902468033 3.528339004 4.342145464 10.188109175 5.662623903 1.619996892 2.697038609 1.757640828 1.591269468 8.069901503 3.330718731 -1.958815148 -2.068565888 4.815483472 4.667033958 3.557781542 -0.146038868 -0.487508430 5.640384961 2.986248896
6.727995592 16.537441057 -19.394282469 0.778352460 0.321670945 0.295931306 0.450688267 8.966446533 2.026118973 6.528210764 1.671696529 0.653827658 7.360184304 1.051406861 3.375751475 8.178128076 1.772217258 6.874026285 8.795471909 1.415745126 -0.884146111 1.989795428 2.910110415 5.391824107 6.695280955 6.543341006 2.442170165
6.552795027 2.323190642 -28.025984820 0.802177403 0.497661056 -0.276240880 -0.180377003 7.541255260 7.911487924 -4.410673725 3.263687049 3.668496199 6.203677672 -0.747777135 2.165179919 -0.719248539 6.696665293 5.031473012 -1.897157458 5.602776516 2.737496757 3.110830105 3.656360857 2.452696575 5.756290981 2.267375033 3.883037210
6.568464875 18.932930974 -21.639591983 0.719339162 0.583620137 -0.077242274 -0.368744271 7.474215290 2.156560470 2.340105807 5.270055440 10.716754389 1.299732947 2.328635774 4.313992887 5.930118098 -0.249857752 3.638111944 1.159216070 -5.198078312 1.247771503 8.320215193 3.501393533 0.091353960 11.299568005 6.907811836 3.261911683
5.978890065 15.648084141 -18.297654659 0.928892141 0.323457945 -0.100256615 -0.149943185 6.770376315 3.080028980 1.595231460 6.025203602 0.280672818 7.758822717 1.105937935 0.255753829 5.976070157 0.997841862 4.952256996 1.192746463 -0.004380156 -4.406590125 4.066311695 7.130663698 8.345830114 10.536986007 4.849516943 3.553360744
3.269669029 3.594960611 -26.309312701 0.957023972 0.181456825 0.221755968 0.044752961 4.986591515 9.024781399 9.467252076 1.896061731 6.274200435 0.578954980 3.354572656 -1.823959379 6.671402194 4.262892341 -0.303640883 3.852491854 1.478955457 6.084095979 3.442817771 0.848741111 6.883066619 6.986388238 9.193674372 3.477560262
12.446294450 6.695743178 -25.647449568 0.811604024 0.301104613 -0.481474472 -0.137175990 3.400566470 3.610436998 2.171707901 4.606326927 3.686403037 -1.868528907 -0.536299887 5.853429116 -0.315943959 6.631898460 3.671476384 1.671072923 3.959732151 -0.727997412 0.771430906 7.523289424 -0.485123316 6.471235409 7.293387951 3.913998470
17.202554753 15.544657984 -24.694246092 0.948589506 0.233022663 -0.132217676 -0.168513721 0.996214672 0.782094556 0.497663662 7.353776882 5.049040024 2.197960842 6.463177578 3.464250691 1.041532926 2.852509690 1.987611951 5.528722040 4.017669077 7.836356751 0.947089192 4.320855849 4.433787446 8.070559130 1.726396198 5.083594479
10.705701257 14.402266108 -25.076336509 0.819992555 0.408532942 -0.366532409 -0.162379305 3.483549042 5.342119057 5.955038772 8.440592108 8.855061529 5.075634067 5.042330253 5.268871536 5.860866476 1.593904726 1.851602043 10.502312564 2.908923530 4.034060302 0.297305067 -0.389032004 4.900005290 -2.339110444 3.776328978 5.480057518
7.070123318 2.348640647 -27.776718322 0.989461081 0.113933440 0.015244688 0.088054193 10.846042432 5.508277881 -0.369178942 11.590657071 7.530527617 4.853073419 -2.010143966 5.558469514 4.267026419 -1.462553788 11.359534287 7.681032611 -4.224517676 3.864152415 3.775422133 6.751960269 3.560021339 8.811562700 3.272083534 -0.198125038
-0.982322986 10.947431676 -23.789323439 0.835981880 0.271334823 0.280737460 0.385614042 3.534015040 7.289360264 2.355503343 5.044604290 5.633711427 7.461840534 8.768193471 -2.068859080 -1.335019934 3.159178670 0.154356505 4.549134707 2.090347028 3.425682613 5.479406727 5.637208516 4.951064246 2.719828228 5.486275396 1.403025888
7.529016355 11.451855380 -21.105820432 0.859756423 0.464817982 0.012884304 0.211180329 1.674646692 1.437680488 1.271364068 2.094218166 2.298312707 5.369849738 2.525345418 7.090025639 3.713165244 3.237243443 1.290194523 4.075369715 4.366991582 6.863597344 0.178882735 4.404995451 3.652185989 3.186975026 3.572300836 5.641264257
11.644281913 11.240970057 -30.042623653 0.996017305 0.047785614 -0.049275213 -0.056903572 -2.846525444 5.760502998 5.021154553 -5.328485461 3.743841423 5.284665152 7.054523924 4.901786437 6.162187115 7.257663206 7.996769259 7.746860197 4.702928055 5.848577766 2.094717077 2.708999172 4.237955128 2.986197116 3.858242800 3.721930052
14.038721064 17.098328482 -24.045402396 0.887493734 0.343165970 0.123687363 0.281590883 0.830291638 0.747552231 6.731408387 9.587001409 5.961482293 -1.701646759 2.487827598 11.566183003 0.799377940 7.616772560 7.616099074 5.577568522 1.938483919 2.573803602 1.716945063 -1.349535266 -4.132309935 3.021543905 3.123121217 7.272308656
1.430735962 14.296026983 -22.479615513 0.740416498 0.268719254 0.456951297 0.413241919 -0.532311535 3.736131110 2.651352630 1.533780245 8.094660147 2.526988316 7.065834201 2.246938851 0.973742307 -1.614349243 4.757879111 -5.486055082 2.258654895 -1.699532638 2.869532914 9.911884871 3.136118070 2.173114671 1.822697181 3.822010199
10.282349868 11.888479024 -19.208328209 0.797834425 0.377247322 0.013242228 0.470073752 6.992126181 -6.014621171 3.427863889 4.823704226 2.842580110 2.978791052 2.589158872 0.971395187 -1.378959482 3.325693866 5.104015085 6.001395624 1.711957379 0.476284204 2.192953603 -1.142873704 4.731208216 1.940199776 8.117569013 9.002771506
11.348779419 6.147341967 -22.071596274 0.847232991 0.290959771 0.201626285 0.396087759 3.297219761 1.979656161 5.804511694 7.610412682 3.902501815 4.605962615 -1.025782284 4.529681511 -1.449584505 0.579981386 0.953057566 8.546926010 5.636657943 2.128555063 3.189387454 7.168756959 2.979748444 5.998766267 2.348430713 1.865546903
4.404126075 13.713123344 -27.955031237 0.925369849 0.364888176 -0.045753426 -0.091945010 0.160313158 1.630919238 1.441910577 5.830362574 2.375507840 -0.404605492 5.535731481 -2.479017251 4.967240605 6.107414566 3.191559590 2.203576829 9.838804875 0.285678817 2.346863238 2.725163925 7.912257561 4.194841944 2.048576224 2.947790503
13.364646098 15.762422635 -25.157472680 0.845982649 0.487383366 -0.135295809 -0.168718274 4.416186732 4.906067056 -1.513391661 5.618084583 8.853308738 5.282004664 7.436830144 3.099240827 5.380648791 9.010223886 5.508149804 4.493786312 0.329051327 7.119320011 2.245496236 4.257604636 1.411815130 11.646671569 -2.014419793 7.936338265
12.085569873 5.910224414 -29.136836047 0.955475948 0.177042139 0.055972408 0.229322664 4.895107778 -0.055772294 7.014113543 2.855103584 4.068228598 0.963981079 -0.946719852 0.762897958 5.159373378 -1.245273703 7.549240810 2.811933620 2.036483369 -3.745153747 -1.466946706 5.128284723 3.982930609 6.241570541 3.313718445 10.599068920
12.138590433 7.160880338 -17.639998967 0.815355578 0.578629218 -0.004136572 0.019141555 2.682223094 2.045625108 6.796868913 7.359747068 0.824168545 5.285404395 4.377776507 3.248211421 7.812929904 0.050380064 6.946864881 3.012415385 -0.444590261 0.328193095 0.203252768 4.219883777 3.474081109 3.055208410 -2.550285094 4.390027673
10.617478769 17.198980833 -28.226953558 0.985499921 0.020695353 0.114134462 0.123834297 4.976802213 0.193067968 3.275026858 2.194591325 4.273659801 1.788548181 1.296138381 7.322456222 5.114664539 4.103757562 0.340777899 6.255176477 1.079764895 3.838494569 4.327364428 5.123076601 0.470696013 1.983473789 9.131899118 8.100202048
11.710767182 6.820464943 -32.380155286 0.730259567 0.505425672 -0.453840068 -0.072767074 6.598991889 6.044304650 1.455201673 -0.506947953 2.034739606 -0.444148378 6.333131206 7.251768524 -1.298225784 4.257370413 5.460683412 3.459504644 2.366179558 6.581540836 4.078827261 1.100437251 3.052768637 4.930752417 4.028696771 7.150019814
14.315363638 12.621554550 -16.737821401 0.885507022 0.327940311 -0.303639537 0.127025576 3.908348268 5.387802129 7.377074544 1.660777815 5.391362132 2.537312296 0.966965072 4.625294535 4.978395010 2.057943875 3.804615149 7.827250372 8.490579232 5.562224370 5.313168224 7.415960498 4.923853963 5.530963377 1.132851830 -1.044952048
4.553305586 7.344089026 -26.418049291 0.843638040 0.276247522 0.250343973 0.386380717 2.969285467 -0.002580831 1.661164144 2.798712031 2.543272895 1.870814759 4.192722428 7.465791594 0.767911692 2.371262132 4.411804742 3.418868113 1.617032345 3.441920065 5.035270926 5.485663694 4.063349445 3.622567023 5.398035090 -0.119051771
13.277899436 2.485438114 -22.659912720 0.783021037 0.150016347 -0.595657967 -0.097799471 6.273357726 2.726010437 -2.232348690 1.403742759 2.460206994 -8.098650607 4.636155897 1.959099046 2.168057636 3.949829540 5.183017976 6.697931760 5.881301690 6.660152571 4.570441823 10.245033478 -1.809556561 3.296712890 0.824111541 10.090327995
-0.056490207 7.175189780 -24.354932636 0.892484379 0.435160063 -0.049429355 -0.108000423 2.088256451 -0.640449288 1.690073772 -1.710627794 5.053482845 6.225110304 2.148732763 3.228727997 3.491276464 6.880857598 2.019658330 2.366561842 6.658176306 6.436895476 5.737286207 6.286776196 6.313176690 6.816403199 1.932888112 3.964217800
10.060901557 9.157628581 -32.741491663 0.933146609 0.255716312 0.128603662 0.217503267 -1.442249668 5.200431705 -0.195623794 6.258842165 -0.679635651 4.856882124 9.149712269 6.803713841 5.409107572 2.774491223 3.437593713 -1.227553073 3.357021226 9.275602544 4.634129215 4.420740630 8.130820918 5.341023513 6.846099016 5.925807052
17.328114468 12.933677914 -25.630266591 0.928196557 0.272698699 -0.241714407 0.075237733 0.859267937 8.178645241 4.657561948 9.891367232 1.744720048 2.686491958 6.180861135 6.968496545 3.273273608 3.321300580 -0.100909766 9.974682367 5.316850506 6.030757267 7.340831093 7.787799169 3.024156096 6.662241307 1.876396364 4.794798756
3.788475098 10.080063362 -31.817223032 0.840571206 0.514713270 0.143631995 0.088770197 5.418610235 3.505593836 0.464847359 4.932302224 6.618528104 7.862508653 3.762867473 4.272861940 5.296517758 2.791612063 3.515139884 4.919711587 4.864613963 5.898402227 5.635807594 1.465834212 7.933870860 5.631456077 2.383740935 -0.597969654
6.269531967 19.209036649 -29.387479036 0.730264517 0.523532151 0.082244596 0.431119065 1.936758446 2.919728343 5.997851118 7.242886431 7.405764693 -0.907279862 -0.082993451 5.278581820 5.045601881 5.756080826 6.747078675 7.874661576 6.391868058 2.717575107 2.784316894 1.429680625 3.882541137 -0.454429293 0.528899747 4.523919933
6.217849355 3.231541981 -27.838451366 0.979390571 0.072158479 0.115474791 0.149173845 8.410062205 -2.531603820 7.573920450 0.752243919 3.078419971 5.090523479 5.361363885 1.761074650 6.844873346 6.436820407 2.014789346 5.182379380 0.766593481 3.491879243 6.786430831 10.019104820 7.657405590 1.552532960 7.947942150 -1.081351124
8.083941340 17.586682560 -29.605713925 0.940803427 0.310170002 -0.028781903 0.133622913 3.463666293 2.417685722 5.958459725 5.876888328 9.585724386 6.045625448 8.729496770 9.114468820 -2.005494505 8.307011492 5.129737279 1.704049151 6.667117646 7.675890951 4.182991737 0.270912500 6.410805703 7.711778898 1.727568571 10.007363828
1.370695390 6.973091650 -22.059467328 0.867680999 0.396795351 0.022666595 -0.298612390 0.571473897 6.842628261 3.870475519 1.914789701 2.275517216 1.804460028 3.601383970 5.652629672 1.146288144 1.226636666 3.835815305 8.525361726 0.882773449 4.300231327 -1.416470416 3.908058476 8.203116810 0.474656502 2.702245697 3.828050838
11.653335799 5.422253455 -18.451484313 0.910847414 0.253674955 -0.152059931 0.287895438 2.437026734 7.457265311 4.013852432 2.567494482 4.016435626 2.843229970 2.452496053 10.942769296 7.001793052 2.666913510 6.412195195 -0.497754002 5.313329536 7.947546660 -2.300034217 2.670216654 4.434626909 -0.601970265 1.438264298 8.874657903
2.286089014 9.151466002 -25.320823710 0.841610918 0.534747427 -0.045938317 0.060215640 1.199686205 7.132332294 6.865485277 5.559036975 3.518493187 8.195878711 4.773736043 3.310336814 7.293543192 0.731836373 4.293119247 9.229068952 9.276564632 5.479149393 2.363469723 2.841393468 2.254200108 7.363910285 9.578037068 9.474931971
11.799743375 8.118851053 -17.718670286 0.715410435 0.596649732 -0.234471188 -0.277885351 4.016774139 1.213000855 3.165657438 5.227871755 1.787090631 0.999286429 1.474200904 3.890666854 3.673573035 4.346800798 0.351601083 0.411426196 7.617431635 1.834061251 6.962088443 0.327074302 3.026206340 8.230445798 5.184981741 1.661889110
2.988605355 8.067166088 -31.278493976 0.727235624 0.574475001 -0.307862887 -0.215237691 0.400496940 2.831265444 8.342034618 11.609719945 0.352742796 3.477592724 0.960248737 -1.423846638 9.527633986 10.098507606 -1.172004277 -0.181966582 5.694089509 1.427710211 8.966659841 0.726609537 4.794530907 6.943766763 5.239240258 4.947556644
1.304668605 10.159936311 -29.377713805 0.900890937 0.180378333 0.364318775 0.152088809 8.603685514 -2.363626906 5.631730066 7.119642594 5.696235737 -0.500245906 2.620133650 6.116673903 9.943807658 0.208066011 0.441739683 2.773673865 3.412488987 7.911272310 2.773315756 3.901981880 5.017843761 -1.573122776 5.653706439 5.090997344
0.370952460 14.004193137 -21.940586026 0.943807700 0.027036859 0.166937100 0.283950769 0.265607170 0.800003420 2.212076757 4.715195911 2.544515936 1.122688891 4.951836987 7.257293921 1.397092912 5.652842968 -3.497471806 1.571890118 0.149471091 3.330344853 5.444779247 8.111683661 4.737617729 3.682322828 3.399497059 6.976147449
1.565977604 6.767151924 -24.305200172 0.800596887 0.461002912 0.258082942 0.282690882 4.355710842 3.449604940 4.569316776 -0.815635710 1.257084070 0.687271996 2.726498412 7.880877400 4.459942889 2.506671549 3.939418871 -0.698724310 1.968656795 4.893799852 7.103149368 0.717583699 4.742566726 4.239231021 4.595275929 4.287192773
15.287785566 16.219702868 -23.085541313 0.848780466 0.476900722 -0.167763518 -0.154896170 6.151023416 4.166552018 9.412155131 6.901626371 2.941685916 0.534070700 7.140621864 -0.016438865 3.974228654 7.366764307 10.085347056 -0.483299757 2.698317527 2.124053522 6.047495935 2.377014093 8.639451713 3.426858073 2.684623464 10.603581160
14.037313111 13.210622353 -17.705021370 0.857069439 0.419440120 -0.205883845 -0.217057145 -0.267266205 9.033300448 6.032240462 -2.500737955 4.343796294 8.682468170 5.870166392 6.636174187 2.724671223 5.193637536 3.181072120 5.743625602 2.634748339 9.046199609 4.491003455 5.479658248 2.818422454 6.500555892 5.997006372 6.873270192
7.875311780 3.178222147 -30.377417725 0.974274677 0.092281504 0.149933016 0.140687843 -2.404191749 8.696161681 -1.406703012 0.663715745 4.994977637 3.762509399 0.492547961 6.721803107 5.968442351 3.793665860 4.767268325 0.377054530 3.759238333 -0.273509381 1.156224751 0.044941654 2.555356325 3.201640087 2.394417514 7.780103662
3.763389093 5.102159541 -26.821654445 0.880998459 0.389564693 -0.226192929 -0.144629957 3.947638316 3.497312931 5.944116080 9.506100033 -0.907633509 0.260516442 4.912190264 4.308594877 4.364052139 3.495508106 0.458903006 5.535408791 5.301080126 7.167315720 2.069739573 2.512020187 5.317353544 -0.089318785 5.759454421 7.078110513
15.417372652 15.245538590 -19.372398269 0.794599579 0.465462866 -0.331476309 -0.205132363 1.732830551 3.808774261 10.839940327 5.112546723 3.335502189 3.333718409 2.209355043 -0.274236136 5.011671189 3.718724931 1.541777890 0.824773940 4.427301468 4.708959475 2.798584580 4.482774278 3.114891514 1.344155466 3.154049681 10.070360570
11.476227642 13.104948157 -29.167965778 0.998780595 0.016509253 -0.031492527 -0.034248917 4.383149279 2.674624414 5.736251386 6.872052537 8.619660781 2.005233428 -0.460653454 6.834123873 -0.113356508 9.990638546 2.880189133 2.523954454 3.142026861 -1.508744197 4.727043603 4.201972885 5.175107494 -0.781813405 8.023460581 -0.052144985
13.557726778 11.261451557 -24.687591343 0.852254071 0.296434268 -0.388083964 -0.187564817 3.704383965 6.915487778 8.045428411 2.302844871 5.117225903 4.144133606 0.883814460 3.199754044 9.468532760 5.930630431 5.527309479 2.262956381 0.074685328 1.194079849 6.707799317 2.588960792 -0.368023787 2.558829997 6.514200759 -0.947620913
9.854333666 17.587449228 -27.225311460 0.759595197 0.530896223 -0.240616500 -0.288562016 9.232864250 2.088761214 -1.430711653 7.010971262 5.387153060 2.052736636 6.286734552 -0.116993212 0.401516797 3.162721256 -3.897106086 2.036695520 5.667134077 1.724099219 4.245449823 6.365485951 0.336862928 6.026195415 4.139632688 -0.624419314
9.961731093 8.080316668 -20.012571128 0.895546234 0.433500158 -0.020334040 -0.098290809 9.869536300 1.328703412 7.357958586 6.317952458 8.845738912 8.698426092 11.104527125 0.544046678 5.218322708 5.965783452 2.879758984 6.520641871 2.455297330 1.665738048 4.773631095 3.154167490 9.698786439 2.184825686 5.618081126 4.483919448
10.389389952 6.090028045 -23.841189010 0.899781222 0.414407827 -0.135066071 -0.020422086 3.206552370 9.007526634 0.767519963 5.329011651 3.557677464 5.934390519 3.914528399 9.894241542 4.641809685 9.403188695 3.659741455 -0.661674203 1.768228479 6.837937925 1.277885930 7.090553503 4.901137624 5.504691013 3.541761152 6.616315704
5.712920595 4.898908808 -17.197630886 0.938055377 0.215346883 0.209573759 0.172501214 5.201375838 9.664035183 1.357895434 7.785434051 8.497753960 -0.793582951 12.161444035 3.657467954 0.579178981 5.807921716 7.554060775 -0.320174427 5.075705019 6.258069220 4.706263479 3.510553499 1.704676872 4.071030610 -5.083278086 4.683725195
14.535659800 11.381442245 -27.188189650 0.783384469 0.517955906 -0.234961639 0.250646127 2.154220514 10.987145474 3.563345073 9.401070134 3.205503497 7.462565055 6.099333568 2.336157530 1.640627687 -2.132542619 5.822279796 1.794419777 5.436271442 2.429865836 7.308142778 2.242615888 4.721543047 3.693755684 1.814095978 4.901201346
6.868537729 6.964580118 -21.712578422 0.841438352 0.315729037 0.139148098 0.415853920 1.106587973 4.698296638 1.646741576 -0.430904005 3.282935040 2.397193347 5.027309923 5.010082877 6.081024603 8.862323744 4.876103831 -0.834937731 2.101522967 2.691564380 2.187920345 7.479234177 3.977901459 -0.814472922 3.396400278 10.017671065
5.588270726 15.072292627 -27.284299395 0.788758942 0.594136907 -0.080394085 0.135637231 4.510263097 3.886567878 1.919263069 7.931647201 5.081867824 5.746911103 3.358107229 6.587560147 10.733789875 1.473801514 2.306748763 5.376310155 5.645853897 4.208934119 5.389029123 1.572689391 7.393600449 3.605512951 5.537794781 2.315433636
3.429254096 12.832150410 -20.958933569 0.825648774 0.516286919 -0.045956264 0.222800227 3.709459229 6.739261322 2.240019876 0.007289321 6.884353553 2.069165052 9.485695827 9.556789636 2.456423160 6.313077101 2.605417968 -0.602547929 8.861497885 5.053816854 4.535367839 1.727558539 10.325824168 6.642925908 7.332079107 3.471946696
11.528378355 2.186112123 -24.219651896 0.935062259 0.178934029 0.173281157 0.252219798 3.259505275 7.654925956 7.830682060 1.232837734 4.773898969 5.281991093 5.529233670 0.847470711 3.723090032 10.213919038 5.077102445 4.297808223 2.467575032 6.197329336 3.966197253 5.036299807 2.396430269 8.727460555 3.315714133 2.428782421
17.002454836 8.252680106 -23.429383182 0.949687301 0.179089265 -0.231131710 -0.112246149 3.052612178 5.122460335 2.022139387 3.993113583 4.649861388 -1.820181754 2.758970554 1.739156251 3.498185075 3.761017472 6.869430037 8.140875025 1.817627503 3.715932424 3.730764012 0.335835694 10.382855432 4.408296949 4.705281907 3.036265931
15.423575757 11.553188398 -26.807156657 0.838575607 0.429110422 -0.319139578 -0.103947711 2.046750008 4.225661393 1.136308798 3.816092285 3.205939739 5.961706844 9.616546947 -0.015747112 -4.111041789 2.856569595 6.591412944 2.479787867 3.921053505 1.119340036 7.084776234 1.178794976 4.967918284 0.856418232 9.569051793 -1.996577862
9.790088443 10.815020288 -23.561668627 0.836449235 0.477370127 0.035276629 0.266881992 4.348450381 0.828135267 6.159543153 8.337516768 8.029540830 1.004104313 4.215970604 4.626806421 1.810885300 3.484328351 5.095631820 5.071256208 4.862586671 5.894024477 1.707627411 3.774339478 1.698276914 6.429004087 7.093498526 5.756004445
12.444158172 5.216932679 -29.398527287 0.979711700 -0.084342925 -0.078827177 -0.163821648 5.059970134 2.767126383 2.133154867 2.248753807 2.593714428 7.244938415 5.571556890 4.269760344 -5.005036460 7.051529674 6.568213944 1.875237597 -2.895609235 3.980865755 5.471657800 3.954904787 2.106486301 6.580479971 5.936195379 7.714194694
11.038266138 5.135701181 -18.443252461 0.914208622 0.396724902 -0.082391562 -0.006601326 9.073941459 6.043563391 0.519848150 3.897572003 -1.148050997 5.959809299 4.548318967 10.567614559 2.880491774 2.405688812 7.191086848 4.046258652 4.926680435 6.595195614 2.388642586 -1.308708867 4.577589444 3.780529011 2.021958160 1.647010128
6.684661694 12.930899057 -22.892047361 0.759264750 0.578549701 -0.161537003 0.250405831 6.254563412 2.083330083 3.361092416 1.200623020 6.604816343 5.475682846 6.140056998 2.519908925 3.039075923 5.052426577 0.075304204 7.230679947 8.856406147 7.117862563 2.394033907 2.024389341 3.186437788 5.344303432 3.245323772 1.224440265
14.705340928 7.311234874 -28.998614809 0.802191571 0.589028120 -0.060678248 0.076502989 4.669998562 3.828894955 3.983740127 10.063807609 8.831587149 -0.180882775 0.722421721 4.983175080 4.073375106 1.807926767 3.019798693 7.066647818 3.697248222 -1.272559642 0.917864957 2.984037993 4.708545190 1.234878659 -1.490805070 2.902938958
12.274674571 5.022218743 -19.105387265 0.897393081 0.384244913 -0.075816162 0.203207812 5.526143201 4.774921708 1.811034790 5.019082509 -0.103917636 8.838997129 6.890372701 6.168333057 2.113915251 3.915427826 4.103665064 5.029576704 5.358283036 4.517406865 2.507667595 -0.030717754 5.557699607 2.922327714 6.156717974 10.421470368
13.561180189 19.025198865 -26.912309798 0.907649926 0.383849769 -0.017595143 0.168882732 0.212245918 -1.312657589 7.779172978 1.309062765 3.257908639 3.655702050 0.418507481 4.448835089 4.032932948 -0.893426784 -4.588306197 5.752278352 7.573915319 5.297553659 3.228174257 5.449646556 1.222366521 1.635783928 5.112631138 2.271982932
0.979106507 16.820671218 -25.974541030 0.840655643 0.422134174 0.076645823 0.330493942 3.336478394 1.890408977 3.294571032 7.164264052 5.320032783 -2.616934262 1.640544219 -0.910279217 3.270052364 3.539156292 3.672072864 7.022884772 2.758570841 -0.076423814 1.441100447 5.178025172 4.657301747 5.818664393 4.914742582 4.267540760
-0.287901830 14.699186619 -26.079495607 0.745190192 0.599261726 0.278445465 -0.089694392 6.469823081 3.598859610 4.657883147 -6.086938786 7.093155848 2.844342059 -2.087861422 7.407098477 8.704068456 3.505782241 2.114687064 5.631703108 6.681633201 5.793703716 0.168250090 4.619530138 6.348763901 6.257927922 4.068326480 5.109587514
10.725060634 16.578575861 -29.005582248 0.985995203 0.102298840 -0.084705858 -0.100862898 6.215726996 4.627578376 6.383445322 1.285627398 4.842499948 7.383064542 3.055069314 8.816652039 4.363506892 1.530742447 7.982776503 7.821599651 6.171861016 2.149094034 5.357050081 7.538457692 3.050958264 3.114668129 4.874575302 6.551475630
5.951682141 11.658702634 -26.532509555 0.753439118 0.638530132 0.156206007 0.014437772 5.800440123 8.015172044 5.165901219 8.285169233 3.083385772 5.812863733 5.099901171 0.985839934 3.950994412 4.575187822 4.872703767 7.111511490 0.305898164 1.163205998 8.891623832 14.765112204 7.913344242 -1.062232063 3.116124834 2.589728878
1.449373667 12.115184975 -28.965651252 0.970687974 0.110523678 0.122895236 0.174488205 9.299880967 1.150916857 3.744117245 6.161482994 5.173785623 5.968932842 1.911510739 2.525826018 8.066646946 7.806805411 3.581138482 3.179474051 4.223913639 5.953784143 6.597825073 2.298364690 4.122236071 0.597297968 3.899898002 4.794188078
12.617158505 15.892558421 -17.499522789 0.844918414 0.335322427 -0.146675047 0.390074576 9.789613883 -2.301528508 0.522207109 9.873133535 7.849132749 1.668065067 4.116767246 6.163001658 2.918048910 7.458423672 -0.719578744 2.423002553 4.494387191 3.822104643 3.372827167 5.823804674 0.960633990 3.732594947 5.668907615 1.332406846
6.770499087 15.677481083 -22.787800494 0.762259878 0.455552159 -0.091063233 -0.450710103 -0.376022238 5.892459482 0.164619803 0.484620051 10.454672072 1.091761330 -1.518154868 3.390351272 4.491319436 6.176807193 2.873367334 8.687022666 4.048373368 -3.888077920 4.358327774 -2.139817131 3.278698513 -0.645449025 10.594483756 4.519940984
16.839701656 16.048240834 -24.452296744 0.929515523 0.249650712 -0.099212144 0.252650678 5.809380440 2.335628907 -3.492204930 10.540905753 7.156706992 10.924468108 5.820954705 -0.097351054 6.368176425 4.436286874 5.384097133 4.356357788 2.031006878 -0.070011190 7.889163790 4.899323553 -1.208515964 1.787244363 7.724555483 4.022824049
4.213951252 13.220693885 -20.326323938 0.946692759 0.303622969 -0.042811433 0.098757755 7.015606248 2.605238456 3.528206127 6.596335635 0.763128951 3.329486673 8.560729528 3.650920566 5.582415201 5.181241067 5.460365639 0.553130982 8.963098904 3.151289397 8.802090195 7.133305510 8.206726429 0.904987049 4.122281293 2.346887227
11.289645355 10.051477061 -33.045945992 0.929570225 0.298321598 -0.213403801 -0.036908525 0.930766096 10.284937490 5.547744796 0.007918923 4.004970673 1.720085830 -4.394973244 1.739445631 0.731837233 0.792180740 -0.779108161 1.107881891 9.474964600 10.070164279 5.733898348 5.876717037 -0.913102274 5.305712733 3.854132092 4.258062574
8.946121045 11.095768296 -21.574868772 0.732444029 0.479592012 -0.136466832 -0.463566662 4.876546100 2.115777738 0.055040474 3.782332094 3.727795739 5.849936849 6.976128209 4.853511026 0.036314412 1.129813352 0.893411278 7.564041395 3.676224817 3.520987544 4.370614828 5.177902902 5.903460433 6.407166811 0.922983038 1.606944439
10.216035690 7.180364669 -18.133926137 0.965730392 0.237935366 0.068596986 0.077756184 1.510771809 7.671746788 2.539630418 3.517971462 5.696372392 -2.757429600 5.916137432 1.073735289 3.916041647 5.280246030 3.785549194 5.447406900 4.773470866 4.949211466 0.421642448 0.408086562 3.271960335 -1.734995853 4.679824481 6.248331401
9.748425702 2.159018898 -26.506316082 0.850689516 0.455685734 -0.229437462 0.126634552 4.641805771 5.530636927 5.389154363 4.144515712 5.327331656 2.857461318 5.051673152 6.466196132 0.713736930 9.408642706 -1.089376276 -2.587748589 2.951969429 5.304770350 4.220922555 4.273076162 5.036828224 -1.709302905 3.642864515 3.709461310
7.014506733 5.808296471 -22.322548233 0.963949375 0.213607965 0.116429791 0.107783777 4.050414131 4.753449763 6.985493690 -1.279157878 3.452604461 0.545860426 5.949762995 2.665016283 5.664625274 4.195264508 2.738919089 6.100157052 2.658896784 2.697826926 4.259278597 0.347751363 7.165967262 10.705097964 3.674594664 -1.133521197
18.133486717 9.583470489 -24.980017402 0.745497374 0.368209755 -0.427127213 -0.355271144 6.984542841 9.758155670 1.943126891 -0.708818847 8.404540739 5.473449741 9.115671786 0.106126240 2.432248757 5.240886931 3.105059070 6.177374411 7.927279101 3.639033715 0.419884447 4.257168036 1.860996165 5.459025069 6.396376868 1.628385917
5.943990205 9.045508934 -21.257983924 0.985294077 0.161040276 -0.026204466 -0.050743835 2.494200840 1.238605868 3.752734544 10.408670258 3.575239794 9.305366841 4.664073731 3.266438322 4.692016245 7.373219912 3.816402798 4.745784237 -1.203707478 1.702842326 8.953892356 4.532730291 3.694116028 1.886758405 8.864774706 4.940606341
14.164515167 3.737602713 -25.119487147 0.874557544 0.323004040 -0.336636608 -0.132262184 2.469070191 5.622447726 -2.564935079 -0.678116879 6.312911291 3.920751017 6.997883230 4.566313935 7.726976338 -2.077264572 9.248188194 4.603035641 6.301256381 3.975992066 5.375954819 5.106817638 3.926558799 6.244767851 9.336364802 2.577342765
3.097510111 5.715039214 -21.851387405 0.919008089 0.026285773 0.271892401 0.284266974 3.451013641 12.926408275 3.902789350 5.186495438 0.016976566 3.546010999 -0.828826009 1.800842104 3.220988643 2.651168009 1.525207831 4.981678958 2.699952305 5.115317915 2.515389913 3.583360905 3.023566999 4.583157298 5.367405095 6.542889180
8.120238552 7.853919661 -21.963101496 0.840310171 0.376536156 0.214676430 0.325596944 2.775200964 6.071624225 1.045078457 7.276767674 3.572293046 3.659505991 13.512210888 8.334725061 3.355996067 4.636472426 2.084827120 4.309718117 1.847930866 3.428798112 6.195993976 3.741928488 1.921314091 3.373216582 6.470810703 2.719943008
2.011968769 11.034076848 -24.456397065 0.801398842 0.421700672 0.222817527 0.360944302 6.842749407 2.395158480 3.379508689 0.398095291 1.167620871 0.355965145 3.065990174 0.939932230 5.793315415 2.683776682 6.564286839 4.593612970 5.724620270 10.771018900 5.195248772 0.611604209 7.140517045 7.788727661 0.987587314 -6.316073753
9.639913727 6.217913244 -28.538052327 0.859706777 0.326456670 0.187918253 0.344988449 -0.621190675 5.436521784 4.832182963 7.340024636 2.045627711 7.758867791 -1.009406314 -0.250910619 2.528831568 5.026178001 1.933366113 2.377567296 2.817443900 4.281017095 -1.128073111 2.861179789 -0.918436415 3.525135423 5.625304963 4.450577175
3.640820562 11.920182876 -30.573547637 0.953167153 -0.014876962 0.216996064 0.210151759 0.132871338 7.823564492 5.111568354 3.196051429 -1.221588422 6.817944040 7.081509564 3.343710224 0.980381390 6.004911055 3.610333953 3.622620431 3.105253378 -1.687704398 7.515236123 2.678608557 4.633878704 -0.556196298 1.718936971 1.414389427
8.231797416 12.558740716 -32.300026801 0.737585559 0.665234935 0.046254024 0.106257187 5.497275876 3.367859863 3.961472311 6.654792448 5.722813295 -1.907023659 3.594098140 5.818237590 3.739648248 1.554818389 5.890574782 4.291738772 2.477483560 3.139490350 9.238637965 4.059610869 6.560651318 2.837169703 1.338071824 3.413562024
9.288096792 11.115573895 -27.526092630 0.737762644 0.643104109 -0.181413552 -0.095981821 6.139000051 2.600316255 9.682551639 6.207064773 1.583372021 4.448732371 7.004097772 6.785205384 3.943454559 -1.902170162 6.470333336 2.501673951 1.072068470 5.682253138 7.873335420 0.849609700 2.348700212 5.291803951 8.136792842 -4.408512646
3.765588569 4.418054171 -26.733909038 0.762320265 0.547682414 -0.259944528 -0.226584705 6.241959941 4.474658699 3.295629273 7.997936658 -0.862845872 4.757175598 3.101510259 6.369973935 5.362273467 2.407475757 2.828502907 -0.495382212 7.434702825 2.052187384 8.286532595 2.340611668 3.628685594 -0.356678268 8.670526076 8.540720418
5.912637427 15.910987298 -27.708804970 0.718411174 0.681784697 0.105557339 -0.088953137 1.703544659 3.505616683 7.229746260 1.238738614 2.289013577 4.922758416 5.188896760 1.640951841 4.574205182 7.581467205 2.914629748 10.133829603 2.208238724 2.115535652 4.012763556 0.567572684 0.025428564 -1.348777589 4.588080384 7.840002689
6.964101309 8.648743457 -18.056740544 0.747770517 0.461073604 -0.012601909 -0.477589340 1.447618022 5.482635451 0.756124838 3.984939785 3.266207804 4.843036959 4.666593123 5.606749336 5.788024905 4.608598181 1.909416725 4.097513792 11.764023383 2.774432828 3.545253981 7.918845484 7.000373668 2.700005462 5.816868172 2.923626602
12.820706994 19.284026656 -21.082329474 0.784726140 0.594472015 -0.112882150 -0.134408069 0.057358080 6.541641167 1.744052275 -0.886672007 0.965335357 1.028525621 3.613195646 1.275260601 8.402568797 10.117287039 4.358531931 5.771215063 4.112960483 8.307734416 2.199391165 1.762836605 6.481312028 7.861086715 -2.505987189 3.692537154
15.313026104 13.807451431 -29.465686463 0.811337592 0.327321296 -0.368462151 -0.314368770 6.362729035 6.686686632 4.790323575 1.141763268 6.516355208 5.209594147 5.019490352 0.065739569 5.179706522 6.375935529 3.536433137 3.624924969 1.101447008 5.765133732 6.041582384 1.685134199 2.788973402 -1.880307048 1.257344912 5.147642761
4.450269816 7.056218322 -21.615213199 0.817829056 0.291906292 0.394561941 0.300445047 6.385370568 -2.410204973 3.951794115 6.914826146 7.205797209 4.117034943 4.788375086 5.810733493 6.842600101 3.156505569 3.443220504 -1.655355717 2.723333680 -2.441782390 -1.565926844 3.587452855 5.185677870 3.783153441 2.908044218 6.148497537
10.429305317 4.434682793 -29.428072570 0.749761923 0.654838469 -0.057922815 0.075422721 -0.117412492 2.105548973 3.731110308 3.464739370 9.232532084 1.514883563 5.119597693 5.714178863 8.029351098 0.110892943 5.475048548 8.954303276 5.812697983 3.725824463 1.187557219 6.212798973 7.462866596 3.721762687 2.321145764 2.877340146
16.124268560 14.133853597 -18.833553758 0.776408786 0.574910642 -0.210755321 0.149162145 4.548335712 -2.396769529 7.687792377 8.050286428 0.984133998 3.901330412 4.754301688 6.392941679 6.106217434 11.050043460 1.115731704 5.135712315 2.451478986 1.432920967 6.678175887 5.030096972 2.627156030 -0.630547663 5.739893455 3.927017913
13.214204045 8.915916046 -19.353113453 0.769689754 0.620812230 -0.056016959 0.137956367 3.480087948 8.353709338 4.997019610 5.833739732 3.861545910 5.629310547 3.302392243 8.910666155 4.918308795 4.630214277 6.688380492 6.058190485 1.442010437 2.490694300 8.313508154 5.230865954 7.529531502 3.700459989 5.238279461 0.645002385
7.144029610 15.108967036 -24.412918637 0.779585886 0.377432059 -0.353527356 -0.353283591 4.007528649 0.777541858 0.291603947 8.804124763 4.331295467 4.304098766 2.859935326 7.773378481 2.148408293 7.972806302 7.504129276 1.927088939 2.391790249 1.218155236 3.128360134 2.799666797 4.836551043 5.332838286 7.230335942 0.829662772
6.791863774 5.716965917 -27.538083694 0.984227724 0.098068588 0.114918078 0.092044418 3.195534561 3.197988424 -0.410120092 4.840474314 -1.746048468 0.824229628 7.164256437 -2.161238926 5.716511408 5.315856373 1.628208052 10.571582835 7.603145616 0.739466573 6.586535164 2.599075042 0.320225712 3.594077520 3.729497116 5.798147712
16.066130668 11.942635965 -25.739671618 0.968166496 -0.006427524 -0.129446121 -0.214140199 4.032863722 4.748524909 1.622612038 8.729698890 5.826550559 6.357975610 6.312843052 4.008123060 8.429956224 6.817958259 -2.006005460 -0.961369519 7.897646135 -3.412013515 5.074778865 4.936613942 11.305901007 1.474378746 0.950406128 6.191764812
10.016013786 18.336547327 -29.374617442 0.787731999 0.602837738 0.003068430 0.126710477 6.523561702 6.709361414 3.225155531 7.229976705 5.809056546 7.505038299 2.388246538 4.866873842 3.320520724 2.711407298 5.363640073 0.448511971 3.853985845 3.989057266 3.112415528 3.791629073 0.806475595 4.119695046 5.591316707 2.511476004
3.444362600 9.646925367 -24.536537409 0.759113816 0.416076537 0.239373305 0.439689607 7.083047589 8.290023995 3.104209454 8.220723881 5.191942731 1.554258805 5.365742049 5.544165018 0.251045893 10.508083415 12.114657320 8.872690143 2.407864009 4.917084680 8.407989208 4.866825110 -1.619555589 4.311549679 4.365361706 6.308136843
12.651758782 2.940703476 -24.881845121 0.967689481 0.242813077 0.051770328 0.044030809 1.078239989 6.889629838 6.668693991 6.792830878 9.669617963 1.297365081 0.857301645 -0.435448991 5.299142951 5.645323481 2.737039799 10.177345585 8.059261250 3.068235699 7.580519920 7.347834394 3.470250323 3.656854940 3.023861997 5.288407385
10.777823056 10.042584448 -29.455193413 0.793975660 0.527254329 -0.172967340 0.248370335 2.970506011 1.842204200 2.493566993 0.980427983 6.649518434 2.899685242 6.134690436 4.548752662 8.676884319 -3.101450916 3.139663037 5.066556698 7.583405780 6.576489686 4.204017256 2.107192704 -2.097054281 3.536134641 1.952172068 1.386870076
10.745942378 8.002301198 -17.650341348 0.857034339 0.342445407 -0.254752763 -0.288659515 4.212534616 3.438065276 4.787015051 -0.210042979 11.582677940 5.041035710 2.060717772 7.544111605 1.654400942 5.333678973 6.043375109 7.839022158 9.213803878 6.731099822 7.592904718 5.442530725 2.040049128 3.089630043 1.865460150 7.406865295
12.185200602 6.994771356 -29.698794413 0.737338938 0.624465950 -0.256271755 -0.026426408 2.017561993 6.521635059 4.838225533 4.753644524 2.773257471 6.646989050 6.276010834 3.018479007 4.846628545 3.789311232 2.693147720 5.181875221 5.204906616 10.245408455 6.497359144 4.197413306 3.285426881 4.904867076 8.650200467 9.141518495
18.386787746 10.289375693 -26.067971229 0.816716359 0.519436337 -0.170002801 0.185092759 4.015866538 1.992626905 2.598939135 5.406250992 4.162710100 2.332033440 5.737949276 -0.451989315 1.196281606 7.725288510 6.855988606 6.074078674 3.461955965 -0.784661986 4.011267020 2.623904428 3.083810798 -0.780895963 4.686916775 3.108440858
8.054861546 17.410470422 -25.118682146 0.985527309 0.156250526 -0.065307079 0.007528700 -1.006265700 1.472511667 5.254211884 6.655551561 1.550087532 3.152043886 3.253417787 2.205219978 3.466850699 6.773289248 6.239300807 7.792243368 2.937171831 6.360054593 13.679295637 -0.299551296 5.783079923 0.099836537 2.787044980 6.572981053
3.001783856 12.771259400 -16.848516845 0.808261346 0.560188446 0.033472336 -0.178275360 2.697916073 7.897403364 10.144349678 0.561146164 5.346725305 2.963233132 1.411449260 3.700197966 2.501554273 5.670643767 1.173242777 -1.679319171 8.385937675 4.490557990 7.148456830 11.733041844 4.396051525 3.495428259 2.505456612 12.061360718
12.166184823 8.123833637 -31.182544625 0.752449821 0.435524246 -0.493061641 -0.032064233 3.579301706 -3.224224140 0.297487857 2.472839889 4.912266312 1.969996757 4.654770300 5.977947286 4.406408616 5.019179098 5.151293223 3.523101426 3.816913619 2.829917619 2.571872680 4.705967049 7.436181869 7.452956442 5.568577240 4.707284307
16.076463412 5.737005914 -24.678610883 0.741501757 0.588469975 -0.180251086 0.267184916 -2.406850306 2.198295823 2.589939014 -3.744786746 4.629331325 4.535395768 2.564831891 6.747061602 4.344036064 -1.100986496 7.959606658 5.014946993 4.590820647 2.744875188 1.950110941 1.913442442 -2.839399282 -0.082034472 4.264225406 -1.079824736
11.830668053 19.377569121 -26.437867508 0.860492248 0.355039276 -0.187508606 -0.313593249 3.817995908 3.912741337 4.503507332 5.393808022 5.703497645 3.935357857 0.716726252 4.448454013 1.124664766 4.769158296 2.680875809 5.153914458 7.853173947 7.730389593 4.587062483 6.975688187 3.103766101 2.099576838 2.965854112 5.368612312
1.743250249 9.813164009 -25.471432959 0.850303082 0.362575336 0.214830226 0.315232879 -1.585148159 11.983403513 1.288441424 0.084142040 2.930847425 9.531460799 1.374462872 2.119442608 6.327229130 3.832623900 3.529259409 4.662000045 2.373500683 5.254117083 -0.995109527 3.311494985 4.980328587 5.833477922 2.106132490 10.354742304
6.648522773 8.643540543 -31.478343634 0.979923142 0.030812946 -0.136359506 -0.142152323 -3.172043870 0.404993888 1.142836739 1.019785718 0.683927626 2.691220890 1.979818855 0.652255830 1.865311966 5.247062684 7.008937997 -0.769118289 8.553678064 9.239409044 4.184566340 6.344416944 7.204197119 8.410730775 3.165448539 3.759900563
11.913740301 8.112890258 -16.587149054 0.891557038 0.442318517 -0.096770849 -0.010760150 0.033773181 3.370106051 6.258594493 9.081764496 1.488265142 0.409964246 7.474037289 3.882959817 6.566902702 2.865371543 3.211977881 -1.113323127 3.471218186 4.160929471 2.845488788 -0.790252106 6.338936495 5.607746280 7.403550052 8.011656421
16.172226369 13.401104302 -30.102560070 0.772248752 0.333498985 -0.496491430 -0.214258146 2.911839146 6.707974398 -0.895283467 2.682119096 1.570567794 6.568506103 3.646044268 5.998814765 -1.037337625 5.022593838 6.052561324 2.624961200 5.385004763 6.494356609 -0.400806101 11.688469773 3.112217054 3.298975290 0.141754460 0.955608530
8.401357779 10.921094381 -14.698110124 0.715211630 0.542082557 0.005493076 -0.441122037 7.832225842 3.566885012 6.894073868 5.056974944 -0.257587099 5.646927713 2.524682197 1.562821139 9.234898984 5.706023931 2.394220305 4.265928869 4.198450916 -0.606836303 -0.297436326 -0.044040173 4.357429145 4.101602093 7.920942981 4.453796794
4.161124776 4.449030026 -27.269100554 0.975567011 0.209358537 -0.036169416 -0.055944461 2.785493178 -0.239793437 1.090764359 4.009901737 2.495445999 7.473458273 7.660182032 1.066192274 2.008214448 4.480432824 3.284309177 8.751347786 3.536020835 0.013058459 4.173071650 4.574812642 0.837805791 1.995045941 2.704780809 9.537692674
5.012781649 17.553730433 -18.905046645 0.738378615 0.465288907 0.009966565 -0.488061391 0.406701741 7.909144230 5.621189241 2.765286238 3.906999045 4.146132084 -1.087240787 1.247608042 5.849443784 11.109001273 -1.290849230 5.151141698 2.894396343 2.212878610 5.470089358 -2.054214332 5.766924299 -1.431716888 3.475173428 7.361270348
1.782907714 8.169854689 -24.176370650 0.967554620 0.250868749 -0.026986820 0.013215121 1.619187872 1.880849401 4.583974689 5.046186219 6.469140798 7.176490559 6.995354820 5.239375463 2.895303068 2.871744261 -0.053377804 5.799896947 9.686632672 0.859704667 9.467656677 1.991314776 1.479116260 6.651201912 3.249479613 5.161085268
12.560931860 10.866448246 -23.732734365 0.767559364 0.626794644 0.000192548 0.134093478 2.495163495 5.401038579 -0.103136429 5.855152803 4.797176418 3.099147300 2.699179291 7.099591950 4.876571407 2.792524772 0.296552273 4.704970116 4.630181701 3.364730535 5.919671602 0.980797778 5.027044552 8.450493933 2.678704368 2.245854254
3.063495690 14.985253372 -29.511207951 0.712629772 0.543296237 0.119286219 0.427502988 2.544926613 4.597707197 0.232912463 4.850079836 8.436351367 3.150051365 2.128804053 1.908812537 2.910560247 1.235906339 4.590402420 1.750915995 2.560207801 2.811762250 4.968347418 8.356715502 4.473938319 1.778739019 5.918324577 -3.729002566
8.082813699 8.544612435 -24.988596466 0.858928701 0.501332129 0.010107756 0.103949104 4.395849276 -0.305594758 2.150054928 4.698253964 6.963564535 5.055123592 3.269324381 9.555622285 -1.003579112 1.998477046 5.868914522 0.491091272 2.812124421 8.278147431 2.477819316 -3.281199779 2.988614167 11.534068252 4.915798141 3.404519308
