1.892888650 9.635690737 -33.792957271 0.981641830 0.105689327 0.140058300 0.074784739 7.114898766 4.082635105 6.228103279 7.994683490 3.427834576 5.807018671 5.191907391 2.156690402 8.521294198 0.233971315 9.013118520 -0.145449335 5.791359985 2.796955201 2.445678872 4.439160737 -0.608094750 2.542227158 1.675445384 9.814504888
8.365893434 10.988965596 -29.297636615 0.818271693 0.394093425 -0.231028900 -0.348923280 8.624275007 2.464033865 3.154708373 3.817179745 2.242869422 4.820061986 3.316255608 3.254701745 3.222848048 1.612759463 6.083380155 5.931426750 2.643275264 3.663106361 6.668246181 6.765747044 0.440505400 3.107153953 0.696467777 -0.792068163
-5.051599899 15.308191585 -21.960592551 0.722831717 0.479437375 -0.009592183 -0.497556130 6.216667219 4.379725556 5.822939681 4.110683563 5.502380148 5.853588285 2.432944896 0.496839687 -0.150618327 -3.535097377 1.307201227 2.849163842 0.243750559 4.116607595 2.614918035 2.219414391 5.089083596 7.272893553 2.751536810 4.678387528
-3.461191196 18.856484692 -26.141464700 0.802984296 0.475074751 0.247230909 0.261528354 4.532037815 8.622972858 3.738688705 7.820159567 0.052861250 2.122086928 5.730278152 6.445812773 1.775227801 4.716514229 5.168864327 5.148161811 6.967970277 2.164259883 0.431633399 2.484333432 4.859369967 1.830256074 1.741092152 1.104465794
2.768610874 12.402861621 -25.454990847 0.707699532 0.545958877 0.111976622 0.434225187 7.207322808 5.793708495 3.879293550 2.180524282 6.139277302 3.340797264 3.182286593 6.520649517 7.751690319 4.158711312 3.871732560 3.699832625 1.087278371 4.812640618 6.372263688 5.359893208 5.094759095 1.455525153 -2.977629556 11.038406565
8.414002715 6.546382242 -25.615039735 0.998201752 0.059491172 0.007130374 -0.001794439 4.206605244 6.174758932 7.832793354 5.183162962 4.656134299 2.378905769 8.540251102 3.918135358 2.074730153 3.954280116 2.126229105 5.100567009 1.674878604 4.998318962 7.593661416 6.680361148 4.772358677 2.221412130 4.479805627 3.734579069
2.384176893 13.616843636 -35.626345813 0.755634135 0.540230197 -0.323130119 -0.180984296 2.775204256 7.830415454 3.899936475 2.810381351 3.690174924 5.655621693 3.955031804 2.109817247 3.575895021 3.372273447 0.463494618 2.970805516 3.844577645 2.380707466 5.364291636 1.499648945 4.374086445 2.689486361 1.548083294 3.899518566
-4.116774595 10.387218347 -25.178833114 0.815461668 0.342875524 0.288306451 0.366521532 4.680555468 4.695487402 6.041628213 -1.842372014 8.576427872 2.469931155 2.161776682 -0.419903507 2.358386294 3.054460360 1.718033755 2.116801228 7.159885505 8.611070716 -1.135867277 1.263998173 3.685769752 -0.589461196 3.866618160 5.167921930
-2.048364479 21.098327853 -29.355500693 0.868302192 0.395525597 0.181454775 0.238086057 1.433229106 5.874025829 2.881463177 4.669452120 1.818234312 4.648108558 4.707560476 1.728404091 6.066005778 3.666772452 2.424838731 -0.024610617 2.761885402 5.538860389 5.931837632 6.044124971 2.957668559 -0.064129232 2.719205780 5.720883607
-0.921002127 22.470766672 -27.508714204 0.742120292 0.307006894 0.391401606 0.449231590 4.888557710 5.481371191 7.818556711 2.551675458 9.720278341 -1.381212817 2.768048150 4.090358222 -0.609224427 1.952923731 7.007193720 3.864740933 5.948224452 6.816266654 8.559125100 2.458354580 1.918057398 1.983049875 0.858616592 0.857206553
11.357112426 11.439614562 -27.583096551 0.883592318 0.335602454 -0.283424456 -0.162191818 8.098271719 7.317681703 4.806445834 2.226026109 6.771911516 2.685537878 4.063648952 7.599207060 3.925805944 9.658133718 4.194788028 2.909515732 3.569015808 5.879746079 1.377506843 7.783994269 2.009334819 9.066367508 3.758862303 5.498113757
9.345309359 19.275097168 -29.640472464 0.972154654 0.223287497 0.041941566 0.057436292 3.726898280 7.783983662 1.240565007 2.499023425 2.894495682 6.386737260 3.134931621 1.964315059 8.379669294 0.230847170 4.683083210 4.013387297 6.188952912 -0.156971902 4.919177489 -0.948558628 2.369702235 1.801055200 4.087711334 5.877634315
9.486158757 17.889160874 -20.902178593 0.763762129 0.506445576 0.191501295 0.351436400 4.617530870 4.153863245 4.175988831 4.053490494 3.379684797 4.390434670 4.335722855 5.140864486 -3.365335728 5.279620596 7.570865394 2.150410319 5.583297455 7.054776420 9.543269334 8.332935169 4.501591593 5.804295746 0.690498173 2.110058955
5.264854338 12.084998522 -21.198084787 0.803234130 0.566974178 0.012427266 -0.182210802 6.561847393 0.365933693 1.004535669 5.695884718 10.031687258 2.258087503 6.296460471 3.641624860 -1.372018394 3.538589540 6.872233067 2.050555488 7.725759233 2.062658652 1.929380968 3.119642652 2.242461829 4.413021467 2.584743914 2.210553177
-2.572660345 9.388905549 -21.415682790 0.798405668 0.586768476 0.073495686 0.113355767 -1.276047953 4.740286798 -1.520045016 5.039325337 0.995493809 1.804609673 -3.659485788 1.667091695 4.315520206 5.864672220 -0.128875805 6.802348676 4.280500662 7.312468298 8.407395431 1.862946999 5.544868205 -2.731555010 -2.286367103 5.660422123
-0.348800429 8.928511334 -33.811864230 0.726908170 0.666107509 0.166602477 0.012203036 7.048845553 4.245737280 1.111073586 4.911886892 3.223967293 9.281027804 4.296142898 10.233895407 4.813508193 6.704460065 3.726413693 7.421854862 5.193170446 0.605809789 1.606872437 6.713327611 4.354866476 7.779274252 4.433534887 3.526223228
4.722321618 14.684946043 -32.237390882 0.954491444 0.282053902 -0.095798570 -0.014639439 1.949732859 6.153487244 2.582558682 6.088455872 4.032541089 4.169335675 -2.397853704 2.999468453 7.910594286 7.124990887 2.700980819 4.783266556 1.774367588 5.505140391 0.581032517 4.332079993 3.287654293 7.699777191 1.793733708 3.796534092
2.517496760 4.700772726 -26.200468411 0.909603127 0.376846938 -0.126798220 -0.120543551 13.521706163 1.360344146 9.030840974 -0.511525552 2.465140650 1.874300638 4.083671654 8.276670583 0.514457179 0.341236026 1.783702420 0.923161603 3.606470583 4.914940406 1.630410267 3.892972869 5.423366665 3.688050893 0.049202214 5.054010327
-0.446538435 9.103676197 -22.174261057 0.993935403 0.102206241 -0.019809458 -0.035410237 3.207257302 4.895648348 11.674718535 4.227621968 -0.899342957 1.126007715 3.732082919 -2.753608195 3.843801095 1.319593483 6.136735799 3.582094267 2.968273140 1.390866498 2.392894737 2.317215087 4.433939868 5.618130608 5.110409845 -2.018646376
4.214210670 7.806476747 -23.895854388 0.915649072 0.244641469 -0.301521624 -0.104029032 2.657135534 -0.972006611 6.470884487 1.489108648 5.670300637 2.591524691 11.604080995 2.087071720 6.152271124 1.078791981 2.275462378 4.599027179 7.678235657 6.227619863 2.230549511 3.405484728 2.361954536 5.501448290 8.646186582 0.673828224
6.413212201 15.467669254 -19.356157690 0.861538431 0.472905982 -0.182263808 -0.029855794 2.123961380 2.373326120 -0.286770107 -0.870252737 1.205498739 1.911208337 0.371538889 4.537203795 0.647971321 6.853927982 6.897211115 8.466305742 3.885800239 10.052370825 6.797630246 1.392291235 2.927094991 5.134585375 6.117431585 2.066635225
4.541446663 3.985654477 -25.984914401 0.783081498 0.223617500 0.457236796 0.357369687 6.667082446 4.697240472 1.600970033 4.565281605 5.630611864 3.236342765 0.275717708 10.372111840 8.349231097 4.675782471 6.514468449 5.422416926 0.167082933 0.267742822 4.106871372 5.600324639 2.944893800 4.939006695 9.917247393 8.317902303
1.356632711 13.993168428 -32.803293305 0.973175772 0.030297086 0.154008706 0.168203218 8.055660870 -0.325442765 3.819889930 2.724689509 0.403519867 0.251299519 7.552158264 1.267339697 -2.906059320 1.415090466 5.950427336 6.390755441 6.141604986 9.470872942 0.712069616 6.486286054 4.031683595 7.257022168 0.529011895 6.250672132
0.471482581 13.873956611 -30.756843633 0.969294226 0.101553684 0.132867902 0.180282206 2.994832382 1.880175230 3.540383165 3.125587558 3.523055266 0.962197724 3.482681770 -0.224617149 0.271268055 3.776034183 2.705213065 -1.646402425 8.276644558 2.641351958 4.608551336 6.092103972 -0.001790294 0.714625916 -1.596970095 3.283159520
1.058427767 6.988042787 -22.127269950 0.729001784 0.529647362 0.113155815 0.418599847 8.191149410 11.360180650 5.013653238 -4.948254651 0.659055231 1.380477374 5.583565631 4.756212521 0.699638981 2.775387462 1.848688120 7.679883658 4.733907431 5.865498530 8.230229635 8.424276835 -2.166535259 5.005595550 2.442160558 0.222192639
4.438993304 6.719127063 -27.008876790 0.728023012 0.440878756 -0.385768333 -0.356077533 0.991067583 5.140740804 1.618753155 -0.136018175 4.542744502 3.259466197 4.654903723 0.761189703 4.323192997 1.296823224 2.449048173 -0.128655669 -1.332467133 1.692332268 8.323273033 8.587533292 2.425946886 1.022511727 9.369032533 6.378679712
-4.465604941 10.217377697 -29.041641163 0.837717054 0.370800160 -0.237758896 -0.322812772 -0.285190677 0.565176670 5.303567532 12.168161346 6.711320660 2.379345417 2.950652596 2.889230540 1.642469209 7.447028925 7.638143519 -1.200926641 5.960000742 4.588758522 2.124965552 5.960732048 0.264840213 6.354180669 6.106298411 8.468678706
6.644646776 6.966579217 -31.511812897 0.708556207 0.695507592 0.089237833 0.079081607 5.754559326 0.982764201 -0.564186718 4.424644789 4.839785375 -0.600885052 2.944490649 6.666604912 7.956422244 4.589822182 1.654788339 5.388147997 2.698633785 2.117096307 3.233527941 3.928122959 -1.387370653 4.062610861 1.249805621 2.900335268
4.601497400 20.923970234 -24.841225581 0.772037720 0.320004750 0.312530182 0.451530291 6.014932523 0.529322485 1.748872141 2.972105113 5.961361963 2.029579361 4.825830266 -0.614725849 1.793985414 4.284767399 8.246847706 0.459904737 -0.018223100 5.556490220 0.800462644 -0.286250559 3.592224935 2.512796418 5.257689910 3.241519362
1.577968474 11.566846245 -31.954193013 0.880783776 0.359292967 0.214330013 0.221790777 6.004709106 0.054314278 5.878685484 10.163428957 3.921973137 6.481245464 7.659384252 3.252351547 1.840164406 3.747979664 4.314358401 3.442529036 1.210670888 1.817875616 2.546569461 5.888916501 -0.579960981 8.951336401 5.266777965 -0.787454729
-3.441041025 17.362736243 -31.270693698 0.884926321 0.365674271 0.184192392 0.221947958 2.246616630 2.756656238 1.627636833 6.127000960 4.973604385 5.572472944 6.424181192 9.337974285 0.496363485 1.542478219 5.547063162 1.175305207 7.305808079 4.949302270 5.670292720 6.259795318 5.472532759 4.458201056 5.334089408 9.019651182
2.414013166 13.593735407 -20.467929680 0.750833700 0.464749589 -0.153548832 -0.443485435 6.947841895 5.018078141 3.890067453 3.332018974 2.254298810 9.706580516 -3.849836420 4.887171026 4.231727860 10.202081571 2.918383402 7.047593272 4.525133066 3.652486311 1.105048534 5.896969313 1.698950257 5.729963774 1.702056929 -0.843611098
-0.643473805 11.828553642 -29.182847070 0.912600620 0.237522971 0.242470965 0.227927135 6.569404817 4.124053357 5.316466433 6.448988439 5.923753360 2.845215808 5.064892562 2.476888588 5.939075125 3.476930628 5.028390542 1.003089329 1.237260416 3.011948627 4.398448554 1.668374936 6.910144285 1.934367775 9.130526546 1.161616454
1.637788678 10.524152560 -18.035110872 0.862667064 0.486419048 -0.037365207 0.133438700 4.853061943 3.742249878 6.487333230 5.473430569 -2.494794221 7.822858930 3.932812283 2.659231953 1.164834390 0.267247418 6.691478487 3.305011713 6.948430952 1.244088427 7.063109339 1.240805219 2.923022214 0.034362591 1.856412136 -5.269752694
5.430016853 13.210474770 -21.994065110 0.859207685 0.460807176 -0.163856270 -0.150233226 2.039450173 9.184707878 4.746225280 3.790285252 1.809212830 0.603458681 2.965799982 2.391685160 1.697872017 2.992766337 4.241507158 0.201415938 7.702099464 6.231082120 4.492333176 2.506317357 0.169793038 9.467205523 1.148994478 -3.568858865
7.719021294 22.069041998 -27.658369626 0.967755268 0.123617577 0.123636122 0.181335448 4.984205362 4.767964093 2.390902400 2.349163389 4.524343595 0.038291502 5.722556170 4.810502849 4.076788677 1.919155245 3.389925487 5.297552859 3.448572764 3.076610890 8.668228942 4.581899810 6.387968590 4.602626326 2.488110723 11.795041249
0.757381729 10.910663947 -25.124320985 0.774799793 0.529000610 -0.284102555 -0.197811460 6.234156269 2.137732704 3.864535997 3.650046265 5.540614904 2.695307641 4.412623358 3.667533393 5.199682474 -0.518586658 6.474610277 0.398127199 2.711863815 1.942181119 0.083205720 4.605306721 4.676082612 -1.947919172 7.484559442 12.299395511
3.593477790 10.214009748 -34.482871840 0.794290478 0.589090092 -0.025746909 0.146330436 2.435625696 5.949587384 7.076328372 5.763512063 4.018609991 -0.080467427 0.464685858 5.540493995 2.860863349 4.470535505 7.977379467 0.541009668 7.203666588 5.400583989 7.458041692 0.706263154 -3.153506027 7.801685594 1.266904797 6.689657022
0.327236401 15.824250553 -19.008956025 0.803519006 0.473560345 0.031589542 0.359304756 7.843329854 2.161725677 4.326373774 11.068160805 10.072550598 3.627845903 6.740688775 7.682787300 13.122287191 5.399145474 3.522617257 2.590973291 6.284346801 6.284777224 -4.030653905 0.098271336 -0.880966283 4.428761323 2.682195905 5.982995415
6.766546524 18.566984045 -31.320022478 0.820674779 0.313197055 0.337656716 0.338213622 7.686528132 4.608719639 7.159042617 1.984654757 5.629265688 3.984352194 11.396992251 1.954769739 3.585616107 7.225567804 3.197520256 7.364463925 8.172933069 3.959146626 5.502828016 9.183097692 2.517973705 6.423728305 0.382953461 2.615424007
8.983970018 11.835237860 -32.636180967 0.888268461 0.417454703 -0.124940098 -0.145260743 5.775223657 1.700389907 10.174823245 6.912568128 6.899006541 2.624981952 0.118997104 0.881809510 4.481099234 3.594905861 6.727425449 6.647615487 11.270074630 0.197608051 8.046277956 8.216533837 2.680523978 6.592782246 -3.046091461 3.011965282
9.506654611 15.804540774 -24.667152364 0.908573171 0.383767509 -0.115058361 -0.118232254 4.942020655 2.271384683 4.482559910 0.297771133 8.531583112 -1.760941571 1.297495947 2.464869172 2.982631820 8.378696078 5.378821350 3.920720865 9.657650160 1.678213462 0.195697575 -0.787218235 4.891501277 -0.056171036 2.060699233 2.762834457
6.169813935 5.789896017 -26.936289065 0.927300824 0.263826792 -0.129582767 -0.231769090 4.305798297 4.315161670 2.061082474 2.372310985 3.686087488 1.091290082 3.236784429 -0.650661557 2.942966894 7.583463766 7.109632423 8.056960962 0.896089515 -0.133606808 -3.728098322 2.519614914 1.612439419 -2.250552378 3.707298351 2.810792151
-0.125282269 16.442758900 -30.806149584 0.764163213 0.635961616 0.074258849 0.078057864 3.925443213 1.129415669 4.611546574 -1.081701392 6.184878148 3.741303127 0.804703183 3.675762743 1.442442925 6.772942664 7.633017576 1.584280110 3.789054249 4.886951294 3.383806908 -0.804311482 11.433695357 2.833677179 -1.900907665 -2.207236382
4.190712477 8.298442034 -30.247066917 0.973931412 0.198664239 -0.108000190 -0.018057784 6.653972508 0.232271142 1.699387905 3.455646237 4.995348940 2.982304059 7.567204388 6.894971876 2.410077667 4.945549997 -4.194124534 3.375572661 -1.093350924 -1.220985203 5.315115329 5.538067335 -0.359281275 10.523641394 6.001805963 3.046708746
0.773403057 12.885429369 -31.582209814 0.742852713 0.571053256 -0.138263475 -0.320860152 0.923339095 2.679527832 1.211423339 3.237638264 0.242509479 6.833840727 9.445646655 0.163621564 8.601941175 7.178611973 0.057834506 7.313679866 3.107672258 4.174265851 4.600103277 -1.076488016 7.172496365 7.728717873 -0.442797681 5.340955167
4.539932681 13.433247857 -22.456565531 0.775938088 0.578865701 -0.151594682 -0.199633757 8.221273380 4.618695984 4.480533102 4.481571551 8.179285805 1.957728183 2.580504984 4.089328804 1.116440252 -2.155593406 3.307716652 5.863643497 3.416929691 -1.053084524 6.413035065 2.236112652 8.906834439 5.971665909 2.254769015 6.101532812
-1.613991004 16.110685292 -29.420050779 0.772612889 0.616935957 0.113136216 -0.098282984 -0.871424829 7.201942513 2.348568981 1.841262530 -1.216657457 2.768501828 3.393832478 5.545569460 7.550703202 2.590699986 9.915653395 -0.442145065 -1.097172472 1.847824679 8.809557928 4.986005977 -3.322089873 8.371966748 5.295899565 1.052733523
9.974835359 12.847734337 -21.129841382 0.826733616 0.507100723 -0.166693113 -0.177690156 6.336333609 2.232150982 6.564666706 6.293650165 7.159818312 2.512832627 2.470747313 8.717623256 -1.103752862 5.088415900 6.673412412 5.352125287 3.175314062 2.586839792 -1.790565565 6.827375855 4.200804296 5.074817808 1.913801681 7.829040865
-4.746606966 9.038819496 -25.200751628 0.744378504 0.502531167 0.105237310 -0.426952195 2.952250977 1.051976017 -0.064516650 1.945112900 5.770278574 7.884490234 -2.479721479 4.916379633 7.400879259 2.083246701 2.462666720 3.639776179 6.395813580 0.623967428 2.186141065 2.686683655 2.841358211 4.169437297 10.997718174 8.471425487
3.942355812 22.398299664 -24.849415229 0.765920902 0.326631833 0.309508758 0.459217973 3.930094422 3.777393604 -1.254347538 3.965869220 0.505378786 2.042497334 1.429944062 7.331995563 4.376324185 6.162040847 4.203683575 0.542361804 -2.694274760 0.487137161 4.079858613 9.159287638 5.966822384 4.073263555 0.951622251 7.003266733
5.351427786 16.876154101 -33.253660540 0.868362632 0.300136751 0.276569232 0.281733438 3.856638125 7.895839182 4.580975912 -0.045972622 1.041564552 5.162707441 4.645002482 -2.348909920 2.944799461 7.387472698 8.161078521 -0.173111570 8.056000095 5.206814228 5.147184362 3.602915971 8.103455137 9.473146267 7.370490469 5.502977606
1.969862612 14.009972325 -28.432226019 0.736900909 0.634808660 0.171517023 -0.156770298 4.740523395 6.401600546 1.584086329 0.469521336 2.464004474 2.649177340 6.063766555 1.393429781 3.244288267 7.405076264 -0.191408634 -0.497173777 0.247489571 2.893502759 5.338747954 1.066859296 -3.743091073 5.036719982 6.843910229 4.940406761
-2.513041329 9.379565461 -31.163222375 0.949569582 -0.270639808 0.126847829 0.094769885 2.775685820 -0.634414535 -0.131411901 -1.063887225 3.331831822 0.469546969 4.199148264 7.788502137 8.411566954 4.067485112 1.746219049 4.964736679 2.978260799 6.336480713 -2.006602292 2.325143305 5.060382307 5.184570433 -0.366826970 8.105376243
-3.111422451 8.785615718 -23.495401618 0.800894641 0.502044956 0.144495481 0.292642602 6.390825031 5.615374012 4.753081500 -1.361186449 6.676771195 3.993447849 -0.309468443 3.413268897 3.666323635 8.598396578 0.903719666 0.099826845 3.899782639 7.177215453 8.379080763 6.602059073 2.102284560 -0.150625937 2.786019355 7.501877605
-0.410660023 20.214474362 -27.777598869 0.980306036 0.157237916 0.095180087 0.072229248 5.798886227 7.743060938 4.280929119 6.710508251 5.475707966 5.934097442 2.828705266 3.230040049 5.883278325 2.769224227 3.291721781 7.036598585 5.237550112 3.244861125 1.611009562 4.848215353 -2.892707878 1.861573585 6.307572492 -1.571611159
-5.305710347 10.866406549 -27.216748470 0.757002201 0.597260859 0.194041627 -0.180485405 6.011689137 6.294339957 1.091628656 5.847004860 5.403155995 3.999731930 3.977425220 -4.238409170 5.531248619 -0.083328015 4.170139840 9.507667715 0.464467869 2.507930365 1.883153747 2.391058046 5.481065615 5.231168873 -0.782248582 3.624573455
9.983927298 14.188460400 -29.919506267 0.908948380 0.348377395 0.137400781 0.183213149 -1.745667548 3.597569216 3.073544663 3.885134059 5.700252377 8.135026829 3.606878964 6.033628824 5.648177926 0.234831853 2.885017395 -1.123376225 3.868223295 0.588460286 6.470920380 2.622845427 4.790494752 5.050732771 -1.856934830 1.888238178
9.918457050 20.281327984 -29.225032971 0.746051164 0.498340466 0.026239674 0.440880847 2.651216032 3.703343315 1.904980212 3.821108024 5.384309576 6.093955886 10.022227532 3.447235020 -1.641400663 7.681447176 8.700482958 8.900369317 5.741972402 5.731524066 9.959848281 1.973312077 2.386951513 1.900890757 5.553551765 7.751854112
3.176888598 13.002138976 -33.373176062 0.934515389 0.354585673 0.029092609 0.010178782 6.713902038 6.427813508 3.083408314 -3.174914663 10.095004533 6.492786741 7.242343690 2.574309751 -0.022351928 6.549792173 11.699715785 1.029910060 1.412289582 12.999536734 2.989651603 2.061747091 2.046696219 5.214246965 3.182406240 1.141730988
11.397678348 9.324888505 -24.377457775 0.717057003 0.531336052 0.069494305 0.445737363 5.348503018 3.878096360 5.482793206 2.872375562 3.625867679 -1.132994790 5.621719301 8.111566767 4.282769601 0.082550471 3.831405561 8.764758386 8.521920064 3.808300172 5.433367508 0.266400804 7.225998189 7.756644203 3.287941778 4.974880084
2.411359030 14.860001044 -17.001450041 0.847812321 0.451380356 -0.099164740 -0.260069984 4.221611854 1.330888364 3.845319523 1.464430378 6.179257769 5.046295105 0.343831059 4.028430977 9.096936022 1.187729699 5.357130960 -0.990746154 4.929733003 4.442172006 -2.408552706 -3.061731986 0.020682117 7.921764474 6.764924481 9.527482260
10.154225794 12.099609769 -25.563079979 0.872526422 0.485351145 -0.055794531 -0.004345012 3.235588725 2.505227443 6.303168384 5.871801412 7.987003341 2.383186681 -0.695086385 6.670658432 5.207177261 7.466522390 3.312165081 -0.361706195 7.482823573 -1.208626799 1.537136570 1.868221889 2.708469139 6.593606300 4.180289514 4.447978797
0.712552479 13.373438695 -17.462284654 0.733590317 0.473555002 -0.015585252 0.487183750 9.487610052 3.374433982 5.444563296 7.554858318 3.817383238 4.881173749 8.668389115 1.277095407 3.541326812 1.018488923 2.856054474 5.351204735 -0.769445778 4.377515990 3.178531214 3.158792745 1.571040467 7.330765698 -0.974407006 6.995272271
5.719359999 5.122686181 -23.175275185 0.760674033 0.638212925 0.027164308 0.115418273 1.292592205 6.860147857 6.983436890 8.737152994 5.650498138 7.557885106 5.595068642 -1.605572924 5.946412724 4.383969026 5.388891702 5.811022770 1.178020956 3.111534504 5.346096364 3.798832649 8.402316710 -0.086437100 4.111390712 4.358208799
6.901921211 8.584966401 -25.533562256 0.721531816 0.541601987 0.168705173 0.396985757 7.094897023 4.855165127 4.556135686 9.021615709 5.457005805 6.502983889 7.382932060 4.346039661 6.051238729 7.136402446 1.174976854 4.109433640 7.106540481 2.507989810 6.136716026 4.261709158 10.112095503 5.001373667 2.954727146 1.296671255
-2.048292889 9.939133854 -21.289484618 0.969435896 0.243734476 0.010828410 -0.025890040 2.422433472 1.465977120 2.839614625 2.634385097 2.212465478 8.359864064 1.065377980 7.186154030 7.299214546 -1.049709142 10.036111043 2.130237339 10.323929301 9.228066719 6.847753582 1.129236697 5.099850964 5.552481128 2.053552151 3.903328791
2.472208157 7.440929675 -31.839626251 0.759385539 0.531790461 -0.217508674 -0.305323575 0.241729206 4.985234100 5.058570037 4.230199353 4.041988261 1.872188422 6.772692917 1.772587841 6.041129566 2.807234007 5.702292197 7.507920902 6.151929299 3.517128261 3.444148742 5.726562132 0.947695236 1.374606837 2.495390627 5.070216730
4.270709313 14.267033321 -19.935554916 0.805090175 0.554524153 -0.206521314 -0.041008794 8.769740696 6.532215050 0.584515857 1.580827651 4.847118970 1.119018428 0.340355524 4.863530030 5.994320638 3.796199066 2.727596775 6.198848526 4.136834635 1.864014364 5.246578651 5.141297655 3.338464154 6.398921631 8.765815898 6.939011237
4.051197858 13.115300931 -33.820207078 0.952343231 0.303009658 0.033473959 0.010344659 4.745619259 1.351198287 3.783017688 6.280143460 0.264646750 3.150832490 5.923412058 7.626235206 1.792731785 -0.177754687 0.054560258 8.203446928 2.466840384 11.925197584 6.030641431 6.804083694 6.725520104 4.089615168 4.867486622 5.601361928
4.415113603 16.506101590 -18.518726500 0.811743632 0.448439914 0.110941464 0.357303668 6.156705639 2.812068468 3.200593410 -0.254971943 4.515615656 5.753249131 2.017739513 4.313852862 1.869682506 1.865579153 5.633185192 2.070962161 6.456633205 5.294788635 2.127594157 2.172796218 5.951763283 9.209451822 5.999313058 3.325269821
9.505808176 18.613228112 -32.727722786 0.973521296 -0.019350821 -0.161844921 -0.160274931 -0.597916583 0.416306595 4.610606271 3.220323513 -1.901077266 5.436173446 4.721166574 7.503428569 5.483793319 2.153859917 9.554004898 0.599217626 2.069852672 4.050278872 -0.006607205 3.512643645 6.312700344 3.734958818 7.175689950 3.851830744
5.394574608 7.683889081 -34.297727274 0.819161630 0.545904094 -0.061316125 0.164934159 1.407088355 2.464394900 6.780118427 2.994341205 4.995113102 3.123690675 -1.400908344 2.363898821 5.798842458 5.392358286 4.333241941 0.530265460 7.076577905 4.923421658 -3.305757570 1.429937952 6.361013951 5.271284447 0.648772269 6.111316575
7.186733334 16.422899705 -31.875495837 0.927461703 0.335927554 -0.162048765 -0.026601988 2.167159423 5.754558376 -1.915092981 5.985167472 2.555711918 5.488278282 7.012755188 8.425760077 2.848453804 2.017572275 7.251859861 3.686015647 7.006149174 -0.466979733 5.520761985 5.608269885 8.221010288 6.807401669 7.833980793 0.024275501
3.581614461 12.150979272 -26.180212773 0.736952360 0.549071218 -0.158547955 -0.360949529 3.049983144 6.904145314 3.522827195 4.787470015 6.058962634 1.834036571 4.670153387 3.955833590 3.175204112 6.202184834 3.054736162 6.619285497 7.964402448 7.227563322 2.648862846 -2.009088538 2.731027837 -2.167209591 1.890367224 5.989727504
-0.784434157 10.273728825 -18.696308702 0.823051667 0.429398548 -0.087570501 -0.361295237 6.890526555 9.630302601 5.716899340 1.809121784 2.042948881 5.141648321 11.364708613 2.645711074 0.647910514 5.634606301 6.230312948 1.430398445 0.006870787 1.724798428 7.977167162 -0.820221407 1.282750974 4.613942222 6.172002908 8.840888049
12.434234988 17.041519199 -26.010073129 0.834569478 0.496148452 -0.239278659 0.008730577 6.827958253 7.175588877 5.839285299 5.255067963 5.370042573 5.746297943 6.635150373 2.385703888 8.858597150 1.467587121 8.410113820 3.830162289 1.566915433 4.405451174 1.287835624 3.005814123 4.951756485 1.382376006 7.834331788 -0.746760941
7.498382275 14.303115322 -27.052158324 0.718554805 0.643100384 -0.123310975 0.234297443 2.482659707 0.200977513 5.519266430 6.468200671 2.912470162 0.806410577 1.548471789 2.318219996 -0.854865934 8.421613521 4.625340664 4.709788481 3.132004223 6.951913793 8.898537339 0.020974459 4.684735362 3.862152972 7.493938509 2.385176926
6.039195155 6.571026265 -27.039450905 0.767284588 0.499112885 0.270166667 0.298614569 6.010387660 9.900473420 10.502839718 9.117116361 4.856659547 1.061463066 3.096268476 5.412641085 7.908288795 0.277367475 4.285121031 2.639493116 1.274131433 10.296539469 7.157549890 4.945587234 4.912646369 4.635601735 1.249710414 4.003759743
-2.865897379 20.062974759 -30.332888446 0.987213362 0.157713902 0.000668229 -0.023144239 2.461369415 5.116448186 5.442236834 1.418995362 1.129065132 7.644517946 1.662295483 4.019986904 4.015630150 2.832009784 3.028733126 3.394646985 3.419934657 3.798956156 1.179178600 7.194254484 2.889784019 4.467768185 1.339773880 5.347275621
2.893289405 9.629485250 -20.516557393 0.724136018 0.566227444 -0.348310865 -0.183556667 4.737111718 1.536820888 1.965625368 6.076845281 6.814490505 3.713460284 6.516977918 8.890935176 3.064586255 6.588010670 3.384740331 2.004613080 3.205381428 6.094737929 3.159259310 -1.603015976 -0.379164600 4.727433118 7.399624298 2.738394437
5.666141270 17.363161761 -22.025836127 0.820410871 0.398073197 0.005858008 0.410401531 4.199791524 1.601533114 5.503076267 4.693758303 0.594491921 6.192327112 2.100968820 5.435990578 1.253174279 6.323154146 2.074516217 8.369630095 -0.718571313 5.321758000 6.661524677 0.357596788 3.152983509 5.907392212 8.913372021 3.503506735
-0.290140513 15.210445013 -22.831633361 0.840906730 0.335473557 0.231103680 0.356264582 5.322532694 -0.201331350 0.581981050 6.431943322 4.650967572 9.069736667 8.545821956 9.226964766 6.317563287 -0.474666521 4.524178686 8.068811973 6.091561109 3.878590069 -0.246316579 2.908794009 9.443456247 0.453402821 1.215277256 4.143508448
7.901349546 16.758637332 -30.297686653 0.906908282 0.397779315 -0.099440922 0.096956113 3.866820758 8.495431699 6.217705935 8.813182243 0.752937532 3.519109477 5.464679528 0.943240664 1.243566050 0.018436641 4.945472870 6.030367386 4.070205085 -2.112615106 5.877795920 -1.001639908 13.381105323 1.480620796 5.706697597 5.026562195
7.288039369 13.974531391 -20.851986883 0.781104009 0.412665904 -0.316913221 -0.345180227 0.512622471 2.466289094 5.529464803 7.323572459 5.771124642 1.515665417 1.281606870 4.121995312 1.481991535 6.790085955 1.013212979 1.015446606 -0.558115990 4.468073065 5.805985555 4.537760201 1.349595648 2.485849916 8.286262312 0.659055362
-3.645978128 10.355942816 -30.831376455 0.909378919 -0.036680458 0.301353343 0.284377720 5.521855278 7.029211983 4.078108253 2.388479138 5.395365755 3.740047174 7.831012942 5.972889909 3.799794107 5.661414377 6.523920755 4.303117483 5.500492166 1.525893445 -1.928801124 9.043781571 6.125821087 2.950560914 -0.397948446 2.183534218
2.780250881 10.382236540 -33.787119466 0.953742206 0.155123535 0.203124069 0.158281728 0.362012332 8.738149693 1.818658894 1.734950436 0.128153992 2.862530472 2.639681628 0.869780027 10.097781671 3.903968683 -0.714339662 0.521179778 -0.317253686 2.367825836 3.154219086 4.902774442 7.936078353 8.680954612 2.756389149 6.609786464
-1.278352012 13.736487984 -25.935457031 0.945244732 0.150584589 0.228733267 0.177532448 1.912377274 1.072227295 4.951688522 2.360972455 0.243284258 5.268248606 3.628298616 7.932620798 8.260960194 1.373236027 -1.326088827 7.714819291 4.322861361 1.710932268 3.839924166 7.337021840 6.682918339 2.995307179 6.441286751 0.455970394
7.702395675 9.032923351 -22.545579699 0.944580645 -0.020786748 -0.232261258 -0.231062815 4.867315987 8.142581483 7.212995476 1.659458238 7.757325684 4.793810141 0.156664132 1.947406795 1.291894243 -0.433026445 -0.773024790 4.715354354 7.764805944 0.120342276 3.850934758 1.199625090 2.305695588 5.381645053 3.424715460 4.415822751
-5.890077490 14.507975428 -26.255655201 0.947508630 0.246399400 0.068087780 -0.192038503 2.938176243 8.529503556 3.180243278 0.969232834 7.420175590 -0.550553891 6.465831495 6.985048474 4.603111844 4.791612195 4.975378067 0.588394110 3.963489082 4.066396178 2.475041318 5.570092698 5.633654531 4.209725925 6.079171940 9.725664135
6.107098720 11.291568916 -24.468024958 0.896215994 0.405394531 -0.057190305 0.170825747 -2.328470938 6.348708077 4.085658531 2.612855422 0.510366300 5.261276655 6.794298853 4.402189533 4.434425809 3.266722265 1.047952683 -2.365467688 -2.729356925 1.021914320 3.219586853 1.177568952 7.818392312 2.024122717 6.348530344 -1.178177113
2.025144253 14.290337937 -31.127857855 0.786424033 0.371240540 0.294735224 0.396041475 1.653237929 5.469784391 3.589161489 9.623720497 1.575538704 7.453286758 0.210240761 4.191957972 2.857195640 -1.697747570 2.076884706 0.969274323 10.358123754 7.255102169 6.753500220 6.519770269 4.090617805 4.953981592 7.425509501 4.315606043
0.437453685 19.961219349 -25.867294539 0.976462315 0.154672879 0.063908288 0.136063879 4.311296818 7.042635030 2.931571640 5.672821393 2.388050308 2.813143215 0.932480338 3.920766409 4.908017241 5.699564054 7.721458530 3.041734626 11.992312589 2.664432998 2.333830443 8.107996264 0.095517131 6.228880600 4.496058108 0.204374441
7.510127836 7.893363128 -21.876929478 0.941071455 0.287351866 -0.147562154 0.100193975 0.147334863 2.215847478 4.135957279 8.523784309 6.615301656 6.906129351 2.450738259 6.538354673 4.187221694 1.770699900 7.079249152 3.476271135 8.250570446 4.436600164 4.065466525 7.525311831 5.822880362 8.526620121 3.334694173 0.088456378
0.776100801 15.433348607 -27.110127764 0.919637325 0.310595872 0.150084290 0.187808683 0.714320817 6.188850527 2.015527021 3.081912088 7.260965078 9.955691436 4.958275656 3.544572159 8.401860833 0.608620896 0.310693176 4.314567388 6.066458064 3.026880767 4.630665608 0.339843334 5.405201317 2.087688422 1.466151137 5.212805366
-4.556843735 12.769383062 -21.922188505 0.858635445 0.503733445 0.085610670 0.040848538 11.067948619 -1.444010565 2.702854583 2.850931996 1.751403384 5.865848349 2.477546834 4.355859906 3.373144186 0.900648192 5.801117560 3.227332533 3.304631102 3.353106452 5.344381974 -2.694675652 5.553294916 5.534780625 6.422873818 2.028455614
9.032702857 18.173017691 -26.632449201 0.798858503 0.419029824 -0.196466596 -0.384239476 7.583713535 3.979786913 6.598998342 8.079827567 3.707964357 4.959052474 1.517024698 5.013364243 0.136620603 1.527656941 8.093348044 2.754206269 2.379298833 8.576063394 0.981523349 0.396707333 2.169832268 0.595326461 1.681673730 -3.865273910
3.328277242 4.053824391 -27.471381099 0.986964948 0.116193914 0.110802284 0.011046246 7.838012232 4.321439764 1.349580308 -0.096789770 1.959589664 11.705014055 7.029340537 -1.310744399 6.196876692 2.367249075 4.062764862 -0.191161826 0.779264712 4.921727975 1.575103988 7.313757558 -1.110817383 4.114415025 3.613543648 2.055410039
9.548357073 10.066661870 -23.223382002 0.887303650 0.394688100 -0.124433028 0.203543506 1.452555237 8.295807727 12.417409031 7.182587643 5.529093586 4.215291463 2.953407447 8.748984758 3.985292635 6.517116832 5.182060630 10.934670411 4.419766087 1.494489864 10.099878836 2.883542599 2.969762974 8.156737114 1.821343443 7.070864272
-0.380718012 7.410634015 -27.285281600 0.931315679 0.262634016 -0.108080027 -0.228020148 3.800152936 1.746222474 -4.536120710 1.108360434 4.797738121 1.712102314 4.142353869 -0.522781192 1.790257450 12.464327600 1.939320204 5.321359566 4.424710142 2.273443294 2.499295708 -1.493340223 4.693930942 0.844150451 4.773393578 6.351169037
-1.353266520 19.753490290 -30.157020184 0.803589783 0.567059875 -0.054785034 -0.172293815 7.729451957 -0.366846924 4.039751443 1.842993884 12.655782954 9.635279646 -0.756017645 3.340583379 9.360584917 5.298145513 4.996319624 -3.594105839 3.990572894 4.496306126 2.780220927 -1.487521699 4.550424858 7.887546371 2.310025844 1.391294141
3.533584130 11.252832798 -27.949682626 0.823227073 0.352010451 0.242178824 0.373811778 3.763300544 3.023595264 -0.871615001 6.241731619 2.783142521 3.653840767 4.593162313 5.978320005 2.789520800 1.439929243 6.019944606 5.121032736 3.822732821 3.165254351 0.156260896 9.701188340 4.014662825 3.052984604 3.671694601 4.636766333
-3.111117584 14.164311972 -26.290406516 0.813947063 0.443147417 0.258175881 0.272865829 2.081252677 8.665724620 0.651957299 2.525171562 3.867529026 2.756137505 5.929344757 6.925149277 1.115546661 9.086717432 3.570822443 2.317957289 -1.001884050 -0.812957058 0.664683054 3.111112392 2.588624560 3.705745478 6.084411230 5.909318702
0.120564758 15.696980458 -23.873802272 0.919700004 0.305143581 0.017683439 -0.246427665 5.373443923 1.740686113 0.463121200 7.067485584 7.315744848 9.244667575 4.962400829 7.180309361 4.275247644 2.857900486 3.240239793 2.239546163 -0.424172552 -1.347202587 12.633110557 8.631428465 3.785364402 1.946710517 3.276057755 3.541563941
6.211399292 16.477203721 -33.104678425 0.744980337 0.666905114 0.001780572 0.015449784 5.955700361 -0.900120926 -1.471918115 4.815047492 6.509802401 4.787774218 2.592176901 1.024250558 4.770020204 2.952526645 5.282327027 4.772919084 0.338688518 1.120945207 -1.038244451 -0.316189380 4.399741310 2.201126415 5.676190920 3.700132560
6.103137765 20.414645483 -20.828096665 0.875620521 0.416357105 -0.193262286 -0.150283577 4.997107447 7.923368781 6.295288457 7.765788259 3.043039755 8.392585184 -0.507562563 3.757614288 -0.411906758 0.591581089 4.294170262 -0.181171679 2.835627078 3.522197674 0.484871552 2.717632139 9.063630509 5.602828132 0.222637540 5.509543242
11.797325376 18.162197260 -27.667489836 0.717468090 0.474095112 -0.297949754 -0.414366152 4.860726667 4.660458945 8.132733902 8.081845784 3.692754005 8.687236071 5.015843516 6.398105021 5.539510552 2.379935009 4.248395480 5.488674068 5.696629594 7.811754012 4.457205815 3.343828889 6.924713799 -0.060785498 6.497627088 0.980743551
-2.150019326 7.378265264 -28.445653940 0.806223943 0.190011612 0.502716591 0.247334936 5.469655895 3.113720406 5.939846495 -2.493951702 1.805418273 3.170378852 2.657940081 3.243334690 1.866790751 5.978415004 1.931722205 1.602048096 3.840886304 4.678666911 -0.405713425 4.155261335 0.245712772 2.159593550 3.835350193 3.391751479
6.928289234 8.596266067 -32.318984470 0.973139450 -0.019140856 0.166590722 0.157736394 4.938990613 4.952797433 8.758491779 8.059453009 3.583484269 1.143927738 -0.368155487 0.096924973 3.044084443 3.373855553 2.715910040 0.435422225 8.655332158 6.677535896 -0.124930198 0.919236419 1.464904037 5.016818506 3.331880953 4.501814908
10.264136854 9.032411514 -30.635510087 0.996469840 0.055799545 0.029382553 0.055416009 4.266658194 1.978247210 -0.898052801 1.130941952 4.626013571 4.350736689 -2.059840457 3.655434171 6.194116826 3.568631827 3.574285643 -0.522359634 0.992410781 6.323189240 2.403769624 4.486399685 1.673762482 4.570117892 6.944440572 4.796522543
9.301567839 17.356660738 -24.281539126 0.814383251 0.524020063 -0.249283943 0.006356891 3.638113779 7.309039498 3.230407330 5.083175694 7.526757147 -2.387142023 5.007107382 1.527884397 6.072419473 4.204067288 2.466567092 11.717916286 2.617345628 -1.577011516 1.930655840 3.828216398 0.257175529 2.815629976 5.828687222 2.278785287
-0.334137130 19.020806694 -25.678969447 0.812156675 0.551608692 -0.052669505 -0.182634358 8.757178970 3.849588942 5.185926963 0.188084428 1.971618382 3.776393330 0.813401951 7.677609735 -2.412124441 7.341145977 2.633331785 8.162372976 5.675562468 3.542189767 5.341648229 3.949943952 4.136880505 1.583887007 2.375226216 7.719796362
-2.553487347 16.567592402 -31.751814098 0.941369384 0.329527648 0.047705101 -0.054400686 1.201608198 -1.839213642 3.895287749 -1.357196907 3.075347618 4.225536689 9.144852095 2.152843030 3.776197198 8.948152826 7.605342248 0.125873410 3.774855513 7.592862115 9.858642575 0.798792911 6.722245554 7.547566425 0.294015884 5.349288088
4.316414704 8.925582009 -27.217501343 0.754231132 0.630711667 0.136382843 -0.121399803 2.888170364 3.179942835 1.906615893 2.114171554 2.292884283 5.693777037 6.680926470 5.069589508 2.488726672 5.660868006 -2.701680636 2.992269383 1.230745368 1.590822542 12.000423548 6.836203144 6.591140225 0.658043868 -0.664117021 4.127832038
-4.130995948 12.218143362 -26.143383182 0.899449210 0.428381067 0.031726656 -0.080462409 9.970743332 1.339539462 -0.889319937 4.917056955 1.770612673 4.832228894 0.218094581 2.611314306 2.765961067 8.040746420 2.924344878 1.702192700 1.477411759 1.098309838 2.185603884 -0.614746458 4.802790523 -1.174304421 1.987058224 2.606696960
-5.749588122 16.579908896 -23.978778325 0.848046053 0.519520793 0.098836494 0.033873086 2.795776387 2.078797856 -0.883158062 0.511880799 6.482646018 6.195538934 7.121975619 0.331759596 3.895953304 -3.831987278 -1.732536155 5.214635339 8.846897681 2.544312774 8.158175373 7.495615994 1.922353390 3.145427976 7.071205347 4.430788007
9.675139486 11.870185964 -28.249667946 0.943005005 0.198554609 0.068336348 0.258162297 5.240934577 3.067198186 5.987551038 0.633991694 0.899307386 0.662468022 4.361855403 5.053090304 3.393257578 0.594021297 1.128996714 4.533707174 3.690182196 8.390236298 2.161534892 5.668026874 8.983026946 1.577064602 4.734091117 7.398222849
3.131457305 11.002543730 -23.723258182 0.882863476 0.467988638 0.036953736 0.013158262 2.038884182 1.234921204 11.902534723 7.273267987 -3.001893422 2.841268965 8.746876535 5.367561932 0.637921040 1.833670617 3.490180964 5.447851103 4.768905604 3.283216933 5.822276095 4.807581020 3.812897928 2.358956825 -0.075001520 3.441961155
5.454245058 22.104611861 -30.443723649 0.980122148 0.191495001 -0.050735049 -0.010779304 5.513115777 2.844351309 3.234733696 4.181658074 4.491161537 3.131386372 8.667965399 2.775393683 5.997358752 2.226675435 -3.005959405 5.997300076 3.276381753 3.871468390 -0.648106219 2.608505183 4.615335441 4.773158450 6.406956767 3.404636421
2.006029437 4.496191464 -23.650591443 0.709221444 0.534430970 0.370635187 0.272062567 8.639864356 3.187800310 6.513492217 1.266277243 -0.351572739 1.884953239 -3.536492340 4.268618489 2.218070898 -0.363456768 3.688496158 6.138408389 13.028573550 3.799834950 6.007525165 5.231439502 7.330129657 4.013171045 5.075511770 5.093179401
4.737928268 13.546109083 -20.020740268 0.861463809 0.444558109 -0.058665606 0.238341225 1.936845094 4.252170138 2.638819271 3.975003920 0.629057117 5.503703262 1.991263684 0.797634200 4.007001529 4.206688842 2.351127633 1.740412745 3.471446977 9.301748835 5.170410753 4.043592762 6.865566508 1.711669818 3.081828168 4.292644319
0.221023000 13.415612781 -32.842910770 0.746298605 0.654852958 0.032764069 0.114597171 1.122318082 4.840485487 -0.931712687 4.128027699 4.501654889 1.860501393 2.313896986 5.746477358 3.848137539 -3.160747760 8.115251989 8.213595275 3.154702430 3.329732381 5.099947563 2.169365924 -0.333051824 4.467340716 5.816984152 4.945857865
8.759968548 19.364040986 -25.171854470 0.754390598 0.444087935 -0.275110267 -0.397485940 1.308062926 2.510867908 7.748622944 2.136040147 5.378748191 2.004390721 2.030696783 -2.509491583 6.294580718 7.036839225 6.862406596 3.665799765 5.266174146 6.858051858 3.350790539 5.119714357 1.521259369 3.453930101 4.637114593 5.058339521
2.311636598 17.424943545 -23.548347162 0.986147461 0.114223324 -0.075635351 -0.093517441 1.270210722 4.806642904 5.026434979 6.605788605 3.546051392 4.772265280 8.314527611 8.709556015 7.563870764 4.086662938 1.230511874 3.204222404 3.256025687 3.736669090 7.115290156 4.990179442 1.389988996 6.562639090 5.441142227 1.946082397
3.967167363 13.777727632 -23.036674788 0.773633089 0.522094506 -0.024655583 -0.358191670 8.405287130 8.379677732 2.493205647 2.144764608 0.973049868 4.252843956 6.234202620 -0.116822300 2.177973537 8.424131795 2.100332829 10.066974314 2.460710173 0.691879381 2.241043604 -1.080629130 6.129894509 7.298974156 2.251836080 5.691099700
4.771577700 8.597112124 -25.937150734 0.740900797 0.637810993 -0.076055135 0.196160043 2.293835968 4.725139686 6.483742965 3.747592044 2.326213697 5.491931492 3.077343181 3.775758641 2.276320098 6.197061228 1.707568775 1.052817112 3.208429360 6.823935234 9.571245872 2.845523982 5.521701408 3.986112052 5.178140160 9.113613576
3.523373888 21.377674437 -33.038216147 0.901521467 0.411890296 0.013300886 -0.132017105 11.332204046 7.567497365 -0.589037931 6.437186059 10.020064130 8.060830866 -1.238189751 9.842871850 7.322424906 10.563989309 5.458806037 1.508394123 1.204534516 5.460910697 2.957896477 2.885379570 2.768183291 -4.055612476 5.818594472 8.388880926
1.412277782 19.301325916 -32.846823563 0.936342950 0.342630215 -0.010444104 -0.075877117 3.187170011 7.745554844 5.386405025 3.467671153 6.459261070 6.238260046 6.198835794 7.285819896 4.408946077 0.934843335 7.038564935 3.319771923 2.235289046 1.453912685 8.423421996 3.826569906 4.596170789 4.372919017 4.262015292 2.643137008
-4.459064246 13.731164967 -32.171277511 0.844526828 0.228461940 0.341797989 0.343152611 2.403308628 2.910129884 2.701922505 0.165977992 6.099407778 2.580399795 2.055600644 -0.560982028 11.073503793 -0.989839761 5.411952052 -0.660873625 4.632516215 3.450207034 0.393091808 7.487350524 2.192721861 7.719665922 2.964156293 -0.417127418
5.097547321 9.826328001 -32.411559439 0.966036983 0.206965816 0.092163337 0.124272351 0.752423853 0.491704361 7.835409804 4.313549390 7.046044646 4.959387921 4.978382417 2.423295171 6.625414244 7.974200348 4.370811986 8.544563006 5.012590100 4.311175208 4.223857185 12.421108697 2.415578251 1.758987413 8.188420611 -0.086040228
6.014205413 21.752774476 -30.842035068 0.967157138 0.083031655 0.149369206 0.188153276 5.102135722 5.213516569 3.347947550 2.893301872 4.859695073 5.556831681 1.148434066 0.008456192 7.706098288 2.538248086 8.802246358 4.799172428 4.211622010 1.911479318 1.712214829 -1.069206565 2.032687295 5.391769439 1.034873386 4.792525170
-3.618070115 17.970731415 -26.730373879 0.884780101 0.343075037 -0.113427528 -0.294275189 5.394144234 5.010573856 5.694479901 7.910230275 3.877563503 3.194007189 3.408302426 7.249739257 3.167441808 4.351924122 3.781690180 9.155264220 3.396150992 0.835920547 5.596850652 1.381030316 -0.209694734 4.018973142 2.835193929 5.291643699
0.436710050 7.935140481 -19.912163363 0.743810105 0.463588171 -0.234645184 -0.420445209 5.463881901 1.943766665 5.940664070 9.007755549 9.909043000 5.719677796 4.682356624 1.400393838 0.077628683 7.044719815 4.351664397 7.023017142 8.002474349 9.930871255 0.875553263 5.310907032 8.966983753 0.525514932 5.023665104 2.021706674
9.526841147 8.790854335 -21.644965754 0.811366307 0.390089449 -0.109505765 0.421335288 5.889697847 1.062596676 -2.975285993 -0.239954279 4.038368989 4.016298048 6.200446208 5.097771457 0.398576654 5.506811554 -1.978905990 3.214390743 4.004489439 2.639445315 6.813726057 2.161481230 9.653152433 5.380762226 6.938391239 3.718609866
6.534233494 20.985467362 -32.362560881 0.984890250 0.014606647 -0.120403595 -0.123615597 2.847477210 -1.411138723 4.279733876 3.151329574 2.688503013 2.117779162 1.118435358 4.278173534 3.547408673 3.742068545 3.483816529 3.579193605 6.258983029 12.940815791 -1.727875858 4.738663762 8.248206630 2.303817355 4.562086666 0.237396557
6.432364361 14.073894318 -22.322435375 0.760766965 0.592124451 -0.132341908 0.230451467 0.211327756 7.133601292 6.004655484 3.881678778 -4.069855219 5.540195989 5.778928438 -0.324400608 6.997700118 6.143228469 -0.326456614 1.368600644 5.885973987 2.480284792 7.038495009 4.246383820 4.850186109 9.598103663 5.430350196 -0.645480404
2.722395099 11.722084981 -29.858582451 0.734734568 0.505553271 0.385183777 0.237095894 2.012860024 6.079045660 2.869983559 0.888657041 5.688080701 1.102018028 2.113775705 -3.140549769 1.149147174 6.166207836 5.099201644 5.844945055 0.769468005 6.595129487 7.584897931 4.807953904 7.995709148 5.573840923 4.244003895 7.214878612
4.223109544 4.914998944 -31.121499811 0.921390295 0.333468456 0.059985869 0.190369140 8.425802832 6.598711152 8.518780652 4.737580987 6.053988534 2.099107462 1.007466579 7.398980172 2.826822203 3.522107292 6.805710166 8.577469836 5.066422948 9.449092657 6.309353115 7.514001670 6.827943084 2.706999741 3.892416625 7.272373522
-0.972277166 14.487781218 -19.976499278 0.739502030 0.465778845 0.057764717 0.482545389 9.619027255 3.895175835 -2.881587312 2.646598578 5.926826729 8.053047430 4.204165630 2.647008334 3.946018445 3.227973745 4.389232178 -1.157300284 5.225975007 3.167250470 5.579708744 7.499649417 3.009803229 4.534059773 4.519834864 6.318266872
7.224017638 21.930225743 -23.470885637 0.963334725 0.242558789 -0.106385496 -0.042820179 3.396120764 -0.130167537 5.520759562 3.392387538 2.461194973 8.259760034 0.884072491 -0.502993595 8.986400594 0.750853159 3.149990228 2.757680957 0.923469240 8.150900925 2.275873696 5.330393849 -0.482226272 0.586311869 9.422834959 7.066090601
-3.196641176 10.818470171 -24.319488696 0.978860127 -0.039221930 0.111962466 0.166610021 3.180601768 3.677667004 7.085108991 5.979612495 7.960758130 6.895419204 5.154610612 4.061699036 -0.283613215 7.247866737 1.306659390 7.571880744 4.636383261 1.605451723 6.229631559 6.194809996 9.466141129 2.402979676 -0.095222553 1.697021484
-3.179347192 16.821177768 -32.008480630 0.988972265 -0.003726932 0.077984492 0.125850656 8.283593996 4.234974998 3.444864389 5.819224425 6.993580428 6.165683558 3.274762803 0.759857876 -1.677697143 1.229807025 2.703967062 -1.916763081 0.495652953 4.851878640 2.550727772 5.042324886 4.062526284 3.421621668 -0.458852408 6.407323261
8.272979750 11.340083814 -28.198496869 0.999814194 0.006602486 0.013241490 0.012355025 4.067847603 0.464157466 7.650437870 0.818071783 2.655389119 3.472570298 3.505136651 4.689668125 6.665017909 2.643601203 4.970169409 4.390461466 1.453805792 2.567728153 4.541749116 5.739427806 7.022998394 3.104727043 -1.055740780 4.082754273
5.143433197 13.571764298 -22.557667811 0.924819199 0.333523378 -0.008717181 0.182744676 2.518495187 -0.084786872 5.802714973 6.638817973 3.981856649 9.520937034 1.088181528 4.597504456 1.595152898 6.761490156 4.890607719 10.023110552 4.627801806 5.099211474 -0.369532666 3.165855876 1.280696458 -1.175930146 3.663200551 3.662573050
0.352355794 8.542885263 -33.014353686 0.815499719 0.454921498 -0.312986071 -0.173338855 -2.295166955 0.478649981 0.751038059 4.843651330 6.729630413 7.090315549 7.122511267 1.722595792 5.241798039 2.145660740 11.861796327 6.404649552 0.684697509 4.915211483 2.171017988 2.301490897 1.595118860 2.822451431 3.441697065 6.342710798
1.343274017 9.223205902 -28.438993956 0.721901572 0.632175103 0.270805496 -0.076662526 3.421548969 2.183830003 10.454499779 4.888447538 7.196881685 4.946525455 4.467026526 4.788641766 2.229129617 3.647984923 4.646692205 6.943586797 7.616211168 5.514613324 9.933706709 2.876661561 3.523964326 -2.080494544 3.014391720 4.774679344
-1.359301268 18.287295993 -30.449411108 0.889670741 0.419571880 -0.107535969 -0.144504064 4.226284812 4.727564513 8.678114208 2.470209436 4.955094323 8.374296710 -0.375907758 4.499242595 8.083363645 3.556798374 3.037138932 0.673451741 4.795196636 1.585291860 10.299113676 8.396264809 3.305215509 6.455377498 5.346669160 2.587612455
4.220035021 16.492195744 -17.813070470 0.971443265 0.225246182 -0.047622285 0.057395626 4.107682875 2.493999787 3.099437976 1.891850757 10.851046177 4.282603189 0.515172927 8.615599606 6.953584713 0.947734502 6.849702376 6.871964859 8.512576114 4.367389945 7.751335489 -0.319376481 4.345229288 3.794274005 1.539338108 3.814685509
2.180859481 21.322381474 -31.659719988 0.926038901 0.367731535 -0.016975280 -0.083290528 2.026479915 4.282359803 6.216599758 11.157662811 -1.034190055 2.834448310 3.099320624 -0.677080214 3.463452456 0.077921152 2.255513728 7.245185728 2.087358527 3.754510953 8.881293089 4.076018463 1.102310390 4.444461302 -2.686734883 -3.140214530
-1.977883324 12.539498657 -23.662331862 0.754337821 0.377508025 0.394718448 0.364224504 2.852436521 2.157560963 2.290743258 5.647184648 6.363336474 6.846141921 1.709673513 7.363801701 7.804500416 0.820325655 7.211720632 2.512755912 1.740429480 2.320781666 0.338974167 4.816497383 4.438272724 -1.147705962 5.282149686 1.051125689
2.247140423 16.222006872 -28.259368177 0.732780462 0.526008388 0.109035579 0.417683149 2.293011664 7.226283041 12.031731355 3.005352713 10.392490896 2.311137169 8.446631238 6.760770428 0.798609700 3.983950961 -2.842503884 5.334705403 2.963162783 2.403342677 2.390989127 5.042991025 4.188035804 3.279996717 0.254676716 9.418679913
3.690089697 22.983327454 -25.741647746 0.731715606 0.478977450 -0.078290430 -0.478584876 2.883063282 6.580046714 5.295355376 1.859681377 2.364592637 2.532302293 4.728718623 3.459388152 4.385247834 7.643016309 0.940151854 7.326941137 1.874340400 5.225134216 11.243167491 8.094410265 1.100417819 7.438614186 1.405917537 2.773653357
3.935757471 14.146858086 -35.795162777 0.707607121 0.568698924 -0.329473337 -0.259462939 5.937825704 3.808828707 1.106448414 5.372610739 -1.458658700 5.220202984 4.351771106 3.964352803 0.919420933 5.748541455 5.989237721 4.832302431 3.335733319 4.501138567 1.086154596 9.913869321 2.474582219 3.436145416 2.506659650 -2.685377286
2.038589552 10.284388926 -20.073444775 0.781752640 0.553395925 0.271576266 -0.094138686 0.329675525 7.533185292 2.262075852 -1.603223086 4.505054101 7.181583329 2.994591679 -2.397633290 1.538100675 1.905774462 4.004318916 6.360073179 7.907440265 -0.209813544 7.349034653 10.000331658 -5.453229154 7.941075369 3.476122471 2.385657426
2.235002025 21.559789422 -28.276375762 0.711478568 0.549660510 -0.052878243 -0.434598047 2.396393881 4.339866522 2.849000602 7.478025014 6.883378938 4.049765450 4.504926039 3.102013011 1.039964370 3.317306317 4.774791240 3.587407055 2.204893386 -0.445097170 2.485293059 7.469645986 7.064926565 4.637936700 5.810412243 3.975775679
5.531180254 16.645438521 -29.059977498 0.890083709 0.399814890 0.093717900 0.197777655 3.171976855 1.599212862 4.905829743 4.213521606 0.621105509 6.050656669 6.084864875 1.954714259 4.624328647 6.091943491 0.862914802 2.644483377 3.905687295 0.786325592 5.581295797 5.879229130 0.910583548 2.975021758 4.647298866 5.949804956
4.509523894 12.216363733 -31.465620163 0.813410345 0.473578295 -0.147596516 -0.303813229 3.531746197 3.358024474 5.090061047 2.629163910 6.697227912 2.998056503 4.296766640 8.473187647 5.657090682 2.280266497 3.062184984 4.169283250 2.231412498 7.955167714 3.076407153 0.286004128 5.454168405 4.792797181 6.107479938 6.676914182
1.793771329 16.416179172 -17.304110520 0.815383768 0.529402839 -0.023333966 0.233103992 3.091195045 1.959705044 -1.103070045 5.729608919 13.664373790 7.101454740 -1.048844150 2.614589080 7.306172025 6.357844520 2.980222188 3.183828306 6.606608134 1.275225223 3.841597952 4.967038610 6.163593280 -0.455127445 3.758401305 8.567705036
-0.984242987 6.757215877 -24.561224791 0.904473596 0.379620844 -0.140608825 -0.134330514 4.326795578 10.320154627 9.366070477 5.553534143 1.488322082 2.238568742 0.965065997 0.823384066 2.634719375 6.122127857 7.640385240 8.692903423 1.854807644 4.573602921 0.396051344 3.141773621 5.522584032 6.990577398 5.513532888 6.160050092
3.665641318 8.645755997 -25.073501382 0.938577753 0.136355548 0.236930971 0.210577019 5.633188479 3.264850572 2.343341395 6.827096263 8.702572628 5.981903322 2.861919118 3.456150802 3.128595835 3.565608906 0.644016796 5.442001227 5.390986969 0.745673484 1.641937490 2.236986700 3.855557298 10.374821063 4.686806788 2.937608638
2.404399009 6.892622617 -22.030301236 0.739235749 0.631231871 -0.009765340 -0.234481282 6.371175714 6.115969247 3.791465907 -2.878113346 2.401494676 4.603084367 3.607714940 -1.598323280 5.299780994 6.354714746 5.597458004 7.305273402 1.679077985 1.348663933 4.278881446 6.544193266 8.311416890 2.714864488 3.289552550 3.679207974
3.610239924 4.798704218 -26.610806042 0.870172105 0.228296354 0.401990882 0.170542115 4.700814461 4.877353948 8.198588648 3.459283592 4.564175488 7.126535228 7.949636515 7.472874476 0.611871135 1.659939181 -0.391472751 6.023231448 5.040681491 3.896562045 4.808934068 5.137324266 5.037689366 5.669599811 0.382931523 0.745346727
5.201679194 4.448747818 -26.837400911 0.723854657 0.590917653 -0.350221815 0.064772249 1.863783787 7.089319444 -3.800575874 2.752140862 4.683462568 4.565826867 10.328014711 3.550466852 7.329738831 2.453566438 6.067726244 -0.704435433 9.317347474 6.968042894 3.860204554 6.242401962 3.819731309 8.709813562 2.240094861 0.914855199
-4.289636273 14.315500803 -21.049104560 0.734520659 0.500883499 0.038705039 -0.456176546 9.109087024 2.693941202 6.561091527 1.904560619 4.871336515 7.026346555 -1.328085665 6.490622260 4.894282855 2.153203070 2.441735704 3.375921078 7.205656641 3.659479661 4.914104487 6.641972022 1.886365008 8.275703842 6.357741590 5.260737232
10.028977721 16.771749270 -23.161256738 0.862654942 0.484324259 -0.073240401 -0.126064697 5.311909545 7.181827413 3.828823940 6.717059337 3.445399380 3.825620880 5.063633218 4.466735617 0.832914366 0.630040033 5.132662162 9.076537341 8.633367381 8.761704080 -0.967270759 7.619919605 1.810101307 7.688177428 4.997243928 1.454906655
-1.564959184 21.187653430 -28.405608182 0.720013832 0.683791921 0.092117182 0.074317668 2.522950109 7.950994935 1.082745455 1.945294884 6.936349622 3.785963311 -0.197061818 -1.867235212 8.238851248 1.976907759 2.297999822 6.860678033 2.478562541 9.091677357 2.470756107 0.911850450 4.400221922 7.893416380 4.887051945 3.577016497
4.919857847 15.091839287 -31.025886857 0.847079497 0.517149954 -0.043593491 0.114507023 7.273406050 8.973883168 4.574328118 5.622312052 0.723135104 3.549970464 0.537847086 -0.401547070 2.697882320 6.551278243 1.355375751 4.459730678 7.855078262 5.525031382 6.396985045 1.805027600 3.747400102 4.079463711 -3.419214442 4.271631766
7.798250202 17.915771768 -22.520876554 0.838103605 0.464853473 -0.194462128 -0.208993008 2.027078833 7.660219774 4.371986252 5.016814180 3.498637743 3.507662013 4.546791783 4.184068063 0.877180758 3.339019932 3.868360680 3.037505840 -2.281844491 3.027858983 2.814950628 5.748172537 3.646382834 9.670638674 8.807365250 2.367745927
3.913175803 19.230250723 -20.933493574 0.734504698 0.657928456 -0.075062825 0.148319140 3.260713427 3.285894739 6.232697671 7.788076018 5.294657266 3.632969432 4.308474750 4.860643427 2.570040843 9.640558603 6.449260115 2.090557642 6.215773806 7.143085397 2.096960124 4.698974165 8.839616585 6.915102301 8.561685092 3.923874580
-4.037939738 16.620229899 -24.159654449 0.961426939 0.056838117 0.129840587 0.235730973 6.208758066 1.754743872 0.231222545 3.348313236 6.699342219 -1.045612740 -0.159741605 13.669633411 11.326369219 8.131808421 6.835208323 0.891739408 9.007231528 4.901230946 2.623071143 2.473477673 0.247012088 -1.205762597 3.983491522 1.739823751
1.220868918 11.592768999 -33.617496717 0.792558568 0.283371957 0.440536195 0.312216448 3.743514593 2.522266490 3.754653226 4.619243752 5.164696292 5.535047510 1.015144166 2.261828024 6.711166223 -0.326366670 8.561312129 6.283623905 2.631337661 4.055379246 1.438761960 9.843362090 6.145004355 4.165797506 1.092808635 6.817350434
2.739710899 23.042291288 -25.015180525 0.808574924 0.547389793 -0.109474737 -0.185973892 1.317625169 4.710759253 2.264547988 3.665251711 -1.034761596 7.784207382 1.648817979 2.721413732 5.515052459 2.903803420 2.305279060 7.240461697 5.611854375 2.169387806 0.303520100 3.501129750 1.991081984 2.119169654 -0.455209214 2.019749487
2.058529154 17.277213406 -29.220575324 0.864628047 0.478181029 0.019040956 -0.152966291 6.791708369 3.097826075 8.783287411 4.537964406 2.864886648 0.145298351 4.411221735 6.006270177 0.430701382 8.800875638 1.501879904 4.864043485 3.803192313 6.148765583 2.238094644 1.598285495 2.720850363 9.757218371 3.174880465 3.261167167
5.287595554 10.843374036 -31.264545698 0.862695749 0.225225424 -0.387857100 -0.233658777 3.381191315 5.440683632 4.761681928 7.052206095 6.862699937 6.623709737 5.004540495 2.263828392 8.876739546 6.074797059 2.537182357 8.288698567 4.194785780 4.642584604 6.176486580 4.267317409 3.267284644 2.130342870 7.373495105 4.901883426
1.161079635 22.358757745 -29.922752686 0.772642553 0.446925957 -0.093333447 -0.441100375 7.793237831 6.881962674 2.674351362 4.414826035 8.475547668 4.244910935 7.065464737 5.053182672 6.374897411 6.749465137 0.087746892 3.866546321 4.160849966 3.312592223 2.168980923 4.397959454 1.449905595 2.054941216 6.048815211 9.698562336
4.324704421 21.528551472 -23.024586910 0.832640850 0.540333060 0.119394891 0.022231945 7.511776939 8.183466633 4.262354772 9.393543320 -1.215495991 3.886190405 6.470350346 5.093697866 1.785036261 5.988822443 2.097434776 4.731146766 3.999932951 9.057233035 6.921386998 0.171660433 2.886683590 0.191979238 4.287684047 -0.260094089
3.303827591 9.720606678 -27.050698477 0.779070216 0.220238555 0.467480058 0.354974609 6.758148120 2.432789927 -0.901635750 6.231961759 6.674046116 4.029137088 5.817675988 8.758694083 6.326006504 7.917334443 3.722307139 6.965409120 4.768878843 4.924765192 3.516464181 0.911681934 2.520939726 7.257161446 4.391307952 -0.320540808
8.108827574 20.466591996 -28.152105915 0.888726874 0.370718114 0.179331476 0.201427023 1.168781329 5.493399767 1.003033115 7.736377635 5.218762679 9.160255563 6.927146629 10.344817441 9.086621244 3.603205076 4.961561996 9.877492191 7.631307214 5.187553501 6.707656795 8.112513929 3.031859703 7.772000766 2.831027271 5.527979904
-0.340148007 17.160463972 -20.617899601 0.846353545 0.522503277 0.096815159 0.036094705 4.800752166 3.520590117 9.240205597 4.929854770 6.688970735 4.959941601 1.366831407 3.184829676 3.865895204 6.402760443 0.430242743 0.509240130 3.103189481 8.178260577 9.511101405 1.498745757 -1.031043855 1.372145262 3.746455170 6.166729254
7.208606279 15.922718375 -30.274724184 0.998139387 0.058130985 -0.017750691 -0.004844097 4.569832725 2.874380452 2.182734203 1.515204261 -2.660056479 -2.234904883 3.697152968 6.491367419 1.218762591 3.591389429 10.185845618 5.526346891 1.955049490 6.604410170 6.882545769 5.120742389 3.470669010 2.544371739 5.436897985 5.874801257
7.498766691 14.610222569 -24.221883523 0.888867953 0.369541927 -0.027194012 0.269468018 7.231679358 6.827768178 5.964841686 0.999402729 5.290412210 5.454582631 3.064990145 4.169634710 7.410734120 4.442242247 4.188805628 5.225791916 -1.242141009 6.777853156 5.817757710 10.089036569 3.488059468 6.117068041 2.062559528 1.806951751
5.788357310 11.657372718 -32.670026708 0.712069880 0.536148412 -0.420946477 -0.168242177 7.082913771 5.726468274 4.931726020 5.661041161 4.620456089 0.024078285 0.278471820 6.564149829 3.808400237 3.496066734 7.408351152 9.781174163 9.529016159 5.923840872 3.371225100 6.962698583 1.907434584 6.431601299 6.908456211 0.508683019
2.987755831 12.291925030 -32.178342438 0.923652539 0.348642811 -0.114391598 -0.110583635 5.027069145 1.516288025 -1.438363382 9.929610535 0.412012315 9.297096051 8.788948356 2.619369181 3.948820029 3.023906022 4.086755020 7.750202655 1.535041768 5.451865074 0.785795880 4.140551591 -0.120616163 -0.036607068 5.802236010 5.611124696
6.240595920 19.355743224 -33.562723039 0.925113060 0.372553917 0.070925990 0.018409469 2.797551555 1.495238855 6.576324032 4.006495276 6.177578571 5.415119288 3.762737189 0.745624295 6.131227647 6.455934559 4.272500863 7.349907279 3.363130809 1.674472549 3.888043903 4.832670151 -1.744160888 3.830814540 4.047916029 -3.349985359
1.075437133 19.067554994 -29.318222562 0.967704572 0.020248234 0.127418104 0.216569843 2.155617165 11.874681383 8.633762664 8.779702131 0.043890122 6.253972909 4.075046668 3.726042663 -2.494926776 5.348956040 -2.162731784 7.701200795 6.479775587 4.987874508 3.367198295 5.132894229 6.651204485 2.090434615 5.130896988 1.347769628
1.135568651 4.758847909 -24.976055318 0.723234425 0.479548263 -0.238242278 -0.436126182 1.894313851 1.836382769 4.818846997 2.325182932 2.628108862 2.679775576 5.599964941 3.461946770 8.041579135 0.129183662 9.402142810 6.106569555 3.842074594 7.873152836 9.626479216 4.676208428 5.264178423 4.771814104 3.025991890 6.137681383
-0.406284466 8.045695898 -26.261121405 0.992244753 0.068508725 0.040913521 0.095304714 4.123993218 4.798900526 4.608074685 8.648934467 8.958407044 0.666947772 1.564769987 2.932915715 5.365526625 7.986051270 1.165766688 4.330399317 2.911309205 6.061547104 8.372123902 -1.246695249 3.342053770 1.249156540 4.915279433 2.794120135
-0.828047167 9.699850880 -26.712620792 0.744600571 0.522444425 0.167052030 0.380414815 5.412824972 2.520131307 1.483558350 8.064824835 1.566739825 1.152774309 7.603093033 3.243137959 6.053827390 6.535154753 3.203816745 4.272945455 2.468727091 5.988429326 3.073617242 2.447143624 6.389585269 4.512071856 10.020334920 2.934594625
2.872826269 10.409484366 -19.258257676 0.773426557 0.371928328 0.370731521 0.355019464 0.985132397 1.432247135 5.595252115 3.401276782 -2.587549355 -1.670900612 4.034534930 6.474600935 6.141866034 6.129309208 -0.906817816 3.997882309 1.525659155 1.356425704 7.901942740 3.546605030 9.717912993 4.945094987 4.353448709 -0.561019743
1.867615289 13.277172029 -25.034564445 0.743061642 0.522055086 0.271191664 0.319018754 3.729007777 2.608569387 4.692234732 6.753090725 4.820721291 5.483941227 4.727426647 3.738226150 3.822057984 7.031837047 0.351082072 1.558125852 1.021321231 5.539357414 0.390658133 6.560077477 3.981149823 3.549935585 8.257889319 2.529378809
1.029990298 15.451785808 -26.981585467 0.993794049 0.109519999 0.006419751 0.018372409 9.846655537 2.843555208 -1.383230809 3.600557341 2.521597304 0.342418395 4.327053917 2.251099470 6.903940657 1.151867618 4.080709543 3.204073554 1.215897394 8.455772401 4.340839932 2.591610690 -1.357493176 2.664841444 3.795408347 5.534807237
13.006477943 13.991387768 -26.812771328 0.957534510 0.281392995 -0.062375998 -0.007408024 4.094637894 6.358879029 8.755009868 0.819130461 6.006222609 3.027682489 -5.827004405 2.766237322 4.839396255 7.260391814 2.697760133 1.274075007 2.281656766 6.622503076 7.889168612 3.181089781 11.137163284 0.461725025 -0.864870795 -0.567003076
-6.228191388 14.875473026 -25.454067686 0.789112928 0.493129671 -0.102990145 -0.351449774 0.864582248 3.680005148 2.568531540 8.548816200 -3.474768592 -0.129471003 6.500549518 7.072200733 7.390094835 3.305841271 0.657582369 -1.223259293 5.066566543 7.559344603 4.830244132 8.029263510 6.473240232 2.113323601 0.176242775 7.751951929
-2.255687698 13.888819429 -23.787637667 0.793549795 0.444146831 0.047003977 -0.413283126 3.204529989 1.087771771 1.477139840 2.728722917 1.666807609 3.903404094 2.151463129 2.674807737 1.856056282 8.014840295 9.703690340 12.152143047 4.974514287 4.003851866 2.896458074 7.681668775 -2.438655232 -1.131299414 4.323206183 6.133419341
11.392977234 16.004959421 -30.187322898 0.820697622 0.392241838 -0.225638442 -0.348839571 7.513769952 1.188390119 -0.955855785 2.055839932 3.865625299 0.178765035 0.544478120 10.236971736 5.688771352 1.587570894 6.490939259 4.742490116 -0.138117076 5.969722372 5.069565639 2.971683027 2.410984319 1.361333989 6.991074848 7.070522953
11.299645595 18.070128992 -26.305980175 0.831798379 0.532315301 -0.106054273 -0.116208300 7.386689709 4.959317860 3.812748305 -3.675971192 2.503212747 5.218228950 -1.237643091 3.409880683 -1.646138836 9.668583700 0.020268817 4.797426122 1.461058317 4.966886487 7.473913493 4.559484471 7.378347156 5.006830323 4.816702856 5.637317488
3.469842647 12.039242137 -36.148278874 0.947034218 0.277058332 0.081695967 0.140323337 3.294189636 7.136056531 5.009629018 2.687582874 8.187681416 2.075637572 -1.363135201 11.552341969 8.549545825 10.720651431 6.440813962 5.516741024 5.629064967 8.160199973 0.572166284 3.917101762 7.520896191 5.435387305 4.086986436 3.078505759
6.788592422 5.513899441 -28.140373586 0.969443313 0.117804729 -0.142367506 -0.161348079 1.942355011 6.377210853 6.690731540 -2.244412019 6.331770803 7.490786784 2.410799231 4.209877611 9.431215458 4.683568961 5.537581633 7.683016550 2.667914718 3.702285826 9.292944850 -1.519478097 6.864122081 -0.339051208 6.703675224 5.446652162
-1.438207374 7.637261561 -29.491419263 0.992139677 0.119927370 -0.014443206 -0.032675401 4.470343571 -0.769686151 2.944949711 4.091708908 4.492299034 8.204001684 -0.545347399 7.457097689 5.325946021 9.870140026 0.302731553 -1.257400842 3.566377975 9.855893651 7.632889173 1.167937093 2.531529505 2.361086580 6.645656051 10.270173367
4.199606956 14.646866186 -24.736962145 0.958672778 0.250654798 -0.073980357 -0.112452585 6.306040783 1.692002961 5.831847182 8.456761483 1.579073884 4.115621464 0.166048758 1.592072708 6.006579681 13.413498414 4.287254983 9.314366951 -0.769118151 6.408237163 5.473255804 3.005484702 3.595371958 6.631090661 9.147078215 2.697279709
