-20.273310240 3.783068684 -21.343319670 0.923687277 0.154125980 0.212413095 -0.279155287 2.466660230 9.233559476 5.256073564 -1.875767720 2.198298026 3.744043569 6.242095538 0.168034566 6.459553730 2.744198594 0.694770723 4.643651856 4.178248333 -2.515217107 9.816071200 1.723798385 8.802282815 4.047273447 0.619431004 5.481415372
-18.796606911 3.767245544 -23.391896754 0.931636084 0.062200016 0.357903001 0.009529254 3.740563799 1.904024958 1.697729083 2.994596730 7.589093351 2.358941259 4.152052461 3.048582715 3.562823514 1.078167021 0.656549800 8.139605821 9.603137079 1.581399768 6.422230810 4.898720193 5.528302758 6.475425193 1.222104303 1.955581038
-16.493296103 6.472792971 -19.759273396 0.877444387 0.232142147 0.417811498 -0.040434173 7.798494601 3.260519483 4.022378560 3.335493537 3.380943805 8.171237204 -2.591305594 3.253103941 1.617548862 1.413664190 2.743397894 11.698513771 6.494538382 3.008548021 6.003121667 5.296478552 3.187511008 5.992044746 -1.683690792 -1.387575756
-24.378474428 4.831198262 -18.209674684 0.833305723 -0.157503452 0.361054662 0.387857920 3.922552901 1.715680671 10.973917694 3.476610782 0.838747542 10.338112813 4.434586859 -0.629566234 3.472843299 7.377074320 2.029504805 2.069163440 4.063868258 3.792433212 -1.996777281 5.604114883 7.065775689 6.379181101 7.233499097 3.669527726
-15.546668511 10.935704919 -12.410283298 0.805228627 0.427907933 0.196996310 0.360130690 5.159735097 9.265798455 -4.453987837 2.442760060 10.882097130 -0.047218157 5.546059302 1.934655536 1.464518112 1.198047805 7.279669729 0.964708357 5.768907836 6.135892364 3.313494025 0.349991286 2.928731082 4.634586059 5.747938702 2.026584920
-20.841527979 4.007873469 -15.453722075 0.947210821 0.196974203 0.124342685 -0.220299162 1.156897212 -1.093815537 4.551843375 3.070146381 4.580477708 8.200377319 4.533944693 10.243177513 6.712612825 10.705378079 -3.720203273 8.825692195 6.101942823 11.370882796 0.238872951 0.857958337 3.226697352 4.782594244 3.036098935 2.597061453
-23.988224073 5.360554758 -27.372846721 0.977514408 0.110695930 0.106819058 -0.144227880 0.219688930 5.143616306 3.620113278 8.611956344 5.919918447 4.962534031 3.599409461 4.853953718 4.538312724 5.008479761 3.691316771 -0.681923324 7.996238961 5.687403287 3.406957167 1.064968984 1.726081201 7.425899914 5.419971360 4.406204372
-24.495227954 10.109123055 -20.120196363 0.813000774 0.340284011 0.336841344 -0.331322264 3.896372008 8.416763244 4.658809306 6.946453652 1.579732039 0.689138636 2.461982486 1.645717901 4.559552070 4.994855680 3.225546015 1.070980281 5.606306099 7.255925922 2.508571255 8.276012798 2.894186036 2.017548121 3.186630337 2.233434949
-16.804204931 13.590459170 -21.478753806 0.861893460 0.433598965 0.262829348 -0.007234292 8.800927861 2.630173417 6.086159359 1.532200289 1.558300562 6.995510869 1.025821880 3.466483331 4.790127313 2.835899365 7.427101092 1.698029511 -1.086713983 1.833224778 5.659582489 9.038723095 5.588580387 1.884157712 5.259039435 2.204724180
-15.957138242 13.165725850 -13.547968281 0.829618380 0.388332165 0.287931348 -0.279333157 6.017199530 7.454792331 8.741542280 9.116933435 0.288092324 6.777696565 2.537561991 5.994567933 2.684097638 9.997278758 -0.092382508 5.697680531 7.037929219 3.912659141 3.255894630 3.606078082 7.031863539 -1.432799944 5.141615055 3.182700064
-22.392348113 14.306451091 -24.213662171 0.899373241 0.238786735 0.360329039 0.065357870 6.481459969 2.258443216 1.685935117 6.105460255 1.665115876 3.500331525 5.575618188 3.427144633 -0.615848309 5.267095123 7.790632732 3.127364518 3.960200283 8.534622632 0.783654596 8.949564106 1.462406875 8.896652285 0.771326801 3.420860343
-20.690493906 4.823163843 -20.854474894 0.871278618 0.239144978 0.427418362 -0.031572025 4.205596687 3.461143353 2.412541818 1.177332806 -1.065442026 2.545954577 7.444322044 3.004247801 -4.317599008 3.924517879 -1.181866121 1.386687216 4.893818739 1.841752642 5.633639743 3.985547626 12.286916268 1.815909933 4.434574859 4.501727736
-20.300804857 14.304452489 -19.068052711 0.855595108 0.170904516 0.222742290 0.434895999 0.517575842 3.696965161 3.901632535 1.925330319 6.132545929 4.069914298 3.024259896 5.519701355 1.552493040 9.964673987 3.566079406 9.467601601 -1.049752944 4.792871944 -0.343341617 2.105323339 2.781164887 -1.261744570 6.004583689 4.284119200
-26.893727436 5.515502105 -24.902862146 0.965803162 -0.054121533 0.237823618 0.087949073 8.982118239 -0.225858136 -0.154569550 3.625858195 4.806924853 3.804353749 3.883743289 1.924372403 2.718872845 5.590671856 7.754393495 8.525674153 3.188930022 3.593537440 6.472611040 10.315167263 1.383921200 -1.210825314 6.039204380 6.694419356
-22.203820449 4.051099788 -29.370945064 0.873886096 0.020250351 0.398112803 0.278243080 11.377599019 3.175851274 1.165370476 8.731469236 7.455188930 5.233004133 6.318324517 2.412028181 3.611858443 3.703614826 6.485587818 9.054791175 3.494618772 9.860483251 2.190094676 7.140769425 4.200373386 2.451348589 5.049463829 3.431033927
-11.970447384 1.412105629 -22.227579727 0.936381966 -0.348104460 -0.000840172 -0.044848556 4.150579455 0.595292312 8.750137334 7.917460128 3.578332101 7.484784141 -2.406810187 1.670373082 3.515687212 8.186289677 1.772358095 4.454360437 5.313638981 2.548087402 4.871854687 2.736143027 9.934430939 2.532565889 2.703080249 -1.807504612
-13.851069835 9.333999030 -12.688669552 0.710163256 0.456211307 0.525563744 0.106405567 8.768709670 4.524020634 5.723323901 9.373879383 3.601849344 4.433882194 3.777967485 1.205123222 4.700827200 4.463136259 9.531194401 4.066120389 3.198144271 5.632121459 2.012932546 5.907791320 3.738071940 1.549592815 2.745800039 1.710139117
-23.196293006 8.648446781 -19.675354789 0.804623068 0.146481711 0.464203391 0.340058874 2.331820463 0.483859037 3.601812153 6.439111911 3.230277453 4.345694497 3.350762236 6.885297078 3.543630492 1.029024674 4.931533651 5.990870638 7.687863872 3.780247090 -1.623475557 6.879212072 2.442917287 0.465601691 5.947177589 9.267255655
-18.661520685 13.037869095 -14.136555877 0.844164266 0.272962375 0.256656354 0.383413289 8.584840611 3.018750902 5.177209822 4.545294679 2.937996715 7.283338271 3.158825668 6.461309310 0.110481486 5.480620380 7.759524266 5.532931100 4.087787546 10.055312115 2.411219487 3.239672082 0.365748415 4.313386860 5.077285160 9.701512594
-21.130051723 2.197818913 -16.427472429 0.797457115 0.257527637 0.502104655 0.213617837 2.886781441 10.341472728 5.038845005 -0.114171657 2.805135717 1.931356795 4.038457163 4.410843267 1.212143991 3.064424404 0.682197639 9.224955938 4.726233996 1.898268575 5.039892373 8.032097032 1.135378445 6.555322853 3.105153137 5.680561322
-12.233414563 7.990988865 -24.885216024 0.750891662 0.358347860 0.554743095 0.002936275 3.396168965 2.238077316 5.001361828 5.620275776 5.484026973 3.078903708 1.287575285 0.869920243 5.954137576 5.537836648 2.541736349 7.873737660 2.970340933 -0.757413584 0.775081790 5.769127816 8.227782718 5.609086013 7.416419168 6.809867820
-17.222995258 7.520042832 -29.866755367 0.853368016 0.310422707 0.416908849 0.039847001 3.384277668 1.282621820 4.731898231 2.719096300 0.301416356 2.525455724 6.155959945 1.461795605 2.789548654 4.257432320 5.597351514 3.893393109 9.627922334 3.527916262 8.796905138 1.186643766 4.656721398 5.306756159 7.804686301 1.594037685
-23.883858861 10.292327740 -25.945525426 0.736186777 0.421017321 0.529605057 0.017085904 4.078460501 3.680436258 5.687964464 9.128048717 6.722029533 5.757959358 4.760011538 10.133774617 3.584866943 6.348666604 5.930126218 4.063758667 5.833405352 -0.423208553 5.303107319 3.054142458 5.616371152 3.247479735 2.465439911 0.325193385
-20.765729166 8.602510035 -19.256078026 0.898254456 -0.214277230 0.238491592 0.300576049 2.751204802 5.430893482 2.361917135 4.844789017 1.173612759 5.408630663 1.501893897 2.140143057 0.777633164 3.338880917 2.121359324 2.279249489 6.728146793 4.233827987 5.284690673 5.509201379 5.689343758 4.190027629 2.308865075 1.907289699
-25.899089870 8.010056608 -24.899528700 0.886470260 0.244184854 0.393061978 -0.006820330 4.932360910 7.032378290 3.138981211 7.584959614 1.846185332 7.153163351 0.015464608 1.146509125 2.081279970 5.135108333 -1.875175262 7.792265480 -0.307851351 3.063843613 1.023652026 3.005952276 5.730333929 3.879479126 -1.460051213 9.142824682
-14.883375757 5.627810294 -20.769724463 0.780885667 0.400176402 0.415500700 -0.239657237 0.964349967 0.473451120 -8.521006427 7.327607521 3.311217391 2.047162264 5.653285418 5.213667794 -3.492014892 -0.646903416 8.534586900 4.296010480 5.162793011 3.741862960 0.425872644 4.834741165 5.026584562 -0.874583657 7.086503155 2.251104622
-13.375822912 5.480574505 -17.035243308 0.907836725 0.302349582 0.155239044 -0.245597333 0.952795353 0.393942355 6.949735530 3.140198139 9.046605115 5.759352205 9.723970629 7.423951858 4.176581299 4.436507683 6.536996028 0.146581144 3.821226793 7.000155272 6.580402780 7.349512394 4.276658602 4.649783967 3.858081912 8.451743987
-22.896445061 5.309395814 -15.905457330 0.759638370 0.166623064 0.444503999 -0.444525022 1.685096671 5.134707210 5.277805105 3.882513144 3.322042786 8.450391509 6.541195322 7.275175564 3.149460918 1.457929605 3.903221402 3.503907700 2.141440322 7.511878234 5.578352016 4.376813202 6.460785611 -1.408310858 3.099438739 -0.278790953
-17.872543422 8.845008539 -30.714485440 0.946280358 -0.070124474 0.216911960 0.229314727 4.914911667 1.725563095 4.460373483 5.427607232 4.217344871 3.516547066 6.873232830 3.948101652 5.613088107 -0.067294964 7.203856987 3.990466037 4.734076839 4.494013442 5.297470023 8.617208068 5.461036727 0.376340425 2.055276665 2.144978230
-23.543165577 5.629305151 -22.900069917 0.820843935 -0.028470089 0.303067068 0.483275325 6.186057225 2.300436736 1.370138743 4.193867851 5.966851826 5.317278497 3.362460371 1.685216943 4.071598636 1.440201895 6.679917583 5.109821876 -0.963041387 2.062962169 4.451625946 3.300998175 -1.232228429 7.761283226 -0.901644820 1.934965995
-12.399886281 5.148712300 -14.003865499 0.768674756 0.387768643 0.498697047 0.100378552 4.209895302 5.473071782 2.210390113 1.541866302 3.102123199 1.249701389 2.053261783 4.724061450 2.743587457 3.323440161 2.601731062 3.418289826 8.378105154 -1.004285137 2.488261397 -3.977451322 5.209419671 2.692541534 2.276148978 1.252744481
-15.963636475 12.487759024 -13.424758370 0.750045271 0.370791042 0.289700486 -0.464779220 6.288221193 7.965372117 -1.228574173 5.188757809 3.385927551 6.273699134 6.398579802 6.594596860 4.111283598 6.059130513 5.075392110 8.105626295 4.630161488 4.786141824 7.854847726 6.960492892 7.816338209 0.065300427 3.720921027 1.791343037
-13.240978354 0.984817086 -16.651373342 0.723210242 0.367026265 0.372244790 -0.451323036 4.940063143 0.005333925 2.834658317 6.408524468 8.822444295 5.975129911 2.441059170 3.269891255 3.442652927 6.095162237 8.755007481 4.731662975 8.349306981 2.010827625 -3.489655084 4.593879660 4.252656133 5.199531812 7.352934508 1.281160087
-15.604666141 4.835249741 -24.160200175 0.783710625 0.150537247 0.574617423 0.181524133 4.805749268 1.900169957 4.995249697 4.307484657 4.221522403 4.252041159 5.704626469 1.148317034 4.837507489 2.665090100 0.585825736 2.866148047 2.994763546 1.771162631 3.288153872 3.706548434 6.661553192 2.132975255 0.999998247 2.991543760
-18.318911538 14.321056610 -18.384737571 0.948004813 0.062065293 0.205726783 0.234757886 1.518587380 6.414111232 2.213151676 5.646011528 6.282082163 4.111902637 3.035769843 7.730744666 7.103966385 8.240060770 1.108966083 -0.659273548 2.788497171 3.995897415 -0.203706954 -0.814602745 2.544752942 4.108938952 5.815330406 1.710486000
-16.808517401 -0.297271860 -25.691802942 0.833567684 0.353365357 0.194883868 -0.377250739 6.117797999 6.253566060 0.153324940 8.960113705 0.745546557 4.498821916 3.034947516 6.873522064 9.147397400 3.886489247 5.567521266 4.392576495 6.578827745 1.299935822 1.777078550 9.713152347 5.310626413 2.138108914 -0.238322724 2.644468794
-22.804553853 14.987864593 -19.310982818 0.780556314 0.427700247 0.434880088 0.136688143 12.086071127 2.052208423 8.014635422 5.037769876 9.059148005 1.685101968 6.545763729 0.589514035 4.260408768 1.203033655 4.752684055 3.585567998 0.218315913 3.550702121 2.472494064 4.525493489 0.010237579 3.038578802 7.577885805 4.950024545
-23.149484691 11.510521628 -23.718197369 0.732026006 0.267653058 0.589151270 0.213074042 -0.368615010 5.769676295 5.788662655 2.014842049 6.189348872 -1.598650245 7.959736193 5.133711089 8.414260358 8.826438029 9.076235826 5.916995165 8.010147474 3.423449784 3.294445716 5.920140693 6.916352215 -1.258175279 0.886152824 4.360894017
-19.610536747 16.057986172 -21.933550461 0.820705604 0.421623171 0.377678561 0.077686025 3.067185875 7.697161413 2.586128787 1.643648499 -2.844031983 9.608041479 1.734874837 6.831016316 3.860442119 3.603201379 -0.885770029 5.270400860 5.810124684 9.542893248 3.570234168 7.256825910 4.672657935 1.021300579 4.449880436 6.023552171
-13.803657422 9.595681436 -29.029048092 0.998698833 -0.013511388 0.045906789 0.017625274 4.887469975 4.456990823 5.659741154 0.183147250 10.852608310 3.186842873 -0.603721478 2.588817354 2.798854393 8.198520293 10.700580317 11.112679653 0.961354599 6.676749512 6.098884466 2.113934643 6.822998597 8.104841024 5.824188416 4.711039273
-24.202770804 0.981427526 -20.241888800 0.868191052 0.138663295 0.409445880 0.243661363 7.983280206 7.378632500 6.261028606 -0.502997760 9.025793987 4.476792884 0.584778817 6.030841587 10.411625464 5.784799774 2.817784807 4.423292646 1.343889144 3.220606194 3.456632464 -3.709994230 6.203913089 4.141509798 9.434156358 10.793564913
-19.974187545 7.835738760 -26.106783617 0.870804143 0.286266425 0.398678068 0.028416116 7.428392833 3.383980805 3.945457086 4.139714749 4.594251632 8.093611710 4.552818161 2.006434425 8.766308083 1.285689246 -0.460638823 8.167791750 5.036006690 7.428968954 -0.551277470 7.192996972 3.064285803 4.685484677 2.425476959 -2.066743019
-23.390944038 9.362708946 -22.103481094 0.777716191 0.253826003 0.566401844 -0.099593360 1.222468246 5.654131178 3.115084253 0.216382644 2.952093513 3.359540438 -0.989123943 -2.920680622 6.978496804 2.303422850 7.490686430 9.026212139 3.415532208 0.394312591 3.573005357 1.369738384 5.288435900 5.400148248 7.754804793 1.955781366
-18.892887217 7.410693147 -28.680090657 0.781583998 0.351075621 0.453133192 0.246054207 6.556933692 2.237475021 9.993030331 0.093387120 3.078846407 4.195226423 5.379660562 6.370131632 4.851412491 6.481189946 2.212851132 5.053754608 5.982257506 3.382197030 6.263102218 -0.225900731 6.104837875 2.085035430 6.567861130 4.295963781
-13.867573984 10.901684945 -25.230857081 0.760603036 0.237275616 0.472327510 0.376948309 2.980923535 0.004646630 4.801004324 3.165783207 1.480295037 -5.842852810 3.413797588 4.345593489 3.487143936 3.848420738 0.703324369 6.964433661 8.911956273 -2.036244884 1.244404491 4.938350046 9.048399243 4.573924601 5.856368162 6.165559676
-23.090037909 15.225145223 -16.818729121 0.759821852 0.347902195 0.488252248 0.251484705 9.721447310 4.456304996 8.448671511 7.622292829 4.617884861 4.146724482 2.144578948 3.025489708 3.773157595 2.464797615 8.973602186 7.935879956 0.097604617 7.088353826 4.092787579 1.491407043 5.101208376 5.395434418 7.120373034 -0.070877706
-22.326564518 9.449967098 -16.312960465 0.888847371 0.125637237 0.380388191 0.222419559 1.521379400 7.630666842 3.685638202 -0.501443378 4.941388244 7.341301248 -0.060996458 2.919316325 2.773943526 4.578280165 7.357741181 -3.913037047 1.750999088 3.413934137 4.275788452 4.386054065 7.296984216 7.059135793 2.077516420 1.358137331
-18.971902602 9.294721220 -22.642923614 0.755595231 0.349553756 0.495486674 0.247751841 2.322161526 2.527761963 3.973115333 -2.794149732 0.932888574 2.741994809 5.439567345 2.838576905 -0.789440707 -2.655367080 1.616104582 5.598699529 2.297444065 0.873079289 7.772354635 6.861197826 0.096341400 -0.610065289 7.441176945 5.843142011
-17.452863611 8.020704000 -26.651129322 0.927673570 0.111601073 0.259196319 0.244508111 2.384358573 7.386173833 10.693136568 3.614917123 1.655387626 7.287696191 3.997296206 6.207960282 7.180040312 7.572253579 5.220143030 6.427411413 -0.372209435 6.943188173 0.122213296 5.071355040 1.192197021 2.113242654 2.163264533 2.711696127
-24.548869018 11.823721947 -20.630006940 0.777637349 0.187774859 0.543485556 0.254252249 2.157023137 2.809594898 3.706179962 6.039779631 6.221908227 5.437890884 -2.194312953 0.820817498 8.566303749 4.831877536 0.323937060 5.179761499 8.074399573 4.193503344 2.486371765 -0.135631590 11.203065494 4.735829033 1.818102615 0.977690200
-16.290565048 6.283004636 -28.963812135 0.728468324 0.305985143 0.608178787 -0.076325334 3.489949637 4.727783205 6.093296946 -0.195093617 11.522861185 2.569042718 7.352924726 3.160641947 -1.758539684 11.304324781 2.742007437 2.563079438 4.256287826 4.923852738 1.432703511 0.625156943 2.439703417 6.879254546 4.460620210 4.885050488
-19.509979417 5.076655472 -23.201295817 0.809805262 0.283386031 0.512104468 -0.040703929 1.900104059 0.889818724 3.399595564 -1.572139273 5.520354504 -2.124641077 0.539906691 2.663751260 1.971301083 5.612729781 5.157082135 -0.080666950 -0.541458079 5.023310000 7.709371468 6.708221576 4.485896585 0.862700599 7.636822800 6.758225516
-22.787850425 7.203085380 -27.434734877 0.856089024 0.270940118 0.431625792 0.086036099 6.030051852 5.815458120 7.347515328 4.790533712 9.577903786 9.568210712 1.212880861 3.938299661 5.420037023 4.061382727 7.651628122 5.819914164 6.757296109 12.142158210 7.414408917 -6.794990151 0.410888920 6.701065683 7.812735121 8.498755766
-16.919297219 -1.062501258 -19.998986260 0.732155977 0.243726570 0.635109150 -0.034370791 8.502332536 3.062338967 6.566009262 4.543057222 3.893948192 9.369245895 6.713465894 3.636284947 3.108985963 3.164196413 6.676826398 2.249123488 2.901848497 5.947332453 3.310833528 6.475625886 7.979604255 7.451600024 1.230712333 5.395239648
-15.928720209 9.477279277 -15.764763890 0.865319783 0.446687408 0.218030634 0.064456775 4.160950180 0.993720221 4.865814267 5.316843601 5.520992511 7.567863003 8.727618341 6.717103771 4.412646233 5.328728803 3.445622464 0.558821593 3.684113868 3.792362354 2.703711567 6.003987218 2.983428539 3.524970296 -1.663487170 3.007145345
-24.307526734 5.382066359 -27.185957921 0.817054741 0.050057262 0.394223720 0.417736135 2.654621464 -0.433741522 4.871036151 -0.220854737 6.347687687 3.959493713 8.534009556 3.617981929 4.823095662 5.226349076 4.583220154 1.316075886 9.507391720 5.058236402 4.609218478 0.552804091 4.127296767 5.586594872 4.426169919 9.621212018
-10.385631940 10.043974045 -19.562907196 0.904996456 0.153378006 0.316837626 0.238894370 2.563159878 6.672695781 -3.112524637 6.196525733 3.021168035 1.493880545 0.727272650 4.086684511 8.603273037 1.820615501 0.096608212 3.073762791 2.460718722 2.336034200 4.471176839 2.501006451 1.272996061 3.657413359 6.167903973 5.350463977
-22.253353343 1.218968372 -27.375168779 0.946360672 0.018773447 0.320176317 -0.039193901 9.043849937 9.633153183 3.981401608 4.307953287 6.262655602 4.316167717 8.315083043 -2.029020904 1.982182370 0.811496722 -2.462367813 4.127681919 5.920347992 -0.429541897 0.525335983 -0.184691724 5.979046310 8.046863420 5.006539183 5.882636187
-13.976022191 12.415975703 -25.425680916 0.769441660 0.460612882 0.440908168 0.037353605 7.740224480 5.916317844 -0.905729527 1.203634295 1.275273306 3.290428331 6.413574753 7.568430152 3.749571259 6.969663676 -0.490408705 3.128389366 1.430854175 8.074970051 7.316397211 7.083066314 2.966655684 4.293499374 8.483174629 3.719302732
-21.503568392 6.128720957 -26.104157433 0.910092000 0.000621127 0.406677195 0.079660689 2.854590590 1.549493951 1.696635493 5.163306045 4.286150655 2.304550093 1.714703133 4.750297966 4.975079050 4.206550190 2.903080226 5.997368612 4.365652673 -3.679056673 -1.352701946 4.614334236 -1.533436160 5.902674505 1.780948840 7.241918991
-18.138488999 9.432731561 -16.917518173 0.796894452 0.292044862 0.444922153 -0.285855400 6.216703190 5.396141381 6.941996100 -0.622640960 3.926640779 4.690549017 -1.948459180 6.104517336 4.892960444 6.291594965 3.952016188 3.715210687 6.017062170 6.622434238 4.920627760 7.578719553 4.228155629 1.863780734 1.007198049 3.545651157
-10.315909691 10.936865457 -26.272216434 0.988191973 -0.097783408 0.102436479 0.058496132 1.736576071 7.722055013 8.566167998 4.510751768 3.496146134 4.172566687 3.550049692 0.807627740 1.613599558 2.749042134 8.711579902 4.625026326 8.277370396 -0.017626466 6.798034040 8.351922320 8.429353027 6.594790838 1.909809879 4.912708309
-16.303648642 11.668682281 -15.202396305 0.833021080 0.368767751 0.315631154 0.265449055 -0.877238033 4.720913711 4.961616924 5.798638960 4.944623962 4.310825824 3.321251902 6.072866798 6.530967997 1.537017759 -0.555532062 -0.054400001 -4.039841059 11.133149919 0.282182922 8.747725696 -0.737394695 2.756254010 0.600460660 4.129302503
-12.031511859 8.869930874 -19.691992809 0.992170125 0.078396863 0.096160479 0.014336580 7.614949854 5.328959414 9.440670714 4.632122596 -0.195016708 -0.088666175 1.841005617 1.942203043 6.206208143 8.584739653 5.062767536 8.645744439 2.060736353 7.267836924 1.039974091 8.199370250 3.692224852 7.369167685 -1.903523984 3.235398400
-10.813431007 9.541040330 -24.778569279 0.747854769 0.400999094 0.525771667 0.058967142 2.696917404 4.561390793 5.189624900 -1.640307616 3.473270654 2.274563801 8.222057725 1.094640854 4.504884840 2.578071515 3.653763518 2.902820318 9.028024310 4.967559323 0.953247765 4.395584036 4.408789557 2.516753873 6.973209597 3.343999445
-16.172806946 1.106491495 -20.775149584 0.887471958 0.156723989 0.420922253 -0.103225835 6.426634443 -0.862620448 2.544381263 3.228233022 4.252610821 4.338233948 -1.262942541 0.779341321 2.117005086 7.742562452 6.497116081 9.759120447 2.431686847 5.615161311 6.033201013 2.481342119 1.543761476 2.630967930 6.445486959 9.867732470
-17.412762130 14.529295948 -17.103761220 0.759316736 0.372707704 0.330481922 -0.418698890 2.989964883 -1.670522011 3.555791895 6.726657219 5.021153890 5.411102874 -0.918688473 3.268420288 0.470855246 0.852059328 0.091738015 6.028992266 9.277589765 5.636664284 -0.082186880 6.136322956 9.564144024 1.308415878 6.472554415 10.396647104
-22.358309537 2.430809071 -17.554719150 0.897039800 0.075782290 0.424325707 0.097592699 -1.564923662 4.141554161 1.592262311 3.642954102 5.518432317 -0.032870361 6.013868665 0.345163711 2.991075121 5.212087722 10.810550735 7.084103067 5.469202653 1.640973258 1.847474673 6.960837755 1.559933917 3.441907446 8.000837431 3.106646753
-23.303955922 15.248183547 -25.123855364 0.944619197 0.225532248 0.010698549 -0.238149782 3.517769649 3.830653509 5.819134791 7.460014431 1.437231775 3.101168190 -1.472192640 -0.725262104 3.377791961 6.873076607 -2.903210450 7.335697806 8.249792305 4.252564626 4.724444192 7.649397626 3.694280509 0.752799449 1.823485291 3.137140414
-21.762579438 10.373102922 -23.686438291 0.845822863 0.305088575 0.429080006 0.085994152 1.950411568 -1.071111151 3.887521552 1.780172775 2.096938281 1.779377060 6.050930959 3.961746023 1.749229713 4.678967801 9.775537564 3.205385337 4.263879846 1.331625355 5.957977068 6.858591705 7.538098733 9.630147410 1.909970927 5.590119844
-19.251539249 9.889343036 -19.361936127 0.817895172 0.513550352 0.064643458 -0.251266286 5.904913374 -0.751908201 5.391677566 1.033874180 -4.414516076 7.622064564 7.799996322 1.813846663 9.981334777 6.092263490 2.115914031 4.320220307 0.498972188 4.223843607 1.911405069 4.450474343 7.693142020 5.801711472 2.039671560 -0.076769484
-20.427900431 -1.317504607 -21.856129228 0.736659856 0.083077994 0.454700459 0.493637313 5.882602303 -4.396127529 5.088090937 4.335432990 5.201753667 5.765179718 -0.283409050 0.796149590 8.183642994 2.890670181 7.452648105 4.610964014 2.895389870 5.333428074 4.473774967 6.952099777 3.609132690 8.819556418 5.136960891 6.968489731
-23.984094424 4.975255900 -21.279982584 0.855936137 0.134360554 0.436194379 0.243012416 2.252297289 13.270852394 5.356369280 1.130892092 9.640124214 8.971561509 5.115168246 3.104994171 8.867554871 7.263225238 8.800502910 1.094011636 5.289920520 5.415051843 5.739524713 6.837595891 6.869911584 3.419149022 3.156643944 5.793624817
-27.349322091 4.583262402 -20.624124497 0.858277100 0.148868336 0.459076838 0.174490960 1.943186370 3.886005939 6.225158189 2.448996145 7.662689747 1.566523308 0.440254985 -1.121221412 2.986333655 4.104827423 3.021046464 0.379703076 8.213679294 6.989334957 3.952482920 2.418287745 -2.732969336 0.858734213 9.035489284 5.028183001
-20.089026332 5.689445772 -13.343207634 0.766668965 0.044768365 0.628981605 0.120816521 -0.537888082 1.254033831 5.434247209 3.678831519 2.990838732 5.194206349 3.973898476 4.287057044 3.678109647 3.228362090 3.035994688 0.608526630 2.505525524 10.023230151 9.433464754 3.796686889 4.902293783 5.363066160 0.051654669 2.531528985
-19.578382662 11.970204303 -18.737067202 0.838785853 0.433094222 0.329638356 0.014361165 4.977497595 8.763317379 2.584285365 9.576266289 3.284427450 2.328367589 3.801784249 1.468060868 6.066827904 0.258464696 4.807524810 9.527349817 7.629117623 3.674720780 6.609574951 -0.054021071 2.880732516 6.549458166 6.885051408 3.027954059
-17.987772764 12.383837319 -14.439669491 0.722814736 0.387629451 0.391264235 0.417366223 3.066261306 5.137654069 1.036878675 1.342473480 4.839385146 10.193570767 -0.251770424 5.924819912 1.175721152 3.670646537 4.045692793 -0.584551323 4.527557388 4.805833108 6.427125224 4.711685730 1.969232645 7.101349488 3.954733154 -0.141418436
-19.481160625 9.056867389 -19.613288207 0.917822713 -0.215061191 0.212293641 0.257452056 3.320839351 7.997066033 7.268833514 2.680812548 5.515801254 11.092398662 2.039129218 3.167781040 3.375354893 7.788174495 6.117700129 6.567236337 -0.060605895 3.518192155 4.672827949 3.878932521 3.426053854 -1.608932869 7.489941427 8.498211555
-21.942965562 8.579075240 -20.678542845 0.750649531 0.160426551 0.611055945 0.193388821 9.502752512 6.477848835 3.512697796 10.285408963 1.517665639 3.737698468 6.462640283 1.614411026 -1.008798743 1.321123808 1.317721759 6.938179228 2.378685543 6.266109420 2.856112534 2.826628935 6.501974070 6.456292987 5.700404836 1.147674427
-10.248694256 13.318270365 -19.897097616 0.734359083 0.415295618 0.304912152 0.441899159 -0.848423754 -4.037530209 1.987909145 3.963951272 9.031622709 6.440071699 0.801700211 7.169559674 1.950377399 2.483557167 3.197617501 5.338747132 2.729470331 5.637471829 3.846686450 3.545453684 5.528126699 3.793262801 1.390084513 6.276597463
-17.526897559 8.331087571 -12.436009297 0.865488566 0.308974314 0.334572174 -0.208628558 3.617488960 8.204296324 9.238351741 5.921398942 5.766505498 8.106610847 5.797231405 5.360272618 5.781885524 6.284956984 9.364392787 -0.861500263 7.444000935 11.114435516 -1.482285901 3.492329800 4.659563125 1.493835936 8.145393559 4.728362120
-19.861663479 11.845880684 -16.434150185 0.746054712 0.443524595 0.410721652 0.279277684 -4.129248797 5.020216348 1.922853900 1.855124821 1.697472810 3.074914652 1.503235273 2.626301578 5.694970304 4.668363825 1.562299472 6.913539242 4.243616349 7.641470748 -2.775692159 4.528679488 5.345960386 8.873961448 4.000087509 -2.984412502
-15.305404242 12.558675101 -17.852136300 0.928273026 0.247070227 0.213512029 0.177983444 6.498600549 5.649088229 4.180585654 1.351670501 9.493618658 7.553348669 7.138327733 2.333979309 6.264243536 2.011651196 4.440051079 6.442061584 3.381632317 4.648135147 3.738873572 4.142253987 0.175664819 6.023107016 3.570660930 -0.387294988
-21.656640058 7.042232411 -19.306823757 0.994016171 0.084883884 0.004530179 -0.068600701 0.480097818 0.379226938 3.544563521 1.820661073 -2.885393592 3.962282571 7.639435726 4.225895005 5.691370248 4.478497083 4.761672902 3.493468090 4.360575616 7.852630223 -1.479058573 2.309594256 8.774345783 6.442907972 6.186245912 8.124661897
-23.909441714 3.028353127 -22.885286090 0.818607128 0.285451375 0.260407744 -0.424956102 0.166488183 3.280395139 4.562411419 2.930710382 4.911128265 3.096409337 2.002616963 3.900043621 4.989825433 1.764709947 2.496702228 2.786556879 2.921002550 -0.538534107 4.969406582 4.027438078 4.163656475 0.690579429 2.455935589 3.092097997
-20.414292323 0.809161238 -27.461903979 0.910810210 -0.109263229 0.271958313 0.290731809 6.021139925 -0.240584163 7.788710958 4.974435916 3.520849584 3.486898279 5.451418360 1.591881762 -4.148872043 4.760441357 7.693488496 1.038626500 3.676096742 8.742116395 3.087930995 4.156262453 5.865660372 -0.594149936 2.812727284 4.638954885
-25.487995315 4.903233567 -20.619909594 0.801025540 0.226216675 0.483848127 0.270324047 5.543478644 -1.680300395 -0.858086209 2.613512202 1.985734731 4.494689241 -0.575352568 2.656032201 3.668885715 3.617171261 5.426038476 2.679847619 8.486605809 4.049723859 8.947492212 2.304593771 3.565374632 6.447229196 0.398568455 5.477937813
-18.327963175 12.974495697 -21.673358422 0.771629207 0.385727478 0.195920309 -0.466280938 4.024918555 2.126847041 8.418384062 6.177200598 8.808040895 5.071584931 2.889762027 2.871299268 5.865121309 6.668541984 8.359367435 6.225991727 -2.794586190 3.019931113 4.026935526 6.390969704 8.319239834 0.835162911 10.800561154 4.515233334
-19.120577893 13.065899389 -22.090823244 0.798218718 0.403325357 0.438455090 0.089065534 1.919833435 1.244676022 7.038506589 -0.382264052 1.146775767 5.687265046 0.904819848 9.647670001 5.913498423 -0.681848334 3.505684329 0.179613296 8.707297846 3.808264534 5.317430064 2.453418489 3.317888572 2.003891463 -1.714403428 9.035121460
-14.233522829 10.307166018 -17.905438145 0.734750442 0.316577067 0.551632943 0.235842841 3.342762054 6.868076045 5.975958498 4.150479002 2.274167386 8.211633860 -1.409240604 8.459714790 6.126963276 3.988740560 -0.084159347 3.810842471 5.953413305 -0.256971254 2.378475238 8.099573985 6.955671473 0.653676784 3.998884922 7.554666640
-12.140092425 1.919402059 -26.495857229 0.979825301 0.013690879 0.199021783 0.012052726 4.684877800 1.061650066 2.305662190 2.393551543 8.166778978 4.624766752 -1.460974140 4.206129864 0.740466515 4.481753364 1.936263765 6.077997342 3.990458661 3.196119431 8.236412074 7.563842525 0.702381909 5.333918369 1.523793602 4.653544164
-16.897245269 8.588427298 -28.860102541 0.895645689 0.370518177 0.224271755 -0.101179345 -3.306476844 -3.704899731 4.538260774 5.948334768 3.848124309 6.167501653 -1.349375860 4.980875380 5.294780021 4.400636385 4.521601766 5.804282348 5.882095563 2.622315142 4.141613019 4.868246680 5.272611172 5.684654731 6.803667238 4.465681429
-13.646459295 3.916785855 -24.873968283 0.913401119 0.125104230 -0.386452970 -0.026484519 3.123704443 5.369209853 6.735875423 -2.490106368 -0.071404996 2.356713198 0.213181202 2.869247815 2.106272713 6.707466015 7.249838820 -0.527358219 -0.643206999 4.476245979 4.403271923 2.431120947 7.504782397 2.984166600 7.074497872 1.515201367
-15.617268277 8.644258729 -22.092048305 0.865628010 0.395139317 0.289467272 -0.103738936 5.828820958 3.628897596 4.264270211 3.548226821 4.546949698 7.358378886 1.610132736 2.352296345 3.841196303 5.160609485 3.050033107 6.744520716 4.998631644 5.747821497 2.154791903 -0.217495114 4.427385862 2.526831238 7.868139335 3.726466110
-19.932530913 -1.815077530 -23.236959326 0.810620322 0.101900463 0.533311136 -0.219294828 7.592310686 1.312013054 7.951500751 3.358584553 4.026374202 6.207212304 4.310743261 5.329069495 1.070880482 1.350456862 4.447460930 3.323225370 2.972895170 1.073187492 1.074191126 4.054979482 2.701657340 6.495100552 5.770609894 4.173268539
-24.560235897 7.647482429 -23.519950051 0.751018075 0.363804992 0.392409616 -0.386823566 3.842394403 4.441242615 6.451278502 4.407699840 3.634021194 6.495490229 2.694234452 6.235081525 7.544768907 13.217660042 4.873077157 3.886884537 0.038729579 4.994464133 6.762182862 1.887552880 2.190936184 1.878914803 6.171843538 4.484436951
-21.530142315 2.861755705 -15.000773482 0.893870498 0.065900905 0.406257663 -0.177784459 5.196090538 6.106383320 5.225469739 6.015940598 7.537080130 -3.877885465 3.120499810 1.082929272 4.648227116 2.942633895 4.558555094 1.064444944 3.142293785 8.044970045 4.287170352 7.861501743 8.091921798 8.029063485 3.233858284 -0.767069876
-27.091622489 9.764498229 -20.239162745 0.964107035 0.126307823 0.156045000 -0.173763967 6.084532276 -2.057529268 2.224621650 5.338586559 3.398454990 7.739301489 5.023965677 0.740889511 2.176415552 0.264803666 1.627100081 2.744969705 0.258856621 1.738459284 2.610801847 3.618398334 2.112199661 10.574603235 4.180315458 6.421210575
-20.678535106 -1.375782902 -22.562097726 0.731632714 -0.072595288 0.676896009 0.035430074 4.509730784 9.242655163 0.926226513 10.419951269 1.070860102 2.384927404 5.204692864 8.457082088 2.999868816 3.009505090 8.275737873 0.262707802 5.523652929 4.383445834 2.055776100 3.960125837 7.447304765 0.321704756 7.139893159 0.594004968
-24.451826620 5.624623894 -26.635453290 0.827035190 0.267220752 0.492608450 -0.044076972 7.063168707 1.692481979 9.187160552 0.891320892 6.455459971 8.020749117 0.168580990 1.877003997 5.421573862 1.105611356 2.395658054 10.646954317 2.815454136 2.650917504 6.210243743 7.000199554 -0.321027438 4.789458661 5.898707759 4.068191137
-14.503455895 14.116236332 -28.151558412 0.973354077 0.158749425 0.162134157 0.033060196 7.136551971 6.771964158 10.289392245 8.899727492 4.930830394 7.489151751 1.428768987 -1.204836651 6.643308893 5.495760834 5.720805288 4.610154269 9.356867512 -1.805873407 2.869883984 3.626009654 3.478665628 9.947753010 2.777531617 2.609147848
-22.768551899 5.680073762 -26.129899921 0.908335482 0.210468082 0.354675865 0.069533225 6.853155374 5.935488518 2.580604676 5.856348160 5.582142471 2.581439776 3.382591709 5.888918111 2.631912266 -1.694534771 2.042867319 8.702696429 2.762700189 3.739936457 4.762693603 3.250386696 3.673697668 1.237402214 4.017399428 5.145845741
-15.212592495 11.734138283 -23.581285845 0.829590313 0.413582887 0.333206614 -0.172344018 3.764019544 4.639319387 -2.644258301 11.533698584 4.490458744 4.018061336 6.391355382 3.396893596 3.260508294 10.228518365 9.296806569 3.702817692 5.045484949 1.486885050 2.396622717 6.627362868 6.817084474 4.651651691 3.888328743 0.502625333
-24.550895813 8.521936063 -13.662010900 0.807120901 0.176767854 0.532636518 0.183322986 2.797389954 4.976865530 2.194528433 2.786947676 5.234787456 3.874375597 8.006668034 4.748947801 2.368243969 -0.406238763 3.070759082 1.371386296 9.083193160 8.261605310 5.686849841 1.537177045 0.793869996 4.193220854 0.352645425 5.225013940
-10.514739321 4.399784674 -23.985035519 0.878803906 0.207830835 0.340326676 0.262083560 2.136159085 5.535530923 -0.406791310 10.121785628 7.212191984 4.315944976 2.920092952 6.929383432 6.213581926 3.462981153 1.961710797 2.972071545 5.970830438 -1.207326863 8.490693628 4.480442311 -3.807285683 6.963794389 6.986064003 7.171253864
-10.618848588 6.630318169 -21.781508055 0.842090042 0.360042525 0.072195583 -0.395020935 1.602230034 6.221909292 3.662712053 6.575020743 4.793969243 3.908227656 1.888240591 0.115053651 7.784279577 5.494472311 2.007164534 3.230956511 3.022844134 1.700347075 5.794290946 -1.433780000 6.659894885 8.663435650 4.645239548 5.127376772
-20.687909387 -0.164270986 -16.088790707 0.850047625 0.194559764 0.429213438 0.235247441 2.852542084 6.859719089 6.865231177 0.479271118 6.537094894 4.022414191 2.702942474 7.364308215 6.974856093 10.793448456 5.667794292 1.617474101 -0.801898429 6.728586345 3.555451286 4.562259316 1.550217602 5.463358084 -0.534240247 1.648231379
-15.002100724 12.568960019 -19.791600950 0.716224406 0.410547352 0.406611097 0.391332196 1.346157929 4.288811545 4.346585551 9.362689054 7.090191539 3.918457405 1.572772709 3.591205920 4.752912894 7.045672013 5.177356062 6.956165713 6.946678498 7.097660731 5.851548578 1.660818346 4.850534523 2.673016182 4.412757129 2.631722583
-14.801928957 2.607978649 -28.181325609 0.830660150 -0.059721393 0.552387512 -0.036126274 -0.571476920 6.766457451 3.200737919 -1.376311397 7.420045028 -1.163232817 0.790843163 10.720022900 5.223268528 7.384390295 0.425453811 10.615726238 5.332039295 -0.873498921 10.102100700 4.146090138 3.308992677 0.765789756 3.007049165 6.820005476
-10.883094789 10.182345811 -25.486003299 0.990260735 0.119531568 -0.070386867 -0.011898274 10.555841195 4.539950631 4.493707909 4.562355329 5.082632360 8.927379894 5.792820109 4.592874965 2.554093457 2.390007063 3.812620883 3.649100472 1.703954708 8.743969693 4.343812925 2.854646246 5.417850040 4.057720737 -4.189563310 3.890018735
-20.277840009 9.559790308 -25.866323245 0.711498201 0.424318735 0.480814449 0.287300170 8.114094500 2.349187343 0.649214797 -0.798305105 0.102099030 1.347456988 7.024245101 6.834606611 1.786788022 4.039042047 -1.867350760 3.583803744 3.074371250 7.842798117 3.755674131 7.082609304 6.924174357 5.887353082 6.107291575 6.339503466
-11.524632078 14.067233683 -24.319733494 0.710351363 0.411896496 0.413189281 0.393721775 3.654078856 2.515622559 5.624803595 6.625546013 5.268260131 5.699659042 5.309817769 4.093527741 4.117703404 6.457188779 4.916215828 7.255923322 7.355720811 3.260023752 7.841566842 0.251717088 4.008060241 0.156025389 2.088885267 9.564339312
-15.034018393 13.606614626 -14.343285502 0.758023545 0.389715093 0.267378882 -0.449478570 3.301437729 2.499406782 5.212397389 5.315680603 7.211926754 6.507154352 8.527037845 6.826598311 5.208921672 4.075914594 6.374712981 8.457164224 6.609708360 -2.139599485 4.985712640 4.974109317 0.362873966 3.921556523 0.520780968 5.010370072
-15.559045001 7.629181282 -17.844211443 0.976044577 0.203444905 -0.035116478 -0.068658480 4.202887798 0.070251381 0.631476681 3.558792813 4.961590253 3.327850922 1.029769499 5.469929308 5.454020845 3.378956694 1.209363253 1.432803393 9.554565452 5.664450161 5.930586572 7.322181365 4.441822634 6.342356184 1.327794304 5.786398739
-23.633848040 12.221418539 -14.919380492 0.910683704 0.189043462 0.350835103 -0.108777257 3.315964731 4.612596455 6.398967873 7.580453186 3.060364804 3.806859260 6.624957488 2.876041782 4.754570936 2.977784964 4.826572732 8.318468978 5.770495945 9.882028383 1.840639996 3.283536892 3.853226035 2.714068094 9.976098577 7.240166866
-12.588003753 10.460657579 -15.244190919 0.738024947 0.548798575 0.257253215 0.296580654 0.582011667 4.543719767 2.582911039 -0.388175056 3.676677105 9.884574875 2.711603797 5.904378487 2.210111482 4.656373711 -0.170544084 0.039526456 3.473389573 10.123497317 4.230178833 0.701510466 -1.072973168 0.377536827 4.216900268 7.267027613
-20.548542407 14.447797730 -27.427359983 0.750175340 0.298516380 0.489071321 0.330051772 -0.841925060 7.905653255 3.424630102 5.415949720 7.146361522 4.128083608 4.461816590 6.424176467 1.018298118 -0.246544321 3.593550739 3.697865920 6.260611392 -2.170643461 9.979594069 2.917421088 -2.469305409 5.830202849 -1.199762226 0.686046219
-21.616762298 2.412788158 -16.598172841 0.839709711 0.166057729 0.466950790 0.221967098 0.964585278 2.267478830 8.723547527 5.858084441 5.499608274 5.415398292 1.606278395 1.253368124 1.184918971 10.430956206 9.972302329 4.545194989 7.088821184 2.665220673 3.860504473 0.699294449 3.977591406 10.887904824 10.661163130 0.595234660
-12.221099776 4.857327443 -21.186163149 0.752120037 0.224825981 0.581214423 0.214379389 5.518746152 1.762293676 4.160305559 1.379205187 5.573978484 6.766399583 5.285558096 5.324394177 5.271569792 6.386673629 6.327680297 -2.555798793 5.224904322 8.083427566 -1.995404076 5.007360634 6.744096485 2.983591086 5.652517881 2.447667227
-14.553391277 12.023142845 -15.776517790 0.802822828 0.413469152 -0.209755821 -0.374861657 4.155816571 5.002878471 5.160901902 7.089168726 2.845135671 8.876518486 3.988333231 7.974025131 1.861247998 5.619651496 4.536641963 11.166493231 4.619915826 3.162458773 5.653045203 5.999418184 5.163204198 7.687499115 6.400702600 6.393083748
-21.489087592 5.648049358 -16.961824830 0.901138427 0.212098574 0.377149455 -0.026870413 2.368051063 6.383792154 5.003960186 6.939752593 2.272536525 11.380854233 3.949348661 8.727184350 1.478298354 3.532997964 0.791024777 3.704999378 4.413894655 -1.051643869 -0.960413399 0.336874716 7.250096816 5.561071330 4.277006213 4.211102956
-20.575900315 11.471696692 -26.384040538 0.885644351 0.033453955 0.378779575 0.266535081 3.620679166 1.767709453 2.872024927 6.314026694 7.943602219 4.231855022 4.085549555 3.534253612 2.570998225 7.839884507 5.437260885 3.149557562 4.922884381 8.587915545 3.331106474 -2.372272712 0.296647683 -1.492156956 3.209950875 3.232278323
-16.710627847 5.986757007 -30.034805687 0.714797530 0.158481546 0.609860570 0.303344979 8.855797597 5.948345051 -3.068238271 8.205656246 3.587015873 13.404471862 1.311878114 5.945200692 0.643327012 8.200500080 3.432469631 3.676381585 -0.669125036 0.749888881 5.584421962 0.981820159 3.574095234 1.856051990 7.651134284 0.828242787
-10.807861659 8.068436844 -17.936575744 0.907204524 0.229731910 0.346764144 0.062911279 4.424468117 7.199492171 5.277939441 3.150629315 3.738595948 -2.867139646 0.617792265 4.938411547 4.310343094 5.103580276 4.662665395 5.094749745 9.140023953 9.035150324 4.359716171 -0.555566377 0.703791332 7.796279908 4.815646439 9.007126122
-16.527123116 2.084081518 -27.226393884 0.945439457 -0.001567932 0.229292296 0.231445062 5.761485842 5.543375521 7.326387365 -0.018323946 2.871731228 8.258031214 1.600231260 3.378963082 -1.889723483 3.546031795 -0.171447611 0.914664451 1.289630739 2.952247798 6.196114141 1.178659894 5.900155027 4.566570300 2.750300062 1.581761764
-13.188997851 15.660530933 -21.255044199 0.857892152 0.412263438 0.278042926 -0.129429688 0.495586314 3.211041902 7.491120114 7.586336727 3.977658352 6.169404109 -0.399553463 -3.437161385 2.793230667 7.116085245 6.108431113 4.149901258 5.855403885 6.688797124 4.147351595 -0.172275573 5.172348232 4.462334205 5.264017664 1.786585695
-11.883099885 8.532847380 -26.879559385 0.732520994 0.601132430 0.232433758 -0.219151417 4.843609395 3.248727644 7.305283786 1.034984821 8.357140419 3.968400905 5.408175731 7.056039070 4.789825992 4.550448946 3.825283506 6.977209993 4.585004655 -0.463273754 7.513271047 4.335667068 5.915237959 9.368665902 3.412386351 3.863420546
-17.369079761 7.014392562 -18.895671074 0.714300694 0.182948562 0.642810448 0.207603155 1.663184653 6.914109896 0.932509241 2.234266851 -0.916118341 4.915327168 8.012188547 4.405535599 2.688104800 7.193777681 7.857862044 6.007585660 6.036485823 -0.330914822 3.485806999 5.093563164 9.682105252 1.564448208 5.661469051 4.275323663
-20.699234722 7.927656023 -15.635626065 0.917762387 0.247237045 0.307325753 0.046226901 7.321349197 3.073935965 3.410128675 4.642653067 3.292454879 9.814480276 1.297608225 5.806052359 2.758232689 0.263105388 7.463447049 7.916588193 8.132475997 6.551274410 2.365744934 5.980314837 1.851503917 6.474700516 -0.182272592 4.289180088
-11.906374485 4.201057185 -18.271233045 0.823639269 0.279863772 0.320641348 -0.374811618 3.876005410 0.102223773 9.690899963 1.072974580 2.288720242 -3.305241241 3.903540241 0.884844556 5.287107683 9.911276108 4.742849524 12.220681890 2.821111372 1.287427707 1.989416450 6.955010479 7.402197710 0.442023440 2.989273174 1.446105992
-15.153495463 5.760000214 -20.196519057 0.927387745 0.186091800 0.242148986 0.216068693 11.886356441 7.637119763 3.525162402 5.342371223 3.813783869 6.281836500 0.825931762 7.166585587 -0.185740269 7.005067265 -1.528292861 0.467001197 2.499820082 0.943577599 5.211451323 5.991775155 7.110188562 3.528144027 4.010763905 7.887302646
-12.362197507 8.056744302 -27.882238657 0.780928572 0.472884991 0.293205761 -0.283832225 5.708771277 4.245055631 2.411721237 0.070146625 -0.489366425 4.734401754 7.411904128 1.595055056 5.689334199 4.383740553 0.410602124 4.502296751 5.060360923 9.257526304 9.809787958 4.983182907 -1.347516900 6.127647068 6.295346203 1.875233361
-22.544922936 3.098420878 -21.204394320 0.854020253 0.204660560 0.358532062 0.316572619 0.618497635 0.721832665 1.395317224 4.087449028 2.870389381 -3.305785880 1.060749019 3.186670259 7.057530049 12.455546021 2.228656877 2.437732724 5.323223544 5.100374206 9.577788098 1.663467787 1.728244862 4.331508878 1.740409027 4.715254343
-22.013893354 7.315712028 -13.891716957 0.841040928 0.255621700 0.400411603 -0.258801568 5.278148495 8.093762709 6.694642726 9.188308487 1.301962792 2.172797468 3.004177690 1.193667481 5.329284332 4.840248092 7.317743232 0.508238465 6.579120229 0.109989608 3.637114472 1.176791891 1.552171025 5.194231646 7.476689660 1.495413651
-12.328511404 1.369860285 -17.793810562 0.796929928 0.354564247 0.419030793 -0.252190561 6.475625885 -0.808818264 5.338781968 5.276421704 4.429170100 0.839370995 4.400109888 1.128471267 2.964244019 8.346515798 2.112194424 3.825582728 4.307055354 5.141404181 8.304956105 6.634567889 2.523017891 2.027277839 -3.739818606 6.799962278
-12.413282150 6.926835700 -24.229528881 0.757274564 0.313170390 0.458581737 0.343747484 5.936538106 -0.262988266 3.506236952 2.531751314 5.202994701 8.511951471 3.282495186 5.892674726 8.959578850 4.520712667 4.298187105 3.929035759 6.350324689 5.922334610 0.261159364 6.166716559 2.854329951 5.620588096 0.107823141 5.163200174
-15.491708783 6.158568515 -13.533487812 0.991227852 -0.044232999 0.084295042 0.091679510 7.321633940 3.378488565 1.709036060 2.589712700 7.107671675 -2.003873584 3.653583125 4.724216077 4.494375128 2.521356247 4.169875206 4.666470997 4.284166600 6.649476141 4.977418468 11.992875328 2.608989728 1.014996905 4.744697652 2.268239424
-24.865526664 4.114834337 -25.607087173 0.823627622 -0.087447561 0.465829666 0.311437293 2.246971019 4.216249606 -0.647877437 7.734851129 7.520452581 8.052967070 4.374003991 4.799934566 0.206034978 1.156364579 0.938025854 3.998759727 4.162913005 5.624101199 2.506470044 -0.106232936 -1.152228225 5.605750895 4.451713315 2.856078186
-26.498808837 5.199197566 -17.435035775 0.906139400 0.206728544 0.347704968 -0.123595921 6.242042631 4.260979753 6.400601388 0.553755043 2.008301766 8.212276399 3.701372125 2.853876254 -0.928080003 2.886116287 3.307348950 5.456894900 4.485160239 5.462470416 7.542688306 4.181800913 8.812963848 0.364064166 3.558001550 7.191086508
-16.496444298 13.248944547 -22.511404802 0.740289107 0.480629080 0.253393160 -0.395928822 6.620823475 0.362507009 7.784535114 2.134801219 4.832132365 6.768787079 4.698809517 5.597756317 5.307851846 5.682339869 8.167789158 6.893999273 9.473966212 4.401859512 0.549792761 1.508907884 2.055593660 6.410718164 0.494826527 6.947714125
-13.870062294 11.387402060 -16.469620541 0.752126207 0.517826222 0.403990969 0.054345834 7.320702235 8.517052100 2.736513498 0.744687756 1.874708878 6.499031349 1.585522620 2.398642911 7.614970809 6.510695637 -1.196695319 7.763915931 1.542814930 7.912781373 5.657151527 -2.404334326 6.160296039 3.933378121 -0.280808352 3.965493775
-12.127601116 11.433433638 -17.811480643 0.849621663 0.405101298 0.321170413 -0.104333761 3.653776387 4.358110397 3.688292307 3.656714916 5.239309197 6.918605792 3.194090700 3.991619693 6.534841033 5.882277342 9.178037435 4.176182101 0.972850343 5.584431877 1.342175871 2.281169237 -1.767970184 4.776156421 1.249601174 1.415598616
-19.528878759 1.299459440 -25.053650848 0.883774412 0.222843705 0.409672607 -0.038102858 4.954330233 4.568212333 8.734972647 2.913645243 3.102570908 6.369005278 4.727109252 3.769696399 0.308583067 9.332919676 4.301217572 8.209524753 2.595011913 7.770475439 5.045458237 6.956041405 5.022716055 7.782521881 2.381152274 9.928994068
-26.419363022 7.716428899 -15.650092117 0.800429021 0.246457966 0.387671858 -0.385074518 3.143748156 6.871400220 0.224102292 3.121755897 3.592353297 2.421172542 5.663814786 8.017227048 3.798151163 7.750599303 9.678908363 4.303855072 6.155400443 2.857974663 2.132479071 7.233337765 8.172291135 4.754578904 4.786138003 7.522556018
-15.829461831 3.067801968 -23.183123807 0.738933560 0.051822136 0.663914098 0.102516974 5.408220276 2.371977775 5.148641441 9.645324336 2.920862248 5.482763311 9.287741820 0.896572219 -0.952665633 2.765662990 2.873876579 5.391569080 3.951160340 3.361967724 4.123583196 3.087562911 0.008864343 9.667396956 6.697961546 0.360108870
-18.824792746 9.810702491 -22.627378676 0.864778348 0.059438664 0.406370172 0.288944177 1.305211878 2.774912067 1.664629695 5.973722476 4.783350509 7.187556879 4.220759762 1.737130418 5.055426611 4.757231360 8.109488801 6.340378740 0.742347758 2.293048578 5.217667345 8.489891702 7.111079884 5.954991524 8.379315446 4.652075277
-21.567312537 -0.417759308 -21.693508331 0.958662393 0.102447149 0.260745107 -0.049829578 -1.791867493 4.423913543 10.664966067 4.483334254 0.752077445 4.781270850 1.589663084 7.720419172 9.129776860 -0.660691376 1.507255033 6.223312998 1.856861378 -1.766782440 6.384756111 4.669660952 5.335506331 1.163202781 8.752394697 1.772275284
-15.619895571 8.206748395 -29.554199501 0.945372314 -0.250512302 0.193832643 0.077095272 0.520302461 6.800052659 -2.308399076 2.355228492 4.256902670 7.760748347 4.130523494 6.709188158 7.980340165 3.053926821 5.895488228 3.736545729 3.431048760 7.698504763 9.381743718 2.892403078 5.308327732 5.781365619 2.168177170 5.340458161
-18.511838962 10.635596779 -22.613155518 0.912663118 0.267050050 0.247475237 -0.185704900 4.692470327 3.456012134 2.757424935 4.892323606 3.898745497 1.331935166 2.807128498 4.434924372 2.868464021 1.678010210 8.089341235 3.628523632 3.297201075 0.587183166 2.639529468 1.189155110 4.695432988 5.459684694 6.408372867 8.212047349
-15.279628167 11.300123317 -26.020636515 0.773371373 0.433564367 0.461610726 0.028882470 0.782802575 8.900075215 3.074313419 1.020437347 9.562117660 3.860634730 6.022426359 1.791845951 4.202993270 2.624012876 1.381841693 -0.165761544 1.278600588 3.454275804 0.817831337 8.017907509 5.291018022 7.036234159 5.943819871 -0.226349250
-15.123016229 15.233167065 -16.370073062 0.827344785 0.317713361 0.240169492 -0.396077571 7.173510894 3.203505937 6.278693000 4.341630805 2.875897515 6.069109071 9.075000292 3.082190914 2.517691353 4.419874195 2.619892204 3.492814210 1.981069779 3.647015751 5.377839993 3.831752787 7.454613936 4.953922345 -0.101496271 1.933842705
-22.566129996 2.408432153 -24.512658110 0.967258363 0.101336230 0.175379990 -0.152918565 5.856850278 0.696682407 8.584452558 4.547670282 3.976177712 5.204785839 8.370356418 -1.111923550 4.298814013 0.594164975 5.510243673 5.184751477 1.765305444 2.424997521 -2.286807507 -2.300766460 2.039661178 4.182277433 2.300675386 2.387782134
-23.856799401 2.621141098 -18.185979127 0.734689155 0.296615723 0.407755681 -0.453857096 8.170096761 0.406330116 9.545258342 2.425142012 4.079042854 0.344188189 2.361106434 7.201950521 5.205698026 2.934611697 3.843497197 2.683031685 8.984133820 4.628842616 2.514007349 4.650479601 1.685230828 2.819627342 9.022736751 1.833110151
-14.076736401 8.930487818 -17.059035521 0.888324051 0.319125131 0.237480052 -0.229440094 -0.748718109 3.418958651 2.100899455 5.976299705 5.191767591 7.493791304 4.560129085 5.501492608 3.878861108 5.739443600 4.326388937 7.853406028 -1.617405412 2.663880176 3.161891856 4.252472941 2.059436203 4.346599242 3.093250200 2.884146886
-20.834346976 15.871576557 -18.448807088 0.765947303 0.407921577 0.293222861 -0.401179597 4.853328470 -1.852223521 2.076725766 0.155924326 9.121416502 10.453727908 7.817911280 2.215843558 5.260646561 3.983882379 1.144000013 4.627681685 1.584776582 6.380744101 -0.945161004 2.193546629 5.047502530 1.614529602 4.263590109 3.695922610
-11.233286802 3.748488034 -17.674439859 0.848137880 0.297047057 0.312491916 -0.307853836 8.548282290 5.139069938 4.829444901 2.819014309 5.073769147 2.484049966 0.414897905 7.953239798 2.112742351 -4.716977907 6.561197855 6.438972451 2.602362882 4.317631634 2.479148657 0.164816672 0.216241132 10.121173526 -0.234951058 7.180277104
-15.669980500 11.116455384 -14.045967376 0.818751142 0.273556390 0.412747046 0.290608579 -0.565535425 3.869585423 -1.142591594 5.243171291 8.391473239 9.161840559 -0.485274366 2.865715713 1.602851533 2.690756914 9.443801249 6.814885143 7.476916518 -1.257352143 6.792134775 2.719324212 3.811766067 -3.291690327 1.774908130 7.748632660
-12.235475027 7.738444667 -18.374345089 0.920519367 0.266799787 0.213028844 -0.189949152 1.793098791 3.345704456 4.984672101 2.865229831 4.328518965 7.304941230 3.206121682 2.998308140 5.413920151 0.970182855 8.857225756 4.146608344 11.445731003 5.324934999 6.686222594 0.553505883 8.700166322 2.585572656 7.042257247 2.538413986
-23.076222602 13.248465556 -18.938978952 0.715014682 0.225932363 0.544669860 0.375557340 10.416926894 2.056420653 6.354875069 6.988715411 12.489363380 7.000273343 3.010931737 2.788287891 3.695760569 4.265300673 4.370394095 6.003411500 1.694089129 3.965546868 1.146098926 5.949551812 -0.018652398 2.114167495 1.655457799 0.488353499
-12.074379711 5.890933658 -19.039913172 0.791136755 0.329789173 0.246791929 0.452145420 4.867837432 5.750140922 4.057560158 3.253222220 10.327530664 0.619433331 2.639814810 0.245929860 6.067501948 6.565724549 4.793507194 3.545308221 -0.923731455 4.440439528 6.553035179 -4.256210366 5.200681934 8.874678689 6.349716303 3.252169704
-15.440906138 14.367711910 -24.534389654 0.776401728 0.168581840 0.527205582 0.301388111 6.243617171 11.542156753 4.641369915 2.556233674 4.176397908 3.067996423 -0.738857186 3.278632541 6.382902335 7.055862425 8.019691694 6.888622066 5.705072615 6.639039815 0.563379906 -0.199838731 7.054566275 7.193166554 -2.280293561 -1.790806609
-17.730069239 8.839088176 -15.525365695 0.720898280 0.208442640 0.634387452 0.185499046 5.480918201 5.523030958 0.488834404 0.597906778 5.695694654 6.634615410 5.564524363 5.999735225 6.352056852 3.538047465 4.472654894 8.275982652 7.350220889 7.197830808 7.544730031 2.113007673 1.649697265 1.453330279 3.001295981 2.332654356
-12.862538215 0.975678092 -17.878349068 0.804507853 0.347499104 0.472254734 0.094799542 0.849071020 0.754321297 10.315393801 -1.489818757 5.916465264 4.166917064 -1.071103748 -3.550569971 2.815618150 4.133194668 6.567243817 9.334833883 1.631208372 4.529287880 2.993062794 2.677756985 2.621916089 9.364353566 -0.544600815 5.815462733
-17.782578007 10.993692455 -14.991289668 0.796217435 0.383003658 0.310532129 0.350593484 6.251219967 6.165787506 2.859035553 5.193564284 2.128331114 7.444448321 12.270938758 4.275857667 0.438655224 4.030653738 7.466747820 2.384345988 3.562512902 7.202602372 1.966558109 5.646804785 7.222516020 1.500535099 2.928762668 6.548867120
-21.857105103 7.388448910 -13.918608555 0.867638067 0.279855608 0.369234414 -0.180418876 -2.904387739 0.602448734 2.422306191 7.165247498 7.536410317 3.136209060 -1.046604527 9.978702497 4.783651454 7.355613919 4.652863391 -0.944442455 -1.519417488 4.878125699 7.955564569 3.745900313 3.225361947 4.462570426 2.472749784 1.455674407
-24.142444008 7.462106463 -21.805522178 0.763092068 0.361594101 0.472768779 0.251852899 10.685358496 8.929107376 3.447358071 8.373371874 6.894674134 6.640015942 2.057319461 5.329298966 4.216829192 7.779578693 2.761061609 7.463695730 0.725072168 6.415882882 6.577676694 0.462055844 -1.273327351 4.987553345 5.578123948 3.959080324
-17.894990165 9.449024821 -27.557073714 0.922044214 0.292422258 0.121431190 -0.222661531 -1.036267932 -2.042450088 1.030905185 9.544905313 1.333004659 -1.824051904 2.027338156 7.249932505 3.960155745 6.405811631 6.520301754 6.377629856 4.384223852 6.691440937 4.558655092 6.760329634 4.052275821 2.213261132 3.473048257 2.550276201
-20.702668672 17.434231205 -22.613714805 0.895437095 0.326607810 0.180300426 -0.242922833 7.831867884 7.983414069 5.880452954 4.171683159 -0.952804880 4.967429106 4.044007039 2.912486149 8.058893149 4.894918040 7.636347841 7.197035401 6.439596044 1.885268550 1.871850432 0.121556426 6.912839649 1.210517008 3.352244137 4.476088751
-19.856887660 5.939582416 -29.342942305 0.883832604 0.194074809 0.417603407 0.082354666 7.377338272 1.048174521 4.478390908 3.809572623 8.410666958 2.411284900 3.856162976 7.052052252 1.022758796 3.269091480 1.745044046 6.848559913 6.457855372 2.740477690 6.666052764 5.933360944 6.131748004 3.347035558 7.013267126 1.488674894
-15.429925508 0.013196059 -17.334960980 0.842288511 0.281016423 0.451891700 0.085870396 -0.051351727 7.875893188 4.774962801 3.439500833 8.464916734 8.182734117 10.680541311 2.398634240 5.075611202 3.806304166 7.183103092 3.986738724 5.366806850 3.531792904 2.006373398 3.938657444 1.442646789 1.763564332 8.110298004 1.917452588
-13.697155329 10.904801889 -26.243537012 0.820437548 0.408835487 0.132341532 -0.377122650 2.008692234 3.878543673 12.320425654 -0.783857543 4.482616404 2.976144212 3.255582347 -1.403502009 4.095361865 6.244992182 4.025846300 1.349806017 4.973277727 3.888642439 1.868013250 5.009514663 8.013648203 2.182961161 6.796829819 -0.151540721
-18.753476257 13.990137315 -24.545067303 0.899254234 0.066286865 0.213345111 0.376074113 1.779514495 2.300188222 9.377161712 1.885806839 7.438884838 1.248017432 1.928352466 0.740738946 0.235912317 5.207164155 3.392060368 1.668343390 6.235664288 3.838846406 -1.515694697 4.652127557 4.734436787 2.302933330 2.517513525 -2.667795380
-9.506272617 9.844055213 -25.566697095 0.860932579 0.348826904 0.021470111 -0.369667309 7.173608495 2.878712289 9.192953097 -1.048117152 4.451035816 -2.276122642 2.406731272 2.603012129 3.852411270 3.786821414 6.157789306 6.612779999 1.621795444 0.541356963 9.851967953 2.940735860 -0.534232517 6.787682101 5.144474083 9.090171691
-18.154285010 5.638733627 -21.821726445 0.735813921 0.359880792 0.573638245 -0.001689179 4.928828110 8.827364153 0.209215707 2.021833829 5.786014149 0.641915424 3.928420660 7.984047988 7.352958092 0.693927829 -2.005065758 4.447126218 6.011943738 4.050571683 1.858567005 -0.592072641 4.549878563 0.978704369 3.946918640 2.245593811
-18.766062309 -0.424677521 -20.832367008 0.886989348 0.205049131 0.236525853 -0.339500032 4.413209554 4.539976410 5.390434899 1.278366046 5.138972564 0.934439762 2.393552314 2.927139017 2.559604792 -0.151606415 5.186503884 1.287401986 9.167673394 -0.469388548 2.826260393 3.538791982 7.385333273 8.327487202 -0.167937060 6.053805396
-16.306098964 -0.188629127 -24.906951140 0.890795772 0.177858986 0.407573709 0.093449159 7.201413923 2.719619844 9.799129061 5.802495051 4.424861628 4.158050091 -3.599472652 3.473242195 5.343960386 5.722068464 4.522769016 4.345267645 2.771019927 5.488536882 2.593688077 3.284915073 4.322966802 6.001703039 8.001432577 7.929192135
-10.443283466 10.986119008 -18.880078968 0.902610201 0.099583377 0.199921625 0.367980054 8.952529348 2.610676060 3.374294657 4.034452420 4.526675931 5.280098550 6.742282404 4.700910093 3.670967706 3.164660185 3.412571408 -1.996130858 3.842721595 -3.461210168 6.153252536 5.023488512 0.280623707 7.522383630 7.047563331 0.881972120
-17.096031979 8.348650730 -12.616038831 0.932591595 0.246983037 0.251070640 0.078967276 3.330902380 2.237376988 3.151632521 0.393234802 8.735322545 4.125644590 5.679528596 8.449521653 -2.288154992 5.321757392 4.408881887 -0.005469858 1.263412196 8.496902030 2.894606891 3.135989682 5.200547137 6.751181157 1.493086728 2.214859699
-19.533554508 -0.929567122 -22.003959322 0.968722571 0.073361876 0.235221433 -0.029419248 1.827353137 1.911060723 6.667126699 4.396103612 7.807106767 3.958485587 6.447499685 4.615102212 4.227970239 5.453906133 5.151038351 4.582883130 1.107405148 3.940863856 4.439331649 4.353640554 5.654277826 4.128903703 2.569417179 2.805461401
-20.644092333 9.886214535 -27.340853776 0.776468450 0.264339344 0.409429494 0.399485853 4.614265062 3.577723530 -0.163018381 6.911139326 5.262997609 1.091254241 7.905980421 6.279558464 5.284356502 2.790298042 5.951741060 7.871946297 4.641167385 4.443223540 -0.685174852 3.845807924 7.592833937 3.918945261 1.763771117 5.523853940
-16.304328244 0.418786916 -25.020432499 0.872886944 0.220194230 0.427129904 0.084515850 5.455008368 -1.124292577 2.683045048 2.910812547 3.142990212 2.488638604 6.236442092 5.420500800 0.510292668 3.928512950 0.174558631 2.273102888 1.748526565 5.665021990 1.372535635 1.308513832 4.697583460 1.081308269 0.737777969 1.133220862
-20.773643162 12.107097482 -17.814508325 0.836678077 0.304731551 0.244646406 -0.383740294 1.225905674 2.088911683 5.083392078 2.477515760 4.091607519 9.139336850 -1.555847036 -0.743993016 7.609446122 3.913727646 6.890183839 -3.645795897 2.850835746 0.942543678 5.347125551 6.865111631 3.273736828 3.026363436 4.288404406 2.886046443
-13.679583538 2.915769632 -25.309050436 0.764398435 0.200709599 0.566736049 0.232853903 1.620554428 2.000098654 2.422428526 6.230549113 -3.451913181 2.085056607 1.477296018 0.269867730 7.206126898 5.976938223 1.941241370 6.463944203 -0.505326170 6.892417875 2.529719362 3.465914767 0.702207203 7.062989907 8.338124739 6.598021600
-19.939994993 9.234541141 -22.497185853 0.983366705 0.162240722 0.066844968 -0.046900132 6.152287676 8.828532140 7.289297533 -1.206524180 -0.729062928 1.921613711 -1.300121487 4.102592599 9.054075005 3.202361420 4.750727360 -1.440315489 6.513604873 3.505631004 4.844700580 -4.844063288 0.966993296 8.685403015 3.952998698 8.553439093
-16.852262954 15.254967240 -23.881444120 0.879873157 0.360493394 0.141104945 -0.275603220 -1.441110964 0.797988135 5.646135081 9.757779410 5.138860904 3.953830688 11.325827565 12.197911722 6.240801818 2.354896748 2.897706304 9.244847186 5.446560623 3.449172320 5.670252942 7.074260667 5.098863575 3.184955117 3.279240514 0.793905010
-16.157341723 10.697959685 -15.600765924 0.885311834 0.162296000 0.318854933 0.297009255 3.301146267 2.564598663 9.594134202 5.087655400 7.112110548 5.225461039 0.679459401 4.118191806 7.329795091 6.811310298 2.140836685 6.032356784 5.524587926 -1.045635855 3.677117029 4.546227278 5.897671379 6.509780104 -0.472935244 4.669132022
-20.097941563 5.173985840 -18.455112460 0.861142200 0.239643624 0.439103953 0.090513883 -2.903483956 3.620886136 -0.071211095 7.184761391 7.625386803 4.694340290 7.182651056 3.541403447 4.886010000 3.329119933 -5.334424758 4.904818507 3.604238543 4.082599023 5.422325702 3.092721356 0.592333552 2.494970771 4.519540015 2.285667499
-10.822760723 13.095420658 -24.231267878 0.871649022 0.373487453 0.310811136 0.064277080 4.321860588 1.377685148 6.768734880 7.864004421 5.560328281 3.637114817 1.017410417 0.950891494 4.680272905 -0.451728386 2.318736165 6.994150116 4.930344006 9.747270453 3.529562288 5.508800220 5.738217311 2.780967113 4.915783036 10.115047896
-14.472729094 8.403007320 -29.883884721 0.783521764 0.281152895 0.461598982 0.306550282 11.096873898 7.546648709 1.111571791 0.128316157 10.420746948 7.195196968 4.749178457 8.090369212 5.264079635 5.865267283 4.414575760 -0.481866119 7.572974990 3.869574121 1.991725346 4.508908503 6.200444164 4.187028707 5.253211717 2.936329767
-23.794402669 6.482178826 -27.012766792 0.853744218 0.261746653 0.441475698 0.087799245 2.662221133 4.551626873 5.862718314 6.137176897 1.872884814 5.541696515 2.415211205 2.254086828 3.130201593 6.487096067 6.111571433 5.762880039 -0.947751251 6.580871671 6.693473209 5.448351006 1.721702491 6.146128197 4.978088274 3.479869204
-20.307007964 4.305287176 -19.710292074 0.856931864 0.012254220 0.511328906 0.063720984 5.121776746 -3.093497254 5.491686920 9.134771529 -0.412561652 2.446993566 0.134205874 7.354308458 1.769293271 8.949694761 6.123257220 2.171429736 -1.636293579 4.178977788 2.706522263 1.213526674 5.740615370 9.122552476 3.149823258 10.842576682
-15.915879390 14.814970252 -25.012761564 0.735457180 0.397233728 0.396747305 0.379341111 2.233237089 -1.660114526 6.683537569 7.544017755 6.503696655 2.386261635 6.245628185 -0.399961026 0.633774270 6.881026187 5.100860830 5.986058193 2.513924134 2.895448787 7.781417664 5.869308836 0.868039681 4.159371539 5.387331447 3.238894332
-11.552173368 9.600184766 -18.055038122 0.774998377 0.565106029 0.276421448 0.060198625 3.504750092 6.708613636 3.186445835 9.123322942 5.074739562 4.868186157 3.006189984 4.954137488 6.185632479 6.399597132 1.276905030 7.036839661 3.529808250 9.433533767 3.951237313 2.034529105 -0.446708469 5.047762344 5.625535145 1.640259381
-18.182417217 8.323763298 -25.333345818 0.716419411 0.436625579 0.543839172 0.018446841 2.502960548 7.414088299 0.160600865 3.723096346 1.224985952 7.380902353 5.191855282 6.824639328 0.004352335 4.392237855 6.824926902 4.305368759 0.790372947 -1.877770484 6.494814164 4.869863236 1.610196596 2.883280332 0.064183659 1.665047992
-17.366340936 12.430943154 -20.161523347 0.776719140 0.347125022 0.398686063 0.342433965 6.294064765 7.686230736 4.167622467 0.952174531 5.918365535 3.852207504 0.591232317 6.466101494 1.213266694 4.267152840 6.407182239 4.935359514 -0.508602109 4.494957044 -0.018275610 4.366552476 8.140146398 4.911732256 6.428181286 3.972652309
-17.321620570 10.559260410 -15.164452832 0.792285054 0.451907478 0.297489128 0.282071346 6.054399223 2.903204423 1.037335377 6.203281403 7.343607273 2.567871969 3.830992706 4.190481355 6.606266853 7.437973358 1.308821128 3.143441767 0.713077267 5.449402096 6.994661487 3.376697658 1.231932594 3.116027680 0.192709630 2.320163065
-10.177883997 5.818486321 -21.721498606 0.881148428 0.104083463 0.221259131 0.404707891 0.156055032 7.514160903 4.453127502 4.982451735 3.122995320 8.315047490 4.032790281 8.313589815 3.205016401 -1.679477014 7.843266250 7.681120742 2.242896144 10.247869866 2.218396373 4.030595902 1.282199145 -2.543755503 -1.439670891 -1.905112419
-20.735745766 14.846778581 -18.196640379 0.761094009 0.434791823 0.389443114 0.282888742 3.005264721 8.458923950 1.048956294 6.003832952 -1.058016343 1.230236592 6.906520352 -1.800860037 7.465789594 -0.840823757 7.080391623 5.059814317 2.636062199 10.316922725 2.407517851 1.558967664 1.297075221 0.969031257 3.038656231 -0.281594318
-19.745805772 10.952008051 -27.407544456 0.779973883 0.480398111 0.288367159 -0.278752180 4.343495432 5.881894907 4.159951639 9.347256054 6.233772945 2.733138304 5.021598718 2.623286057 4.145805797 3.350626265 4.533772390 1.598277025 9.137232106 -1.631217618 5.252321131 2.245698310 2.926190657 -0.270174862 5.549033164 3.318063562
-20.780731858 10.770428636 -21.364309527 0.735333843 0.413458791 0.266703772 -0.466052643 4.689939094 6.012182917 3.102695292 4.533812991 1.550036878 8.180293980 0.392123571 7.667638684 5.430368307 7.625520345 5.633529410 0.692985923 3.177246071 6.697901274 4.628640734 2.384992557 5.093936465 -0.199708864 0.221898032 7.794097071
