-18.130203231 9.457359687 -21.243607133 0.863471387 0.362002694 0.339816015 -0.088861065 6.275672551 4.507356576 1.371606749 4.955254884 3.677923931 -1.691053791 3.929298505 4.699166260 6.999609377 3.980096551 3.997939976 5.990824549 1.709259201 -0.254761130 3.531633755 5.218542870 3.161306063 3.612402917 -0.278055925 6.389442111
-17.670985754 19.715017389 -18.880938312 0.834814925 0.358814381 0.264678490 0.322926582 6.114531027 3.429447893 4.778496506 3.041756173 0.401316482 4.162563931 6.360215971 6.567127267 6.684665969 5.441235065 6.594525666 4.230677049 10.037488012 1.928736067 5.138365411 4.566302106 7.563879697 4.220945136 -1.415004592 -2.503205774
-10.225447355 5.858305369 -23.790485342 0.963392560 0.198494954 0.141008620 0.112210062 9.508104950 2.333582294 5.601196520 7.328464593 6.897239499 5.248941148 4.229624924 -1.229976479 1.421634567 4.607607179 4.207057473 3.599804247 1.959694408 11.817435564 6.719517105 -1.991906547 0.530984218 4.982602688 7.165521895 3.206120354
-15.728007622 14.378046706 -15.140431981 0.770873031 0.478687391 0.297503798 0.296824260 4.784063531 2.450491052 0.076226378 4.952862537 7.926934667 4.834397136 3.773935122 6.201823704 5.941095937 1.043340151 6.840065010 0.716093522 7.668501619 5.946429067 6.203571101 5.439667947 3.192544310 4.670248717 8.817552878 6.406592856
-15.169082261 19.702632825 -23.548140511 0.891342766 0.281252909 0.242061152 0.260405979 3.688499684 6.648701220 2.578142759 8.702054886 4.379968114 6.399317487 6.821755564 6.075540443 5.620282972 2.626871954 4.410160231 -0.158986083 0.096939766 2.798236531 0.843851000 -2.389307974 3.776595171 5.606375917 -0.014107191 6.389129677
-3.539767587 18.836416945 -27.624014516 0.783316453 0.484347171 0.257202643 0.292694299 1.526187936 6.354919008 7.637347908 -3.748777075 5.065233214 3.072100478 4.632963953 4.062726519 0.645377635 -0.813875298 2.588745415 4.544893119 5.780006653 6.630147661 6.841420827 8.656863507 1.000170357 0.878751420 4.581403028 2.960534118
-10.327651423 11.952314670 -21.458418322 0.934497104 0.206263448 0.253005701 0.141981222 10.397382689 1.318792299 1.185314532 -4.113771423 1.856330176 7.383723834 3.707202625 0.285114884 1.829887480 0.443897427 7.589749609 4.156184872 4.618486926 10.888001465 1.515307976 2.747373529 0.042248429 2.894031274 5.094736014 1.420684422
-13.919741736 7.090769093 -20.234751308 0.774369642 0.091482900 0.613985666 0.122491383 1.119750187 8.999841328 1.477846756 1.032167929 4.242787366 6.416903328 5.918543578 8.495860599 5.999063336 8.790282549 -0.987995864 7.963287730 5.695335143 5.498245684 11.271702318 1.124386048 5.472304720 4.120482614 5.739970799 4.031860994
-10.741209588 12.878374719 -19.027181311 0.750614139 0.404988244 0.294887043 0.430818487 5.970386515 6.706767612 2.504804416 3.912533198 -0.865783834 -0.138566837 7.678950808 2.178488073 9.181542823 0.961287871 2.270548000 2.548183230 7.347394580 5.229432814 5.851767829 3.894972802 5.201829904 4.926018996 0.658035758 5.246422840
-13.064867053 21.469259727 -25.258501305 0.898419760 0.392225584 0.196490172 -0.019815106 4.865683767 3.470661336 0.235066216 7.052950277 5.362711797 1.316326237 0.889799091 -0.995090305 0.705842880 4.599375825 3.451185420 4.241750426 0.301834647 1.998482625 2.977122501 8.413627954 4.322158139 8.995234744 2.766115394 -0.600316198
-7.196626006 21.872376838 -22.417663154 0.857582736 0.346956760 -0.217928933 -0.310933817 4.917939284 2.348902943 4.792831220 0.850308137 7.366717500 2.486528994 6.277874450 3.478047825 6.087017593 1.238801646 -4.425219985 -1.767882742 3.872385288 3.112990617 4.325198880 4.546108847 4.011114243 1.769131560 9.783950105 5.391118954
-12.478975124 15.141452124 -16.295721322 0.865144776 0.458094315 -0.128427369 -0.158683728 8.053714321 -1.336486203 3.360983667 5.927454447 1.687950187 4.660157697 3.552468472 10.512120044 4.353572859 6.308203687 5.417511895 3.265237526 8.380222339 0.235389486 5.136832475 5.580014017 9.210529604 -2.270916169 -2.748232116 1.168377777
-13.294628058 13.552675130 -32.594560881 0.853495611 0.421247816 0.007799789 -0.306650751 7.751427117 2.318316865 7.382492994 6.753204372 7.269462514 4.322309851 2.887740779 1.812090778 5.231903706 -1.364863339 6.633430408 2.766036543 3.976413208 9.069595663 2.623208508 5.887914971 7.640709519 6.348625719 2.839665690 2.761122761
-15.085110805 9.365827063 -23.231209089 0.712640114 0.302138720 0.535524861 0.337741595 5.925742425 6.164302436 7.852841681 5.219237280 2.540555395 6.251008321 5.491222321 5.605901567 5.294501042 8.137933784 1.870205713 4.634856484 9.395972349 2.035135554 -1.957620349 8.145517115 2.210361202 5.123786538 1.848184962 1.350264257
-10.445740261 16.700117440 -26.963766587 0.977270512 0.174972156 0.096471983 0.070853702 2.489683068 5.960978512 8.189754268 3.565201748 4.671046479 9.172809812 -2.524000210 0.874324418 0.559654559 5.276059621 7.723034277 0.984226040 2.324773015 1.452767420 4.573823879 7.401093578 8.494724525 3.945289753 5.174610080 1.792558901
-17.948078384 9.679964327 -27.977797602 0.845825058 0.376635868 0.069911310 -0.371265139 8.527222319 3.925728502 3.077198409 6.048571938 2.785079686 6.535902204 3.626675227 -0.244124557 4.229708874 7.724629460 5.823795803 5.634363110 8.367322861 8.751964089 4.971336305 2.614583072 4.290142082 5.862956691 5.506275937 -1.884507360
-8.860942402 10.694685621 -30.151434261 0.736622666 0.296590494 0.511008633 0.329076441 6.408276086 5.620674638 -1.767043461 5.843452246 3.435049523 6.005954561 5.654746474 0.784691802 5.509677624 4.411064967 8.992061703 5.577471563 6.321611199 11.190860291 2.599819860 0.198691095 4.228696719 0.039227605 3.310161086 4.869862790
-11.762549033 10.419863422 -22.029396832 0.737450291 0.259415287 0.550686924 0.292599878 4.840965669 3.207416164 0.601800762 6.509639268 8.474096755 1.970561130 3.092512035 7.317046492 1.555800576 4.290498616 6.526316168 7.029955565 -1.766815282 6.576666708 4.514929801 3.734251083 1.024965956 -0.270832110 5.334148665 3.599121941
-13.911727652 10.294609303 -27.269233274 0.877958998 0.422954505 0.188788262 -0.121063935 1.272584827 3.875390633 3.740524469 1.515734791 9.429665023 4.516325279 5.596008614 -1.605385885 7.917573074 6.888893040 7.949819791 1.239283328 6.523547582 3.518956445 2.979849032 6.728074067 8.377701206 2.389258337 5.722578645 7.055741101
-14.531010614 23.796991790 -23.794991697 0.752192463 0.502176310 0.336133612 0.262753965 3.735782120 6.119740003 8.169582519 -2.631412213 4.956647804 -0.091847023 2.764291272 4.147190528 -2.475908497 5.378081032 4.677456304 2.888710730 4.407221130 3.406412297 0.106932144 9.160649668 9.107202476 4.414638248 1.084117658 4.022874978
-15.577174496 16.853169301 -17.316314384 0.928878769 0.282163086 0.188930555 0.147896821 8.345833931 6.209498545 7.877803636 3.325471094 0.620705638 1.212845746 3.409218407 2.574225542 1.657447883 4.072341768 7.732597495 -0.049047698 2.837354773 -1.055025099 4.270668771 0.069398800 10.716421902 -4.226595699 1.056160418 1.354114029
-17.391749394 21.505573438 -23.012972218 0.890039360 0.349025449 0.115542864 -0.269557081 6.142854650 4.195394482 6.628479074 3.354330733 3.502806361 4.339089168 2.503031045 1.449696309 6.070014263 1.378381389 3.247870450 3.805622691 2.146532976 5.559392118 3.683291761 4.284503121 2.598890767 3.727811723 3.726369339 0.993593967
-14.573834323 8.573205021 -30.495829915 0.908708792 0.043439515 0.283199219 0.303577902 1.298645457 8.647286077 0.647281051 5.454401095 3.951111851 5.828608373 3.638370088 0.267811292 4.736790924 3.290527006 6.480016181 5.999162258 1.365725291 1.732944037 2.795998240 0.161788571 8.028934279 2.246101599 2.576577686 2.667903211
-10.039928437 23.394712546 -21.265027033 0.886231369 0.419157892 0.195534682 -0.025822668 2.636267181 10.562698813 6.972847933 0.567965149 2.245036260 4.300178177 3.369664462 0.335011800 3.662164462 10.577443644 2.183657608 7.959549720 2.594017100 6.727189991 1.186358144 9.019840856 4.654688404 5.496496369 2.944823149 3.288004571
-18.190138199 18.075779277 -24.978222832 0.884577216 0.240784301 0.220606054 0.332985043 7.863218699 3.188632575 11.698650570 1.719479100 0.446952272 0.897513609 7.929393768 7.813395316 6.283408391 5.965446762 2.789366179 3.590973257 2.294672365 1.040042417 0.425567619 3.891367991 7.226729267 -2.837948225 8.221427235 -0.921465293
-4.995600868 11.642793513 -27.854677169 0.984921282 0.023389404 0.139520913 0.099583728 -1.633057408 4.226704206 6.335389296 0.612223616 0.767256996 1.499594292 1.003742600 9.384074023 2.162295338 0.631555425 4.734365546 7.581999846 1.698511230 -0.026388974 5.091598855 2.215129085 1.213673691 8.064487880 1.568677389 3.806356949
-9.097794257 15.065883585 -20.805367179 0.749813092 0.473850935 0.350963912 0.300116564 7.764337136 4.019969095 6.027808172 5.135465655 2.566277517 10.639987494 6.627166585 3.179070388 3.095001339 0.273737955 6.055070819 4.040689322 3.966476857 5.268069117 5.380651578 1.784375325 4.184836029 5.794274748 1.037689465 4.522071765
-12.121217084 14.632266964 -18.898724741 0.880092556 0.309107770 0.276710837 0.230912521 6.243027293 5.745640133 1.071520680 3.395579069 11.807458006 3.201970186 3.761741322 6.219688809 8.262321655 9.238763328 1.802127146 3.373708683 7.892377748 4.653745990 4.946977413 3.679268055 6.983670712 -4.004154878 5.895502394 0.905991435
-6.233303272 9.944594650 -24.099370768 0.824200591 0.360664911 0.368670569 0.233872231 1.056088260 0.294615590 -0.031674162 4.366773297 3.152637171 0.530481872 4.496200430 2.847797188 3.334865959 7.631113271 1.753226618 2.735663656 6.992295019 1.054062549 7.237938320 4.047935383 3.314594077 4.311562735 -0.002302045 4.949290856
-7.540053408 12.627198570 -24.641258540 0.754096663 0.600912392 0.255288197 -0.071207140 0.310276325 -0.252658826 1.873379173 3.123676573 -4.619954695 7.753535417 4.173958260 1.393700494 4.799226698 0.986524489 5.112966431 3.683577588 5.397512421 -0.809535978 2.438335380 6.405120213 4.197160494 0.563959393 5.859236284 -1.230991489
-16.441517892 19.694539527 -24.207445972 0.955307376 0.219174491 0.155265256 0.123462790 1.830883968 1.088721098 3.368068249 4.902429090 -1.889596837 0.699568959 7.793042669 2.787997993 2.895136866 4.867730792 9.643694203 6.230080258 5.031631580 1.282722420 6.410989176 -3.182850676 7.441872769 4.798706820 1.516111784 5.150881903
-18.804423816 10.805684518 -22.216081695 0.728491280 0.429630190 0.533272687 0.018401001 2.666835021 4.297653913 2.181413989 -0.789771268 7.734708718 4.939690847 6.048445186 4.156292557 0.308039681 0.144490964 6.979661840 6.075159936 11.704873826 4.878028641 1.884869583 4.925883982 1.639301093 10.825928371 4.696446531 3.208813596
-15.783640721 14.815800952 -20.058512600 0.866142861 0.302573504 0.201693498 0.342878334 1.639512925 3.550764241 1.702308117 3.469861952 6.064729994 3.598995842 2.412604915 2.496086633 9.499529861 4.729177241 -0.571857945 4.132751508 8.451111566 4.520800275 4.061077242 4.248649647 4.504155363 2.634941127 0.979060615 3.498480358
-3.812666354 15.114598409 -29.893959902 0.774591649 0.301244530 0.347268233 0.434355021 -1.989119533 4.660381895 3.184478994 2.185866329 4.356181468 0.603999000 6.297023272 -4.619481491 8.052058873 1.949697000 4.169370286 8.340678546 7.112640770 4.940040415 5.500581383 5.747674008 0.650926747 4.343421085 4.862065027 2.527566040
-11.480834819 6.253587745 -28.339422425 0.928334377 0.326967821 0.150319839 -0.093227006 7.278629105 2.099862948 1.476750057 6.877449240 13.123805632 4.444791666 3.521131083 2.255131175 5.504767945 2.248094276 5.041027258 7.277049858 5.262842882 -1.293401607 3.704321874 1.446232876 4.651946192 1.179021397 -1.141541098 13.114995336
-9.569608220 18.635986764 -30.147232604 0.985275412 0.145557307 0.073203571 0.051833107 2.709682357 10.676799134 9.950251932 4.511761634 2.116252125 2.514768026 6.477420192 3.731328509 4.623904956 6.519137068 0.474846120 3.040413250 6.206679985 2.153770085 2.472050004 7.025074110 2.941760162 0.771557357 2.646544478 3.661842175
-8.005257094 18.704328700 -22.381209258 0.777813705 0.493357150 0.051245591 -0.385977268 4.618739224 1.582251409 6.053848173 0.441770715 7.173624255 2.909756031 6.133988813 0.170561003 4.436372815 4.237407374 3.722202375 -2.833561980 6.050600635 7.185183212 4.804114375 1.540170831 10.451507027 3.299821858 6.277990322 0.018785108
-13.064541753 17.523770476 -17.722295984 0.734155832 0.549169454 0.009235204 -0.399177700 0.544859488 4.560685273 -1.955109375 4.059082483 3.810626017 2.743728733 3.758473229 -1.135407334 3.834641567 2.923403893 0.315364728 6.284305912 3.181219096 -1.517656695 9.827551034 -0.760932161 5.149682730 6.317016792 6.500164755 3.572323719
-4.614969558 14.821460484 -18.231719049 0.854457237 0.489387600 0.087295974 -0.150937142 5.596627181 4.388888995 3.086115032 6.314391878 -0.038048032 6.402069711 4.717891513 2.387563165 6.655412949 3.189312108 6.071617627 3.109964630 5.897234858 -0.202787656 9.011797598 1.278000273 -0.871209668 5.045791227 10.895768492 3.629024876
-18.152556744 19.989228646 -23.683886774 0.944001783 0.255602845 -0.002236639 -0.208621226 2.820687044 9.107013440 7.372094533 5.241954139 2.588954823 1.948001650 10.341304730 5.684617930 3.899220764 2.854433811 7.021217591 11.320232287 1.270743300 -1.887420214 5.412142800 7.915273444 6.520943934 4.837248152 7.572204101 3.168241254
-9.431036547 18.296471419 -29.663102231 0.768137426 0.597628806 0.208080740 0.097504409 -2.439923100 6.421212277 1.488190909 6.210972243 2.262162165 7.127957123 6.872214994 4.942556993 2.746247890 2.817045935 7.960709816 7.159504845 10.318833724 4.460805037 6.056029702 5.751375651 5.951078101 2.936596436 5.811344796 0.773819118
-8.823794550 16.366635351 -26.959119151 0.797799239 0.554408968 0.229064993 -0.060632495 0.789132367 4.735532632 7.775489506 7.167612471 -2.488478838 -0.863485845 11.506144179 1.438816483 -0.071973904 5.223866886 7.232863284 5.472000405 8.506739625 2.685189506 6.479107846 4.164072044 5.290011750 -1.583043785 2.946116706 2.430520173
-12.216221873 5.660491141 -24.879741247 0.945389783 0.199848041 0.253771248 -0.043578344 -0.884430824 0.639679095 6.010196831 3.131698413 0.400806779 7.393795896 6.559087738 2.303543446 1.236574206 4.430358209 5.453527238 3.392859107 -1.412894270 8.203464668 -0.226551635 -1.129606576 3.432607401 5.271254351 6.349571139 -0.435059838
-12.156591611 16.248951051 -33.603671270 0.900115917 0.306656462 -0.097897506 -0.293545956 5.645436378 4.232213437 11.667765093 1.042669064 8.940643783 6.811498827 2.641532125 -0.242983234 3.661611640 11.231346046 5.648642944 9.444305783 3.737994273 2.493165203 5.101266935 9.131016578 8.464277029 9.590056279 2.659409583 4.943313246
-11.685243048 18.053075184 -15.996389222 0.800834123 0.414806712 0.162140850 -0.400387867 4.843776219 4.446049857 5.663404878 7.006977804 6.785776004 4.818334566 5.457509249 3.290807150 1.373669259 -3.042508492 3.654836737 3.577436935 6.122847202 3.954266281 6.479130571 3.186992838 -1.726136430 4.629793601 3.180942417 -7.141198222
-12.099038399 11.947200439 -29.756669783 0.989593051 0.054980751 -0.122757415 -0.051120725 6.852769815 3.649754957 6.931965973 8.049738013 0.921374951 -0.481086633 2.127092562 3.929941508 6.730565972 6.540681026 -0.450249880 0.680557992 4.932749940 2.266955534 4.320495466 2.978657432 6.821076117 3.591963023 5.789670646 9.201850032
-9.259484724 17.511198450 -20.182691827 0.868813355 0.291271021 0.206894398 0.342810815 1.812923476 5.190661763 4.725634237 1.427322915 3.326786302 0.615798738 -2.512270368 3.348917888 5.746255055 5.497398667 -1.300660019 11.809298936 2.150818035 4.526933073 4.494837815 3.241386249 7.037658971 0.418036413 6.591523058 3.778300396
-5.576893837 18.956390177 -18.266190660 0.793688850 0.551508872 -0.173364389 0.189316564 8.732457234 5.532762493 0.112949437 6.517294987 1.322341961 1.887306341 1.361363374 2.584179821 3.902197432 6.044153869 -3.386449387 6.482310540 -1.005993546 -0.926650206 4.933222573 2.553784400 2.283200676 3.320369959 3.381135279 1.214310284
-8.805725598 21.910328829 -19.743497860 0.779944950 0.451265723 0.061306876 -0.429286139 4.232962212 -0.271547846 4.722606788 3.653368489 2.589809688 7.241418429 0.251822510 1.198910256 -0.335923417 2.010183503 2.376644617 6.672094823 7.547522189 2.721960467 7.531900844 3.814690734 4.137524787 7.535099828 0.505279300 5.666653208
-6.016684044 13.018828917 -28.832118789 0.732950657 0.571331950 -0.074524990 -0.361675493 0.234959713 3.237349096 3.109301055 8.373096344 2.442870645 0.396115745 4.272801321 1.726067407 5.544005366 4.663490374 11.460998416 6.228545925 0.260646952 6.713692193 6.642176372 1.845337032 7.678164040 4.171552704 9.382294500 7.089601695
-11.962442145 22.130595463 -21.695848978 0.890894271 0.221931087 0.223604272 0.327192787 1.265145778 -2.490693560 4.087281588 0.083149993 -2.230192015 3.706179165 2.673602004 6.654166379 1.186311736 -0.418614120 4.125565921 10.406552976 -0.508005145 2.739010029 0.629858427 2.596388464 10.013314319 3.318443102 1.632615959 4.114238166
-4.295670246 10.981410725 -29.802318943 0.744638971 0.630781066 0.215614214 -0.033742563 3.164742708 6.638530846 1.376490151 6.834133108 1.000601913 0.904713073 6.359554293 1.507149847 1.106137208 7.636717918 -1.398621326 5.312243402 3.136821240 2.654770093 5.355896735 5.715086703 -4.804422387 8.974689786 1.138236317 5.191462316
-17.406689045 13.508682419 -26.088368310 0.924185822 0.100170336 0.173556784 0.325153060 4.669280229 5.661195430 0.046703857 8.173605259 10.814617860 4.122875815 1.544615497 2.079585393 2.971198081 5.753866897 2.712446126 6.688590137 -1.121486126 5.392437474 6.949113277 4.115365121 3.158709530 3.420542355 6.224531788 -1.026160247
-4.947632282 20.432507232 -22.808753398 0.985507951 0.165795226 -0.035677840 -0.003621257 6.791485449 3.436728931 -0.886659836 4.985899783 1.799379604 5.447845232 3.946412741 3.839159863 9.904073310 6.537224826 9.038279181 9.752583787 3.207795826 4.289439004 7.182059927 11.008272088 -0.608843566 6.374263632 1.545936501 5.632627188
-12.805183178 19.963208370 -22.649075788 0.864813774 0.455585483 0.154280914 -0.144001401 4.176097348 3.934268764 3.853002523 7.948597019 6.808316766 1.060453609 -2.211214269 2.107798508 -6.333703661 0.574664122 2.092086837 6.031014821 4.949295863 0.116362680 8.982344322 -1.466405149 1.579165079 1.296250005 6.633314688 2.497253169
-17.763836968 7.805238179 -20.708861135 0.899259265 0.188307112 0.291868145 0.265868750 2.924478894 1.092229309 5.758841193 6.392040417 4.226819350 4.486401922 3.758900971 5.477006772 6.436776935 7.722447158 2.194015210 1.592852747 4.803293773 3.293986705 5.264639486 4.114409244 -1.614389835 -0.445830506 2.930385080 1.452125760
-11.811113334 8.537790533 -27.495681717 0.790319175 0.440118284 0.388586279 0.175191899 5.451513093 3.005454773 2.794499355 4.877479530 7.426190945 4.798260739 0.121598765 2.985836309 2.146759699 6.419929933 6.003392115 3.800507116 6.880417584 3.439302078 4.810388749 9.221731128 0.795574580 8.171039746 1.025493842 9.631302214
-15.136665469 15.675586567 -23.726537174 0.881526535 0.311846293 0.347414245 0.070471264 5.122208709 5.518764770 4.523513568 2.508408200 0.599293312 3.906627443 6.379110638 8.634949404 1.147249481 5.011638400 0.586466923 3.838623085 -0.982212479 3.693732465 5.838130640 4.733197738 3.488296287 3.985353386 5.981502236 0.168916419
-8.795914855 17.660452564 -24.771954060 0.726125091 0.385759701 0.233230110 0.519168104 2.484984487 3.974135220 5.127083536 1.909464241 6.514452513 7.378818269 1.364877811 1.941557058 2.976970927 6.969394734 4.442583751 1.459439478 8.920835872 1.282089550 1.845071233 8.659597323 7.841089907 3.570661902 -0.891178051 7.996622202
-9.089053274 16.145159319 -21.875362597 0.849276328 0.414293748 0.167081459 0.281379095 1.640067197 1.612426671 4.243504064 1.030795110 4.557067097 11.414213136 -1.948949355 4.273571899 9.261538660 3.067962424 -4.338991369 6.013366990 6.017207611 5.705729741 9.258862364 7.097980254 7.346132830 -0.224605189 3.104755848 0.189239880
-11.425455518 15.859180697 -16.939091822 0.801691299 0.363919815 0.273289828 0.387512708 4.628556526 4.336119371 7.502641511 7.269020609 6.315252144 6.909539832 4.171612875 3.526680114 -2.734839797 -1.017026436 2.264394438 2.181661554 4.982697691 5.883274358 4.328451135 3.943905554 3.595390353 3.506811840 7.466177743 8.932476527
-2.661277730 18.645211901 -26.199801259 0.725958630 0.369257625 0.281737435 0.507204979 4.374508299 0.187491708 0.473188084 4.728367762 8.575545851 2.892826575 2.451709967 5.962817450 7.191513626 -3.663119192 2.483759044 8.214091239 3.785911511 3.568644120 3.372833359 0.160134008 11.141171376 5.328035532 7.302761351 6.644317886
-9.881999282 13.226411732 -22.412911652 0.969448345 0.235473482 0.066865400 0.015848146 3.434093658 -1.016421810 0.951915097 10.861122429 3.428890600 8.415107524 8.437284374 2.380618032 8.113389837 0.854009912 5.056964700 2.108804326 5.889735933 5.794284844 3.635973539 4.304686807 -1.537061488 8.249148248 3.524975129 2.013530265
-18.708663468 16.697333039 -30.316760368 0.839837560 0.443189173 -0.199056575 -0.242141919 4.346914356 3.275891943 3.473539108 4.826768584 4.043427055 4.722770702 7.277390185 2.851432555 3.397869513 8.159878119 4.688004483 1.325059486 -1.034191247 2.245387377 9.766122294 0.808454347 3.190575673 4.267822829 3.188610244 4.573584674
-13.742579936 13.199121272 -15.809106502 0.770757891 0.410975293 0.404186649 0.271412481 5.099269676 6.560528939 8.321610383 5.741294613 2.545827200 -2.328952351 3.658023015 1.059366408 1.481204653 6.356931706 3.526813590 4.273550276 8.177200631 1.634852483 -2.373807549 6.912470098 3.127902068 7.369333336 2.753418653 1.162583846
-8.947920259 19.409560851 -24.326455622 0.765050499 0.602073983 0.206060467 0.098710365 4.923012738 1.258227057 -0.281728858 3.610125096 3.875271830 3.923886580 2.145190452 5.757116343 4.880324948 2.312152052 1.694196882 1.660430697 -0.186326674 0.297639697 4.882115407 5.208651585 2.968588534 1.661435931 4.593953432 2.634225396
-15.880570925 12.784239905 -16.678009295 0.835627569 0.453057643 0.310562932 0.004000427 2.305317752 0.589503310 2.979943694 3.684808710 6.229934385 2.166766774 3.037730781 -1.595511203 5.425863025 3.160221571 -0.175172535 3.271223613 -1.144699287 -1.370357029 0.582378355 -2.556995723 -0.225703128 7.856686201 5.020928332 3.804693113
-10.542476260 11.716567855 -33.026775754 0.773252071 0.306599040 0.451168409 0.323303773 3.689996770 3.002906609 1.153840845 8.655253901 2.382594717 1.926054743 1.460218731 -0.693179544 5.390064443 5.718041806 7.786123597 9.185596276 5.139542024 0.796466817 3.278697615 1.936578023 -0.540716929 -3.976480925 3.667959273 2.594325480
-11.214338192 18.098946826 -31.706006532 0.759546326 0.312295461 0.456172628 0.342735257 3.766293953 5.379920343 6.199124453 -0.136624137 5.448131144 2.128855232 5.251251165 4.869454427 2.034184585 4.082895540 6.347127664 -4.855586362 2.863519633 2.220193594 7.311282303 3.337147531 6.701160782 1.154592707 5.765783672 -1.569802125
-15.088267096 12.526852530 -20.810412117 0.719364992 0.443723279 0.178315849 -0.503812582 6.215474305 -2.338892574 -0.519848947 3.604409520 0.156379382 1.757302489 4.866277203 5.536843536 7.066385162 4.382485088 4.889635157 5.004706040 8.374089411 1.084894879 -4.655760181 -0.018462014 2.029384627 2.130538302 8.862538941 4.396100511
-9.210393170 12.887264084 -27.223463518 0.944205394 0.300896721 0.125682437 0.046273776 1.460293978 4.715090054 0.882188268 -0.083803675 6.947081272 3.068384184 6.664581683 8.616595772 6.820385181 4.967832776 1.098321694 4.542813360 3.287362257 4.434006677 2.363020100 -5.877025088 7.426556742 3.287917623 5.674493415 4.333723491
-5.070705655 12.578387134 -26.298059803 0.785982822 0.603042160 0.134122737 0.024129811 4.185569666 4.651058823 5.321698568 -2.900799885 2.536760446 -3.887880251 2.368888314 5.362528388 2.403078817 10.513220510 7.777348801 3.625153235 1.231164250 4.911556621 3.165241473 5.768935378 4.169587857 8.262165643 4.451578160 5.316898408
-5.639337772 12.233306837 -18.997361683 0.854003533 0.460661153 0.202522509 -0.132113211 4.256658000 7.591576489 7.371748673 0.639219817 6.232269576 3.104231988 7.650532278 0.791302993 0.991425740 5.681954335 -1.880004611 -1.460570720 4.571184810 1.213670829 9.379344663 1.604997465 6.842858273 -0.772557093 7.219289294 5.619712566
-18.928319633 10.807451798 -21.973231911 0.743187674 0.288866082 0.510114692 0.322508090 1.165382752 7.229468241 3.324137513 4.721906992 3.710627293 4.123390990 9.525594981 -0.268024650 6.033499878 2.468257415 4.265973344 -4.653898722 4.787095344 5.380977685 7.835695406 8.409112076 7.734823098 5.275623832 6.669109312 7.081964693
-5.671983021 9.111244295 -26.426062414 0.936299962 0.321897268 0.138447127 -0.023599205 -0.110062879 -0.091484143 6.645978033 11.953293727 7.673809043 3.995076135 7.309520918 0.517735719 2.124908259 7.423613297 2.902458984 5.319613698 2.388964866 2.257769483 4.657460917 2.839883563 5.135988968 4.080182681 2.246164512 4.004216945
-20.044891836 11.724867951 -27.613289813 0.840290210 0.351697481 0.403640664 0.085413458 2.227096657 -2.044953107 7.601328392 5.893186503 2.034958569 5.307519223 0.019850134 -2.906019593 5.699324198 6.683454343 12.730111572 7.403489150 8.592173421 7.487583544 0.845598469 7.592070927 8.312936756 7.527603590 3.415029741 4.017350895
-7.948857447 19.254370848 -22.852096778 0.945356721 0.090660048 0.146408250 0.276850230 -2.497243065 7.594559545 5.200289499 7.249014658 3.671247259 2.513522406 4.550840972 1.407986839 4.951291903 9.169975788 6.843224218 0.383149561 -0.289799223 7.193466408 2.979137666 4.051585294 9.477885484 1.516121685 -0.223506412 4.473718762
-9.284928233 9.117903937 -31.985725408 0.891554920 0.313027519 0.002869105 -0.327315391 5.185570097 15.935545767 2.723867579 4.442246482 8.197342787 10.169436679 2.503693700 7.823106551 3.570328621 5.870718416 5.932045458 9.662705798 9.190340780 3.731606131 10.294193419 4.707841739 3.696579201 4.328864047 2.064653958 6.726357184
-5.817142438 13.877106661 -27.110879546 0.828489772 0.376440006 0.247701413 0.332478014 7.600959664 3.633315524 7.607678855 5.398216300 7.390762699 6.816747797 6.486176386 0.080856540 3.743076035 3.354813008 7.672518453 4.155575256 4.367432702 4.768068277 5.698892983 3.651796461 7.263392422 3.414539051 1.588156181 4.611542879
-15.081727681 5.477713574 -24.245618341 0.840907731 -0.121008823 0.297432935 0.435619905 4.185968649 4.702924291 4.361658323 7.762889101 3.678037265 2.404311180 4.545475475 5.165123276 3.842732791 7.412420122 6.851849451 5.743449135 5.500295559 8.350163314 8.101775928 3.175719005 6.818762280 5.546640323 6.497780880 8.156434981
-6.048122431 12.812658153 -28.767127669 0.840168718 0.347552023 0.271161357 0.315904472 5.446503670 9.041814646 1.546783042 -2.359977703 4.756476758 2.790626669 2.155023003 -1.802020195 0.960361220 10.076161402 7.458164158 2.488445172 -0.163647074 3.928657536 5.920781082 3.203513308 7.346550435 5.506468162 4.245426522 10.664999599
-7.476886537 20.606270345 -21.463315389 0.829771401 0.433897459 0.031145072 -0.349631808 7.459431230 2.918791501 -0.771223578 7.703580931 2.377139860 2.640988914 1.465223925 4.217656770 7.523017738 -3.262756243 5.398162372 7.798498335 4.006086174 -0.302984435 -3.309570860 3.619826709 8.148383955 3.731153349 4.128781210 4.970944222
-13.092594071 9.824183582 -23.457831487 0.932294622 0.181220548 0.233686046 0.208270696 5.236960878 8.285943702 2.164578516 7.447613839 7.827115019 4.431892476 6.550947000 1.410999287 8.682623210 2.491260071 -1.562241630 2.063552551 -0.948932110 4.321063510 4.199491827 3.924586299 8.128786827 -1.982418386 7.248569855 6.820866108
-18.644753114 10.517928219 -24.640739708 0.849271656 -0.109850844 0.289640627 0.427526319 5.592542603 2.603507100 2.292215403 6.048170531 7.505827662 4.987691395 6.733610230 3.737638651 3.863328915 2.463148300 3.655528789 3.519968662 0.835306876 6.043079950 3.011558820 2.216355846 7.263411871 9.370170348 5.270630662 3.063353758
-13.907111581 15.801047072 -21.592973633 0.861055744 0.462578585 0.208954030 -0.030696443 1.321543943 0.803932863 6.453730526 8.940990009 3.330660221 4.683982298 1.029471437 3.745101638 3.618542448 5.091951534 5.261163585 4.458949977 5.139916545 1.836788718 8.334144933 8.093966446 3.992463852 5.702750716 7.896050156 2.158311273
-15.518528183 12.000392247 -20.587366639 0.830094910 0.242860964 0.466330479 0.185733346 4.919131386 3.141956500 -0.187384553 4.918499961 4.414363732 -0.492367527 2.534089002 5.248747089 6.326690826 2.474332134 4.928798116 7.293170819 1.958941429 1.813084436 5.158159207 1.955523955 -0.934379663 3.957251132 -0.988467716 1.258841536
-3.926956059 16.916039612 -17.938906875 0.830251315 0.410015862 0.035309662 -0.375929480 5.743052508 2.670962918 4.573606349 6.760246039 2.815899656 7.853679815 10.064470395 2.712399849 7.274688977 4.097365857 3.618404219 1.855793962 4.814449539 0.335560849 7.825742149 8.715288956 1.899312512 3.692360597 -1.580094048 4.977095030
-4.158777935 13.566336571 -18.790848420 0.818640505 0.423996679 0.032542710 -0.385999367 4.624826676 3.289170300 5.348064997 -0.268616662 5.105810005 6.088951977 5.522911370 8.271181818 9.257762895 0.137251662 2.847760893 6.553502058 7.111024110 1.234368374 -0.731793908 3.673845182 2.897511861 0.472529657 5.223918117 11.009524585
-8.319552686 14.714149708 -16.013910346 0.752173576 0.461405315 -0.191207146 -0.429860297 6.066896860 2.506527566 4.344137455 3.725667630 2.138433644 4.004407956 4.081449961 1.543603716 5.235187990 0.343165230 2.138140668 5.154597921 5.683668846 5.085418371 6.040335938 8.998576160 0.584763205 0.040860429 2.644650476 1.449835859
-13.903528532 9.740754264 -31.915386186 0.930695042 -0.137202572 0.201734458 0.272553483 5.639087519 10.763032399 6.593729310 7.991899935 5.055580738 1.835456993 5.950471788 8.509884120 2.240678506 -0.987167646 5.241926586 6.094140382 4.118068392 7.335537255 6.499559047 4.012660596 8.438229921 4.167231727 2.415817416 1.496963925
-17.053039817 18.008021218 -22.022587115 0.939571055 -0.056176763 0.186592688 0.281484588 3.896987236 8.083686339 4.566788161 -0.296776371 6.944358497 -1.277332248 0.007259277 2.449681921 0.640141903 5.107687580 4.992009786 2.428207712 3.332269489 3.565844150 7.103290649 4.247052460 -0.908508181 6.094439407 3.293800665 7.253357316
-14.898572401 13.835615707 -31.562895754 0.810268925 0.267777852 0.432837926 0.290535061 3.365955963 3.010332809 5.374929591 2.266315715 -2.165315441 6.001322839 2.619538299 3.362079147 3.269289284 -0.730892976 1.346222981 2.273814517 4.846486333 4.648044455 2.592945377 5.192188700 1.947773721 5.765504291 7.603897084 3.163537954
-3.232069282 11.107903561 -20.637327016 0.768637018 0.500354961 0.257389936 0.304290105 7.322350613 4.694027796 2.097974573 5.513386765 6.715798518 7.390190391 5.249468845 -4.327086889 3.062300250 7.796188544 5.929464843 1.819790430 7.082049101 0.836437078 3.304139407 1.452021789 8.789740443 6.152511976 8.787734419 5.425311346
-13.561683600 7.034474083 -22.599415706 0.737981566 0.486747725 0.465724824 0.039499988 2.560684777 9.698511118 1.810589358 3.474831208 5.105086896 3.976762762 0.015021276 11.023479885 5.737561237 -1.966706620 1.340382829 -1.993561530 2.160407442 7.236025114 1.154184086 6.933157192 5.631964695 7.379888663 3.195549778 3.297401272
-13.535737980 11.629548460 -23.163523287 0.877923129 0.407205791 -0.086360697 -0.236593014 4.830936047 3.629566040 3.373365456 3.700845350 -1.269549594 -0.121794546 -3.296314284 5.377480655 2.435733458 0.067611509 3.761430473 5.158037122 -2.018157871 3.593583424 4.199617174 -1.619249859 3.687883915 7.220013349 -2.428971214 5.367959316
-5.442791232 15.679226437 -29.911060573 0.831425095 0.391203073 -0.083045756 -0.385740675 -1.598414884 4.043432291 6.410329608 4.850696789 4.204820765 1.035251630 7.542639373 0.519327284 2.528832174 6.841613417 9.247921648 1.204818894 1.574664789 7.237565099 7.530066658 6.890687020 6.253381823 8.792276835 2.742890022 7.838481470
-13.167890471 15.039370336 -25.637650701 0.763406123 0.524889070 0.164300892 -0.338685361 1.634477624 0.318795498 2.686329610 4.758434572 1.731284335 -0.097088931 4.099115764 2.540075979 -0.866638085 5.777215326 4.121315095 7.309187233 6.736860650 5.075678749 1.699159053 4.142996630 2.622069106 5.274279804 -1.233812807 3.165040479
-11.932697362 14.615770500 -17.773972378 0.984268377 0.175474464 -0.018152549 0.009744761 8.305207183 6.962731963 4.772149028 5.091755546 3.929046682 2.890353673 5.743529485 1.168234493 7.846531750 -3.414957747 4.257878024 0.753592124 2.164498178 6.171497116 4.908657336 3.609875638 4.739553101 5.390637863 -3.702244162 9.006498709
-18.639663673 19.316389318 -24.419184930 0.820138875 0.490735691 0.287718640 0.061389669 4.923307382 4.771166947 0.196602166 3.405607134 5.371647194 2.244369489 2.739871542 1.408337582 -0.163426045 4.859229536 -0.334248826 2.659507866 8.301029925 -1.668333427 -0.894354668 1.971200357 0.853256926 1.541435108 6.480537715 7.788196595
-9.491451173 22.093771784 -29.655864451 0.815149133 0.526926207 0.230808276 -0.067883747 4.373967348 4.272187826 -1.457133912 5.749744752 2.481367177 6.071841197 7.883379440 3.156553982 2.633381303 -0.081891776 10.889094899 2.136748378 1.364446859 7.695283884 5.231015753 6.593365857 1.287840905 4.005603085 0.020361601 3.612447319
-13.431023645 6.820742402 -26.200459381 0.733430152 0.499277733 0.409005471 -0.213345922 2.964624757 7.391127610 6.501144222 3.554109101 4.416991635 -1.777075944 5.514933703 5.743943231 1.962863128 2.685814725 2.702881225 8.484508222 5.211893824 0.937844999 4.806395861 -1.913499317 5.265774850 4.536231784 4.618624664 3.251571225
-13.354768990 18.603922004 -18.256816369 0.799711201 0.533857756 0.227680262 -0.153686663 4.648915452 -3.821514670 3.938973968 7.829188481 6.905407978 4.963102790 5.185027729 2.939196812 -3.389525776 0.907683585 3.703830715 5.090265296 7.283689686 6.416277103 6.683979468 4.590270352 3.742783863 2.837129899 5.456289724 2.773622731
-5.676953062 13.299573179 -20.903365807 0.939123508 0.323522092 0.110927987 -0.032794430 4.934428636 8.661862428 4.544519616 3.288789761 8.372424377 8.739056986 1.472691303 2.404786026 1.967771760 4.497257163 0.659008968 4.622400137 5.113243188 2.546463656 5.818770194 4.597583104 2.983937906 8.846489568 6.081916697 0.631558351
-15.296144823 19.093524153 -31.742405921 0.781612626 0.582197154 0.218955002 -0.046764126 3.434379281 2.609837060 2.980315257 7.341517428 5.410769694 0.768663052 5.984246321 6.856556931 2.507591578 1.567364244 5.436852531 3.221128508 2.314963791 8.396430822 3.187189980 5.390017471 2.361427677 6.247718971 0.885778128 3.888667795
-9.931476426 5.196510739 -23.974608225 0.762000744 0.535991369 0.149982431 -0.331018714 -0.044217886 2.182489335 2.742093840 6.212909887 5.280733704 7.172071726 6.631916947 7.713473305 2.142327940 1.788411033 2.969818977 2.716230280 2.218332962 5.773393679 5.430523220 4.459203972 3.287681983 3.079090869 -3.076737666 4.757881044
-17.566214096 13.749821882 -31.691429037 0.793779893 0.527037472 0.220310308 -0.208826128 8.710038217 2.963435158 2.163349153 4.562066747 6.543429694 4.151611201 4.322440745 3.769641737 6.604643249 3.880483924 8.127934577 5.796075288 8.263464568 0.245971380 2.085197705 4.778444955 6.815731388 -0.706486782 -2.859026316 4.901081083
-9.632190093 17.367771871 -15.195731451 0.926940709 0.349864846 0.118204952 0.066355869 4.282219450 1.010476734 1.423533485 10.498559695 5.375634163 6.562839035 3.615389669 0.762764628 4.854480489 5.254611722 7.853248168 9.131205250 2.479176131 5.115038673 3.485950085 7.101504829 2.833871854 2.202371276 3.781285288 4.395150809
-11.236972196 7.539004788 -30.589870870 0.726753073 0.581569440 0.337697918 -0.139882357 2.462227474 -0.963370251 7.159046987 -1.044050108 2.911063039 3.693096367 8.079834294 3.037185451 1.440582316 5.963034902 -5.218219546 7.368790758 7.905657763 7.508585209 3.871103162 5.079579361 -1.310312101 4.834196215 7.090226775 8.451532739
-12.472193326 13.596616273 -30.849386660 0.792883853 0.367227183 0.342200088 0.345511927 6.879340740 1.923153927 8.206014087 6.575095388 2.523468463 7.489638961 1.337579929 4.939520569 1.890509908 8.581649805 1.349260776 4.237780040 6.785756136 3.643332105 2.307759945 2.835170909 5.597060376 2.176829690 5.021428217 6.359226573
-15.517268425 23.000810173 -26.856348244 0.737020584 0.622459678 0.027206641 -0.261924431 4.362572130 8.555607188 2.380124782 6.291176273 2.420674625 -3.686309316 5.369147831 2.006156485 2.787006425 8.848916230 5.073216099 7.350023707 -0.781516872 5.184567130 -0.667600726 8.582208389 -0.572441183 8.087712061 2.104378460 4.329706369
-14.678086138 9.621012375 -16.188908563 0.999984430 0.003793413 0.003154199 0.002607672 2.718658348 5.949482767 1.220185246 0.822273244 4.264189251 4.707339099 6.547727050 4.583034124 3.347333350 1.599714544 7.863587702 4.797530315 5.153903213 3.957471741 11.680829662 6.781742297 1.310626280 1.937359856 3.752310723 4.684453811
-5.534490693 7.516910076 -22.468901461 0.780257199 0.451148259 0.208324206 0.379822296 1.785456771 2.935667091 1.174065472 1.576999458 5.416368691 2.534587554 3.931382973 5.745673977 1.411136927 8.919089930 5.779351669 -1.509645640 -2.325592451 3.547891527 -2.434125311 5.526268235 6.995223870 7.013525310 1.333591193 2.646694509
-9.462811833 9.262005018 -16.601567255 0.773681943 0.375959187 0.139337015 0.490567160 1.014256681 3.902712782 1.549465495 3.222238557 -0.546706339 3.221030338 4.793249071 9.777968668 -1.089738253 3.180377079 2.302522475 2.416598485 1.853569468 -1.303640822 8.956601482 3.110778211 8.643099562 0.059496266 3.558269455 4.627734136
-14.319965642 14.048498339 -22.411880759 0.892243871 0.347778657 0.214193588 0.192540873 2.672954714 -0.327722960 4.042043458 10.396071399 6.933839149 2.580106403 2.477092607 7.336242284 5.232985997 -2.553574601 1.000443343 0.367098828 4.634639743 6.810537673 6.727944298 3.158851690 0.831824921 1.662893064 4.242740194 8.991595552
-17.966948275 11.739399610 -17.083846589 0.843698981 0.042927525 0.368148297 0.388324720 3.457062896 2.289475316 5.374602062 1.119010602 -1.648286618 4.022769996 -1.011210847 6.059269731 1.992578416 5.050913349 5.177961958 4.335967700 6.849336479 1.383561569 0.341402029 4.571055373 3.185338548 3.308288088 1.607178446 6.899418839
-14.695832082 8.712533983 -29.680108192 0.952227057 -0.131028106 0.184103189 0.205429510 5.263186170 3.765067037 -0.514790423 -0.299410413 6.930457498 -0.835621191 0.929167159 5.228627571 5.160437783 6.034584126 3.755244838 2.971598452 2.811499319 9.052549058 4.653150253 4.559462358 4.753313158 5.863492161 8.033343405 3.218739822
-12.422345426 21.351885189 -18.205930531 0.831621391 0.539101732 0.100532479 -0.087569436 3.437505940 1.767753193 8.087684096 1.210436152 3.651210586 1.951958600 4.161019898 2.139642808 10.582330491 5.354542950 5.109851574 1.834743859 0.973554947 5.865595665 4.792539576 7.634990236 -1.670604330 3.817526536 6.004841797 6.463521677
-17.453767386 22.018012818 -23.628369863 0.913426347 0.316409659 0.255549148 0.015227257 7.815284941 5.794379322 5.375051660 10.308296078 8.265672191 3.844521435 2.540906818 10.365727781 8.427678882 1.388055879 2.530413496 7.252396128 7.052232014 7.603028051 3.812068343 7.924536190 1.563931614 -1.723246582 2.229655340 3.836340307
-19.853260654 19.406681979 -24.346048649 0.942962068 0.110806522 0.251314569 0.188110184 1.832152091 6.993054455 11.797531198 9.638630105 0.457032941 0.062221164 2.878376262 5.286548845 4.333436743 4.581178881 5.273306262 -3.028179246 2.181328409 3.313752514 10.531548851 2.679908868 2.738674300 2.590102400 6.513479993 2.324719136
-9.105215287 5.540762142 -27.095278710 0.722373524 0.635491854 0.199885709 -0.185397677 3.649308905 5.499615172 6.526676653 6.476088940 9.228852631 3.276094768 2.306735516 3.751850457 1.254250430 -3.607578298 4.874047907 1.010652789 5.043422646 4.244090798 6.398145344 3.930558576 2.496034567 3.148835033 7.034314966 5.030675102
-5.210974205 15.047066725 -17.907626611 0.856420447 0.504901027 0.065074575 -0.085931781 7.731970717 7.168949254 2.145606974 3.759955569 9.168452748 4.774402577 1.335011942 4.260617607 5.358554428 1.924080215 3.446106137 3.303380930 1.097724322 7.148119119 8.247725838 4.471888396 2.177147631 6.203780152 7.110720659 5.270273501
-12.905068371 6.984401510 -20.487464383 0.902646969 0.227026825 0.359342498 0.067529547 3.941186722 1.207505894 6.737193290 2.399443963 5.981439322 12.382256011 5.254330208 7.432894875 6.441003669 5.424890436 4.735297135 3.337612594 4.300727116 0.886463737 4.358146322 1.028995215 -4.504511711 7.227942985 0.317430955 5.164813480
-14.885004118 18.542823176 -20.307648329 0.885473106 0.288774684 0.281098967 0.231365361 3.264950868 9.024041725 0.610564458 1.723878684 5.570240856 9.050653110 3.163484754 5.869879267 2.753656899 4.783410538 1.732807152 4.866517218 6.867875225 11.070093119 9.720779151 -0.772851987 4.223970520 5.085461154 5.996114659 2.728227787
-11.364920539 12.143973710 -23.121884455 0.739531138 0.327837034 0.465415446 0.359172711 2.252589229 11.200625468 4.661541457 5.363624426 0.055484739 1.174668808 8.306786331 3.929034704 1.552212505 6.099553138 -0.623205045 1.024108969 3.835642643 4.805886850 10.746187878 6.509619095 10.719376144 4.921833150 0.126836824 3.471153595
-13.022985864 20.774097418 -24.312783674 0.888435044 0.353735879 0.097684199 -0.275702554 2.730928824 0.731084799 9.170982272 6.800134084 6.443224239 0.665481234 1.116665221 -1.153254865 3.379098485 7.198825696 -0.393578881 7.686528382 -0.109572382 4.804542981 5.388870724 7.116496545 8.553967870 9.849248498 6.333377728 7.445206674
-5.020485904 10.957839108 -29.180065883 0.877478755 0.456518785 0.011010302 -0.146630174 5.349241800 7.575180388 7.377630935 -0.139343083 -1.329632463 0.231941552 3.246187116 7.843986908 9.632058352 6.612020860 1.705220279 8.210772226 0.384631125 -0.018253599 5.956911465 10.447800765 5.181473218 7.188322011 3.996625125 6.978132419
-12.873774694 23.122313183 -21.862820470 0.902822380 0.361670291 0.167167486 0.161744804 4.229052798 3.675354109 6.189821293 5.939878519 11.842634428 8.157514181 -0.004003906 2.383075925 7.443977588 9.754646624 5.382200022 9.019730524 5.851988691 4.154670564 10.948617691 2.470545250 4.834751314 6.268004636 7.744169431 2.095095889
-11.784551155 5.046287512 -27.291313428 0.951688786 -0.105673992 0.194881053 0.212468439 6.353617068 4.683241097 3.544543278 4.836082694 0.150375958 0.291605813 5.300538011 8.253127792 -0.318473469 2.357228702 8.695827542 9.036113519 3.514505831 1.791410504 2.503861885 1.231404628 0.097481731 -1.697445842 6.812630324 2.096412323
-3.423723217 10.483738858 -25.322394746 0.782514947 0.592100239 -0.049874144 -0.186011383 2.149098550 4.614155682 3.671936671 3.460571322 1.681188345 7.200894614 5.224385218 2.561137540 3.677483531 0.864465067 0.555911819 10.331746775 1.988743553 3.897035697 3.025581187 4.130384006 3.540376527 7.760121158 4.626719341 5.107072447
-17.997109071 16.932673829 -21.561404258 0.875392320 0.348421242 0.304103025 0.140756083 4.789853707 1.390892546 6.282996081 -0.726525929 5.308749238 3.976798003 1.558130263 3.422796515 -0.863919864 4.127862687 1.841950834 3.176293900 5.138754300 5.528908935 8.220569933 8.591870488 3.800865561 1.131911678 2.986378477 -1.226133930
-14.260685540 11.920121216 -25.226921701 0.813902003 0.390644752 0.114922919 -0.414430851 3.533669069 6.093194960 8.479593912 5.944652351 7.488051147 9.003264002 3.954705585 8.725761594 -4.961619550 4.537353786 -3.967948919 9.506696535 4.093201898 5.168307449 4.872920364 7.428082933 6.316120593 5.749447893 5.816385385 1.769619729
-4.313625992 10.896588016 -19.899145484 0.966438581 -0.145046143 -0.082636207 -0.195267361 1.185423698 4.321317875 5.248240724 5.357819343 4.339883478 3.922645167 4.676348026 7.892761183 7.558206273 3.905409382 7.442781399 5.195242140 2.936604709 3.414201374 -1.580675610 4.545125741 1.892372377 5.236818493 1.334225978 9.746557069
-3.221795075 11.101699543 -25.918428699 0.914612916 0.284470778 -0.141414358 -0.250123108 10.772382154 2.363891609 -0.477591977 5.731336420 7.849567399 0.422802291 1.001638874 7.169166582 7.590547213 0.633751622 5.538108448 -0.822248834 3.638254373 3.183271934 -2.016349860 6.005614691 6.201130115 0.707091366 2.657517724 -2.748446836
-6.723475438 20.779692915 -24.444917114 0.711988751 0.435465253 0.299343229 0.462423684 -0.260148086 2.506717166 7.808669311 5.073179844 2.531397758 5.391499618 5.583283070 2.279510348 0.201299035 6.119152504 3.010458735 0.050600741 2.059114263 5.707407785 2.921969597 5.028985690 5.358726242 6.122890165 4.105941060 3.428462269
-6.693051648 16.594043447 -23.129698574 0.730558826 0.563104305 -0.028328919 -0.385220477 2.377185507 3.346794636 8.966284176 5.848688771 3.972378547 4.412157228 -1.585389481 8.340707676 1.415528909 4.144448764 -2.937211004 6.272970602 7.768517942 5.495848963 5.500266876 7.550127986 3.761670930 0.988831589 10.470412028 9.041432837
-4.909067227 10.052111886 -22.186183236 0.858537562 0.440058878 0.256738995 0.057849177 2.147509641 0.588761284 4.907670221 8.580845241 2.849658928 8.146221515 5.820589030 4.714266638 8.063870045 6.813665269 4.019806360 3.082449668 0.677759465 5.269518892 2.219065600 1.117062847 5.094388801 3.724031555 -1.208240231 5.018353402
-8.703912891 8.439406313 -21.902108344 0.879385345 0.375451003 0.292412635 0.014588000 6.902700985 7.909887006 7.522926322 6.273117475 7.129783718 3.730045569 4.083390403 3.827805537 -0.612452980 3.641611016 2.409214587 2.920799696 1.514142278 1.059293445 4.122755043 3.972482478 4.980679597 7.150371977 5.920224038 4.108957148
-18.071739821 10.624477308 -26.272257604 0.844884239 0.022030580 0.372692495 0.383126062 2.939387648 5.583445481 -1.231092514 -0.316414156 5.253768324 1.673510893 0.940862856 6.685776133 4.123260496 5.386536132 6.565347104 6.600521098 3.519556354 8.423881556 1.223228285 3.043181868 2.574375501 6.517467958 7.391443835 3.523383348
-5.293580138 15.232489611 -30.105057985 0.971782689 -0.219049372 0.002171790 -0.087470347 3.264063690 4.647023953 2.574205652 3.331576712 1.484306513 5.984391437 9.508268609 6.064888636 3.473428057 4.059795808 6.990763672 4.247203548 5.863257870 1.701837883 6.336004117 7.989619579 1.540886577 3.167041882 7.935611428 5.068268211
-12.308499261 17.833931420 -25.161006914 0.840715594 0.421622896 0.226419272 0.253309567 1.973299934 1.429742821 0.943028775 -1.059715080 4.798101089 4.261158503 5.758405358 9.169576442 5.576734622 6.275931972 3.832321679 3.764337653 5.120050126 7.181103270 1.893963915 8.530974980 7.239321652 8.723612037 6.989593680 4.620531465
-11.259221064 10.009437661 -21.644424935 0.845734655 0.324322444 0.175656167 -0.385606997 6.924534405 1.040565192 8.111825974 10.476263059 3.011286847 0.608090213 5.671330042 5.031635245 5.012823955 5.162856368 -0.228617585 4.241085901 7.212234710 0.606741548 4.062895548 1.035813876 3.070037055 3.231471642 4.307735612 4.164446188
-12.296258580 15.869893444 -23.365029604 0.889026785 0.195746958 0.291554276 0.293786671 -0.948427805 3.514938325 2.177148154 5.062675343 5.511053725 0.285380062 1.928634495 1.391659480 3.295538696 4.599830547 0.940684457 -3.224295909 3.433617388 0.878898346 3.345828419 0.970692719 1.842836974 5.155119334 4.015753884 4.020247679
-19.921625680 15.577435293 -26.178135992 0.750863805 0.285967669 0.553516832 0.219192050 5.562290077 1.432594663 -2.995892193 10.295465536 1.665066970 5.428570360 8.023300660 3.749013251 6.688831122 4.886306490 -1.862881689 9.243377657 5.236133067 -0.363748114 3.138171477 8.350201872 2.763247339 3.021577277 4.641835783 6.095608862
-15.425999007 13.688007693 -28.506430924 0.944539211 0.267429811 0.190538806 0.004683765 6.427800113 1.479638419 5.978108021 4.863231193 10.966767895 -0.967758513 3.784742485 1.415426976 -1.946776786 5.508345057 4.046517693 2.345230979 2.162541868 6.757862837 11.128928027 5.505272159 1.663335804 4.020391024 1.274219270 7.493523780
-14.392622447 17.569993040 -30.423220827 0.779608889 0.401465560 0.400505726 0.265764081 8.782765502 5.141606922 11.366777198 3.387846452 0.643457956 7.958152103 4.508285287 -0.071651574 2.790332712 4.452312318 0.960882637 1.867396505 5.320815455 0.829537810 7.033101405 8.559021373 4.604227631 4.664366321 3.045703226 6.722198165
-2.473084311 17.336108968 -25.859425872 0.806590371 0.582800871 0.068343095 0.071304556 2.309101687 0.151983663 2.719826186 3.260185508 3.954197123 4.868617975 3.389977389 4.135562855 3.455981229 4.888962605 2.699832413 4.837050361 3.850728480 8.012500311 0.923364971 3.921706385 -0.757215799 -0.485080723 4.455676677 3.096825971
-7.991456964 12.506402530 -15.961377292 0.855918271 0.359642297 -0.192259507 -0.317958508 2.746283842 0.435927959 6.477171383 2.269956426 9.251739442 -4.345723918 8.260541631 1.101599554 2.649516733 -3.763201937 4.664124331 5.909288357 6.584823448 -1.316145483 6.295779536 7.473116444 2.478675190 1.014209067 4.318422256 -0.956813023
-5.008954903 7.554464690 -21.811262722 0.948689778 0.219582786 0.175953307 0.144262051 9.191878613 1.389404286 2.206588963 -2.898490530 1.941945575 0.560221465 4.157130603 4.042404110 -0.855323783 2.455840526 9.726672175 5.046649498 4.286726858 -1.142988602 1.633157230 6.706839303 6.041395339 2.933956408 3.841851789 3.485917563
-15.766796486 5.674344457 -25.403037219 0.769786217 0.371777050 0.444168699 -0.268188687 7.057410048 5.211298966 8.617540318 5.663511025 6.540020774 0.742341416 2.826357056 -0.315578208 4.501605826 5.349822968 4.560391322 8.329300576 7.687712524 6.518424294 2.930181704 4.472394815 6.289962145 3.599054931 8.220349331 0.855728385
-5.115707139 17.120317325 -30.890354135 0.708725016 0.681859218 0.180992534 0.004308276 6.211486346 7.428159289 2.126692644 7.496472120 4.747213157 0.924712943 3.260715706 0.325648172 7.599542699 5.672675600 7.726218483 2.040575797 8.007884954 6.344526981 3.034065676 4.210987240 3.451581855 3.220373286 1.774582213 3.624745004
-14.284199601 18.017941358 -26.341261010 0.828470954 0.424374797 0.295058914 0.215597190 4.586556804 4.923904121 7.659796577 -0.274931055 6.493194605 0.174322762 7.585382816 2.172017378 5.448794154 3.724782602 5.171895043 4.322089703 1.888279039 6.217437210 2.823998552 0.976135754 3.855245205 4.787624684 5.301373736 7.493312992
-16.230482017 18.587088592 -29.736017205 0.717538359 0.289249777 0.545062310 0.323079476 -1.426257135 7.083923245 9.219556129 5.796959850 5.726915479 4.565292374 5.576172388 3.362604974 3.988312635 2.519513606 0.577684180 6.047785049 3.017587660 -1.479942504 2.057075527 2.153795036 1.636007162 4.477812203 6.611707370 4.444305996
-3.498079835 10.478996475 -23.621586532 0.795220808 0.393982002 0.293642129 0.355213103 2.036153108 6.888151627 5.451914699 -0.162074980 2.625802318 8.330906206 5.797672167 3.440801166 9.189035600 -0.254408276 3.289913502 9.766484099 3.130889446 10.221242508 5.795381574 6.080570822 6.523714711 2.453553208 4.794252724 5.120090041
-17.325656916 17.911784182 -26.683477736 0.955301723 0.120566168 0.198962965 0.182417530 4.799873894 1.044138798 6.389985204 0.001692100 1.970196570 4.264955936 1.106786127 3.245632333 2.859394732 6.428356729 8.483850809 1.608292454 4.649213126 1.964393743 5.487403865 0.810306060 1.080318916 4.294851484 7.365328270 3.689964596
-9.770076937 16.970705019 -14.708186690 0.729220033 0.564851236 0.195767357 0.332950999 5.324673037 3.348000908 6.126290104 4.620487240 6.952864399 6.476994763 4.789641714 3.718534785 2.184271305 -0.642936318 11.498096748 7.277482060 1.740883122 -0.640667683 1.595428913 -2.669958574 7.688989604 7.505420859 4.454661221 -1.771934728
-12.657556466 11.285733491 -33.322291568 0.780449818 0.171700302 0.565895445 0.202927162 4.537486597 1.884432950 5.463620505 -0.179833705 -0.617520768 5.787010275 7.266047601 7.195764173 8.592275185 3.695329803 2.318483603 3.473231449 3.114082465 7.337812882 2.989073853 5.806679074 2.985769651 8.805888123 8.926229833 0.492668910
-15.879792931 15.308280800 -24.662736105 0.737335840 0.511205605 0.222153789 -0.381644314 1.093281468 3.177078282 9.497097950 6.973717826 0.138221302 1.291457353 6.631441125 6.808565784 2.284299707 6.984988061 8.035280323 0.205510609 5.657796476 -0.045434551 4.160360432 6.160809770 1.257004338 1.455494953 6.293896011 -2.588118711
-11.103459526 7.472126217 -23.790549639 0.721932076 0.487573658 0.092738098 -0.482167658 4.337464223 3.790517413 -0.892879834 -0.548609142 0.818964646 4.130683559 2.222469705 2.808634905 1.422968041 4.995155217 8.253859214 4.560378015 1.575617980 -1.447636451 0.723557126 6.523150205 4.566658587 2.913115124 4.338075448 5.553932735
-7.317659744 13.436144473 -18.433485038 0.926695732 0.128841374 0.159896753 0.314750614 13.523379948 7.678243868 -0.734160344 -0.790427528 3.755277334 3.863064897 8.945829344 10.599847969 -0.152784397 6.346281737 4.578616109 2.308339475 7.172211444 3.898778206 2.586543663 1.956944581 4.041924732 -1.012031212 6.693219554 3.190446272
-3.083951729 12.022347502 -22.034501242 0.864621002 0.388467501 0.093773941 -0.304515962 5.080114555 4.497636618 1.862025359 3.304700439 5.899114144 1.973233600 4.705253447 2.959030338 5.798996202 1.787010732 0.155623084 7.016216910 2.062813389 3.868727795 7.015969738 2.854699268 -2.841753804 5.246629568 4.311515272 5.427683752
-8.959958335 17.270289802 -31.298904524 0.999298546 -0.009795029 -0.029121584 -0.021410442 3.403131822 6.913573687 6.252411205 1.599917803 4.694438699 5.401085630 4.155850577 2.919264489 2.827065326 2.005549026 3.543720784 6.535409335 1.854531373 6.166195627 6.059088712 0.855767558 8.631606730 4.757699427 3.975031941 0.678691668
-18.639570467 17.824983318 -23.321689248 0.858136729 0.164660224 0.303251303 0.380167086 -0.091278545 5.201424755 0.364882582 7.281150443 -0.700828634 2.117803392 6.280236935 1.696442850 2.080402227 2.541777435 2.774347916 3.877352288 7.221365914 2.717898849 2.868686808 5.072821163 6.315295290 5.958847934 1.121055014 -2.389107594
-15.923898715 17.486400481 -28.926955078 0.977287922 0.101158707 0.138542686 0.124423303 0.982879778 6.090119259 7.064214867 2.753329542 -0.820599061 3.475151609 1.015271428 9.912649060 4.221930125 4.575462723 -0.972136082 0.391087886 7.461007924 3.530672477 2.291087765 6.019332316 3.582420211 2.204867119 9.480396942 3.488130684
-9.785468212 8.725335454 -29.590887160 0.923944576 0.354383231 0.096927999 -0.106507789 8.109360166 1.723373006 3.153981730 3.836911713 2.364483083 7.179739837 4.225122160 7.482269059 0.145569523 1.926383831 3.518950400 5.276319798 10.922957838 1.040873403 4.406543998 1.921774729 2.776562834 -0.327151690 3.739704205 5.299170467
-18.421051163 18.462445681 -26.295269245 0.794988197 0.516087436 0.295140080 -0.120581334 10.689609279 6.420075146 -0.787880619 1.807772462 8.249327604 3.666490310 1.784765307 -0.992515545 1.530564520 1.209643710 4.012817024 0.393388084 3.035891436 9.760552302 1.011359106 4.433117050 4.229428132 1.181412807 2.380813140 3.352014576
-14.226213038 5.975305895 -28.399292203 0.903995522 0.296440452 0.299793586 -0.070985633 8.317487492 7.428418964 6.638674341 6.203525491 4.228632837 2.435234825 5.028689346 0.442514041 -0.152122953 0.967326500 5.399255679 7.306541831 0.346354319 10.948344056 8.413543170 7.336851705 4.051088032 2.783295988 -0.565435281 5.227266315
-7.449612884 11.481542678 -16.561614104 0.895495176 0.413939081 0.120303261 -0.110769816 5.997595839 3.625311283 -0.438973326 1.941078558 0.705752351 9.107562207 -1.011179140 6.873112206 3.233956939 2.598952124 6.198198665 4.995959432 5.034283061 8.620314255 6.118546105 10.864094351 9.878638702 1.383631208 -0.949910273 1.423099515
-13.330099139 14.993913830 -27.612675396 0.914100601 0.068429228 0.195856073 0.348393356 6.999163145 -1.377048700 0.741115918 6.363628337 0.771023070 7.969185417 0.584499909 -0.129882922 8.253001809 9.257974677 -2.146304337 2.510757787 5.391085246 2.719018613 0.642184099 1.807801426 5.538803948 6.608551996 4.493988308 6.123088562
-12.937150784 6.357923419 -27.834333857 0.838633640 0.344691516 0.415567263 0.072008511 2.377312134 2.168783680 7.560036853 0.296797365 -0.831749283 7.779912705 0.154158910 1.679807504 4.007259410 1.175892309 3.188192390 5.894676897 6.187157843 13.253646744 0.136241199 3.485871187 6.537290192 -4.653987291 3.361486191 8.550496308
-10.041210932 10.150939543 -24.815721118 0.711077679 0.397739991 0.391368129 0.427787822 3.420431034 1.407213726 3.731007387 5.305142467 2.575769211 8.218925006 2.479115058 6.723199467 2.912537217 5.762980498 4.836463000 7.088863026 0.607578586 1.062499957 0.274062112 1.610443780 5.458773730 7.858862660 -1.375535900 -2.396053225
-9.742800867 12.260878798 -20.366188809 0.840560099 0.473126744 0.247189596 -0.092233980 5.268277475 -1.596601501 5.389909239 0.108557882 2.496099557 5.133380997 0.228912422 4.131840459 1.963058366 -0.481809697 4.826413137 7.655178886 8.222663097 6.328767441 4.138599421 3.979051836 1.793706240 1.516201571 0.048962872 4.350835503
-13.828550430 21.008737185 -29.025246744 0.708841272 0.521789306 0.037355953 -0.473164352 2.969248680 5.024715632 5.125428106 6.177824582 6.897071583 -1.639924486 2.812843580 0.648802508 3.360772322 11.712751049 2.510321683 3.748774729 3.175685262 2.759813154 7.751419095 10.619512705 1.105997312 5.426417386 7.779248942 -0.045257299
-9.437953352 18.507435683 -31.684584043 0.793809556 0.585775520 0.163483568 -0.002559816 4.282189195 7.592903029 6.308537533 4.882897239 3.586224374 4.574310867 2.466919913 2.379734280 2.668897572 4.068252417 11.314447323 4.102842794 2.537750309 3.991397467 4.898564530 8.859412191 1.544471110 0.039522925 3.564359388 9.933938051
-14.121258651 21.611674810 -28.120587857 0.713332416 0.680066587 0.127614322 -0.111269430 7.094945309 4.458271782 5.579423464 7.821504895 10.013852612 3.298183947 6.342997114 2.095354593 5.488939856 1.227687920 8.256902260 2.923055053 5.724873972 -0.071121346 -0.392195092 -1.474438803 4.261795644 -0.918789919 -1.308301443 3.280933032
-7.198970275 14.576970210 -15.506646005 0.871653652 0.406411299 0.112355014 -0.249852193 6.095930294 6.928043108 1.027382175 0.944447052 6.354961573 8.104511513 2.777171566 1.844947936 3.521507826 8.539947818 5.346820074 8.875108595 5.761963000 2.209534940 8.742374067 1.036310506 8.067830015 4.698288912 7.609909223 4.786319726
-16.806994985 19.450948432 -26.762245558 0.818722648 0.478880489 0.229035736 -0.218882009 0.451023061 1.266527642 3.469697546 4.922924498 9.408662552 4.066883145 5.921634674 2.242377510 7.669966313 4.599202746 0.982899453 11.180926142 0.783626307 9.446284270 5.034602645 4.995231411 5.015934349 8.234544662 6.832444491 4.244745680
-11.790145765 22.488731731 -18.665839613 0.978355778 0.166978988 0.038211133 0.116094355 8.794002519 6.304283984 7.352792876 2.383685881 2.766394840 4.467134042 -2.407421698 3.940803090 4.749376781 2.699162163 6.163790120 3.481603881 7.177176755 3.657705950 10.944084295 -3.267523277 1.884750575 2.789716964 4.847719410 2.979076930
-4.247360857 18.630285175 -28.631997344 0.760088999 0.592731696 0.042174833 -0.262973636 2.580087207 2.415166219 4.521155135 5.714112397 2.708012477 4.192366902 5.090558425 6.079410265 5.411846585 6.233162273 -0.317670445 0.910161918 4.725541737 6.000737583 5.034921315 4.156010473 3.181970628 3.216153276 3.092147035 4.702232736
-7.368018934 8.354285834 -22.015895406 0.779633952 0.414956098 -0.469019680 0.001696379 2.191211421 8.343569175 4.526845728 7.540283006 5.460611559 4.520694320 6.091802808 3.436479276 1.013206725 3.392167747 -0.094499879 5.622201386 8.368469902 2.623975307 6.375709029 3.935468975 4.374359446 -0.734297558 7.157996777 -1.046333651
-18.928611768 10.265302955 -27.598086083 0.985672754 0.105359601 0.129633438 -0.023318393 1.692414236 4.680202169 5.039272225 -0.534167767 -2.338300042 7.456739165 6.054412214 3.854008551 -2.494118448 6.648794361 5.308347176 2.314689124 5.598359380 -1.115190003 4.561857286 -2.475906018 3.106083855 7.196607873 4.929987964 1.366105459
-7.317959479 13.800971550 -21.820268643 0.762703175 0.337936581 0.288997550 0.469641513 4.705136142 -1.957521217 3.129703007 4.325023493 8.472692418 6.852408527 5.221939449 9.690282287 7.863247666 6.122170387 5.815981596 5.797776197 1.013277323 3.788631914 8.853354279 8.512120010 3.258834006 0.582856337 10.866821300 1.938405146
-8.203070911 18.487912805 -26.942667791 0.991911823 0.060795564 0.082917027 0.074428501 4.038699808 8.787800372 2.266684467 -1.716608980 -0.054625454 3.622558862 5.679162208 5.688454268 2.899112836 2.327425500 7.803191370 4.814842758 10.928016753 5.166036944 7.344299725 -0.120353357 -0.002229028 8.359562866 7.587924666 2.689022440
-11.669371808 11.911066608 -31.687243941 0.768308875 0.427108930 0.461200925 0.120719265 5.883480123 4.358555162 3.256479666 2.684079820 -2.688050442 1.771881574 1.061478560 4.581275822 7.087717617 9.670202817 8.902789558 9.948957282 -0.972060844 5.800838368 4.253678534 3.386493079 2.333032010 4.375219274 3.254725064 10.044510689
-9.938678119 10.442967404 -25.831215785 0.735149055 0.543352988 0.183256137 -0.361580677 0.689782393 1.113775655 5.627012578 -2.929925443 6.357291326 4.708055746 1.808206388 10.332982324 6.335531431 6.499502400 5.497349094 7.441213385 4.277531771 0.432169489 6.545883472 -1.278019062 -0.425368314 5.887951712 2.976982835 6.841857331
-8.690866073 17.340356388 -26.483180489 0.796311920 0.560119795 0.210168527 0.089343896 -4.084689311 5.807610094 5.577447171 7.592786742 2.673120968 5.310620547 4.823218783 8.431729066 2.237971623 4.175906945 7.784840871 4.418860649 3.966204832 1.847000790 4.369385587 0.741021066 4.418064916 -1.718805495 8.886719271 6.022405164
-16.656634128 18.161094792 -31.184647034 0.743485242 0.563885375 0.260180223 -0.248131478 4.179756881 5.936380419 8.075675494 8.583108016 4.716354633 0.661728845 7.585370383 4.195274720 4.395897339 4.364444137 5.721509016 6.580972460 4.259497448 6.155327739 2.647656154 9.915523427 9.577384275 -0.368114530 -0.074152068 0.286033990
-8.702892893 7.689032876 -23.185721808 0.965433686 0.013886032 -0.246906258 -0.082354575 4.320631934 6.766975834 9.045070188 6.262742411 4.340185438 3.042103420 4.767374559 -0.086103187 1.021545863 4.073977842 6.155926413 3.491945912 4.700899475 0.182711567 2.708848083 2.357319611 2.350318460 2.911940494 2.721912101 5.288808876
-16.322742900 22.137341445 -20.185065588 0.717043625 0.466358654 0.142113868 -0.498158303 8.042369698 8.931417302 2.061813985 8.194812376 4.056662577 5.479565478 -3.120991736 4.717679785 0.774144787 5.870867852 -0.053287380 1.289961350 1.851187543 6.920150541 8.459990201 7.930360131 3.932346643 8.746208904 1.868214343 4.264724577
-8.617218020 15.621487377 -32.178370414 0.758993889 0.466406721 0.415639345 0.183403876 5.284717573 3.497248522 7.941075589 5.656490787 2.862960800 10.096972349 2.475421062 0.349854348 1.035345683 7.536562348 4.043443498 4.551968907 -0.097097352 2.118416457 -3.146226713 2.684070183 2.926412390 3.112188325 2.337527157 2.102113098
-5.585116202 11.973795489 -23.336690654 0.822506722 0.511319004 -0.130815895 0.211949922 10.545635124 5.204805297 -1.457125621 0.488158816 4.602249454 4.135507477 -0.659796036 3.985688120 6.917106245 3.802881286 3.162154079 0.878404560 6.821681797 9.387338316 6.422458792 6.414234668 0.795579484 2.417622353 2.594316681 3.084408117
-12.530858793 8.901280893 -20.083343317 0.984271632 0.103506531 -0.128447658 -0.063221455 2.753420899 1.603077435 5.799113942 2.363422947 4.685647650 3.837736636 3.635573760 3.467814939 3.083194110 5.284878813 3.074743997 5.464247479 1.883090616 3.958317155 6.586188825 5.047883654 5.873565803 6.050330917 4.730505091 6.815040897
-13.336106727 21.192431396 -23.634549859 0.708773828 0.513921244 0.056819466 -0.479891826 10.260460364 3.803085853 2.621288382 4.004481564 6.234339885 2.233283411 2.442247350 1.597201226 2.386428112 2.827226093 -0.075520390 3.647106253 -1.530404815 3.897442600 3.891316777 6.914676803 3.997098077 3.807573685 -1.159600854 11.820311351
-17.428623470 11.612925452 -28.978405637 0.745233119 0.499381773 0.317319683 -0.307495792 -0.945056379 9.183465105 2.149205238 6.155286499 8.232269117 8.025199980 4.341444830 0.252390584 2.279523737 2.165178913 1.619363336 7.508175004 4.958526952 0.678591304 3.368143700 1.139911332 3.894210930 1.840755183 7.562687016 5.794205367
-17.837061675 18.907981940 -20.541137322 0.738235379 0.457795677 0.198091099 -0.454083208 -0.342250660 4.131057115 6.484035297 6.347294724 10.768365763 3.037947899 8.995833036 6.909160324 3.653853288 3.445320577 4.126281022 10.546736603 5.082734294 6.523506350 3.520652165 2.997447243 1.244634244 2.405465871 4.035861021 3.624419226
-11.716704513 22.066827507 -29.723659358 0.842941342 0.268686749 0.362114552 0.293479770 1.566796688 5.689688581 0.645995673 9.757380264 4.998891615 2.762364884 6.439490180 0.988060190 5.031651556 3.695154681 1.136179423 1.718953778 7.846303787 7.425525986 4.425557698 6.878827061 3.739554712 0.389307047 3.525935241 0.976003790
-10.718943823 13.934163131 -32.334658316 0.733904900 0.598382989 0.233793080 -0.220595088 4.205951700 4.341662952 2.564905691 -0.199600442 4.402930346 2.204590905 7.122776253 4.025612092 4.468329172 1.544216601 6.510852719 5.057672664 6.377995710 2.828278085 4.093456258 4.491636273 5.616108317 -1.078857592 6.951981511 2.097924381
-7.184889937 12.097707533 -27.999353674 0.848149566 0.449005508 -0.083204906 -0.268539218 11.899477624 4.742007184 3.643721366 9.507270528 6.863342930 6.110813924 4.273003467 2.294262766 4.597922098 -1.366834980 3.751817756 7.491687225 9.336236243 1.793693170 6.528009666 2.643681502 7.915844130 3.187577808 3.244695287 8.485012468
-4.783393237 12.582852728 -27.741095165 0.981331413 0.189368278 0.033229743 0.004908896 0.500668634 4.602857591 6.590776673 7.834680824 2.805013570 1.309389802 7.036497953 3.045949065 4.171748122 5.064199473 6.323115477 9.648779927 2.623475545 2.578127618 12.073450199 6.543239680 -0.629087370 2.661483581 3.390925934 4.844779108
-14.479505546 12.444644592 -27.459861012 0.775602927 0.516027834 0.358530629 0.060092952 7.065816229 10.548226188 6.775894169 2.603598494 4.802345335 4.686776676 -0.395265555 1.862513655 -0.052836997 -1.538996816 4.183680356 -0.158757187 2.310177749 3.110762665 2.933167133 2.635064147 6.709288761 2.919748570 -0.763924668 3.875576687
-10.817836288 18.877199458 -28.639181173 0.809516171 0.441779273 0.320163958 0.216817163 5.738712487 2.393001120 1.586340184 3.850741570 0.761331264 3.558741414 6.586658330 6.239006471 8.600651421 4.317642825 2.401599743 -0.060483249 9.773635844 3.366089097 3.648794206 0.678850698 6.973007190 3.228129946 4.651867933 4.210323343
