2.736209706 25.044729867 -12.876192418 0.928922691 0.368142508 0.032310204 -0.023016922 10.122182087 6.109037707 5.748363540 2.946843819 5.805809480 0.670644254 8.637462131 3.908317464 2.449415546 -0.908382480 7.673369551 5.993286896 5.251244748 2.063734069 4.363390074 4.120954341 0.998218414 2.119744899 1.467814532 0.526987075
-4.726287732 23.564457720 -19.749146728 0.887979310 0.405070283 0.151486331 0.156405567 2.585666520 2.068095669 5.570417859 5.106138178 7.469085952 7.855757976 0.510787365 3.342638549 3.182094506 3.050500723 -0.151536433 4.808084591 5.353265393 10.136415165 6.703736532 6.338746371 0.885607288 -3.223404727 5.115473958 6.990221617
-3.155103663 17.926426360 -19.624114390 0.824400775 0.427822179 0.005474176 -0.370542276 6.985862347 6.726263814 -0.304432235 7.145035949 2.743161791 2.757360399 3.287378321 2.687720381 10.892843157 7.369991649 4.107803451 5.884962380 3.537745636 2.586960950 9.032068554 4.010610474 5.622571551 6.040595134 4.028897583 -3.618203359
-2.005997240 18.339565130 -25.733346077 0.807261579 0.504117023 0.102896018 0.289149062 5.005450394 6.413639386 1.427894619 2.344464055 2.047980278 1.658797739 -0.361267777 0.456658313 0.527589950 9.634059144 3.161338707 5.236189822 9.345427826 1.114196877 5.514162924 5.970265213 -0.382817365 0.118523999 4.783098931 9.184231161
-1.192347063 21.411986593 -23.028382579 0.802272543 0.457737296 0.073319645 0.376111106 2.540577710 6.430394570 4.609507656 6.504187622 6.552104577 5.591432726 8.825578758 2.643581436 6.199258995 5.037653535 2.384986365 0.814196116 1.890734786 2.315702968 5.540284912 8.373073733 6.865095043 3.814425280 1.657927336 4.061104505
-1.360320769 20.296289523 -15.595526893 0.747535374 0.465914381 -0.181880662 -0.437074456 1.667631950 8.504051766 0.590686803 -1.206999579 0.688503970 6.663179422 1.821771444 5.340929172 2.674701305 0.402170463 1.697692131 4.875835998 2.079280448 6.182927168 -1.380428772 1.868461981 6.372956486 3.099054370 4.125948575 3.118089343
-2.749964307 29.021817202 -12.220171280 0.869842108 0.409159453 0.074515909 0.265350011 4.691878793 -5.457118104 3.511694348 2.656342127 0.354328920 6.174924047 2.622658781 2.870725416 1.837326838 2.349899622 4.225047365 -0.865488333 -3.446453276 2.761363670 5.539352362 6.609013120 1.740864987 5.667872833 -0.097052813 0.070449194
3.758924678 22.225683380 -18.745674310 0.899728934 0.272286434 0.017374647 0.340655346 3.477640879 5.979672937 5.844864246 3.023063745 7.453815298 1.581031623 3.706533276 1.726546234 6.335492001 3.777271786 3.947552650 2.085642293 5.705195625 6.816718350 2.770052742 2.908323111 2.725831237 2.501011325 3.396802252 9.182692416
-6.621371005 26.073213676 -13.688398102 0.712532833 0.479895711 0.036830156 -0.510529732 6.609680825 5.140788883 10.498266769 7.799363408 7.852868612 3.476771521 0.714680692 1.129849391 5.031671101 2.927573917 5.761945087 5.602134879 5.440565450 6.119172264 3.140738176 -4.037822239 3.257064274 4.190857082 7.609114857 5.132664885
-2.291672528 23.601309098 -11.523552106 0.751598498 0.613816623 0.154557415 -0.185582477 0.308193105 -0.832803517 0.791787744 -0.627551068 4.591814375 0.976004863 4.860542786 5.335578751 3.461750793 5.635057956 3.479555264 8.799986966 -1.042009055 6.582751787 2.774568821 5.967470257 5.099751204 3.854228703 7.757935994 6.541795252
-2.381690245 21.649150470 -18.339465423 0.870747472 0.480446183 0.102214298 0.022859198 3.456935356 -0.953487055 -0.954743400 0.604657788 8.074420478 3.486900784 3.449259836 7.160527867 1.457460983 3.960117002 1.613634038 2.874433504 -1.424138946 0.637037023 8.126356345 2.026184756 -2.320573133 5.767062034 3.124622012 2.513063250
7.872394116 24.400022314 -18.884751694 0.835699114 0.516427364 -0.184644206 -0.028570698 7.751048195 2.967424708 1.313959291 1.436992822 11.017631456 4.936125230 -0.044827652 7.420213191 -0.733605803 10.271402788 2.712011257 0.033530611 4.246831491 -2.329898752 1.481560835 8.091800847 4.925308448 9.587701137 7.843040887 6.857141985
-4.600507033 18.551349441 -16.129099266 0.912280661 0.406193295 0.041791452 -0.031693482 5.011271649 -3.657403452 2.221689786 0.436316170 5.001319162 6.122525571 5.811175243 5.524693844 4.236243714 6.772381685 1.346232516 4.241627581 6.018458141 5.142791875 6.724043563 2.606345235 2.562715403 0.833559654 5.572387818 5.504731982
3.394083404 17.693767833 -15.302909085 0.778294812 0.568611388 0.040727761 0.263210040 2.363212598 11.790707610 2.297683806 -0.316456907 2.558516982 5.181104517 2.938993457 2.635789479 -1.201019086 3.322289090 5.821741630 5.400721312 -2.014013153 8.552739400 8.895079349 6.596724773 7.983613729 9.670215019 4.319413387 5.084708256
-4.936285559 28.398566483 -27.238676937 0.778057442 0.603007459 0.139145529 0.107921932 4.049439960 7.810090631 3.757771773 4.573711904 2.285531593 3.487888880 -1.483429771 4.001469898 2.907557777 2.458526234 9.122741182 7.413698445 0.871454168 5.036905296 0.217310995 3.759303557 9.675768774 4.778321280 5.861371024 2.775952404
5.925935592 24.644554214 -18.213549560 0.781773822 0.443264299 -0.050814871 0.435619446 -0.783049105 -0.011539382 10.873300815 3.782400789 -3.783507972 5.018194605 4.762104137 4.466697904 7.722511225 0.747520574 4.513112531 0.982384338 2.819714470 2.650733503 2.875027707 4.974690789 4.426398661 10.333770614 5.393449987 4.291976780
-0.750519813 20.083086868 -25.913302754 0.903113925 0.363758049 0.128699217 0.188419296 6.706419935 5.833414234 5.931614791 9.769970173 -1.796698418 -2.709730014 3.922557622 6.465865944 5.367676209 1.670666615 6.370280042 2.773221101 0.416461536 6.982376649 11.716484607 6.029416754 1.169939901 3.702664024 4.063974625 6.816368450
4.585098171 27.736431156 -21.816329797 0.831989273 0.451471837 -0.138410387 -0.291220868 5.240519137 4.368776374 2.619448494 5.864918083 5.316707183 7.619373012 1.969249796 4.458023711 -0.174466716 -0.304286061 3.085817257 2.250512277 1.676659484 0.963176378 -0.529005969 7.969823891 6.406560609 3.661497640 5.417988903 6.776600948
-5.126946598 20.222360128 -22.851914562 0.814551055 0.485104000 0.126472831 -0.291865226 4.906753792 10.118220375 7.838643023 6.471220302 0.875855457 6.017643952 1.881610227 4.180149382 8.455718087 0.375409242 3.459017654 0.135624393 0.366012916 10.167889997 1.356134407 1.315853585 -2.135480717 -0.082358674 -0.205732932 4.015725191
-5.024242059 30.571396719 -21.271824513 0.780430530 0.559159702 0.082903597 0.267199568 5.052209811 6.895950911 3.436087498 2.454620030 6.585687628 2.945037832 3.411244740 0.402840918 2.100189414 6.483934852 4.339965864 3.853331546 2.416929019 9.765091472 9.542183828 -1.169380949 10.458376544 5.119326719 6.139669707 9.019746527
-6.185864397 19.035760442 -22.309734348 0.832639588 0.429408943 0.002008271 -0.349735963 2.812776539 0.060658040 4.757102051 3.434808392 6.745556647 3.387945829 4.311033904 6.845821924 6.933228461 8.252345978 0.915522048 5.124477381 -0.313758905 4.240293735 3.841339764 2.929077146 7.417920626 5.096736604 1.493865082 4.084073266
2.205087052 26.717122489 -17.710875266 0.720779591 0.677530999 0.057644557 0.134557171 -4.702866785 4.706580247 0.277999663 6.381666890 3.467614383 9.311199741 7.754177204 10.314712571 1.735636265 2.780895728 3.271109367 10.132214603 12.091138788 3.458533198 4.186902923 1.175686179 2.585166001 4.162193682 2.343681751 3.452797475
-2.203416016 28.126117484 -17.169783270 0.897760152 0.428442020 0.101560281 0.012233304 4.224066736 6.322930740 7.013856919 3.157002687 -0.500639401 4.885684586 -2.530699245 9.265823994 7.847416793 3.537321438 1.783359249 -2.184230144 0.858376662 2.272429849 6.277703022 6.704868179 3.723969981 3.719768973 3.840317209 2.817961827
-3.432294879 23.871166492 -18.021299175 0.745031323 0.545100580 0.207835509 0.323416274 -0.228053872 1.560493328 6.916495391 8.430505841 4.162273367 1.009927332 7.500696248 5.344667579 7.433746548 -0.248247295 -0.945187272 2.833607455 9.096073304 -0.790342923 -2.076015019 5.765438441 -0.735686544 3.230780936 3.048723384 6.016146842
-2.306489731 27.305582415 -16.085709038 0.891646932 0.417293875 0.017219375 -0.174742851 0.786594920 5.942949335 -1.485381792 7.427578212 1.942221456 7.506048370 4.640160225 5.012015407 12.919679762 6.914347066 5.913008317 10.026953508 7.607377022 3.991398167 1.166454591 3.583229157 3.176979054 2.208649203 1.787227961 3.475316045
1.150508741 18.590488344 -18.759924196 0.849098015 0.413762744 0.065178832 0.321845728 2.479324929 4.157231217 1.527659779 4.024494252 2.793665469 -0.740938202 7.173084676 5.222652801 -1.105249412 -1.592824111 3.535351016 3.142531712 3.291081912 0.158411015 1.048639925 1.505102902 6.156489338 2.932200350 9.187616778 3.890826901
-7.793525812 21.547096206 -16.757080698 0.710270342 0.575565539 0.261676680 0.309460282 2.740630272 2.419065147 6.314298531 4.295726553 6.751029906 9.004043235 3.909514472 2.773743135 1.263270736 -2.389928191 2.743943838 4.155557456 2.959782019 5.142999508 6.228915502 1.002010877 5.325178429 0.801886666 4.977669458 4.086503709
-2.684761662 20.797126484 -12.090246156 0.721032134 0.538863148 0.056123284 -0.431959889 0.906637997 2.489265975 8.241809375 -1.638232012 5.162757557 -1.478939298 6.335688203 1.771359183 7.780985450 4.452104929 5.659218733 5.358864939 4.904989585 2.357145359 5.550406584 4.443963193 1.172465404 7.219662895 6.146135281 2.913782612
-3.063695120 18.743190875 -26.631268201 0.968227500 0.222904150 0.077936219 0.082311564 3.194832259 5.711958065 3.175351320 7.026226353 4.212876390 4.265476110 3.054609085 4.450169488 6.779401651 8.164243480 1.354983817 -0.090659815 6.357397121 0.655556288 13.087991217 2.702695186 0.472782067 -2.263726556 6.115098232 6.529874144
5.762597217 24.417825293 -26.147074316 0.970569147 0.186162836 -0.092611125 -0.121499416 3.399452518 -1.439504281 -1.613909591 2.324511757 0.634819653 6.800847588 2.066889579 1.962122070 1.118799868 4.118785993 6.795926846 6.812359239 0.797481841 8.602829075 2.640997120 1.488189899 5.521136470 4.203646625 3.734939886 4.165943691
-2.881226777 26.904752875 -11.084215340 0.904092045 0.415119191 0.095669762 0.033777622 8.461730129 0.197240848 6.673750782 3.218421709 -0.349590130 6.384622962 4.062724117 6.296952259 0.709926338 0.450235029 5.228071981 5.362214584 9.517688821 7.849271330 5.902219882 3.870844283 1.161555150 3.912107321 1.251068723 3.149998175
-3.360889059 16.752421731 -20.726934165 0.755457135 0.459762862 -0.063961164 -0.462397661 -1.374744180 3.670538336 8.606336936 4.424614260 0.744275966 0.925291486 -3.237371309 3.073778220 1.467332240 1.686081111 1.782081228 4.430834743 8.764455712 8.047056089 1.254090788 1.377036929 3.859949104 5.850748642 5.319817532 4.799885314
-1.920810853 32.294386530 -24.121661684 0.805849967 0.559523180 0.085776009 -0.173730014 3.195633961 4.036800383 5.732080431 2.096483811 3.110807507 4.151974619 0.819879327 -1.009469007 5.067525282 4.892221325 7.177348834 1.059520807 7.447411690 6.175128190 6.591500247 3.575117767 6.978152775 -0.723081373 3.080089996 2.938527879
-8.974304049 23.796875622 -16.968587786 0.865988706 0.470654572 0.166370029 -0.029476235 6.793443651 1.078229413 5.373213435 2.377429511 9.442613912 4.573026590 0.134722240 2.916070841 4.432749479 5.509569437 0.045964269 2.452044077 6.168314277 5.188426503 2.280077484 7.893304835 1.147563115 8.669079858 6.236186005 7.201720549
-4.177902131 22.068796568 -22.671081457 0.867376843 0.472150353 0.148339777 -0.052218443 4.568476753 4.661844012 3.973933456 3.988782842 4.958329793 3.789345881 6.922714077 3.141621713 1.526195583 2.638489629 2.294912791 5.869813487 8.491964394 -0.095348644 5.782854616 7.293191212 5.932826398 4.663128982 0.497012807 1.075833452
-7.888821356 25.201434603 -15.622004551 0.772970582 0.500239620 0.045923639 -0.387514932 11.393560819 6.648010406 -2.052313090 7.624602133 1.083119760 1.305581189 9.072500743 2.962011568 0.128171650 7.750494481 3.548644177 0.765715100 4.837367642 2.745210610 3.635324039 9.113433680 2.644519251 5.628612736 0.344129346 4.069013097
-4.271067748 22.229365705 -25.638481563 0.755591090 0.560218544 -0.205025721 -0.270558204 -2.039107178 1.845886075 0.851879879 4.348368353 3.885352585 5.962386811 8.423922066 2.732213282 0.996304724 3.390567573 2.386775457 4.047153366 6.281868259 6.499894010 4.519404070 4.617296577 1.347900997 1.383815448 -0.060032378 9.293283415
-5.382362023 28.672779745 -20.210818374 0.734515117 0.447671413 0.197213696 0.470302676 4.035887420 0.802510781 2.923513971 2.552364054 5.601881317 5.144894942 5.839144689 3.055460267 1.678473938 6.786868296 5.253936315 5.246507952 2.534185741 8.549163102 -2.107328308 6.770903801 7.142137225 8.122679908 5.372629964 9.226808518
1.789543937 27.561714385 -21.583938073 0.797215571 0.499490254 -0.031602258 -0.337576831 2.506951320 2.398536396 3.765521993 5.017744976 4.831213309 5.566304754 2.990470030 1.382864460 2.678629803 -0.325724689 3.705756860 6.243820314 5.077845166 3.627785603 3.914724124 4.616448573 -0.456000227 -0.713327840 5.687086563 4.699381518
-4.010658541 29.909345882 -25.302503834 0.828616511 0.537480326 0.152331990 0.036118443 4.695996836 3.644037766 1.836205029 3.615390310 4.203781996 1.810830117 6.147554638 -2.026171290 7.567433866 4.912991489 3.645482662 4.972816545 -0.469282429 5.719105057 -0.847529865 3.920752675 1.472424444 7.102237861 5.398169119 4.660605205
5.785097745 20.234102723 -16.854906061 0.873874424 0.414530673 -0.098488223 -0.234110834 5.123760510 0.773752636 0.513728467 3.590975554 2.306298005 4.708080692 6.690455040 8.692964037 12.041478594 4.182174932 6.709118377 9.165541039 0.484659593 -0.957329380 0.761769826 3.443468233 1.421570678 3.213429624 3.834646074 3.926651874
-5.099452702 27.401702042 -19.041270490 0.731378061 0.532868919 0.061916630 -0.421073840 9.244356235 2.733897944 7.623386818 2.168205785 4.388007216 10.281973019 2.302352187 -0.507490920 2.802672753 3.080811026 0.034254538 0.993372731 1.510840584 -1.372726489 6.183055749 -0.312854319 6.484512950 4.896900246 3.283618031 4.063678623
6.088330150 26.130397250 -25.089334661 0.856086815 0.472921435 -0.033531845 0.205757861 4.197351234 3.947297938 5.045286966 7.034833325 6.636023361 3.865123755 8.766485038 2.993172380 1.021283050 9.886539359 2.639721824 8.723557437 7.874962303 4.281932818 6.144231537 1.384894138 0.934332926 4.502033544 7.934252513 2.514172977
1.311061650 23.913726722 -16.113770732 0.931287675 0.340148833 -0.032271485 0.126335226 8.612057311 3.786730282 8.089796212 7.569877348 -1.995391604 3.184813569 6.981115961 8.392035438 3.732754859 2.706879151 2.552999179 9.451518636 4.378865307 8.411292358 3.131271233 1.955457945 0.596708956 7.565400380 5.923034945 4.294313545
3.678191387 29.799687765 -11.662608676 0.730223487 0.525252793 -0.047768079 -0.434282595 10.569059287 -0.544660661 4.902151608 7.025575693 5.654759655 3.427473696 6.701840276 2.591041396 6.856225690 4.067854152 6.140208814 6.889923718 4.540988857 -0.007836709 -0.419476391 11.090199533 1.374363579 7.786258940 0.801445208 4.393797866
4.982213534 24.527404817 -23.332101624 0.800545930 0.495958315 -0.031888171 -0.334865210 1.898730193 3.485626169 3.766014320 7.019943145 1.978551427 2.389539164 0.802196732 0.765447303 8.109328547 5.520077382 8.421612238 -2.119773877 3.170736648 2.959468623 3.566545606 4.414046071 3.980392840 5.814681070 -0.380348926 9.338877063
0.924989537 29.660032446 -18.349162033 0.754815718 0.574960166 -0.010503324 0.315537192 3.609615051 9.826842496 0.960300821 3.758056605 0.271779003 0.103768900 7.175712749 6.063378022 1.536167218 0.945545170 2.174188404 8.190726851 4.705349188 4.711976189 12.752194935 3.364030330 0.617577577 9.477504791 2.253744804 0.440106900
4.930883193 32.215681387 -17.141456182 0.978392704 0.201480407 -0.029139503 0.036114416 5.659840685 10.809642944 6.487649836 3.273093251 -2.895796317 4.857748816 4.612824504 9.239281895 6.312476220 6.278707877 5.732910974 5.147446702 5.689339560 5.498155549 3.349444005 5.883705909 2.414665547 1.138744013 3.798202296 5.074500714
0.369198743 17.948746017 -13.964471998 0.732756436 0.472966746 -0.083638699 0.482052933 0.469043746 1.391229915 5.303943588 5.815448134 2.000151921 7.859007196 2.123987321 5.452317888 5.401894176 5.351733442 4.498035289 7.330288520 5.608413436 -1.205340050 0.431292621 0.394011827 7.043444836 1.566936209 6.649293022 1.205101994
2.381123511 19.440202847 -18.393946252 0.763474659 0.551951148 -0.148390232 -0.300726977 4.417186134 3.332491891 5.628657305 7.098980647 1.158830220 6.014594823 3.844104740 7.591117683 0.976922427 -1.079661005 1.982822270 1.999044485 1.458497241 10.108400324 7.870114915 3.626026534 6.297414150 -0.257052336 6.122604760 7.233208289
-2.267739020 32.125229812 -22.901709806 0.834684919 0.550638794 0.005510800 0.008224064 -1.674667377 10.092424092 0.740466903 8.994174964 -0.737786243 5.672195503 1.958799346 1.417344436 10.695569760 0.525243166 0.767733253 1.370102299 4.985923407 2.680897935 5.589486619 6.862591909 2.769390358 3.136647908 4.296593889 3.933271652
6.485486452 29.532382495 -17.077340846 0.795426382 0.527253056 -0.108858550 0.278300022 5.439100736 8.224121820 4.418954757 1.981165521 5.403694387 8.973562102 1.402227515 5.370893329 3.248761530 4.726876171 2.326650779 3.984207091 1.981177746 5.917887296 -0.121309696 4.903161802 2.662164694 7.686426533 0.881740015 5.679436024
7.086968305 26.571063742 -20.718252785 0.820817767 0.397859426 -0.035910215 0.408260366 3.192506889 7.326315080 -1.189846946 2.865162916 2.840594364 8.078230647 0.648766224 4.006268157 2.106017053 5.885149761 0.787927749 3.308983238 2.026819963 -0.570960379 1.749332127 5.353853941 6.746451757 1.331295495 5.961940673 5.926796120
-8.484697299 25.604325965 -21.562288750 0.950077915 0.163274850 0.107365423 0.243240508 6.763973848 7.981153751 2.990831363 4.140525426 10.133212506 5.688449730 0.661079614 6.606883112 2.288781385 -1.564615250 9.193528639 1.068106380 -1.162381147 6.417804165 4.065698625 6.107570794 2.114034539 7.906985880 0.315770408 6.900485134
-4.131387378 18.124137089 -12.824824412 0.922402871 0.359080505 0.104632324 -0.096364985 1.083262235 -0.638560213 6.493411311 9.634858355 -1.947793993 7.307137030 1.184334125 11.806473987 2.019248467 -0.105840620 2.702900350 4.375509203 3.747635425 5.132272170 4.375844154 -0.505282835 4.916365686 5.912976563 -2.900508232 0.417334615
-0.854660114 30.337186652 -12.304465910 0.771705634 0.620621973 0.067840197 0.121229073 2.718055562 3.929142661 2.818542115 3.318713710 0.226604109 5.874784334 6.998344282 6.481690180 0.993134234 4.983336956 5.649556529 2.104175717 11.982188833 7.826874783 -2.760628065 6.386477172 2.435155295 -4.668385421 1.031743568 3.318906599
8.344158635 27.764295378 -21.121734978 0.785168850 0.575887583 -0.102312532 0.203458876 2.991110353 7.498744557 -1.969219429 5.906969845 5.703028442 6.378279557 0.268120018 2.367273808 6.406449326 6.748818909 1.384459668 2.080080457 7.337142155 11.312223578 1.196180961 8.052164136 0.859865875 7.440268623 8.958171910 0.797069620
2.427858312 27.110762253 -24.603319283 0.718324804 0.482995366 -0.240758229 -0.439044904 1.156361618 6.901270217 7.002748351 7.401422270 5.888255553 5.692877068 5.993841745 4.403875073 4.548549474 7.801750488 7.755236652 -2.135758337 2.480529977 10.201247812 6.665438159 7.026783794 2.771012988 3.713703041 8.718090599 1.447309411
4.868683471 19.357259937 -13.547833328 0.742952981 0.667098361 0.051545122 0.018540379 3.650518176 3.793514196 1.947452827 5.008664942 -2.892477374 1.651508964 0.295424461 5.503396464 5.163199256 1.999615042 2.125005420 3.564605414 3.314343859 -5.373485096 6.839207030 5.604139498 9.232374178 3.278166508 8.950041956 2.770992415
5.474837350 21.396059333 -15.315558766 0.806701318 0.411524363 -0.041614289 0.422076927 6.212439249 7.508889088 7.899663334 2.343624603 3.110862248 3.145241327 3.453314577 6.743613258 2.494690526 4.546377477 1.380435317 6.785734250 0.095237394 9.661061180 2.202005726 3.183870337 -3.043638265 4.600212503 3.302931507 -0.926154703
-2.607426477 22.936011894 -26.356907548 0.945294377 0.315752249 0.042891635 0.069852458 4.002062516 6.904573596 -2.246670968 5.681931896 0.850014889 6.858751452 4.468216146 5.387733204 7.533717979 1.471419820 4.527815583 5.743282286 10.204302608 1.277355541 8.523825011 3.955294416 1.698843920 3.361309005 2.471183932 2.558740188
4.438896452 21.849566896 -25.773418502 0.747985722 0.520343706 0.182946133 0.369175433 7.129271469 5.205052207 1.532563209 2.048181336 9.971270478 7.157641872 2.952272906 4.441013000 4.166346121 2.950812078 7.499261067 5.872386987 7.843767192 7.045862912 4.977041783 1.189604607 -0.320169561 8.207878239 5.841271232 5.256318305
-1.546676004 16.840337402 -19.788008072 0.831709161 0.427354083 -0.017857980 -0.353990751 -1.174509559 5.905264573 6.369119204 0.152617826 6.192580137 2.986733864 4.752434214 2.244087507 3.703280524 2.654972886 5.444947203 2.206087933 6.639779983 -4.264059252 4.721048955 0.869459348 4.034725569 2.042395194 4.913003195 3.155416760
-1.186338021 20.309566981 -25.741127774 0.744098209 0.535350647 0.024337843 -0.398905012 1.331233539 0.416077817 5.946021966 7.244925010 6.421188554 9.344229665 2.330261435 7.965979520 3.606493545 10.792269192 -3.497747674 1.632037523 11.097176759 8.271641464 1.167630472 6.788879632 4.824814285 4.424371867 7.713728394 4.985158439
1.780977725 28.309161170 -17.619633135 0.724823894 0.474337457 0.083780668 0.492559741 1.672045337 6.046974731 1.698457409 0.814181813 2.824611267 2.805401719 3.586574481 -3.273503365 2.477676091 7.228381742 0.325375114 3.202532147 2.936212151 7.400304556 6.712000100 2.148044831 -2.222590341 5.376419885 4.215107167 6.312953301
0.860174604 22.249193036 -25.129873807 0.791631465 0.600459675 0.022937881 0.110642020 2.639369056 5.454261256 -0.701346520 6.034768680 -1.549579598 4.465233780 2.909719085 1.292438320 8.385031221 10.442138187 7.021669227 7.381739730 1.481801909 4.896513597 6.133197110 7.249891539 1.444546436 12.753200602 3.082236112 5.371781891
-3.182211119 25.851919455 -13.166880295 0.754970051 0.655196768 0.023797046 0.013081184 3.072295786 5.273191569 4.033887405 3.087497505 5.243734367 0.697236971 2.486118641 9.680027835 13.497420826 8.460843246 5.630045857 -1.331944097 9.708736116 5.102214478 1.983559024 2.570738928 5.337348590 0.934893039 0.998215011 5.721845132
-1.289377355 30.767472525 -24.101220080 0.753582613 0.460745276 -0.056434990 -0.465448309 7.236650679 5.596003310 2.850378512 7.055963706 3.660762918 -2.557796839 6.716810374 5.587375818 5.271727969 1.344345473 -0.846828307 0.240920124 -0.652440149 4.006707919 0.721920230 4.415280749 4.173501082 7.569040247 7.833814906 8.223869408
-8.716594516 22.523121681 -20.952402653 0.764079445 0.482787040 0.019617511 -0.427451083 2.049628871 8.058803965 2.748979756 3.809714239 3.133614960 2.731376233 -1.224788864 3.283919704 5.868065900 4.596224086 2.938765213 3.542715445 7.107820353 5.102226935 2.522110412 4.572231313 6.174231574 8.548189196 3.248656957 -1.201710337
-5.791715375 26.736700289 -24.905970906 0.761890165 0.539574646 -0.049518686 -0.354866846 6.575372964 1.155314442 3.375069293 3.250724092 1.825267341 1.732469696 3.432257570 4.007977189 4.325668500 2.516012467 1.474102078 -1.009140354 2.407595524 4.384118181 0.394237702 0.613504771 10.973852417 7.222597065 5.470401439 5.324483476
-0.209376167 23.930213389 -23.884957055 0.765778693 0.532924340 0.177248328 0.313301246 1.706364745 -1.030998417 9.264039234 9.035017474 2.230460239 8.686512802 7.246258403 5.020472490 3.161532451 0.343125562 5.024848671 6.544415441 0.220856268 5.351116162 2.941277150 4.969602846 0.671870571 4.997397060 4.434774786 4.869887195
-2.235312422 18.760559530 -18.771310433 0.921778517 0.369566974 0.109004387 -0.043158562 3.426740610 6.090396967 -2.603160625 9.112051404 3.116230048 4.226047396 5.985988995 3.325478732 5.351763933 7.356844382 -0.417728885 2.707914411 -1.777836651 3.915220824 2.599459414 1.564687814 0.420185866 2.937840070 0.146254388 1.164830319
2.068709232 17.903250445 -20.210460772 0.975309680 0.163224285 0.045231448 0.141714421 4.333302585 -1.384634280 2.810877796 0.628001063 5.442436503 -0.708531159 2.085290774 5.357550921 3.052837326 2.903910930 -0.411552913 2.958396374 -2.572172360 3.663652776 4.010085098 4.841141268 6.132960779 5.636700953 3.977802496 0.636357332
-4.844654854 23.518205969 -20.889179267 0.929670957 0.163975950 0.191827674 0.268376494 3.999185102 2.113967704 3.571579162 0.273063168 5.399906518 7.531498444 6.136577038 3.881356934 4.078791159 2.960043269 5.108796468 4.622088191 7.488564287 0.267628879 5.315555244 3.920079851 0.633667771 3.426706142 2.194579007 9.589624093
6.772355550 21.943083870 -21.951755327 0.956118989 0.257345865 0.018756961 0.138772338 4.029852156 8.683304714 6.175154812 2.370503235 4.260574720 3.393695627 4.527666757 1.637107552 3.918068373 2.264452564 7.054226653 4.074272675 7.642823558 3.437613232 1.807818431 5.459938032 3.582666092 2.559789826 6.460108037 0.255055121
3.953647005 28.445460108 -26.649634759 0.925868851 0.294735204 0.052469880 0.230531868 5.292973002 3.617577188 2.906943051 4.143673567 3.711629841 4.701520875 6.971127730 -1.292989383 5.555005199 1.419375715 2.949786376 3.369583759 6.952881466 6.434549516 4.820183922 -4.013315615 4.469549212 10.340903648 4.133669694 5.972991815
6.331741658 21.810243733 -18.389389054 0.813796776 0.580538478 -0.026527091 0.002489199 4.135094011 4.564196521 3.560477433 1.133010053 6.673543353 2.112283895 11.294701304 6.060682707 6.831732156 3.587681411 -0.283528340 7.675601022 3.791115572 1.900354901 5.740193183 2.665184604 -0.048281129 9.212131939 5.484278273 7.384632327
-6.129681159 28.364853443 -21.044953493 0.892426544 0.396843373 0.149556378 0.154023019 3.542302579 7.412612809 7.980695244 8.777158043 2.002523177 7.831834424 1.757137294 7.298800815 8.540124117 4.845874524 0.928681926 2.892701303 9.278458766 2.186083842 0.786979828 4.406119571 8.727976654 -1.243349130 6.176765282 2.577447025
2.542530251 22.810876002 -12.093448653 0.822604813 0.396647603 -0.026904207 -0.406531874 9.249215000 4.888656710 3.370652467 4.657017146 1.249204602 4.716382277 4.648216668 5.048147434 3.043562144 5.257569133 5.975410531 4.394962657 6.051484025 2.046047515 -1.350976030 5.269294954 3.359681322 5.021473001 7.933695662 1.876345816
3.177512128 32.914523548 -17.146496666 0.750239253 0.498708154 -0.108030763 -0.420429060 4.258302398 1.170578413 4.125569936 2.633802591 6.644870175 6.979491511 -1.980182165 7.374742694 6.183142461 1.722038856 -0.225723143 0.214537514 4.737883255 3.573218340 1.500243635 2.139365876 11.727240854 9.166082582 2.088636336 0.623832942
-2.325460539 26.071096108 -23.338027346 0.988450898 0.129410610 -0.044901002 -0.064819868 2.417011292 8.266032976 3.746494642 7.466340675 4.274680905 7.780891402 2.034447807 4.333497666 0.374578258 7.516695352 2.816971320 3.255746900 2.319514355 4.034436653 -0.246593366 5.509747632 3.334021552 8.413281382 0.542030716 8.327411727
-8.560130954 20.474719402 -17.029500436 0.720040517 0.461958051 0.098385452 -0.508386384 -1.750780067 1.031155038 2.947122321 -0.770208334 7.303200288 4.450499786 3.317678332 -1.319644505 2.836829462 5.941476763 8.242791002 4.367566340 1.929638237 2.967001602 0.232295041 0.028505711 -0.665856531 3.966691337 7.070484899 4.497792254
-6.199220426 22.314900853 -26.074145253 0.761502575 0.571336754 0.088192588 -0.293104435 3.228545136 3.393915722 12.931584916 0.979894318 -0.906126175 0.638718506 8.786046575 2.121010520 0.950448233 6.265334316 0.746694124 3.934386889 2.310789756 2.243377721 4.581686249 4.059074692 2.904282270 3.267097362 3.406994752 4.563186265
0.065307070 31.283812746 -19.752076058 0.767227402 0.566383363 0.117291283 0.277154749 5.050413821 1.020438278 -0.080302444 5.285482262 9.428845126 7.990889786 12.061190223 6.814867385 4.334944637 7.058064749 2.642011781 2.533737089 7.020548204 -1.109357230 -0.292422021 4.576309104 4.488421763 13.576677767 -3.768037985 4.546391166
0.566139222 27.848561212 -10.697793719 0.890717909 0.449235081 -0.001478311 -0.069334427 -2.991657511 0.173520841 -1.172946835 3.435027018 1.714646608 2.342659178 0.208099644 4.788057653 3.735255574 -0.152806014 -2.992358486 0.871975766 5.417230463 6.255173516 1.829220416 3.756687463 2.445560562 0.447012751 -0.666448729 6.761246671
-3.402418295 18.322143138 -18.778396677 0.868632913 0.464637561 0.126902903 -0.116122571 3.168291756 2.750127601 7.077898496 7.874209851 6.655712004 7.913854513 4.710520985 7.338729566 9.120469494 7.494511137 1.498483613 3.728550871 3.708810566 6.838651520 7.457640291 -2.497435125 4.778546091 6.952111474 4.366154907 4.411107677
0.297292039 16.683990352 -17.078318353 0.837028153 0.489438730 0.059084927 -0.237365903 5.614859482 6.876309226 2.023358021 1.980760807 2.916158893 1.087425550 3.817205632 -1.637520292 5.106001076 4.452846805 5.701708164 7.970090914 7.964336907 3.190843517 5.545362776 0.564737506 2.773403291 1.600668979 0.849432086 1.872721617
2.755054421 25.669607369 -24.974299520 0.825504394 0.533435368 -0.027224787 -0.182340381 1.651405209 4.063503224 1.764926585 4.789514180 -2.518834236 3.118207631 1.985345044 8.041306487 6.511876003 7.578948694 4.530802694 6.505448897 0.222755490 5.277659035 -3.385866924 2.856521844 4.912641829 5.577228153 0.651991187 9.396076113
5.054430468 24.737524459 -23.880347641 0.975806783 0.169673564 0.037981148 0.132549750 7.262296679 3.722155320 5.591596725 2.434903853 2.540738785 5.102151866 8.066938919 2.375810428 6.060189181 9.224044985 4.126154838 4.992615994 7.259990337 8.312042011 4.411847008 2.290449432 5.580745167 4.042913251 8.271160455 5.587918276
-0.647053050 33.051865151 -24.296112247 0.814638210 0.551985153 0.022930684 -0.176496915 3.620210673 -0.280435811 1.312988328 11.390849700 0.710194981 3.004818756 5.252462331 2.380238675 6.434086950 3.406041600 7.870206939 1.725749156 4.722089161 4.689864665 6.212044132 4.078899120 7.912432592 5.744479014 -0.781832646 2.426691101
-3.780774475 33.728421071 -17.761139387 0.780899311 0.494453789 0.040032081 -0.379617108 2.621166200 3.650675822 3.620869718 5.149003943 6.170870287 0.896343458 0.638948332 5.633995876 -1.434692134 5.148943209 3.265881194 10.867051889 0.772827761 9.080431800 3.670932934 7.564022319 5.931328398 0.379221038 -0.027657158 4.580815965
-1.386954368 19.879711839 -14.747574381 0.776403394 0.497419530 0.057999786 0.382632470 -0.571280381 1.662244944 0.013759955 8.617987449 4.786434292 4.579479881 4.877421968 9.432853322 5.622484440 5.433089729 1.866298832 6.909152182 4.021086460 4.588076469 4.520618497 9.440671856 4.359754442 -2.811155439 5.987155821 3.505805810
4.893017150 16.897769263 -16.433959412 0.924782762 0.366066152 -0.068150149 0.078281370 12.220967405 4.752240299 9.004126344 10.535375207 7.820605587 4.005439114 8.387323394 4.227431586 3.346676692 8.491774082 5.293418877 -0.871940804 2.847637681 7.877120261 6.385017811 5.449038384 7.430550066 6.388451481 4.161389104 5.269936446
-3.551348296 18.741696548 -24.037187015 0.915010802 0.339288308 0.156864050 0.151764116 5.181905303 -0.675953147 5.565833341 7.867374414 7.753421366 3.936010376 2.652519813 4.042953370 5.457616673 1.356585069 5.423135482 2.440532480 6.122591056 10.287392913 4.483765342 3.827547369 9.578128901 6.168504342 6.613754753 -0.703989668
-2.505091448 22.232658167 -14.506683730 0.751532708 0.568382475 0.170219911 0.288383656 -1.755340826 2.182914878 2.608485097 4.603086094 3.849431684 4.329322407 7.034791459 9.719572616 2.274116608 6.050359235 -0.022582248 3.521589402 9.026653649 3.831982801 2.385382648 2.114214408 2.690209550 3.276971834 6.331502374 14.375614008
5.416574913 24.832937721 -20.386110078 0.867742773 0.470342700 -0.061073380 0.148560649 5.259955316 5.042458379 5.680083154 1.205127406 2.375371340 3.632101344 0.660135450 2.255408318 8.947774036 -0.272030557 5.557909617 5.948477635 3.330331388 4.413698289 5.899984012 1.635269724 5.985218375 2.792870596 -1.675649600 1.879859442
-2.387235465 16.813799649 -24.265753476 0.779535474 0.439189122 -0.056136152 -0.443041862 4.882153551 3.941162543 1.588133647 3.407512741 2.589855984 2.951720635 8.714289708 -0.036374792 3.250918267 1.015052244 -0.458117586 0.673717953 8.875653083 0.118716566 4.881465815 3.215450922 1.717631062 3.617553435 8.715290375 6.788004545
-0.089199181 19.092529922 -14.154117605 0.754538719 0.656124452 -0.011475858 0.006350642 0.836656742 -0.964499030 -1.239216940 4.314237068 5.187488414 3.448147215 3.323398081 8.288737721 7.262804074 6.516223314 4.271313954 2.114636020 1.534368637 7.685123171 4.472086753 0.760992514 3.013372145 4.613084961 5.399410598 4.069814192
4.818032060 27.563033000 -18.208829217 0.853678738 0.499457471 -0.098501499 -0.109874030 3.194471287 5.960839835 4.033399075 2.158401869 3.288730531 6.249723555 4.068836711 3.994847336 3.964495583 0.864305897 4.080015512 2.409031437 2.728202108 6.794798815 5.549309448 7.520307917 4.168005312 6.688412303 4.185015013 6.221412395
-8.106924501 20.125464906 -20.306595923 0.942020645 0.325441816 0.076733388 0.028226149 3.079018760 5.649794283 7.103208174 4.907671865 1.374351357 -0.095789233 -0.414144355 3.877710830 5.386226637 4.554474547 8.330291593 2.950425105 3.823759535 5.321087618 6.534329699 8.415855170 9.201864141 7.331113094 1.328311645 2.734909109
-0.826348198 33.227319073 -15.152497081 0.710488496 0.484346053 0.087078480 0.503023196 2.910470607 3.476994090 -0.098800325 1.278072559 2.671212120 3.929442070 6.602409236 -2.461213523 -1.535100279 1.898741025 7.367173918 5.565738577 7.396705013 4.836610885 5.010803510 3.178165163 4.667471885 -4.484400472 1.545041828 5.250481208
-2.006998100 22.940570010 -28.104061797 0.909886733 0.406028904 0.047456223 -0.070672263 1.529474666 8.984011919 1.056534245 3.397419579 2.764695565 0.171655005 -0.844499723 2.486030069 5.226460388 5.807223509 6.797489566 4.438952171 7.366814823 1.224314548 -0.612612451 7.742311164 7.215296085 7.080936634 4.356099092 3.171155332
-2.372453140 24.586288732 -23.993862867 0.931516878 0.334606856 0.093680070 0.107417888 1.578594084 4.959189796 2.423474339 10.614149085 5.111364284 0.083461452 2.278832548 3.260020109 4.647159029 -1.002796493 1.579680911 7.864701652 4.491733499 -2.299373674 3.476111317 8.345180053 -0.223265105 1.026740076 -1.222588086 5.805045243
3.693465938 29.748799815 -19.344220687 0.752417869 0.463238965 -0.159081416 -0.440420385 2.760165445 2.753894808 6.847169348 7.995507823 10.367023905 2.274689926 3.708953758 3.194934818 5.085953689 2.171142062 0.364788838 5.006647870 8.115377465 1.738928348 7.767007732 2.243493679 4.367957147 3.686675872 5.916597826 1.005513897
-3.165612618 18.742384041 -17.384823067 0.777335621 0.593795247 0.202484518 0.046438749 1.332308954 3.687982161 4.977580272 -1.432474738 2.500585824 11.478066667 9.414533637 6.443134592 6.105111882 2.860858608 2.014394077 2.146104883 8.568063185 5.178420106 8.317810765 2.023275364 2.918946351 2.900008396 5.280500799 3.541501184
3.055163618 27.120962953 -24.350109019 0.934686602 0.353412480 -0.029063398 0.024817220 0.541578308 3.526733596 5.135448949 0.298242897 6.400134144 2.657258865 0.377226528 2.340028290 2.844965212 10.482970121 5.956527760 3.034279889 9.597071629 4.436214580 1.812628366 -2.206605947 1.070624315 4.684835315 6.731643269 5.285556703
-4.259927191 32.298324368 -16.485997484 0.934211763 0.354041972 0.042242983 -0.010871673 6.841672118 -0.840509986 5.009149378 0.243149834 3.101747079 7.662403585 3.163182802 9.563655253 -3.907193044 5.627586015 1.459265612 0.985002716 6.378178244 7.669124007 5.950360781 1.671337296 7.057227392 6.815324955 3.323373240 2.146623751
-5.510535714 20.703920798 -20.673983760 0.751238364 0.538382305 0.248203997 0.290138226 5.984673818 8.618399362 3.431336253 4.068220874 6.900778653 8.669034923 -0.296737710 1.659022930 5.000248727 8.574464521 3.298013525 6.062606924 6.448807695 5.934244989 4.197722761 5.352237811 -0.604460991 3.623486466 -0.250014072 2.684743684
-5.820982468 25.373956353 -24.523008503 0.771935459 0.478563506 0.345966469 0.235371665 5.750817118 1.509679660 7.021902170 12.506721435 2.683914355 4.207908728 0.780598487 1.424976267 1.194321320 3.664817774 -1.196359209 6.457872008 5.081961004 4.415836644 1.001947519 7.885787897 4.131210517 7.854750197 4.605307102 2.989374002
-0.966943579 23.252951386 -23.987472951 0.955383974 0.290996382 -0.006237486 -0.050236063 5.832095270 1.220051926 1.673587074 5.680955725 4.258657044 1.234663860 4.271533019 4.742571812 2.781276510 2.110245605 -0.224421715 6.230415390 4.661554426 3.533399274 -1.069293804 1.690371712 -1.826083927 3.798509711 -4.559573559 -0.179174833
-3.134738008 30.518258083 -18.191605142 0.771805778 0.594033955 0.137158724 -0.180629418 0.143904372 10.133381854 1.836708306 2.987001465 0.842485505 1.438196182 6.115109642 8.752392140 4.013078423 2.608801533 0.588953422 5.154143531 4.177089303 10.209412506 6.534440118 2.587310270 4.253519082 2.557477192 4.373562155 3.582392140
7.263760594 20.947589860 -23.085749617 0.860967856 0.495822340 -0.020803472 -0.111632317 4.289236754 1.791743634 8.144428413 7.624719770 7.752791245 6.561048369 -3.923497146 6.683021818 2.021201060 5.107620233 -1.397652236 4.174117963 3.958243615 1.266419075 1.422750955 5.578011196 3.967427407 -0.314059703 6.182688553 3.182975127
-4.758728963 26.871374797 -26.893991604 0.740686384 0.498378390 0.032042552 -0.449417330 2.736486290 5.830107920 7.518717413 8.179792266 4.010641384 3.052993517 6.887499018 8.694088076 7.199889262 9.788429636 2.583687161 1.260130496 -0.217090889 1.110392476 4.897179615 9.223397820 8.205131323 -1.200668903 1.219425762 3.078725543
-1.848081075 26.410515017 -21.744296473 0.786670266 0.449034540 0.195974932 0.375648374 -0.414957302 6.346798840 6.321782791 5.142406690 4.818225514 6.366796810 3.932386171 0.827255214 7.626683218 5.378308134 -0.658973800 9.978926013 4.726804478 5.885889618 6.619778179 6.454128127 3.026986435 3.580062045 -1.563622063 3.314207670
6.201749177 30.106620327 -17.949931873 0.878060369 0.465968724 -0.070449354 0.083186684 6.465770182 4.235694922 4.456500550 2.290780939 0.585203710 1.085940590 1.510905219 3.709996417 5.226749079 2.311751412 4.550538352 4.111451699 3.869060256 2.647508483 3.070432774 0.725510420 0.925822749 5.579439241 3.524162509 5.851854105
4.090834672 26.456729231 -15.516714391 0.980696538 0.173753473 -0.074636781 -0.049733103 2.541888252 3.599178572 7.152408160 6.491073915 1.442852327 4.632792631 4.641935508 2.676734832 5.792647965 2.014429455 2.535255451 5.637649234 3.865850152 6.504048007 2.060579231 0.948683475 12.326149350 8.251670921 10.907382154 -1.593725010
-8.555618474 27.394750553 -16.975307953 0.812661946 0.450972270 0.103767056 -0.354170821 8.181022782 1.296162803 4.290255119 5.119025809 3.441464321 6.007484068 1.859681352 9.470530191 4.401473309 3.513888771 2.388212389 7.893982261 4.822334613 -0.059536797 1.255806742 5.110832214 3.412767635 2.403270278 6.264276301 -1.999956562
-2.034047745 27.886237852 -9.897219662 0.841945880 0.532871537 0.020743739 0.082126468 -2.905672560 5.228560261 3.264698924 0.588876434 5.276537518 7.003407117 6.708377633 -1.036137397 8.140880730 1.212094379 6.579702144 4.360785968 0.907469644 0.637560576 3.209099744 3.906710310 2.306169861 -3.751709066 3.736837059 7.344473505
3.617923758 26.739620272 -17.147344178 0.887510220 0.457609736 -0.047872379 0.025043460 0.756522073 -4.898570044 5.259432169 4.080778410 -0.599056522 7.961618099 1.485449500 4.678380647 7.219287291 -0.280382600 3.263441262 1.676473204 6.445341801 0.175982581 0.429558618 1.436427329 -0.026450269 3.658065777 4.438031685 1.477072792
-2.045269370 22.912308634 -20.163721200 0.879229561 0.461848922 0.095751013 -0.066952931 -3.403126733 5.065172672 2.775009447 2.111273837 10.185670507 2.871072645 -1.321423978 4.678430214 4.342703521 6.307181462 1.427384260 5.594395732 2.846624921 -1.931806775 7.918476790 5.591185476 1.302163275 0.986767594 3.741311798 5.728843849
2.591814602 29.756818519 -23.669062208 0.793082589 0.472816949 0.111754481 0.367389542 5.082124598 6.677338378 1.539996917 6.670751842 1.972768982 5.275328854 4.869507811 1.877318415 8.306062289 1.384841742 -2.949763505 7.739803519 0.850622245 0.626765061 7.442740735 7.943054981 3.284413104 5.463348845 1.417128810 1.287515434
-0.527170040 16.534986395 -17.866646202 0.974367087 0.190702052 0.023156736 0.117069522 1.381292855 5.524396603 3.759337915 5.376840911 3.805989650 0.674197617 2.088238002 7.801526372 6.393407256 6.682344689 5.275430404 7.109534479 -0.286060630 8.641974196 1.908787523 3.344262828 6.802064362 6.630622915 3.718985107 5.157220020
2.917297680 29.888815619 -14.539177669 0.842405244 0.434866655 0.010337763 -0.318021269 1.452790295 6.182133051 5.950540482 2.190138061 9.189702133 6.317651546 9.342622834 3.342652552 0.826895176 6.441099390 2.148629571 7.625699026 5.271086637 3.085203383 1.014177708 1.598511726 8.030385024 0.975260411 5.671804156 3.721202567
-7.974803039 30.711919335 -17.924217818 0.878634910 0.419932222 0.066944021 -0.217200650 3.200627732 2.711269532 0.077104189 8.564129450 2.489667352 4.789279331 5.053702482 3.583927503 0.357868654 -0.210480656 6.965719082 0.203829809 3.586752221 6.600601301 11.856411306 8.671026179 3.806722326 4.150005128 1.160868983 3.276998776
-9.382505780 22.274298576 -19.779179160 0.766186474 0.545997692 0.188178054 0.281840075 5.942305448 1.930525964 4.336383584 -0.689941833 7.859202599 -1.824091321 -0.160465434 -0.312530062 0.126529606 9.834851080 4.401585401 -0.584940372 -0.110437871 5.022094479 8.072449781 4.250364551 3.336993488 1.693379207 5.542624668 -0.546589171
2.469621171 33.303413786 -20.316578346 0.782793717 0.545305104 -0.005675360 0.299740103 -0.182870242 7.524670606 3.095894909 2.166558980 3.326094824 2.665667798 11.166499782 6.026506614 -0.849470612 3.331370665 3.392108123 2.505255493 3.061462315 5.646408252 6.443158771 2.618979006 4.555170113 2.684137625 1.879268694 4.787206167
5.143970800 29.774067001 -13.122219543 0.894001628 0.415896570 -0.157065669 -0.055870453 3.474192852 9.046283484 -1.639346780 3.758140266 0.106696108 1.885390473 3.406473161 0.154374836 6.615994580 6.838874397 3.967743094 3.684174270 3.470324053 7.713854412 8.801587542 -0.449382271 4.598235441 3.784306049 2.609452125 4.189258133
-2.805770277 19.510733285 -21.020166245 0.945055237 0.242907253 0.087300552 0.200612261 -0.703233877 1.933977398 5.804390322 3.707971588 5.101322866 -1.880659442 5.756738551 7.462458394 2.384672142 6.027628398 3.078650449 6.978536426 3.077858277 2.748199063 0.485695156 7.914822995 2.674697351 4.780371322 1.261662922 5.575294224
-3.703745605 25.017478500 -9.713418011 0.875598192 0.344739922 -0.035567643 0.336477542 1.151523335 3.750019687 1.758430468 5.853141953 7.464641333 5.069881561 7.757985277 -2.649823743 7.102890251 2.905795810 6.747416530 9.088855406 5.895581473 7.266562525 6.196519273 10.302692794 5.020559862 0.431680961 8.767119853 2.517396499
0.762643018 33.649544854 -17.657894511 0.875760787 0.467247453 -0.024074947 0.118925429 7.548073090 8.029406413 0.425602653 -0.011835589 2.635941291 4.743418533 4.850690345 2.687635896 0.844844797 -0.283019292 3.434119433 -1.500316557 3.867139740 1.371946485 3.152613579 9.104805920 -1.074855998 3.582087603 10.297083552 3.815143598
-2.343074713 24.854026212 -24.780066067 0.804574033 0.507193339 0.103772482 0.290941254 -3.030795030 2.639058747 8.231102240 7.604634797 4.413456615 0.024871584 5.778756725 -1.452827144 3.709949683 2.527520163 0.995392236 8.509130579 1.981865900 0.132961394 4.421649521 -0.469040649 0.043542488 2.210918857 2.538196439 2.197167726
0.226244661 20.549170031 -16.282428982 0.943144508 0.294914491 0.015037449 0.152570491 7.990207273 2.190770768 4.515987393 4.460308212 1.488909825 3.826331938 3.796560966 -2.660790524 -0.740366412 1.142318321 4.844529335 -0.348279713 10.675786392 8.080642700 3.991114466 7.319072261 7.373399387 1.955321367 2.475703369 3.687111663
-4.239275535 25.905941989 -27.223509898 0.862212009 0.490174105 0.089791742 0.090869367 4.466996058 5.727674238 4.036732983 2.645327280 8.174724433 4.176538544 7.158451645 10.457593684 3.073965355 6.156366010 2.835104854 6.816801543 3.170956451 2.498093303 4.313026671 5.322249341 7.931115283 2.868669998 5.188633482 -1.144860775
0.231631357 24.918870756 -16.221035310 0.911786502 0.376316528 -0.011470413 0.164011206 7.689210580 -0.384057582 7.361430665 7.731483657 8.972895634 -1.919259190 7.205912949 4.222998613 5.020381148 -2.230047579 6.995099993 2.991013810 -2.936281165 1.363209757 9.190959433 9.158325920 8.384279664 1.878059385 2.667896375 3.648692432
0.305203559 25.838728802 -24.862087982 0.785223329 0.485913598 0.194614826 0.330813194 6.876021453 3.685311194 0.836269823 -0.108899158 7.463197192 -0.262454935 1.404808183 2.358016422 6.054997732 5.458638589 6.455058963 4.957537808 6.988231525 3.843155008 4.956889321 6.329642281 7.223899639 11.274600623 7.352826834 3.803993997
-7.280112347 22.752266017 -14.681843111 0.785571713 0.528810167 0.314250877 0.066957283 8.717989445 0.202740368 5.337297708 5.176682357 2.212163554 2.279238493 8.826758320 3.186651512 9.653584416 7.494898204 -0.365254351 2.041777698 -1.209637976 1.371150668 2.718918581 2.714176336 1.447407263 4.042307725 -0.151914374 7.246154450
-2.454556831 24.359554434 -28.199322406 0.879234084 0.363332599 -0.054768908 -0.303211502 9.043093557 6.495769315 3.850887037 2.770948922 1.648360988 6.651339086 0.765331592 4.020743149 -1.267006881 -1.767249541 3.666940758 -0.449028335 4.138514293 6.877363320 -2.415960639 2.669814769 3.638997236 0.268024950 11.814516925 3.854631403
-6.173497274 26.241441913 -20.397254410 0.812605853 0.491147884 0.181524922 0.255918319 3.307151309 0.388314257 2.614953596 4.511567853 2.013739632 -0.566575620 4.232022799 7.024945585 2.593575487 -0.207512167 4.695581979 2.907089590 0.513852252 3.299675210 2.727349223 -0.147961850 4.349918636 4.762035515 2.818487760 6.517476534
2.791859714 33.784836978 -20.997798440 0.934258080 0.327305645 -0.011562054 0.141064429 8.308784045 0.626395139 3.254409333 1.988442612 9.988017672 8.151753871 1.797640741 5.696633927 1.817009108 -0.675523752 7.489997547 4.736500796 4.675062772 6.356944455 6.167591417 1.237831968 3.246527024 -0.772342817 1.205168468 5.482336049
-4.969860074 28.427583935 -18.087700149 0.815564885 0.448958134 0.007023281 -0.365022171 1.361876387 7.025027716 6.074002274 0.872426222 -3.001866298 4.757247229 5.548644358 5.195034536 -0.706349231 7.007164485 0.291141438 3.908492760 2.722962202 0.536901232 -0.826930092 1.965128889 6.165647152 6.804434958 2.619322818 3.082189348
-9.501647058 27.385886972 -20.230882538 0.794452461 0.570037338 0.115766150 -0.174645120 4.378263485 2.401614507 1.144181450 4.320607599 3.031789065 10.127352059 3.342456563 1.869511851 5.883941680 2.716945545 2.814623869 -1.288600659 5.116132873 5.322915995 0.311305265 2.712564280 2.413808416 -0.462119863 5.351218615 6.415180983
-0.429749433 28.383416231 -24.098090825 0.840167555 0.533890337 0.080083357 0.051635678 4.899988001 6.801037187 5.351978224 3.399013562 4.266264802 2.340085858 7.198851933 7.678196008 1.701271544 11.620252594 -0.305473167 6.979309809 -1.400679303 -0.379969122 -0.591340401 1.313593141 4.007950335 -2.682770261 -1.836056907 4.055289224
-0.111707495 15.914378125 -20.858565246 0.822852904 0.240492278 0.365828416 0.362279081 2.656781582 6.363653670 5.836202584 2.024356622 6.132529229 0.993019351 4.388726230 1.828224963 0.886255782 4.436599998 6.376991811 4.772344396 4.298851787 0.921960054 10.284009400 2.464413230 2.124977909 1.719142505 7.133598604 5.689855774
4.289479535 19.897022513 -12.156428703 0.840320959 0.380630651 -0.056782676 -0.381780986 7.812837828 -0.127781246 6.183250515 -1.113248166 7.112222482 -1.249400149 4.864362438 9.694696154 5.381658315 8.405975324 8.205366362 5.536812447 2.138147088 3.377014993 6.970687595 2.667225089 3.988624292 2.736699822 0.406485126 5.056729736
-1.363971646 18.066887404 -19.618225167 0.823548615 0.429095200 0.041206837 0.368709891 8.573498454 3.350154630 10.185966495 4.888808208 2.698292730 -0.132126567 5.748703513 -2.464991713 2.637998594 3.712722969 5.122410793 1.614741559 4.679047508 5.254529973 0.188508261 5.343355827 5.273620290 5.743283278 1.105212178 4.187306659
-6.293626537 29.628405417 -17.378947302 0.827930322 0.531037998 0.170983634 -0.057398810 3.480309124 1.683825397 7.953458509 5.935607885 6.522585655 7.590147958 5.827091394 2.000747446 -0.688535842 3.327773151 7.271025133 2.048310455 3.121375064 1.665765004 3.817660044 2.415876523 3.600521180 7.024271747 0.857816865 6.752214679
-6.431729825 22.342303472 -23.836684661 0.871537731 0.364673516 0.236255251 0.227197418 1.718316795 5.352413767 0.348883853 4.066707638 -0.827684093 0.107927801 4.106482678 1.946758490 0.975887481 4.973144329 -2.183690879 3.707834738 4.477676160 1.859793563 7.279881541 5.808398984 5.638378052 3.075947158 5.599443064 2.068136860
-2.072793921 23.792004219 -26.305989634 0.888609523 0.447813481 -0.011567953 -0.098500682 10.446504375 7.072798376 0.280862710 6.100047604 -2.099400721 9.284298072 6.640851496 4.777688920 2.554059410 0.822304321 -0.638454675 3.667418613 1.194792201 2.252314678 2.547862376 3.726796943 2.523483254 7.324299376 6.110174906 1.203648950
-2.539875732 25.410297630 -15.442079804 0.899864917 0.429304838 0.023803938 0.073306611 4.203770465 0.148622721 2.666353493 3.904103648 1.398148247 6.865110691 6.358879198 0.255722569 2.456812551 2.811330242 3.119976118 0.093242921 5.020563702 6.855800643 0.496447852 6.807413482 7.389509938 3.985654923 4.558771539 6.265221920
-8.276068092 22.703691712 -17.510266446 0.751265854 0.573700994 0.154081005 0.287620984 2.185560141 4.548332759 13.748880723 0.818288118 3.954221909 6.462678274 7.111154657 6.061526904 7.026563293 -3.420225824 7.733383590 1.991617148 4.538959622 4.241740772 -1.019381406 7.250173821 2.509436592 9.697065775 3.104503888 3.229328061
3.057969119 26.602535299 -12.135405326 0.727908222 0.652449573 0.034545677 -0.208004256 -0.485482450 6.054958199 6.897021474 7.876735178 8.063411080 0.005735340 6.887666209 8.532708271 2.099636276 3.260891730 3.582784836 1.539223920 1.795804528 5.216790338 0.604822617 0.112296011 2.606312164 4.405239763 0.618546876 4.074801624
-1.740365552 18.326619077 -12.607411764 0.730046113 0.655219440 0.189011527 0.044663198 4.958707953 7.692806948 4.732914300 0.308818749 4.606924838 5.998396541 0.085799164 6.022393911 6.998953216 7.281675828 5.233380416 2.659769702 6.104778402 -0.114819577 4.964861386 6.005284031 9.709844810 -3.246104587 -0.213114427 7.291776564
1.830586598 28.495104834 -17.050175830 0.809187051 0.475874324 0.005905654 -0.344565041 6.159191465 -4.033718480 3.894058754 3.530152291 2.147728684 2.451572784 3.148259072 3.128709250 7.221802735 1.211011237 5.088371376 1.856266554 1.544548170 5.842302678 2.657768241 1.427809882 2.871531546 -1.176823135 9.748646172 1.413412490
0.096598490 17.247375745 -19.920796475 0.776974285 0.485933368 0.096271997 0.388473198 5.732637791 0.789052904 8.207157647 4.988004239 5.862481410 4.371207869 3.568241204 4.479682472 3.632513895 3.589636209 1.527585531 4.385781603 0.658412889 11.765099591 0.854905452 2.705926334 1.121865107 7.230885487 4.188130214 0.042890743
-7.331986349 26.687043008 -15.769890101 0.938385305 0.314425530 0.121949813 0.075484091 7.963067307 5.711804804 1.292402803 5.219376115 2.483772273 4.994615491 3.729727696 5.869575217 8.315543615 -0.171377199 4.277400178 2.327255752 1.743494866 4.010689683 1.891401465 4.198011898 0.856241399 1.116635226 7.223530360 3.804377040
-2.356985040 25.580116249 -27.941808489 0.793427240 0.594567788 0.056678810 0.117259852 9.320821134 5.739746338 2.062285185 2.604718363 -1.170817865 6.713775405 4.099785605 6.949928431 5.983821948 2.957006621 6.501442917 6.882710980 4.413340207 6.139245421 0.219858597 11.808000380 6.745575133 9.967164143 5.152032078 6.088131927
-8.672069459 28.356095119 -22.288828188 0.821434200 0.384878953 0.249261748 0.339090883 3.896672535 1.790188505 7.491970329 7.181162080 4.199742946 6.198153602 7.500284901 -2.195189151 -0.267717021 4.240715703 5.097872751 3.860521651 7.030357688 -0.888377047 2.660823702 2.731228510 7.879661029 6.539982380 4.931778959 5.475687570
5.981103297 22.920346631 -21.824874845 0.813596930 0.365561988 -0.006747867 0.452082885 -0.201407140 0.821425947 2.394452451 3.943196500 6.335812345 6.598551843 7.000484223 6.788855190 4.520204976 7.904859874 5.754779104 8.020082309 -2.180594579 6.375311519 4.112616503 4.765826356 4.053260251 3.961910176 6.963567702 7.971353733
0.914861252 32.086686403 -16.384976307 0.765723994 0.471714260 -0.008932604 0.437118555 1.558665491 3.768963094 2.484648466 7.194446523 5.525150987 1.237056127 3.569110638 1.435007988 -1.577622990 1.397187828 5.157046577 0.676350995 3.486265976 5.685589603 6.251497131 7.294319383 8.861561492 9.932989344 3.992173381 8.006520415
4.179840539 19.154861313 -23.191822964 0.908176615 0.365626378 -0.158331425 -0.128311139 1.026274879 3.722032140 4.728743718 5.859775200 5.297630819 5.378293458 2.672698428 2.108074231 2.683299201 5.270444957 4.900106035 3.228441940 4.855225826 7.068748733 7.382933369 6.381283741 0.791899124 4.296710208 6.540896561 4.717494989
4.410592630 27.533396105 -25.532214581 0.888858770 0.389953602 0.086553654 0.224443177 3.634820933 5.785406445 1.105453666 0.658441023 5.165621835 4.523118053 3.562145339 9.323762193 4.441658261 7.362346188 7.278691048 5.041689567 2.460967048 6.479158237 9.357508654 3.707433821 8.648597816 5.393532756 5.170879753 8.451978414
-0.777982274 21.233139268 -10.275199438 0.880071679 0.409977389 0.044243614 0.235446137 3.368832609 4.473961474 5.229190673 2.969844812 4.844912474 5.581713488 5.644106349 7.492000831 4.176422960 2.868918957 2.354854374 3.789048862 5.482749331 7.793438870 6.408549042 1.082625102 6.809823548 7.510875595 5.349059542 8.033145983
5.784198408 24.685345641 -14.126406619 0.899681526 0.393073643 0.006496419 0.189800051 8.616778139 2.840616311 2.406872181 5.301926356 2.942951052 0.890658189 5.642640958 3.075837037 5.791368866 5.248976157 2.278004087 7.785725316 -2.981558081 6.969323593 6.017301651 3.822181632 0.205268334 10.203966058 0.777802720 3.159173231
3.146652019 27.733543251 -13.080693777 0.751488863 0.655906477 -0.070894838 -0.005010484 6.032841410 6.186143463 4.774181123 7.986946655 6.976850033 7.112804286 3.640131522 3.420011923 -0.114165004 3.997004520 4.202101602 4.956153271 4.749192207 5.851481192 5.636839355 5.579768334 7.439256819 8.519522755 1.752777399 4.806333725
-5.706308417 28.033998608 -16.153814865 0.897375304 0.412386514 0.115695727 -0.106157549 2.913826613 2.850521778 1.078503363 3.728837459 2.178353183 2.342528840 7.490922535 8.241024327 7.556201418 2.621832246 -0.668152477 5.669636328 1.966314111 5.449432321 3.249998765 2.595988695 0.545137434 4.696882055 3.756573548 2.042833936
-4.821512827 25.379387778 -18.917548217 0.777367587 0.524045748 0.163926542 0.306926339 8.524370095 2.905493725 6.781681469 0.181566555 7.801098376 7.481227124 1.849637095 3.858644990 6.070007275 5.040108340 5.815240959 0.382966076 6.629585408 5.190194851 2.076430932 -0.666369402 0.332932291 4.141711853 4.041282777 2.941027766
-2.589214999 18.449873192 -22.981464860 0.786636572 0.487332277 -0.063652214 -0.373709180 7.065066195 4.137668335 7.524380054 6.540404870 -3.436384357 2.292471101 4.365360174 3.896914526 1.419872305 1.914972614 9.848390619 2.794994753 6.414709032 5.078348164 4.828415683 -0.857873256 3.970527416 6.247120813 3.399844673 -2.175115605
-7.413952306 25.787816607 -20.875935270 0.837710121 0.426941237 0.129715619 0.314859957 0.920267774 6.407398554 5.620392644 2.112569488 4.865321735 1.306371819 1.643365006 4.289710285 7.290443467 6.750402491 7.756528699 5.442624872 7.118219768 8.273433411 5.187035420 2.516124493 -1.104646244 4.215659324 4.420037940 3.597916523
6.394539233 22.879324388 -22.166284146 0.771211155 0.446075636 -0.180415277 -0.416773570 3.965528558 5.153536707 8.329227977 1.300910429 9.191234563 1.917620412 0.288658863 5.926940421 6.406736906 -0.402232907 10.438103007 1.382971606 5.902029045 6.018930859 5.412079004 1.622795717 0.096814632 9.043727988 2.652303985 1.861021255
-8.099046084 18.177216065 -18.418272266 0.781092502 0.605628175 0.147664548 0.036113683 6.419169244 -0.339001053 3.184102791 4.044669782 -3.451941074 4.515880835 5.494949394 4.249967041 4.673071319 0.563757537 8.782786642 7.107105315 5.361910397 2.407343480 6.282593577 3.158563809 4.947322472 2.076878716 8.367541970 6.502510328
-2.684131855 22.053396737 -17.019104767 0.868989076 0.477680145 0.129144402 0.001178674 1.029675609 -0.476715298 5.317074524 0.988926666 3.375667652 8.589484200 6.476833221 0.714218736 3.807696178 2.956579482 8.307630390 6.874469692 2.764988264 4.630116687 -1.280995430 1.995897760 3.605601829 4.780166200 5.739252610 0.530709165
2.438274989 27.728343781 -18.950696935 0.790723330 0.606965364 0.076437609 0.022515648 3.199048480 4.655927756 1.100766541 7.464904727 1.806986606 2.693186391 6.489512658 4.406873005 5.570838057 7.661192637 2.171991374 5.224111327 6.789859556 2.969955633 4.628801616 7.972447706 -1.865392471 4.365982160 5.852410247 0.383363775
5.098557371 28.482461073 -12.889691588 0.954753806 0.290609755 -0.051631154 0.036405538 4.014682964 1.985748633 -1.000324201 -0.041088631 6.076840938 5.142499700 0.406976111 0.530551264 3.269240716 2.988404364 -4.078525365 -0.060826148 4.360716131 10.138760433 4.316450348 3.394669486 3.428489031 10.277235503 1.051329365 1.036263993
2.347811865 29.514442809 -21.188830403 0.884035112 0.461351096 -0.046535106 0.058920045 6.414868158 8.038737217 10.072117461 5.816744639 3.224609588 1.938912404 1.507212520 0.580507906 6.046555587 4.471958740 5.454807112 7.201435815 6.635815393 6.121871148 -0.483947107 4.739694810 2.632794802 -0.573426122 4.021672881 -3.466710865
-0.107390506 21.938488547 -20.304060183 0.954854978 0.284028676 -0.036051043 -0.079246475 10.447383187 2.171394936 3.703650657 9.707014018 9.292882217 3.328453737 1.485724970 1.089384346 3.573112770 3.329962265 1.441959217 4.800052768 5.291872380 5.102469921 7.244799768 5.631552250 5.445267881 2.151114855 5.764823461 4.295132254
-3.725831367 23.587695526 -21.978987075 0.723360846 0.657054763 0.179038599 0.113900416 6.081896572 4.376099341 2.485504479 2.188229363 2.840796785 -1.889890832 2.118639935 2.550014346 2.892238743 -1.784541676 6.504801578 10.487347045 3.574960509 7.691498708 0.996265981 6.177884130 -0.003638431 1.871181242 9.758584100 2.594053787
1.067815704 21.670094437 -11.783658809 0.944741719 0.315694276 0.066097840 -0.058577172 4.665255391 -0.914115754 2.934886125 3.674545925 0.571906670 4.700142088 -1.256230374 4.669129705 1.306717898 5.838114829 3.259891626 7.474485567 4.210973896 2.283174371 4.550044601 5.034166254 7.801524594 6.769474001 6.511542822 4.814131095
-1.049725258 28.718269932 -12.695645502 0.891093238 0.401382475 0.058939009 -0.203398975 2.794220043 4.252309137 6.081367332 2.732618770 4.722602029 3.931977886 4.254608122 -0.209081851 7.097202125 2.633360517 -0.552713313 3.234550531 4.052900343 3.666080737 2.813012100 4.822010720 11.031712437 1.317482651 9.683028463 6.917057673
2.720969594 22.319162143 -26.195927154 0.996868662 0.056363811 0.017814532 0.052522691 1.809360243 1.640460140 3.339499978 -0.224799628 3.898165779 3.012179770 4.706346516 5.326063749 8.512920027 2.638610404 4.335737821 3.396239335 5.201069951 -0.390090629 7.657261294 2.751804571 4.573561052 6.307248737 6.383748455 -0.206976342
3.731859025 32.277847933 -16.630466554 0.718494285 0.535016017 -0.046161352 -0.442032752 -1.874764198 1.814237244 6.857936188 2.642709884 6.628259115 1.602534482 -2.322359484 2.978037314 3.471010201 8.385329425 0.969623922 4.179228719 5.662937893 -0.223591814 3.706023472 8.543851486 5.224172956 5.325332789 -1.665928022 9.032935762
8.433106491 24.407244128 -21.836608478 0.849594231 0.478768391 0.025220334 0.219850871 3.865934475 0.116799396 1.725820745 4.077754653 3.073684690 0.880254684 8.656590100 1.993252570 -1.929475231 -0.892759089 2.095921629 2.405580268 3.968853385 5.196734846 5.134400576 5.882834186 4.824521381 1.782072964 -2.138533182 4.815831960
-3.450187683 31.331468796 -14.066000420 0.746874724 0.583000841 0.137797563 0.288617390 1.445853685 2.091527204 4.096208403 4.335071404 9.014291521 1.143750451 1.631685598 1.240057020 6.465881662 5.354596895 6.864298827 7.242190538 3.757838967 8.718473451 7.102816219 3.610834537 4.037521297 1.817581136 4.218748099 5.299263423
-8.375149615 19.864960081 -19.797153318 0.848356699 0.400844040 0.161433223 -0.305866445 0.942487238 0.584360921 -1.094073330 2.347403795 7.720150754 6.442791836 7.750430028 5.040748799 4.502956653 5.977914163 2.583448610 6.272570714 5.745619835 -0.770965206 3.244378525 0.068352811 0.024104481 0.182473367 2.047750181 6.456917065
-1.607543474 25.671216967 -19.580480610 0.861810867 0.496302195 0.101476012 0.025860785 7.941866651 2.387051826 5.081681446 4.239278276 1.842464100 3.819613565 -0.772185614 2.931789424 1.201901281 6.229711263 0.365432094 3.848522098 4.971162456 5.819346661 3.713490998 3.226049264 4.349083837 -6.191218104 5.895325248 -1.591537200
-0.365453246 17.063703971 -20.123869725 0.748799452 0.506460911 -0.009722589 -0.427436775 3.552661560 0.641198809 -0.462192603 2.957919107 3.980297793 3.686971219 3.496340021 3.451187314 7.107424063 3.455677894 3.570980992 -0.216369971 1.517589948 6.882097463 6.169437889 9.097473128 3.216243889 0.354207856 3.451517549 2.600554254
3.803441547 31.463072914 -17.884739678 0.804853292 0.519032535 0.013857333 0.287444568 2.037630628 0.367822040 5.845650679 3.262400806 7.452130093 -1.457677050 7.403086080 3.912460144 6.903140907 5.617095454 7.240089322 1.936320349 4.231228646 0.110258962 4.652254843 3.342470103 4.702115350 4.218604404 0.895679872 4.432768016
-4.844668038 24.915474534 -24.190639835 0.844434768 0.510494437 0.120584900 -0.108557055 1.571930720 4.599195180 6.247850740 4.773757505 9.306940452 6.315192964 2.772863008 7.960247161 4.667578078 6.113983973 -1.277475039 5.904807389 7.173350738 4.039136298 8.540682814 3.184044390 4.351383272 2.240292670 3.836849518 3.729744804
7.172942955 22.539850729 -21.723489606 0.831186387 0.473754641 -0.198515304 -0.212784878 7.087402562 2.360447756 2.239493552 6.441120194 7.340209128 -2.181122068 2.656596880 3.609481870 6.093129526 7.493670334 1.357054214 1.030912887 3.028720041 4.783141461 1.123165457 3.030902502 7.989520846 2.304763351 9.138217131 4.461017129
4.032943852 19.138789069 -15.709152266 0.821296373 0.437625303 0.071023503 0.359043206 5.256276846 3.760451019 4.707562009 6.966066140 5.028953295 0.463322272 2.205706086 7.325154389 3.430071632 -1.155492670 3.375400324 4.519562663 4.434730227 1.160751461 3.104629311 9.327207808 6.662553868 -0.758150559 5.860444616 4.515158395
2.302998433 26.320528471 -23.317671557 0.875860972 0.479776283 -0.051663467 -0.003627933 0.701789814 7.072736226 4.617603967 2.153846714 1.089963892 -0.825560156 2.657732507 -0.017619025 1.312324574 8.647122577 4.375888401 3.793636335 0.753478123 7.881919042 6.330307601 3.488956527 2.164364675 5.053942768 8.359173928 7.885529836
-3.300548494 17.014528220 -14.099711374 0.877083955 0.473364565 0.025110953 0.077583269 8.416384407 2.329386917 3.043681268 4.109978379 5.224862662 2.260201058 2.690376063 1.026764261 -3.788037190 4.058820001 3.403446737 2.842899082 6.663798185 5.786761451 0.763444817 2.883305278 0.531686281 2.814351358 3.526692005 3.562731830
-2.130346741 32.379199112 -17.021467591 0.814129076 0.572426980 0.094196391 0.025460571 3.264663163 3.148783056 6.572421938 5.742669303 6.123930159 2.473770983 3.048279331 0.852401096 3.374150254 6.072061254 0.504961541 13.282026264 3.245453408 6.246946525 7.868331786 6.513365363 1.674976958 4.556450394 8.486351270 7.321197820
-5.642915871 23.622796109 -10.557722646 0.716747930 0.656636550 0.228836490 0.052294428 3.805993612 4.458584858 2.771322666 2.219943736 4.538065235 4.998326496 9.967853475 -1.204962681 5.163399632 0.569272897 5.406539024 2.585056445 2.046171673 8.879922908 -2.302523342 4.817341440 5.177907422 3.259729011 3.574210654 3.349807672
-4.709240288 17.239343471 -23.693461859 0.759362648 0.536851303 -0.028101162 -0.366564279 4.133367815 2.569838651 4.685748393 -0.807889998 6.152009564 4.022416372 -0.760340105 -0.671136814 7.485932916 7.428278708 3.128430461 5.170594061 0.261385233 2.431256347 7.611381294 7.662839556 1.804899894 -0.962340517 6.697207459 3.330734676
-3.435123667 28.524863162 -13.851513309 0.859536769 0.397042476 0.052108905 -0.317550746 1.456776151 2.758405088 2.966569757 1.186207050 2.460708638 3.724006699 1.530196984 0.283904905 2.666987744 0.275885995 4.880977353 5.437346763 3.192186758 4.058675541 0.474306430 1.879310285 6.618643430 4.111356674 3.293197064 3.380231092
-5.004709980 20.662128588 -21.074270012 0.747129757 0.444633413 0.165013460 0.465691757 3.977081829 6.748476735 1.758145288 -1.691131689 0.492904362 3.657035875 -1.924431775 1.909242319 -0.709516920 -0.015545396 8.420608889 5.836111065 6.432276117 4.219220559 8.700919376 3.196249891 1.373337891 4.448284396 5.113939323 3.116208923
-3.983122712 16.547212666 -14.633703290 0.873854294 0.354373848 0.250869139 0.218775052 6.808702049 7.511920038 2.699267084 1.985674044 10.426898585 -1.114631665 2.128623474 0.788973623 3.763986251 2.211893400 9.756010683 5.186474193 3.307056058 5.759334302 5.065863437 3.001433290 4.503829190 6.885938604 -3.239617926 6.237851942
2.232836216 31.413806146 -18.129499063 0.801859363 0.443043997 0.008191462 0.400832232 -0.334175034 4.267502184 8.469784693 2.600840422 0.837940996 4.558936605 -0.720225348 6.158724759 5.801184296 5.786420963 5.462734644 2.050021179 6.444447325 7.226707489 2.296879614 4.810910654 5.738321492 -0.905106435 0.298800733 0.830291128
4.969173278 22.080883242 -20.248005314 0.889564272 0.438072861 -0.078078260 -0.103302278 1.271687422 6.568863758 5.300270093 3.593978318 1.365078692 2.340745881 -0.161170370 0.146521546 -0.590345147 3.600748784 -1.184822276 7.650867696 -0.358958446 4.284857345 6.594907629 2.425815406 4.412555754 4.884989179 4.584051468 10.399764265
3.562543743 20.267111998 -20.516350209 0.782413797 0.492430879 -0.067899319 -0.375140191 3.910957500 2.384758483 7.104552372 1.959430703 10.156414434 1.062273221 5.862861387 9.281738140 2.181756636 5.322127689 6.062911332 2.670405593 3.307157904 7.001183573 5.210750636 3.535891409 8.961512280 8.172089498 7.132912100 6.838998372
