-0.722408879 24.326715338 -23.349825043 0.834375590 0.491988115 0.061901519 -0.240693314 0.162518027 6.527634333 3.278795261 3.982643972 7.501466577 6.885107122 2.402325866 2.478115302 2.523111700 1.803968151 2.937090786 4.808207041 2.712927514 6.333569498 3.185135351 4.121829228 -2.476937289 4.778686436 5.471190140 1.731721496
-4.336071423 18.156451164 -24.694581609 0.797897869 0.331864080 0.223828340 0.450695126 3.745497598 9.424358175 5.953932436 4.641421604 5.277358755 2.698445258 6.455501474 6.243808503 4.715342595 6.191273332 7.498267891 7.637435548 4.425304646 1.830350398 5.514258196 4.110495134 2.567779487 9.713961100 6.174327554 3.464753394
-11.680800111 18.694258750 -19.891096274 0.998335609 -0.013278481 0.031718448 0.046299389 4.973478926 -1.251662911 4.624377638 -0.505474256 5.302766954 3.388978893 1.709672904 -3.283506526 9.306852494 -3.556239780 10.605857789 3.414995414 3.170592186 1.123889412 1.942663622 0.912378971 4.853553420 6.334716561 3.299814337 -1.453030536
-5.102761658 20.337947514 -18.485382068 0.725206197 0.416249930 0.115027691 0.536265417 1.822770746 6.759527970 1.876673825 4.228807239 -1.635604947 6.554368898 6.846191276 4.585392846 -1.362390458 2.396966351 6.300416370 9.057008266 6.361880068 -0.005718559 8.563983116 3.221400365 4.791524052 7.579282107 5.962300723 3.129966988
-7.646959729 21.414063350 -20.622796823 0.924306031 0.363296813 -0.064397639 -0.097604971 3.288868065 4.961291548 0.462548663 4.987483627 0.931814697 2.531155246 -0.544280136 9.765327264 10.876146932 3.022029304 5.359601552 2.098860112 8.355547407 6.778525963 1.738169394 7.502334650 3.585081869 -0.862318262 7.522110573 7.228188063
-6.975623165 15.150864043 -22.021283911 0.753040433 0.647825531 0.038760280 0.108396625 8.064867251 -0.042894622 4.134220058 0.852028914 6.630992511 -1.510841633 5.327426952 1.808668334 7.583057084 3.039520489 -4.356182817 5.930499009 3.461736672 5.731518277 1.131537951 -0.682896350 3.849043515 4.509439504 0.078655003 3.493127230
-11.635112225 16.414721258 -31.076325439 0.804606085 0.445675344 0.014559674 -0.392135884 -2.892235008 6.348588928 1.229945036 11.146253354 6.894427771 2.144312948 6.282866600 4.867046101 0.539370934 -1.833137859 4.824817582 6.427447202 7.569638624 3.309732410 8.263450514 2.328744867 2.343381990 4.655092664 10.385920419 6.433257030
-9.688663608 18.409494251 -30.278527759 0.838431800 0.355142026 0.345584610 0.226886614 7.045587988 1.172706871 -3.402968085 -0.814599602 7.018537868 3.753892455 7.223469073 1.373090790 4.150055526 5.152079154 5.626108387 3.844649350 6.422021934 3.052009887 8.172775728 4.914386225 2.087946983 4.437182855 8.533321010 3.012115631
-3.370740091 23.332116509 -20.217626492 0.956498481 0.289286815 0.006457841 -0.037176473 3.090246020 8.023101428 -1.813421244 2.719766106 0.975611280 4.032930531 6.458475272 2.941690632 8.694237620 8.767472089 1.596542734 3.037823170 2.008621513 -1.467969971 -0.239198962 1.600940648 4.116291715 1.047784269 5.614929730 4.412740052
-7.296889925 12.977002523 -17.086341213 0.816241789 0.453418203 0.169338598 -0.315413560 7.816293210 4.612721283 0.759888360 2.063668076 2.413960200 2.261648933 3.037758672 4.934041199 2.716480226 2.204198931 7.192989307 -0.943808672 9.911614886 2.785638348 0.102038854 3.855793013 8.759019563 -0.849597657 6.810104160 2.461090520
-0.442321973 19.204972927 -25.474631833 0.849407513 0.527599085 0.001656427 0.011972364 4.476189211 3.060541789 1.437754062 8.513532475 4.490413123 5.896364838 0.939105734 -0.904386491 2.118855806 7.662021674 4.757891228 5.162378113 5.092170984 6.302293544 3.452116883 4.368903274 0.850658742 1.744617725 11.221687823 9.264899345
-7.464547867 11.504538912 -31.017482642 0.977081886 0.125510884 -0.163198854 -0.054075310 4.605428348 9.066478137 6.700425407 1.209724792 6.109405660 3.292985740 -4.031827706 8.066876960 8.182493674 3.737782325 1.357182542 5.855743765 3.905900795 4.250988514 1.054490639 8.892342696 4.827514223 0.917025644 0.097527320 1.654122149
-3.667346045 11.246441640 -27.039648505 0.965841042 0.117654905 -0.227057705 -0.041871264 2.879650978 5.728973701 4.428629490 4.395718292 0.851235861 5.871380394 -2.868574833 4.746973764 6.026406329 1.459955302 1.686483979 -0.464575862 2.751080082 5.998158808 7.497897775 4.750954039 5.664871802 3.253250226 3.591398462 8.899529888
-7.444721766 9.137124870 -24.513411939 0.858726956 0.479690554 -0.176306835 -0.037428437 4.796062446 8.379280522 1.048236285 4.229728585 1.929362912 4.129911458 0.496222045 5.536992967 12.851741080 4.390831217 6.279193254 4.194146153 2.499280215 4.150445208 6.719836193 8.822681899 4.222739096 3.658577218 3.522881564 2.605023527
-7.553240122 24.852532860 -24.866791310 0.865250595 0.478813977 0.144672161 0.033890244 1.409279153 5.588403041 2.931716247 4.902342328 6.190031208 3.016033966 2.656624169 -2.679388906 2.859780023 8.602019399 1.900004490 2.725528930 5.891633361 5.473420994 6.977325412 -3.623004771 8.183470793 1.012358470 0.641124310 8.282923309
-12.399718665 13.249929176 -29.699985731 0.867581357 0.404083151 0.000740947 -0.289860047 1.803622807 0.505953950 5.723726753 5.317892057 6.306337368 -1.261773985 6.007885449 2.545657809 4.431153831 2.482400633 2.648753794 7.067004070 -1.246026394 4.670483003 4.818669632 6.296814239 7.607471937 2.413024272 2.824632389 6.932142074
-5.481729541 20.271515986 -31.220047039 0.774472601 0.569457593 0.262311042 0.084280231 6.815042422 4.763937614 1.217692289 4.643442746 2.564161521 1.370592829 -0.205812996 5.993586870 4.196634321 -2.083255597 1.101542755 8.795121891 7.597220889 5.181537951 2.647199965 4.006939035 9.652154324 4.315523559 4.754233337 -2.720276517
-3.672861527 22.529691720 -23.520250991 0.713951675 0.637673331 -0.145089714 0.250189336 9.631883626 8.007481131 -0.434264181 7.352944060 2.465871963 5.974995914 4.502737588 -2.074185389 4.631659691 5.464494850 5.511006227 6.335594128 9.356950813 4.752531596 4.127312444 3.518109906 2.219848143 -3.135463394 1.711756125 4.260985594
-5.961847855 25.346644589 -28.808149672 0.744300455 0.612740014 0.247958215 0.095305993 0.214294654 4.678754384 6.961687344 2.452540282 8.074798785 6.830562989 -1.765896775 6.195315102 6.645957698 7.010394127 3.544640193 2.645600163 5.090985730 4.998508127 7.735353491 0.796021972 8.375837233 2.199473306 6.832190518 3.851273607
-5.396700610 14.223998392 -30.306213649 0.834102178 0.240996780 0.417886743 0.267515942 8.219937913 6.273891983 0.612897433 5.473073648 1.992160541 4.897429131 2.976747525 2.773164843 3.909446254 8.372099074 -0.171216728 2.780962025 6.002896554 10.051891660 5.442963669 2.961056100 3.814831324 5.485092142 7.743223693 4.093411336
-7.237588099 21.959922759 -21.338174546 0.744564048 0.563278764 0.147085432 0.326660814 2.683843078 5.294666306 12.122200670 4.290824778 3.355346040 3.546866824 2.165493784 5.302416746 2.982525988 4.754989412 3.147438780 -0.750596328 0.870016247 6.951870752 1.307320125 5.819340065 5.336135040 -0.607906930 6.554520582 7.283844394
-2.624983136 15.037413170 -17.823511352 0.803292666 0.492429797 0.167825319 0.289945599 3.420846828 -1.962114600 2.770250889 2.131323414 7.745428017 0.885584564 2.884718831 -0.479645912 6.527364394 5.528079325 7.191441341 6.237811056 7.079675635 3.803955401 2.456117878 5.047115089 3.168305390 -0.327955352 7.801017352 1.392687139
0.152030182 17.597185621 -24.036429079 0.830203740 0.504076002 0.041547977 0.234399019 3.435113902 3.858775095 4.581756882 4.476795333 5.793263514 2.755968385 4.673633646 1.918774799 2.673103064 3.173940522 9.525689036 4.483066866 4.482726230 0.521667977 -0.602917898 5.998727268 1.786362146 4.202773386 0.371284126 -0.523679603
-7.681717270 8.304416184 -23.234912786 0.793036837 0.246477629 -0.546088701 -0.110129396 5.000533895 4.358572574 4.446477710 2.391961478 5.237000146 0.667624462 4.221709579 2.788905109 7.909486474 6.013058116 6.479713170 6.208335115 6.055833736 4.985986499 2.697376401 0.510335713 3.005442200 6.741086722 6.144791542 4.495245207
-14.944823314 17.278669821 -28.968223173 0.823795041 0.322209970 0.408856025 0.224453149 4.778434505 8.072970197 8.896751468 6.419353641 7.926484116 6.235856126 8.434500887 7.239658767 5.129545866 5.231324638 1.873232414 10.256857643 -1.470201457 -0.863765041 8.631001044 4.897572902 6.410222432 -3.265565570 2.791011246 10.718288910
-16.112755229 19.072088122 -20.231961697 0.756813377 0.464641893 0.249218811 -0.386304813 5.209996915 3.821222889 6.108338412 5.335650828 1.085544152 3.928245785 3.457027946 8.235799841 5.249969116 3.999128795 -0.754978551 0.920699267 2.375940287 0.297279724 5.660530484 9.084665632 8.079783300 9.686454179 3.071126906 0.621440944
-10.262854255 16.278343003 -20.404152421 0.722911939 0.669471629 -0.031415915 0.167985436 2.728409313 4.900654904 6.115038189 7.670105429 7.110691106 -0.903724389 3.099318610 1.884695666 4.522816765 4.894972556 5.037401967 5.729705930 6.111716050 2.631561098 4.425068065 2.537088072 2.930172473 3.701698237 3.350544908 4.312801496
-7.601139935 19.058183507 -25.185809715 0.819029160 0.402526467 -0.054713857 -0.405179062 2.856025399 3.259011923 -3.468710814 0.772393840 9.165268363 1.356533631 6.227099562 3.986490869 1.228705113 -0.515107487 6.017621465 4.886897065 -1.472212507 1.287145214 7.094815046 7.305390756 5.730593948 6.002295042 2.351212819 0.670680944
-5.280654998 14.494840238 -24.707396763 0.927135782 0.141317420 0.210182976 0.276173398 2.166271824 8.355748126 1.095281363 5.093198081 7.525691595 2.170135001 2.930524419 5.148663228 -0.116972708 2.820004037 4.544352332 3.339109762 3.214064003 10.066978129 5.294321269 2.461597821 4.430145152 2.799929865 5.102465018 2.657244387
0.780485373 21.813527132 -21.651905281 0.994936998 0.004388953 -0.053229042 -0.085133871 3.191926400 4.332973055 6.101032872 4.914025541 4.898095030 4.736372904 8.547485006 2.895027957 3.318480931 4.685298188 4.127040711 3.572201458 2.685353058 8.140532274 6.147566889 4.540029883 4.744389038 5.063041429 3.840484842 2.485548513
-2.547555708 20.967895013 -21.216032530 0.783585712 0.480089137 -0.019731579 -0.393850883 7.951675226 7.887097887 13.854118158 4.511102810 1.796960725 6.544817478 3.872026520 3.553341318 5.089385474 0.631035906 4.150657825 2.404317855 1.538223206 6.136778561 7.478996393 6.156177318 0.508741772 1.614393922 -3.549018646 3.993622314
-7.246840131 15.458208333 -18.213958844 0.759304956 0.392395101 0.307266149 0.418413172 6.285864741 4.326216407 6.147671992 4.516322423 4.861026558 4.323450929 5.903382707 4.257815002 8.445640479 2.990619447 2.614097775 9.386771747 3.723881587 2.129883046 5.012690744 -5.292470618 5.451427986 3.635304295 3.346549642 6.527111259
-9.052114643 22.908354255 -28.638716422 0.751828780 0.496528129 0.358323277 0.244576637 1.667098348 9.106640876 2.111402808 6.341539413 1.685392431 4.440440387 3.342901296 6.052152166 6.750737989 3.121336477 1.864035567 2.835299541 4.328381658 5.531238976 4.855963085 7.011163290 1.155550339 5.641419944 2.394304907 2.051834406
-4.785120293 26.488334595 -26.855468395 0.822835338 0.470122706 0.198758203 0.249843601 7.161896613 -0.069108713 5.665351009 6.334955089 3.705090939 2.674089390 -3.448052523 2.668050488 3.487603395 4.201749148 6.727605925 -1.120063313 9.060943447 6.760621902 3.155627371 4.444301516 -2.151053438 -0.180617725 5.106892564 3.353874739
-9.486747976 12.930449544 -27.557881737 0.764578170 0.449208414 0.096648676 -0.451985681 3.309062198 3.859323602 8.107605155 5.766089241 6.169903716 1.917639666 4.896348467 -0.310462740 4.701381586 2.644204158 0.576710583 -0.265264738 2.871085507 -1.174832977 2.859295173 9.221096215 6.721684684 6.379754423 3.219485473 5.070218332
-7.101449399 17.039495376 -21.993026021 0.975574374 0.030096143 -0.150934410 -0.156740762 1.569718046 5.142334973 6.382785898 4.621673398 7.454814682 5.578073042 3.079975875 1.034426152 5.147017138 -0.600165334 6.927372736 8.856708446 4.078587990 1.348117537 10.206042105 2.084570209 1.508907506 -0.735311017 4.758041451 3.551130415
-6.768240300 19.821712239 -18.974446644 0.842666069 0.417034951 0.091274621 -0.328122980 3.621370089 8.060706295 7.055267315 4.789124950 0.782777119 8.434572100 0.443935683 0.540735948 8.948047724 11.159207162 4.422798081 2.757515793 4.837650820 6.370837685 1.067601065 1.848196627 0.861741567 5.846682109 8.519108031 5.043783122
-16.086331126 18.069592708 -24.348992761 0.903489434 0.324426636 0.131157817 -0.247491065 6.707463281 4.582412222 3.598335305 -0.188377039 4.703476679 4.834218999 7.177247149 4.900780289 5.301137715 1.905661716 1.678731120 0.243479053 7.823777580 3.299333509 8.376067352 -1.268231180 2.430101615 3.925998162 6.514765890 5.968992765
-1.666810947 14.965794309 -23.202194779 0.759648942 0.634825157 0.066846468 0.124346511 1.324089856 4.232821146 5.437941596 5.335657231 2.790176187 1.128479953 7.710395884 8.688340025 1.457723436 -0.914463267 2.335976073 4.047232279 0.832736031 3.211991828 7.935463356 2.934646555 4.269694230 3.071578916 6.681957184 10.749227614
-4.326061433 14.206592966 -32.461061699 0.957120686 0.268971396 -0.083564604 0.067759416 5.346035948 7.661672755 1.879784708 4.055488401 3.189436958 6.243186823 5.363661438 9.707352660 3.922623227 -0.184929004 4.505214933 6.974152491 2.029516868 6.386340474 1.268553416 8.695007792 1.567496786 -1.478141492 4.338008033 7.492958043
-3.033594038 21.460816684 -22.704741848 0.717079261 0.489444852 -0.073838942 -0.490702435 3.180127553 2.008743096 1.298139492 7.096406857 5.776499067 5.573099909 2.929338007 6.916388085 4.612097806 10.702781437 2.479569517 5.561109539 1.180115674 0.258682858 2.043424501 -0.242470690 -2.009781305 3.551284001 1.718185705 3.430241942
-10.228545384 23.679543961 -22.139754075 0.832286913 0.511071937 0.157557692 -0.145875094 4.327981054 0.959365981 4.889097595 -6.078444489 4.808859608 5.330629519 -1.974934025 8.257354695 -0.442642102 4.950323433 5.904983255 1.329125446 4.924663804 4.696532682 0.408497845 3.475547210 1.358794006 8.230530179 4.563746940 4.546165170
-8.349362803 22.525601705 -29.360975187 0.771817487 0.445873493 -0.057458645 -0.449658870 1.401883230 1.038063952 2.099471481 2.756870794 5.821729709 3.656463123 3.161318316 2.759384492 3.632551869 9.578996304 5.805087851 4.775027444 1.373170257 5.840294617 5.499524343 3.201569575 7.615897819 5.109056945 4.238550705 1.044281695
-10.305391656 14.671326199 -32.618511656 0.936689303 0.310438215 0.158317298 0.034305935 7.762048240 7.154215528 -3.017283809 2.750233536 2.671400305 -1.739040665 4.797827994 1.874690574 6.651591409 1.191916385 4.792611479 3.233097962 2.973446781 5.300421916 4.058890858 -3.831129931 1.362975212 3.933560529 0.380632357 2.998551354
-9.035511802 13.277919918 -25.879923498 0.707521409 0.329699118 0.401435440 0.479125803 1.220489045 0.686944753 1.656240729 1.004174494 6.238276682 0.140958764 2.522123676 9.461264134 4.776424972 1.670279513 1.521152134 5.811796292 1.980027142 6.093240390 -0.151766845 7.137571302 -2.821664793 4.805270745 7.985495590 -0.288439740
-3.612582712 13.725892329 -20.272024104 0.820994038 0.462361822 0.147555260 -0.300695493 0.470656441 4.050223042 -1.825197701 2.258540397 7.714450297 6.035071050 3.906652639 1.009438192 1.756440214 2.443375818 4.605709365 1.583896475 1.787324534 1.165395274 5.265326531 6.608991183 7.021879935 5.864340779 8.958274828 2.687365979
-3.084523424 19.067862308 -28.828299802 0.955143689 0.193172557 0.142091017 0.173767199 1.828965203 5.966018693 3.894914756 1.405059044 12.893301640 1.005719852 2.562053422 8.549894210 -1.021265898 4.188615257 5.314503431 3.765470779 1.963506053 2.140921849 2.907194552 6.078392551 3.243804265 6.123942390 -1.253962520 10.521210502
-7.270055694 15.647325865 -31.364014059 0.946963934 0.126393182 0.255718846 0.147959259 2.848017645 0.869026858 1.220721674 2.519927434 5.067291711 7.294096909 4.946846062 5.060905845 0.448536412 1.293715701 1.804508143 7.220944304 5.846694558 2.891988947 2.227466892 4.929223570 3.676415712 -0.099102107 -0.482152261 5.293046588
-9.688732978 23.909342115 -24.752293000 0.753937971 0.618167534 0.196901988 0.103324938 7.174950171 2.371930827 5.911617372 0.442891106 2.135153959 -2.410123618 -0.062896776 2.963689684 7.887136423 9.558466873 1.029846979 5.664229488 1.388201483 -1.277624647 2.011680543 9.375037550 3.991904556 -2.164489672 3.850138825 4.429530099
-13.555192879 11.880982528 -23.699667444 0.737869329 0.401387750 0.386975267 0.380377273 4.873623743 4.704223862 2.284634978 3.696432309 5.470247679 1.602851809 7.303225079 7.160224102 4.257636337 1.162433872 10.771850544 -3.406421174 1.536298199 1.830643515 4.328075683 4.856587234 5.412535331 1.443966399 5.254590909 6.966536349
-6.350041180 23.004986297 -32.316059606 0.918367840 0.372827274 0.127099017 -0.038028601 6.292319124 1.900894795 5.598138616 10.375342258 2.512527910 -2.019426855 8.869033865 8.318328663 -1.632147955 3.418509772 5.135024282 -0.017641588 4.755670778 2.520054940 3.478658018 4.678499161 2.733940266 3.762248138 8.520657710 1.324299044
-0.522526312 15.625986474 -28.695808208 0.738427849 0.526728951 0.266177061 0.326237179 4.512573284 4.258184244 5.168228680 4.348695116 1.484631404 8.075663254 3.848249244 4.601955038 -0.330969891 6.461248589 0.558144384 3.515460722 3.116086739 -1.671894021 7.118172454 2.507065219 0.959529730 3.079520162 6.797297785 8.613495214
-9.589168418 17.167842180 -22.507863726 0.776759288 0.566931364 0.261353784 -0.083234823 4.731024315 4.111505784 0.113292958 6.121206169 7.267896128 6.849313859 8.124416346 3.582718250 -0.875164534 2.249185291 7.464829674 1.652538442 -0.530553264 5.322182198 -1.870663502 1.303071845 6.171518058 6.870327660 4.820964381 3.246373633
-5.827903304 17.581408813 -28.410332855 0.948320638 0.243747714 0.151202196 0.135694197 -0.117039571 -0.886044743 5.898511543 5.152428502 6.090347866 3.407282270 8.709790600 5.914438365 3.707078938 5.813066072 4.205907586 2.403625064 1.730743498 4.570810940 4.247119541 2.762113266 7.231212319 8.116974291 4.369844425 4.561456537
-3.879186227 22.462689374 -16.440009919 0.891310208 0.401417854 -0.146425968 0.151622079 5.277686806 12.465550956 5.271720368 9.363297498 3.978879673 3.846373182 3.669556187 4.204852321 8.393976170 6.440137125 9.291574554 1.048257928 2.848998863 2.531901137 2.717063851 1.696996154 4.535303966 8.059326073 2.346714255 3.431777303
-11.271640411 24.275782707 -22.785019349 0.762246205 0.620047599 -0.141579765 -0.120319863 1.818547597 5.790310936 4.708390013 2.819685501 3.598686720 5.140704190 1.700735370 5.398619882 4.583965491 8.453113908 4.248907707 2.338125668 8.018897533 2.993271678 2.258516360 5.414983434 4.453553389 9.022723253 3.792269208 3.992403084
-1.857415641 19.995395561 -17.416303863 0.767456306 0.608947175 -0.025216637 -0.198892627 1.472697175 -1.439779856 3.192281201 2.458376568 -0.955638012 3.119939817 6.819511711 5.443566619 -0.901582797 2.804726855 2.943804590 -0.549902029 0.214674052 7.819911123 5.799375139 0.695019379 6.605997019 7.674335104 2.994788633 2.148619398
-13.963980548 19.193570165 -18.631476206 0.741034090 0.457551554 0.194213890 -0.451437724 2.408283003 3.087910051 6.373979041 2.363072919 6.941783099 4.229787641 6.568558033 4.718800042 7.406643297 4.146155207 0.730165328 7.137007725 4.020997391 3.218764032 5.941948461 5.000232987 6.080550547 1.103785447 8.192428269 6.342835887
-5.083724177 20.750131121 -18.900728558 0.786330270 0.531072623 0.163129453 0.270250545 4.248365250 6.934823705 4.232359832 10.906514982 4.288507371 0.671456512 4.233648829 4.241473061 6.685169078 3.668465559 9.909825770 4.840728785 4.758356234 -1.278446687 5.434847316 3.205744997 4.173635210 0.031815704 1.223626607 5.801296015
-4.080869848 20.654665944 -24.478218870 0.736687160 0.516117071 -0.008061944 -0.436864054 2.003205809 3.377564091 1.556394389 6.022114556 7.840612521 2.686891423 5.096517380 7.452013803 2.437661303 8.253884542 -2.723799493 8.463544879 2.594300389 11.878880712 0.347755252 3.904089719 10.406525241 3.096769335 6.192595167 2.468484768
-5.532056145 11.470382977 -24.002811571 0.945545022 0.283458800 0.112384882 0.113865531 4.813587254 3.459431204 -1.110541655 2.976924330 -1.300882740 1.022199136 2.117933997 3.552868796 8.012408397 3.785852078 -0.328046783 1.316178127 0.445053885 7.440843789 2.888407550 0.865330737 2.540671086 7.493523692 2.804690084 8.414007452
-3.579986692 19.536261422 -24.328855687 0.754511609 0.555139711 -0.095349283 -0.336809512 4.163372166 7.657948937 1.676485275 6.658614761 -0.100250676 6.767171807 0.199693930 4.674648917 5.091924618 5.071715035 6.921865425 0.870683241 5.849366547 3.568915609 4.307519643 5.884584920 5.222583479 3.758650852 9.596680097 5.836235363
-11.932327899 12.119510723 -21.210722302 0.740145391 0.402242480 0.215426512 -0.493940488 1.844864294 1.077898088 9.879520323 2.810305514 -2.482367132 10.763492456 1.140513216 -0.608047610 8.052075907 0.446683819 4.805281914 5.720062059 6.154849884 11.720681421 5.692224880 3.454979503 1.463786850 3.165612370 6.528220110 6.061454859
-11.781935137 20.866714464 -30.368520582 0.880619870 0.333817299 -0.088920919 -0.324295739 1.736371889 1.310194027 6.538961824 5.111736385 8.060773237 3.851718348 7.532201852 3.819948049 2.593357070 4.936139961 1.414473059 -2.492405167 0.500111334 0.205157849 3.417940239 3.932119348 4.980349733 3.847449557 2.098253510 5.275983900
-12.319066306 10.402665752 -25.696283989 0.977970543 -0.165361761 0.119955055 0.042893940 2.897807266 5.119079991 1.284748114 -0.354636187 3.683263799 1.588522536 6.800523470 3.488211336 4.455098686 4.076467816 4.946631861 8.302853224 8.138213742 -1.678801466 4.344338499 -1.241492066 9.327306983 4.163741888 2.952163953 9.334797471
-4.266076090 16.481036983 -20.249664281 0.707703942 0.373139237 0.305688575 0.516213847 -0.456870689 5.506560420 1.989047186 2.471321728 4.839841508 3.557548213 4.753273092 1.276145949 8.932547726 5.921944502 5.381456015 5.643166928 6.577091275 4.507181570 -1.240328270 6.202752010 2.794326923 2.360313342 7.920191265 -0.160711042
-10.949694479 20.511169492 -22.670703970 0.869060374 0.372688910 0.229246155 0.230831632 2.721625168 3.205040706 1.621485852 6.244478813 8.930952525 5.937038651 8.254744204 4.162633095 2.314234832 3.987303301 8.106032278 -1.689013679 3.383134104 3.352093927 4.578942406 7.126775334 7.281240976 4.230204377 5.704737645 4.734245656
-7.919975483 27.294088479 -21.004748797 0.855206678 0.504562278 0.089060516 -0.078145183 5.416451334 5.911938080 9.817003489 7.334223680 5.226391106 2.850506150 3.068890811 3.271618194 4.695102917 3.365619942 2.511697443 8.572712516 6.489251914 2.677976302 6.056497497 3.537128569 6.971873160 2.283545301 6.116872263 -0.140409849
-7.423044611 12.274566356 -29.774165486 0.929111387 0.334083049 0.124937228 -0.097628051 3.511034099 3.695319205 3.475600760 0.764496253 0.298693943 2.429761645 6.668533374 1.447360405 5.671261867 4.930678473 5.562652128 2.233450005 8.605102364 1.277401647 0.504416912 2.843837853 8.753968023 8.671562093 6.905554002 2.341014315
-4.236624537 26.534172639 -21.958508387 0.807374806 0.487153814 0.168500129 0.287114595 -2.478992149 1.253932632 -0.427698585 5.475391714 7.599474148 2.665122276 4.238809627 9.002919247 3.006456563 4.747882857 7.684696977 2.757577613 2.472584275 8.443806087 1.515339223 3.776545819 9.738842535 -0.559093290 8.179817831 1.215765825
-0.608665390 14.390585891 -21.897031099 0.708092577 0.497471561 -0.127071758 -0.484747065 7.886688870 0.421741620 4.569242419 7.046956138 0.835867432 3.792312039 4.874178472 6.693336100 2.905680105 6.753009469 6.926638893 7.602526159 5.176843551 4.546387903 3.254667619 3.338867178 9.277817122 2.295061773 4.224669532 7.306014084
-8.332073184 25.230519743 -22.764975838 0.888899131 0.439636534 0.116077703 -0.055713738 5.999186621 5.932827820 0.513341360 4.191827031 -0.358072292 2.860266389 6.106364653 7.818666993 1.280116488 2.082861882 0.749479954 1.860823749 1.310023757 -0.656145494 3.207711960 -3.120833609 2.408362859 9.406610553 2.560572582 9.423864164
-0.173289624 22.201648808 -26.046099939 0.748084843 0.464311844 -0.196543534 -0.431455929 4.719974123 0.560000808 6.371626237 6.709335460 2.058904676 -2.971307647 0.000827231 7.761677926 -1.997066898 3.756344147 -0.769701102 3.787891382 0.468383601 2.978247403 3.317244495 3.416043410 5.467465115 7.086563356 10.709123867 2.539426706
-5.093732962 18.900196755 -20.092608288 0.837793114 0.424462422 0.233671212 0.251658728 5.349187100 2.940712121 -0.334865048 7.677509868 -0.036507723 2.639282937 5.465312135 11.035203678 -2.457387066 6.526294425 1.217879163 5.098873952 6.668958752 8.485620270 -0.798306313 3.226719746 0.601560094 4.436898631 4.952485781 2.916140738
-6.375264585 16.381003643 -21.081899120 0.852370543 0.509093555 0.089833075 -0.078855741 6.433132380 7.841946068 2.127152153 4.257758222 0.971750964 8.233231954 7.809871279 10.358688456 3.055890507 -2.376387754 0.832215577 7.306831037 3.571424391 -2.287333075 7.654298124 5.605825710 1.103121040 -0.470022142 -0.368526225 3.644241479
-8.712506650 15.395532945 -21.747100445 0.866674090 0.469344750 0.124900911 -0.113979337 1.105296355 3.897125923 -0.039436467 6.816309787 4.977638165 -1.291350320 5.891889026 3.003785721 8.487471069 1.321981016 -2.238431214 2.306346149 4.817043690 2.329806509 11.261168214 5.083129321 2.028934495 5.559871093 10.034729284 1.109426263
-6.961315460 16.701778505 -23.665445704 0.964269711 0.228782805 -0.105233423 -0.082269549 1.721275379 4.365622602 7.652762033 -1.259975360 2.207578691 6.107765340 6.501518495 5.546929099 6.288137386 6.992856073 2.353059986 7.657427185 6.946884973 6.763953220 3.756968387 4.806361492 3.506014872 4.821517862 10.607848460 8.318747074
-6.128490439 24.960357448 -21.842842936 0.714187551 0.439275911 0.283167774 0.465605871 0.154578655 -3.523385351 0.784829840 4.785552496 3.283000519 7.485456331 1.504106251 4.240391100 0.586596420 6.357376954 6.785014945 8.158030542 10.116532483 2.906721071 2.036694180 9.026115455 5.552669250 0.219338582 -1.071098196 2.024147705
-8.224515429 10.147132134 -18.728934449 0.748340368 0.510898826 0.284477463 0.313116044 9.632631687 1.081966832 2.403640057 4.040495946 6.974157496 6.242050004 2.706396411 8.966599838 3.211901942 3.386234160 4.261443372 -0.370459407 11.834822624 5.200086540 -2.213253422 2.752589444 8.016340977 3.841512908 1.992563480 2.258985071
0.422411910 14.131048185 -23.684995118 0.980390223 0.025150281 -0.162173818 -0.109096871 0.654789096 2.966879735 7.676073912 1.713562234 5.204558098 6.638373454 5.458579727 3.987867863 -0.338649574 0.584728080 2.534189051 6.716498152 2.724753365 9.568942273 2.339538996 5.294223727 5.446209370 3.441427746 3.759249815 6.451073098
-3.447358779 24.699175493 -28.725292408 0.847259006 0.504537191 -0.020921407 -0.164792881 3.981800145 3.315943742 0.253757701 5.354050496 6.373309590 2.678873187 5.847568663 -0.949626487 2.860297473 2.676056745 4.384000881 1.700868027 3.250866824 2.093204603 5.015262987 7.473364807 2.930353493 8.323498338 3.728418126 7.285769253
-3.618680489 16.896053231 -25.031980408 0.707207057 0.566553976 -0.112768168 -0.407624964 6.601298707 7.546592439 4.258429951 7.642959270 6.562787019 6.648103210 0.883264410 5.928067649 2.999102186 3.108696971 -0.202967701 4.354800693 6.593198374 3.608957378 4.800177190 9.804522992 2.592231619 3.661614644 0.626660371 5.778221347
-0.781505036 13.408446209 -28.923838138 0.927285081 0.181640175 -0.316140694 -0.084878068 7.924688616 4.039856433 -1.067963413 1.804830389 6.192086608 2.296911519 0.368562118 8.795951209 4.682395559 2.672084497 3.482225928 4.128801128 9.182228236 9.283924398 3.271416837 10.968403813 6.691835947 8.027203045 3.643953006 4.810530419
-5.207978156 16.734243197 -27.036312277 0.729474271 0.542617772 -0.082208612 -0.408258478 8.274496340 5.958465696 4.339820995 5.703994165 4.421804595 8.401954925 3.782703204 8.144971239 3.202205223 4.805857470 7.190280584 4.729773876 4.952790142 2.019651762 1.064418765 5.818777952 7.800911266 4.589740156 7.737099000 2.997069581
-2.935870911 16.026639338 -17.306871264 0.777204475 0.488710798 0.018447988 -0.395947764 2.049735627 3.577024872 6.243552869 0.861827815 3.913501292 10.631073066 0.338998611 5.674356663 8.617169559 2.216297750 2.788842735 -0.008303064 5.606193583 6.628209721 6.799069764 5.495359453 1.806183713 1.858527517 1.535270429 2.160190186
-7.074020763 24.944734987 -24.224930640 0.733357743 0.632707525 0.226691121 0.102365737 4.069877083 2.268451604 7.102002966 10.537717655 5.228659996 5.446562689 -1.242695001 5.541297103 3.038464122 3.324435340 8.024067074 6.537884560 4.735279848 3.990490386 3.350228919 1.375429781 2.777712138 3.601641399 3.450619632 4.291015366
-4.777550390 9.744881187 -21.781220154 0.971280607 0.116484077 0.085959765 0.188828920 0.748517207 -0.091237833 2.394465141 7.740919680 4.567826841 2.920689284 3.884267214 4.861873197 3.422035573 0.380524165 3.520081562 0.577884817 3.055810496 3.952358031 4.284725237 2.630615702 5.322225650 4.329410408 3.061244336 0.741512690
-14.475007168 22.411986339 -28.455681532 0.808849201 0.542590177 0.166333938 -0.153921702 5.223421030 1.018679922 4.164527311 1.998273165 0.321032666 2.302803613 5.861239192 10.472561281 2.588968434 2.905349112 3.896179139 1.087473136 2.613764889 1.641591385 2.072505492 12.395913632 8.389447241 2.541221800 5.579210965 5.583196577
-8.538031598 17.305548397 -15.532120644 0.725177218 0.593972540 0.175440786 0.300890603 8.803374272 8.838634099 3.165555036 4.459134781 -3.205570372 2.864433437 1.125096356 4.080237105 6.790398056 5.243382070 3.862015768 9.017907592 2.128569084 2.343455307 4.739752118 3.358497776 6.173534534 4.470382566 3.465893355 5.316789604
-11.532262922 20.126938456 -19.838789686 0.989585719 0.136530444 0.040749133 0.020470722 5.915156810 2.160832386 1.479779786 1.351952710 6.022605792 4.424406732 2.018605027 7.724908334 9.160207109 0.200173263 5.243505332 9.721052560 2.750931850 2.041407820 7.254112829 -0.088079348 3.109600289 -5.235766698 5.721978315 4.230766160
-3.406288756 21.488986332 -17.273393464 0.778221202 0.494813100 0.062420331 0.381622142 3.210100616 0.828073116 6.021746598 4.318667155 -0.093495257 6.090168816 -0.894828748 -1.183199194 0.401694307 12.186977912 3.952728084 5.931346342 7.531936781 13.390455440 5.764837066 6.893599294 12.404952674 9.745782059 3.374419180 11.792949516
-8.667925978 16.703457614 -16.628378914 0.774803398 0.549657758 0.303300352 0.074598527 7.305528913 2.720621293 -1.493643485 4.504135783 9.067714933 7.590064159 2.772997572 5.334249447 10.606247325 0.290849059 2.225185194 2.051534264 2.503188539 6.800433637 3.317816595 7.986671226 0.480748588 2.646994434 3.078718597 1.494544826
-13.184405718 18.911506051 -31.330928567 0.822995074 0.379916468 0.348463502 0.238570267 4.555554217 7.480246793 3.373538037 4.166276004 -1.280653607 2.473576671 6.958332491 2.279705770 3.605635186 6.353457565 9.483252195 5.621652442 -0.555770943 4.041402465 3.075647455 1.268548993 4.861784977 6.480963996 6.267978595 7.075398735
-6.849421108 24.394180564 -17.394556532 0.900171608 0.428070899 0.072181820 0.035159154 3.420033843 4.383521030 8.374432351 3.153721036 2.484832578 4.065694678 2.444500802 2.878740320 4.501677026 6.967691011 1.322093194 0.121420152 7.611224171 5.534056130 8.592695651 5.662502950 4.255688757 8.070807834 -0.764626081 6.686558814
-14.215837727 20.638938230 -28.599608920 0.800078906 0.551847606 0.172516488 -0.159925062 2.366801030 5.574775775 5.820367406 5.498756159 6.597895890 8.265183276 2.449635140 5.681952498 4.572363021 6.266616324 5.611297921 -1.083582999 3.846437752 1.866040193 1.648539727 0.803306548 4.913429301 1.659904260 -0.766184882 5.583546380
-8.925988776 17.542744691 -20.025926342 0.826404863 0.526175345 0.120730324 -0.160058422 2.921397024 3.918698782 5.735135949 -0.442882541 6.852043229 -1.449753875 6.873334445 7.850875873 3.330317955 7.184572063 5.833606015 3.705215392 9.390385412 0.933886115 -1.785948435 7.693312197 7.920817404 1.313079208 0.596892394 6.573185822
-14.858631982 18.511354023 -28.881929669 0.923916575 0.228433195 0.237966570 0.193825564 3.818746002 3.103381507 -1.005423978 4.396813753 7.031641419 1.929038844 -0.231113191 7.878441125 10.141954861 5.672999359 2.028270758 4.706744391 3.064174785 7.798192761 8.395699049 6.033618293 4.941207072 6.468110560 2.759491260 3.573684778
-10.415405215 14.791328065 -33.001564482 0.995130599 0.021903955 0.069304041 0.066575200 1.212939448 8.335600913 6.251471837 6.865588142 4.319549480 -0.510507051 3.496225772 0.660925697 3.625693925 1.473292712 4.319524458 2.390951701 5.159880625 5.672234087 4.506170048 4.952627700 2.752965143 6.423551957 4.523458186 1.365216121
-2.776772351 22.341834070 -26.656111408 0.793328754 0.593989647 0.066208134 0.115854517 6.364611714 6.812716419 3.963220353 4.129621489 1.223884597 0.261488502 7.054903664 6.268371595 0.000910570 5.056978650 3.720233909 0.916406779 4.248853570 8.887337828 0.179848209 2.025264910 0.764619378 1.903993059 7.390662149 6.009809428
-10.505354262 18.743770347 -31.670608538 0.942374996 0.258275904 -0.188179921 -0.099051712 6.846274693 2.241520032 4.452564783 4.625008187 1.307109007 3.780989559 6.890614000 5.732277678 1.758979216 3.599476762 2.405358960 5.493411735 2.281523811 3.953263502 3.231674831 6.172673422 2.658389300 1.707873253 -0.206257985 1.557681514
-13.458508278 22.396559496 -21.658744190 0.793113895 0.589292213 0.115697011 -0.101583657 7.302293990 4.040822420 2.848779847 8.771382108 7.075614333 -0.933664348 3.042817237 5.683341552 0.104002267 8.366579299 5.461187536 1.154242955 5.923814725 2.686451612 1.866974034 2.242817982 4.652301537 1.563932983 2.911263164 3.937109640
-4.116390612 22.531341258 -21.595998071 0.908580767 0.405225013 0.051585554 0.087250273 8.406145139 6.184915377 -1.049280995 -3.638504061 5.001137579 5.887871649 4.232185919 2.741137725 1.241900143 2.535806383 8.629288449 -0.777134469 5.708579691 1.219852968 3.326748543 3.915505545 8.355165317 5.011897794 0.644993205 3.527260808
-0.813760787 21.490748587 -17.782707085 0.959713973 0.256914665 0.004248302 0.113692117 7.121688021 0.185047209 2.201516141 4.299233061 4.552546503 3.161426203 3.458734686 2.797391551 4.988679595 4.587329881 5.337338302 2.867604099 2.600285888 6.885694179 2.895551056 5.780778450 4.004408125 4.429110934 -0.780031967 1.251835528
-15.247088978 13.929911318 -23.467496937 0.769223922 0.445040772 0.369224071 0.271858152 6.142653606 -2.950410774 6.266235286 4.954062105 6.091935543 3.745334293 2.389833074 1.994245499 2.287683388 3.791518954 5.437102552 6.261486800 8.383440919 5.469552975 9.837758735 5.189954789 3.244109279 -0.158769241 4.533622215 3.653272849
-12.741324527 12.654932385 -29.246598328 0.804657241 0.438267885 0.398720127 0.038343779 5.851877566 9.164943668 8.221895423 5.990592365 -0.896314046 -1.662106161 8.072610421 7.086301251 7.540130134 0.682135232 8.505017425 3.156014078 0.494376309 8.799065963 0.609650486 8.208238694 -0.195650396 5.673547734 6.438499086 6.019333148
-7.740927510 20.749674727 -18.907212239 0.782413202 0.536411739 0.161142203 0.272259469 1.766572393 3.494861635 4.323365111 4.995101764 5.771638746 4.521830757 -0.758827294 6.082746524 5.699531699 4.792324077 9.467626259 3.783940310 4.738866703 -2.087981091 5.887365363 4.406133372 4.918910150 2.192564753 2.015557644 10.787815628
-13.574113116 11.621601244 -24.446061625 0.956619829 0.219006051 0.150830694 0.119016610 1.162713481 8.492640887 3.077111533 1.901387565 -1.963425573 6.565229300 4.579887058 3.365092921 5.355668474 0.439831450 1.274837244 8.385133206 2.716691666 4.349586341 3.236938875 4.291901723 2.309589680 6.656906139 4.830140679 3.982904857
-11.962550126 21.018725876 -30.842179424 0.745827376 0.324087429 0.351960699 0.463500303 6.483324163 0.385855795 5.074173966 6.868948903 8.725064914 8.585998778 6.872953648 6.330144669 8.694749592 4.791420093 4.517886606 4.537547699 8.679916340 8.160700801 2.131201688 5.535778717 6.806897675 5.484957176 3.979444201 4.042300738
-15.085784809 21.668617899 -20.060055490 0.869488649 0.234263456 0.247923330 0.357273209 0.391732355 3.509365138 3.325890944 -2.797099676 0.192079261 -1.375793272 7.735622308 6.842735867 4.339958773 5.672594061 13.623071121 4.405435045 5.329636103 6.187444825 1.713712905 12.293922026 3.967343245 4.238020257 3.615237518 0.003748575
-3.390676385 23.298759196 -20.551405922 0.914883155 0.370033594 0.106838972 0.121034645 2.362234352 8.320926703 5.355924119 1.809864726 7.944942241 -1.990587193 10.108194421 3.645254706 7.467304171 5.691385818 4.280997222 3.470011996 4.743200367 3.717149410 8.405098217 5.670394028 1.533760866 5.603505268 4.505467710 6.428637154
-5.409894514 14.569144172 -24.936663417 0.870783643 0.383667349 0.108450896 0.287704041 8.100326376 -0.445997981 -0.278147373 1.919446444 2.466408637 3.072993577 5.650768881 1.301651661 3.347448456 3.479634864 4.350293386 8.111532648 4.766424997 1.473449801 5.665706738 4.203034170 7.809085322 3.539799487 2.626411904 6.067608320
-9.445805877 20.190920467 -20.778400168 0.878571859 0.461367210 0.123479916 0.002120516 6.909643686 6.107428815 3.993822927 4.504882227 3.060125870 2.118698111 1.068307631 1.737571732 6.075964234 3.828215821 1.063591971 6.442115002 0.542250506 3.365429925 -1.235534114 -1.581552659 7.099402336 2.195646820 4.290849225 4.098375510
1.191879068 21.251144016 -21.043578746 0.828495544 0.447628492 -0.083435495 -0.325979118 0.242271955 2.187727710 4.221521639 4.848783690 2.312265272 2.586055573 1.411987883 5.051294166 8.095679710 1.662033506 0.994193425 0.300799563 7.394092476 7.673522978 4.162466632 3.918677162 6.878786582 1.950079070 4.494513745 7.658160876
-4.500037723 17.630097893 -31.649581866 0.798274935 0.421959768 -0.171851122 -0.393921659 1.095672550 3.339396547 3.822801130 2.807636625 3.779582598 2.919670196 3.892033416 -8.268053290 0.425052667 3.100397726 6.038773118 5.084732247 4.931414445 -1.849704974 8.013831872 0.152047540 4.026291251 -0.656424549 7.770681530 7.001801066
-3.968204580 13.833142937 -24.479869397 0.846324869 0.481270852 0.222984626 0.048892126 4.623062965 4.569341671 6.021652415 6.189476616 -1.019147617 6.989807363 7.477919547 2.391033653 4.353777893 4.048074414 6.271179368 1.441938446 1.648799316 1.856330308 3.691084409 0.021398296 6.005427983 8.717401580 2.614037496 1.320851916
-15.997636372 20.053385397 -21.563836466 0.841898847 0.476738685 0.238299256 -0.084498648 1.922769815 -5.868073376 0.668335109 9.038517994 -1.662000113 1.005345721 5.551843681 2.615184224 3.672086580 4.601228318 3.209580466 3.207940076 6.153094571 3.156597050 9.994452492 0.794311089 8.102499600 2.288930852 7.278352035 1.467594323
-13.998745224 21.522547806 -27.799966429 0.896052215 0.394334303 0.169495478 -0.113411501 3.380504156 1.317043162 2.695027407 5.006261549 9.125900549 8.470933660 1.789521800 1.294514384 -1.211969373 4.162998189 11.256807718 2.934273021 -0.569256985 4.338718769 5.469112352 -0.391420269 5.170486165 7.986621258 5.963311045 5.741232414
-6.991291386 13.863580488 -17.027082263 0.992033591 -0.019746860 -0.061263243 -0.108287724 3.754911143 4.022144860 3.529236755 3.772471164 11.151990744 -2.335915243 0.185306417 -5.039362892 4.388492313 2.090274536 8.275502844 4.595389321 10.560739207 -0.471044075 0.356855404 1.485713697 2.203828681 3.833929685 7.469451284 8.290163146
-14.800794966 16.982283586 -19.284656533 0.872438250 0.371919037 0.251453263 0.193129455 7.176181545 5.204936097 3.181774879 4.638782041 3.711150423 2.741881778 4.839369303 7.007503881 -0.693102863 4.074835083 3.753776249 -0.204606444 -0.001185200 2.722149926 4.182564512 7.742837625 4.061491001 2.020423792 4.866317642 4.658911071
-5.835750614 10.390667041 -19.828930298 0.812750661 0.452983247 0.059539509 -0.361521213 3.706008328 -0.162162936 0.323321982 -0.728556320 3.067460367 6.338708356 7.521907900 1.339608262 6.459532625 4.177032737 5.597753073 4.930929872 0.475290478 7.499338669 -0.320047909 5.777904776 7.920398651 10.314649097 0.354542142 4.041873723
-7.528386619 12.677430282 -24.854461561 0.937234890 0.010715190 0.243886772 0.248988331 6.676712002 4.570573560 -0.992476545 6.229939167 2.467622533 5.195200057 -0.171670596 9.137156811 3.204570572 5.698189295 4.486837444 4.759052273 2.494263415 2.520093241 3.384210375 2.495130849 2.093185652 2.122353713 2.044188965 -0.073349743
-16.098698058 15.323387073 -26.690050646 0.838383911 0.473428512 0.196117578 -0.185784169 -4.686053711 10.813459552 -1.163270836 3.925731835 10.329304117 4.685243340 2.573608646 4.449830178 6.575465181 4.970616865 -0.752822001 6.184714691 11.004439206 4.695658585 3.129322642 5.720568315 10.738598003 6.407247470 0.851965089 -0.557017192
-5.800002335 14.224375837 -15.489336016 0.883054781 0.372740363 0.210003877 0.192814024 3.582811737 1.031040575 -0.052952427 5.358259121 4.877807584 5.165576138 7.625221947 3.222661002 0.357023436 6.844567628 3.876768281 5.314265514 2.040925783 2.558451772 8.014235535 6.885767192 4.030386117 4.171464075 3.635997146 1.191843010
-3.217432499 12.187007262 -30.557592934 0.963379072 0.255559272 -0.043979656 -0.068234975 2.432673503 5.993134540 7.310123608 4.409830849 4.740738216 1.291042740 4.793928896 3.749781512 10.306213901 7.732172847 3.050788836 3.974452686 7.631312769 4.569324116 4.404961207 4.870611701 7.614024554 1.175602168 5.496401076 3.105777481
-1.087681389 21.097465503 -23.613847914 0.830637991 0.536983637 0.143206064 0.034367500 2.312339512 8.635630517 7.603538482 9.043764918 5.397631010 5.282019125 8.064973085 6.193715301 4.170378718 6.450686389 9.916284836 3.044758473 -0.217621510 5.584697954 4.180314948 4.596555587 4.419328233 7.477492765 4.077637844 4.282959583
1.006764992 16.549311636 -19.626724134 0.958574122 0.283282197 -0.014298608 0.026122769 3.702144165 3.541055960 -0.825229236 3.690968372 2.694748087 4.717945470 5.126069073 -3.580487063 6.079796009 2.253331533 2.321343027 2.677122650 9.677699851 2.552386581 6.002527695 5.214620370 6.124042496 7.397335392 3.042814451 2.104052777
-7.407648771 16.217425961 -31.307375010 0.815025562 0.566205739 0.093612811 -0.079881385 1.923562146 5.531306053 5.015241090 7.209069573 7.628870545 6.933989058 5.229929215 8.037107923 7.921426946 5.029717188 1.751013966 -0.647905990 3.036474139 6.838252592 8.517623220 7.619259151 7.300693590 11.330790221 3.872230312 4.629712774
-7.880443072 13.863087170 -28.824411602 0.971340391 0.016893653 0.120640481 0.204103710 2.306235190 7.403667849 -1.371238647 3.345702132 1.333148590 9.687066064 9.587664245 8.478297450 7.101264648 8.089177945 6.131198753 -0.739305349 3.139213667 2.571885390 3.001497476 4.624505445 6.821961073 1.553961149 7.276438186 4.036922386
-11.083385438 23.353439914 -21.886174196 0.853976541 0.338024232 0.172051798 0.356176732 4.187762936 6.549176701 2.759799169 0.092072085 2.544891693 7.117809567 4.404709707 -0.815113695 5.124159291 3.521451226 1.858102588 3.322304620 7.370787784 1.738821815 5.140270623 3.470923253 1.346059399 0.338488014 6.741015163 3.410957186
-6.351234519 17.068025376 -17.820286329 0.728024366 0.631306753 0.248186514 0.099175405 2.786905596 3.323118771 3.286652579 3.468971766 2.588795458 4.758153808 5.684774116 3.301847395 1.590399527 5.152939969 3.069599135 2.203673657 3.753522236 -4.334131760 8.699224161 7.390086040 -1.110648140 0.535890828 7.231755279 3.465247679
-8.467838653 21.578167653 -32.425310216 0.716262960 0.661097491 0.221175584 -0.031604448 1.129832377 -1.542985384 0.872797059 2.459198836 -1.644939919 0.743349588 8.764402665 7.959135594 3.101567160 3.251162271 2.390407837 -1.520581363 9.790192344 3.709583333 7.264394614 5.392966224 0.000702100 4.236115165 2.843439780 0.612189166
1.413028544 15.840401384 -27.123360572 0.861544666 0.377211057 -0.109637582 -0.321608779 3.387197276 1.306007385 4.935693494 4.560679117 7.450782315 3.778034741 2.039644498 3.318442445 4.185373046 3.186929680 11.467014037 2.883308144 -0.158167848 2.222719814 3.719746790 3.747991555 7.322221312 4.296292516 0.940858768 7.112738467
-12.346119081 22.990081446 -30.665728066 0.954848883 0.267344040 0.128685486 -0.015192749 3.864490988 6.367465007 4.373966224 -0.175986432 3.373299730 3.261798439 3.237211866 7.821274355 4.024417678 8.118552673 -0.151621939 0.259804765 6.390709634 5.813086166 5.586145207 6.289992938 2.976492859 1.658990921 4.169207482 -0.369794939
-6.424116888 24.113354560 -16.626640866 0.948708544 0.251446602 0.049391402 0.185168015 4.192830140 1.698328134 4.140522304 4.026218721 3.594083798 2.073452973 1.610069896 4.738198136 3.361078220 1.763791729 5.730745773 3.008272308 5.043062294 8.396446518 1.884788156 4.663309056 -0.189449512 7.196163924 4.054312613 7.174159701
-1.278728924 16.637203920 -27.056437014 0.904798874 0.409907021 0.102004058 -0.053948157 3.730343774 2.799889808 6.756140711 2.132729708 2.418052923 -5.846396477 5.658079348 5.833608550 1.215839666 0.816023590 2.791780526 3.316636878 8.265928006 2.552175146 1.777143681 1.089846597 -1.155484345 -2.268870622 9.388537866 0.402124687
-6.757179104 26.881144996 -26.079520044 0.845724509 0.501748200 0.096010008 -0.154210494 0.815198275 10.077678038 5.511064889 -1.238256200 -1.268957751 9.285805824 7.255167072 -3.006073123 5.903653477 4.035290628 1.790504587 -0.658402722 5.155887103 5.345406219 0.495094177 6.990378880 3.100478065 4.445892792 4.956804182 2.648859661
-13.593450848 18.960830144 -22.947686593 0.823336176 0.404067997 0.367330524 0.154644369 7.047384979 5.628094075 0.849798514 3.458557465 2.700054530 6.074186665 0.202157116 -2.557782214 3.491691128 0.719753985 3.797719134 5.614473898 5.970619959 1.199773096 1.303753733 -4.711103986 0.330816030 7.258327717 7.304703405 3.796782679
-1.182804557 20.458287670 -28.070084721 0.767261778 0.499679451 0.133578471 0.379192039 0.182861691 1.254368377 1.857741362 9.896806129 3.553473494 5.017426954 3.853461209 7.805878024 6.138588406 0.946380869 0.917505177 7.011975162 1.951413073 6.870175734 8.335178065 2.087663464 1.190617418 8.749473357 2.256544078 2.776752786
-9.455178321 24.255526784 -30.613392880 0.992570249 0.095160982 0.056132251 0.050969204 2.091575308 1.654322569 7.870495134 4.492615512 -3.282748745 4.019124817 -4.167405629 4.576318678 4.442015427 0.820128736 6.913852547 1.765485680 4.976297092 4.065898786 1.051392595 1.896586024 9.727220532 6.280258091 3.916807655 6.485172299
-0.099886695 20.059352891 -28.578552620 0.951390209 0.287933747 -0.070442251 -0.083598548 6.156302758 1.262078176 3.681604185 4.459278355 2.390927336 0.960687737 2.395585936 -1.914637539 5.952348071 1.644474629 5.456504969 4.700517220 -2.020681485 4.143607959 -0.697674352 3.468599232 5.683921070 4.055873658 -2.882601553 4.078790686
-8.636450467 15.937269341 -22.200213950 0.864270893 0.475419916 0.121637122 -0.110526635 7.359379887 11.595019108 3.271897889 4.142456698 6.419887468 5.970300656 6.167212640 5.249380188 -0.193670604 3.939122633 7.800391775 2.103179408 0.229661830 11.038128927 2.818540490 -0.155382402 8.993821026 4.032415220 2.409490991 9.515115133
-4.723256829 20.374384453 -20.913926099 0.722602228 0.672158003 0.098394289 0.127938278 7.517102324 2.352417191 3.565736266 -3.151072512 -0.847668100 5.873919970 -1.317521556 6.018955107 9.749646519 2.555738401 7.830412532 8.849736123 0.559118032 4.300529600 -1.666690453 7.884718912 2.741754461 -0.261186927 3.007171757 9.326561236
-1.179400745 12.080285160 -26.193888384 0.962337947 0.078872290 0.120939037 0.230344498 3.764090933 -0.466245656 8.565666138 1.229182770 10.411924111 2.574278582 5.498534721 1.290388522 7.763334967 3.075567876 7.371455012 7.194000744 11.134480614 1.898140450 8.728655004 6.491340058 5.548052086 7.819317793 1.035884174 4.819600777
-13.074764241 19.191919380 -27.621315162 0.789724895 0.505208003 0.342792352 0.059940540 7.214408574 9.782985086 2.062614275 0.207455441 2.173452162 1.518021756 2.461002995 -0.441526542 3.330642342 6.364081657 6.189404889 6.391876552 6.989206402 4.192525277 2.978969924 -1.438258370 6.427517917 2.602133438 7.866132172 11.432267855
-1.528834667 14.855258218 -27.181362237 0.803528418 0.462143043 0.259373707 0.271092549 5.914289906 2.945437449 0.334906733 1.542465261 5.255308347 6.643048506 5.685466795 4.870315908 1.680295122 7.188050069 3.800344547 -1.199817829 0.477190076 5.337615301 1.115564071 8.662867949 2.699498691 6.066625561 3.982219670 -1.924516667
-7.830918859 9.347038739 -23.009646375 0.986171324 0.137641509 0.044649117 0.080792273 0.047112943 4.900686171 9.445618030 6.673104686 5.317151575 0.560022433 8.892432302 1.151159164 10.276006005 3.572060430 5.384164272 4.575195352 4.705169406 2.733374677 2.194828259 7.411302437 1.668002510 4.618098570 4.735061722 7.306883609
-10.124181741 11.914014595 -30.183239237 0.824816292 0.505888091 0.060754599 -0.245079993 1.264028037 8.986941567 3.061021980 0.197140026 8.642638879 1.917976476 4.853061066 4.917408408 1.440404611 4.486827473 5.126533181 4.857045607 3.103661805 4.103881337 3.340816723 9.648813597 2.173179406 3.589821430 1.188206065 3.758903892
-6.691193491 21.697986312 -25.229096100 0.807778949 0.456563500 0.247335992 0.279048107 9.922737275 4.523107226 2.368560133 4.485051784 8.813785284 2.944411674 -4.605713038 2.737724870 4.852725648 0.129155887 0.391312345 5.494189205 6.395382589 6.706954918 5.660856130 11.301186374 3.234841490 3.033969579 -1.702874841 1.343820728
-7.889570243 21.837309035 -29.961309551 0.996257085 0.070262235 -0.045133086 -0.022316893 4.932109086 4.744548953 -1.189114477 0.878498823 3.530439691 5.351108306 8.953981154 1.329452534 5.635218895 8.462023297 2.221521493 1.710838866 11.766982281 2.064513816 8.059232876 1.623643141 0.030299593 3.165461994 0.699874954 -0.367861080
-3.288158124 15.109109162 -16.249531230 0.760536630 0.646006664 0.062036313 0.020271167 0.954861835 1.753432204 4.023533894 4.054321036 3.662924143 3.359280631 2.777884399 0.788633286 -1.044836546 2.094478684 6.298884119 5.411620541 8.258772737 2.198070543 5.578766218 3.834113752 3.357964806 2.380113810 2.580953048 7.143034039
-9.383799247 12.940850865 -20.666998975 0.714486896 0.507134987 0.149264145 -0.458304260 4.794173338 0.553615609 -3.218765136 5.763360924 2.413097172 2.268440861 7.358272037 2.414873418 8.207352843 5.874827589 6.403630875 0.436528242 -2.012453489 0.959036341 3.934933736 3.412507045 -1.016973942 2.418369154 2.286974783 7.252373837
-4.494506168 9.744098996 -22.115864818 0.729385865 0.579187087 0.137400243 -0.337134619 7.685804564 4.797839461 -1.433966670 -0.339326536 7.268205593 1.294004553 7.436512239 5.587690904 6.052018759 -0.645288669 9.552360886 6.650175674 8.900255382 4.714409417 6.170929246 4.765347302 5.889526314 5.557168593 1.027856876 5.534635680
-13.555456284 10.508146804 -25.968950148 0.833605489 0.133910317 0.510977893 0.161466740 1.942270392 4.471227129 -2.387819850 1.535646896 -0.848955853 5.928299348 11.425338205 7.289882085 -0.239052852 0.274749438 3.662090951 -0.566385495 4.447008393 2.823575613 2.387369894 4.689220716 4.593814552 2.619390102 1.442397609 9.333784917
-0.846975797 14.270912210 -26.536224326 0.857498132 0.483442840 -0.068934696 -0.161950553 -0.463809089 -1.794284676 3.825467715 5.407744317 3.280720276 3.683795170 1.808592987 0.784912710 -1.561573102 8.511160241 0.173780450 5.221121746 3.598845314 1.473900932 2.007102553 0.691518376 6.675403905 4.718149278 1.432590797 10.276722545
-8.281288830 11.365934403 -27.104501528 0.744027153 0.345703988 0.306908341 0.482410218 2.941280109 4.584609419 0.318678432 4.741843511 6.736261525 6.272123161 4.624127473 7.569197624 4.953687045 7.529090471 6.070811902 4.435800275 3.849767107 4.172277911 6.877698770 2.271888291 4.690180691 10.156704637 5.621302246 1.590718294
-13.216897294 23.035350322 -23.697338394 0.958321118 0.248534760 0.116216796 0.079654033 4.188412631 5.517006029 1.431128077 6.285595685 -0.066835587 8.680629592 5.116171853 3.889315621 0.210603769 -0.898779536 3.871981966 -2.197315311 4.732524111 2.829496979 3.253549563 6.256934102 4.125016109 3.799531096 2.254540145 1.879591091
-5.328154145 18.345548938 -30.022986998 0.770538749 0.449040672 -0.112216883 -0.438223553 8.456874924 -1.642370273 8.502184318 2.808130597 8.487361860 4.148455177 6.373124395 4.661470624 2.041914023 8.147270115 7.461465601 0.712100493 5.944429201 -1.500346929 7.176389475 3.813856717 3.402021986 7.068821117 -3.140776537 7.306791983
-1.781380182 15.841430648 -23.524511834 0.945520214 -0.017762545 -0.230244174 -0.229485593 6.657442459 6.057846650 5.321667815 1.918596197 2.569775709 1.661759484 3.987367756 9.093929096 2.753089703 4.768131216 4.099378830 2.865755421 3.432193255 10.175758596 3.620067654 9.550669837 -0.130745017 5.247343679 8.542260768 4.949548934
-6.766678888 20.891231584 -20.549718966 0.840958309 0.516552590 0.119867954 -0.107676447 0.626598071 1.871086261 3.104346238 0.808867636 2.360065506 0.544004151 4.028937657 -1.341883673 0.253593348 4.698769649 1.440889301 9.267901645 8.736255137 5.214620232 3.386582105 4.494330235 1.512953977 4.047162571 0.810617267 7.038070046
-10.121696068 24.394882904 -23.108960310 0.711235033 0.408157412 0.190941774 0.539530809 -2.817792332 2.578985224 4.655468303 8.864538492 5.849762197 -0.229670624 6.102674310 1.163070991 5.970550784 0.985066916 3.089728936 7.770044129 1.137544820 0.521617467 6.139276439 3.566428585 12.455373150 4.895301103 4.771082685 2.124576249
-4.983301047 10.618503996 -28.679590108 0.988500429 0.097122910 0.088624578 0.074697566 4.208080291 5.617907749 5.518770368 3.589621575 -0.361556020 6.117057972 7.635760092 2.619358346 6.270299703 3.557578755 2.012271573 8.188129649 3.118409720 3.878430098 3.370073393 3.780371302 6.662777608 8.541871264 2.112727873 5.949564110
-8.346357571 22.532972812 -26.047024643 0.839630869 0.528132985 0.123166873 0.030421634 3.355482198 4.885047893 3.422841465 2.171044222 4.419576652 4.653736994 3.031634003 5.966412720 6.540272180 8.034767198 3.860023592 2.711751897 14.430659347 2.872907681 1.214720807 1.325780113 2.779492721 4.439918986 4.950746346 7.758487483
-3.948907733 23.935338207 -28.319124319 0.950384496 0.294950721 0.059667654 0.078823558 8.531612956 4.130678389 2.576455725 2.019934913 2.169250933 1.075568994 5.589355543 2.391469981 -1.499897313 9.452493187 4.506852495 8.481271257 4.470126584 8.739382325 2.468011711 2.495541218 0.904799515 8.349764697 9.425894519 10.953713878
-11.384166486 19.631351257 -17.325675408 0.745838408 0.433872401 0.131580052 -0.488023051 3.179232143 7.124896472 2.202589379 4.085997316 8.437436108 8.189060332 -0.566433306 4.423188075 4.564963311 4.226916610 4.584370335 3.881034300 -0.605518335 -0.981542584 0.948532480 2.016300520 4.852388161 3.944188223 3.358348270 1.304373667
-12.725129677 13.209445556 -19.963559893 0.775185506 0.403452157 0.233428408 0.426409388 -1.436424338 1.107137833 0.350096956 2.193225793 4.856922997 5.865074257 4.911548409 5.222487860 7.462477232 2.273406279 5.331350711 1.864215170 -3.261455384 4.197567684 3.584869421 5.139239809 4.555778484 4.611480381 1.884629877 3.278081750
-2.140224294 17.708062411 -25.971948502 0.978116208 0.205718144 -0.000056214 -0.031124366 9.162427478 6.017003311 6.188675039 -0.274185796 -1.070199401 3.978506131 3.452928722 8.209590326 9.542952877 2.397128763 4.447233898 5.443526994 10.950235153 7.159965460 3.884696471 4.313669465 2.942617525 3.732088342 2.899897949 0.895854567
-15.409730787 20.168234166 -26.369027157 0.717318072 0.660975969 0.163387746 -0.147885079 9.533753956 3.776981908 5.195445932 3.323684283 3.289163443 6.582983255 6.393004408 9.229264170 2.345044127 2.607812151 5.353834560 2.779870772 4.240382798 1.977600052 8.704487224 5.520846073 11.418020838 6.217296724 3.201383826 4.794079624
-4.059067869 12.186035441 -26.216680239 0.804395919 0.576565095 -0.093073156 0.108891160 2.944009518 4.923704402 2.012408577 -5.023235693 5.678166355 2.030983986 4.089343907 -0.011578840 3.866333031 2.454857938 2.279663194 6.171713698 0.769985268 4.208881237 6.524996161 4.244273431 4.416006370 4.144196281 4.313365004 5.362564416
-0.715471883 13.205766351 -21.574889823 0.866041056 0.472072334 0.075590603 -0.146310156 3.804904944 2.320132602 6.678927145 7.385795356 8.443138764 7.096341415 2.569666633 5.670681393 5.764120079 -0.512503630 5.836176901 2.275180212 3.725262620 4.897760836 5.496731823 10.148189192 4.944487591 4.021998877 2.755864892 2.008031634
-10.481742140 13.463102688 -19.045890360 0.898863739 0.326270462 0.159353516 -0.245352851 -2.193369569 7.830994008 -0.438838391 2.478836680 7.207296508 -1.846838195 4.050682918 6.522658635 5.951786961 3.336132130 7.656619862 -0.868734565 2.909824073 -3.040575150 5.996254238 5.170614206 -0.502711282 6.053035329 -0.185387651 0.878443878
-4.037970416 24.307766070 -29.523557023 0.947831911 0.180288019 0.139002232 0.223135114 10.390085808 3.599395667 6.071428483 -0.143650622 1.546311795 -0.160464533 1.500398378 2.969049767 5.723074518 4.900098226 2.693283855 6.421563543 3.943054091 -0.373401091 5.344012108 2.567393960 2.121126163 4.113206458 -2.204092123 2.287334858
0.327145548 18.391365852 -24.334613223 0.787143892 0.524648255 -0.112194603 -0.304238514 5.537236517 0.317153242 9.253403575 3.691226044 -0.215655379 2.015301751 6.764845481 -0.208771428 -0.448446818 5.768647114 7.245618024 2.805240901 3.013444359 7.673238167 2.837562758 -1.816866741 8.337303483 4.717623187 5.689555743 1.001849925
-10.714179690 22.169494964 -25.523040202 0.749502573 0.540389980 -0.189066180 -0.332383127 5.509243081 4.655555802 -1.726789138 4.286441205 4.440283891 7.610974500 10.834062229 2.033629907 7.927506916 5.396347786 2.472982477 1.230472717 3.951750412 8.505154888 6.858559202 7.381989954 0.742725942 8.536823451 4.051909789 6.866432986
-12.562099142 15.145654830 -18.365125532 0.794160459 0.541589117 0.269374890 0.058545387 4.090266804 5.967258904 5.518872475 5.543319874 1.787499748 9.482547848 6.268143701 9.553415324 2.595286589 2.034338400 -2.052981653 6.551063154 1.042568794 6.577646630 6.747882815 6.034715151 0.628104497 8.166450201 3.018233851 4.488524883
-8.783889042 11.226196598 -30.700655709 0.865752351 0.381376349 -0.301821614 -0.118019744 2.165264933 -1.426938426 0.261681460 2.528011489 3.852226754 3.219800315 10.304737382 -0.186355957 1.313402263 2.334156938 3.799670084 6.594120031 0.186716299 5.243308102 2.768187124 5.906414853 4.343159404 2.917296895 7.007169775 5.043625694
0.832964136 17.848470809 -21.249145386 0.850247178 0.522278451 -0.065364660 -0.005693516 10.994158598 2.274876027 6.293525468 7.399240980 0.211611439 3.304618376 2.785903690 0.001425692 6.971448422 4.512358392 5.084741025 2.643663648 4.258237142 6.138043910 -0.113746518 0.472467795 7.001678704 9.358619507 2.698391541 4.324544054
-5.058202485 22.490392903 -32.058389795 0.967534780 0.227907440 0.022989935 0.106799400 3.229216857 3.721368632 6.980285850 4.545350167 5.365244938 3.343977418 9.309237256 8.296770121 6.622958033 1.865161160 6.166414894 4.092141772 4.804682842 2.269472663 5.266755723 9.033615318 1.180914433 4.088187099 2.514909056 1.342139097
-12.582635548 22.650892646 -24.943768659 0.795675008 0.519919875 0.109293542 -0.290928732 3.507002594 8.808578717 -0.242779398 5.542131356 -2.283033698 4.609156233 -5.273300036 3.886899846 3.008451757 3.483868733 -3.709109186 3.524702201 3.536637584 -2.244882147 2.967035873 4.947318959 4.311301276 5.620061933 -1.371808682 8.448851072
-8.661782705 21.265257101 -19.369051022 0.898341124 0.399996660 0.121498899 0.134995978 6.294147233 6.694245365 5.642996433 1.681407508 5.756645105 4.415236595 0.784631412 3.523610704 8.474464154 8.395996301 1.259556980 3.082853183 0.979922076 10.618047931 0.448079699 10.168980194 1.535410967 0.456295458 4.951166564 -1.126536647
-10.871112952 24.053367905 -31.137155763 0.748496433 0.634590646 -0.086109096 -0.172142457 2.968270379 6.942678866 3.668295613 8.744948090 10.371096010 -1.128888371 6.391990068 2.229997120 4.212871789 7.099850982 -1.586376614 5.887567873 1.204545550 2.879971162 4.403315296 4.542219889 6.512304164 0.914791022 1.812990038 -2.926546328
-1.321854144 20.921447958 -28.242602354 0.796622564 0.591512326 0.120185637 0.032574098 5.148624635 4.069165142 0.468994413 2.896533665 7.269874027 1.835400842 7.431771492 6.470739560 1.767697341 7.088063316 -2.615452873 4.988939165 2.179571943 0.712126905 9.198576942 -0.076567380 0.869461131 0.083167033 -4.108185316 7.066527183
-4.874931597 20.592747944 -32.454157980 0.934950917 0.344106046 0.070242736 -0.050237146 6.157197689 2.409271914 4.512888434 4.404606363 1.275838591 7.691173337 -0.659798574 8.433379809 1.246635667 4.331763914 2.055218072 2.124243856 6.347479021 4.660241999 3.932070430 2.966826717 1.103719980 3.265996507 -0.513042284 3.668209630
-5.054867611 25.202234581 -26.074721056 0.792211907 0.495770344 0.233834624 0.268204083 6.497456641 8.215210330 5.785225810 5.252531117 1.337886474 5.430890810 2.430108338 8.761951731 9.055356201 0.505312275 5.686469742 6.856878128 8.252108562 0.064941216 1.419109121 8.224982408 0.009313984 1.121770962 6.600150709 9.550742713
-5.656112061 18.202971425 -31.929092421 0.963214595 -0.034309356 0.145446037 0.223351656 5.351835400 6.815987331 4.831149112 3.167294300 7.555447455 6.862398814 0.964631631 9.577321583 3.862588054 4.111576795 4.803397570 1.234266816 8.574272169 1.584888025 2.988723740 7.923483187 0.132393598 2.496420040 0.728534058 0.954943337
-1.004731727 18.332908857 -25.409286132 0.958432791 0.162298083 0.089513876 0.216917458 -0.528029552 2.182074352 4.763754919 2.959508178 7.058676523 5.698313964 2.373608630 2.319913768 9.649756145 7.058582047 6.582062514 6.786892243 2.176938166 1.179172106 2.607565259 1.633856916 3.301705478 11.295919690 4.779014285 5.161425340
-6.418114531 20.541867531 -25.617804708 0.943076472 0.221382378 0.116080607 0.219367050 3.392858219 4.005430014 0.142446086 2.430143230 2.231868079 2.706671120 6.785180567 2.622430043 3.860799151 2.097289712 2.807239346 6.587146636 3.011211502 8.070176643 6.765807474 4.001003571 2.931796762 5.293670311 11.148045040 3.703922662
-13.173087792 22.016994881 -28.196188597 0.929514561 0.097915699 0.167177321 0.313794424 5.527283251 1.603507028 2.491684216 8.822505228 1.926165446 3.847840010 5.705140710 1.230304021 1.340248983 -0.597800727 3.603580220 5.009910284 5.451147680 12.890641316 -1.021227157 2.679412468 5.695901931 0.247279177 3.824716033 1.579748865
-6.707324343 22.638044258 -22.546181689 0.851250573 0.405039816 0.105553269 -0.316502318 1.456649879 -2.098398802 5.188098995 8.196443885 3.189261123 1.325028253 8.200005807 7.284160536 4.527609463 7.516494590 0.206564181 -1.315683882 3.680676912 3.834425034 4.692137345 6.117080960 5.199889430 2.263301416 4.601618039 1.959506327
-6.681828023 20.003561866 -30.495483242 0.936199474 0.196122680 0.219349855 0.192229239 6.671962973 7.180357510 4.542303359 7.799485007 10.109100857 1.358155580 -3.691315472 4.504202511 3.692283810 3.789496445 3.514757855 7.966394342 0.637134725 -4.080284995 7.277211256 2.475996838 8.509706343 7.248031567 6.589233156 3.599692957
-6.735416041 15.956748132 -29.771991149 0.769763921 0.619013197 0.155462751 0.010839737 6.224928772 4.673884427 -2.837324463 3.071487828 -0.154503686 6.693296229 4.980572944 11.440346437 3.432795020 5.463532936 0.946952900 7.939611431 1.923868697 4.857751647 4.612793469 5.130792260 0.981413786 0.984000018 1.332945189 1.513759141
-9.519336891 16.247373967 -24.023880968 0.793123446 0.520229045 -0.202546579 -0.243499124 2.798561007 6.062767600 4.218437526 -1.369450108 1.253008469 5.320215354 4.194566437 2.266908673 0.990294018 4.158947857 -1.621061375 3.745714116 6.050370942 5.328697575 4.203346721 0.492734379 4.304790585 -4.550690731 2.665607334 6.438492553
-14.634576557 18.160265524 -24.764134276 0.882278771 0.390047179 0.241232212 -0.106086704 6.675951431 6.790386926 3.055445118 5.803360267 1.735413523 7.518243399 4.593714051 1.286215944 8.349800045 12.347957423 2.516930914 2.959742975 2.134908951 8.356586910 2.366855637 8.483797440 9.910381320 5.143009066 3.127729461 3.574917729
-2.448650741 15.844658539 -27.955167975 0.762699446 0.518728008 -0.105659012 -0.371546742 3.191166127 2.104932571 7.111418226 -1.280734332 7.338407403 5.870399940 6.998103110 7.178608965 3.299668216 3.019104036 4.403645225 3.080478219 9.346494302 3.466606822 5.236151759 2.987108300 -1.387425684 -0.153421547 -0.567405277 5.090066965
-5.244760744 18.544413430 -17.177574233 0.827649472 0.434529170 0.097490655 -0.341579162 1.087154643 3.151778915 4.054289332 1.881729135 2.526722140 1.475576859 13.222318130 1.539624854 6.325732448 1.812375030 8.531804080 7.680714078 2.198138616 2.641038541 6.382457234 1.991064839 6.304605641 7.852379920 -0.824117439 5.458911823
-3.049745409 11.997564587 -28.052850397 0.980539534 -0.065976952 -0.147984364 -0.110859788 6.810389702 5.710323133 -1.471654415 6.276472359 5.307685361 4.962015418 5.200267279 6.303561198 3.472621378 3.671696717 1.332237208 -0.124061896 4.778771626 0.513809288 4.591410601 2.938825666 7.238300161 1.024970266 4.373752574 -1.530144420
-5.013980249 19.344815099 -25.137770887 0.877647350 0.364389950 -0.062402415 -0.305059062 3.882468566 0.001942810 4.643087845 -1.255433121 -0.376307432 7.280581090 2.614235985 2.734377713 4.508369724 3.320270888 3.443162998 4.477380988 -2.517852835 13.780919345 2.378184155 2.666633209 2.861414205 3.607415612 7.183157241 7.251700407
-10.315500441 13.486292987 -30.041134016 0.855621513 0.413850416 -0.077677948 -0.301007967 1.518200627 4.497380106 -0.647994231 1.699022043 2.715257805 1.941122541 2.476224698 8.493361079 0.153085977 3.252822059 5.197090219 9.986961273 3.754785960 4.430224748 -2.333112503 0.183678589 9.115064112 -0.058737327 0.002589087 7.618362262
-6.379484174 14.574973760 -21.200228848 0.729889588 0.469361723 0.024892417 -0.496327643 3.714856173 2.203930516 4.286684912 5.318493380 2.790783328 5.016282893 6.957676132 8.595690513 3.784577251 3.035033108 2.755523273 5.026122170 -2.764794222 3.835482251 9.652376764 2.191323790 1.946786317 6.363427126 5.730607308 0.667637515
-6.474995549 27.456304986 -24.539885581 0.842694682 0.440925535 0.198556813 0.236697142 3.215747318 6.308674777 5.449450583 5.141424284 8.157904126 -0.887394390 5.502643280 -0.137964047 4.895843271 1.504767883 1.903767256 -2.444282301 2.469942287 -1.230738910 12.455273956 2.680494285 7.849517183 8.459211894 1.456546629 6.747844213
-13.277168784 21.442227758 -28.795850280 0.975181037 0.176255528 0.106738108 0.081011795 4.687012958 1.629407841 2.523394922 1.440118503 -2.515257218 9.205273342 5.086386617 3.479723308 6.629119791 2.465269028 3.540848574 3.337282997 1.396795997 3.051688883 -0.151163143 7.741496748 -0.619672609 4.022592266 2.634126537 5.777284436
