-8.436896314 -1.727460973 -21.842408299 0.995055580 -0.016575281 0.094490990 0.025711982 2.237673814 3.867761407 6.621222844 6.643404826 0.565182721 0.658440709 3.373559592 -1.454899804 -1.927365350 6.988344968 7.807690937 -0.133207342 8.635054011 6.940772520 0.558398639 6.687265020 6.447807178 -0.203163863 8.363576734 3.657055691
-4.619099149 -0.178554535 -20.292073630 0.929052552 0.283013770 -0.006427155 -0.238166441 5.531499252 1.373969694 2.516518467 7.009100575 7.280303082 0.652746725 8.405793795 2.838549881 12.033946986 2.987978438 1.118215544 6.297539595 4.623331595 2.514133530 0.162733534 2.367921736 3.854479365 5.033663376 6.501771746 6.081456803
-8.823496277 -3.249292664 -26.648068450 0.934037751 -0.147584885 0.217622025 0.241728846 3.074709052 3.153000830 3.927427979 3.701157604 -1.513038660 2.881240198 1.079042332 5.647331456 3.830514406 6.475192387 1.676033765 7.438501284 7.717725655 8.012989820 3.738498630 5.692858789 6.652940808 5.820813758 4.590207409 6.223791647
-9.039915747 -0.127144133 -23.692460478 0.721412612 0.560027296 0.180110316 -0.365367685 -0.787202650 0.314748619 7.343639473 3.725701329 3.329591190 4.941965403 6.886764545 5.577706000 3.325039850 2.239486731 3.798629335 4.516303093 2.980393284 0.636475607 5.443756628 5.969361162 3.513186647 0.103132471 4.288876550 1.594921172
-12.326043750 -3.596203810 -27.257319738 0.835459451 -0.262832057 0.396932984 0.274537833 2.219418873 0.598068112 8.739362399 -0.724602510 4.467348526 7.397813312 4.672120616 3.741472817 -1.809883978 1.467595626 7.120048172 2.571671372 1.841612111 2.036970604 10.347717197 4.750164714 6.441443752 3.275282278 3.405248756 -1.185059890
-10.111931251 6.361015215 -33.730036700 0.710938245 0.620855429 0.240322228 -0.226606653 4.953008838 2.586180471 6.275186926 4.082451201 2.163941558 7.009951253 4.488956965 1.831015446 -0.276667179 10.351669891 2.547035771 6.266046277 0.340182543 0.261954133 4.379466733 5.758999205 4.673731375 6.976993766 2.251777524 8.990949730
-13.423498073 1.375451764 -24.922978593 0.725122944 0.344226472 0.503129034 -0.320259313 1.330464805 -1.967397428 4.926941800 3.200121671 7.669397847 5.405217509 4.192090322 0.347305956 4.756451692 -1.979368794 4.991173326 6.025298067 3.132846639 4.198603416 -0.322714815 6.352403729 7.734001685 6.301873840 3.659213426 2.110975640
-13.152512166 0.440789111 -27.917491299 0.776348423 0.067822117 0.608612424 0.149245447 5.747333977 6.331286084 3.274182633 7.402406729 5.061917039 4.504501308 5.254705917 6.517376618 1.000205540 7.256595319 10.590851210 3.370298903 1.449877185 1.721338704 3.817207476 3.278939584 5.190508181 5.818311392 -2.708054729 7.161892562
-12.834051548 5.065190853 -34.050382573 0.847149177 -0.127914085 0.393201071 0.333720207 1.504037735 5.011565068 6.297471636 6.316520478 11.591722402 4.674811120 6.286589907 3.895923329 -0.779992663 2.750147470 -1.862925758 9.506630107 2.769325219 2.321179592 8.525879173 -1.384735972 1.359960958 5.826638384 4.680835781 0.475610182
-8.033239417 5.701661115 -24.115158986 0.749191509 0.413881786 0.510984266 0.079429396 8.613667555 11.982045144 1.497385060 2.882137210 2.220489209 6.601253791 6.902606839 7.898638305 7.726952668 -0.274541926 0.636249863 1.594144538 6.636604386 3.101846487 3.215556670 4.155602888 5.696054718 5.775633576 6.136329893 6.789346613
-5.217201097 8.830152365 -30.972652070 0.970334259 0.196610794 0.102730065 0.096136133 3.272714345 4.493323594 4.202678120 -1.160156787 9.087889898 3.710943534 3.033406169 6.190368300 12.119961639 6.014815638 1.924050609 1.143836297 4.768923239 3.861679958 3.692851944 -1.290351437 6.317498815 2.785184514 -1.448714054 3.174338727
-0.738325753 8.237669717 -33.174193160 0.956192254 0.182928738 0.224030759 0.045206968 4.981489224 4.435847574 2.630660580 3.415896857 3.365792865 2.259907413 3.683613589 5.697840976 2.829642345 2.961904608 2.907063451 4.882891378 2.348613498 7.566961658 5.971577501 6.613876525 1.430488918 8.716614089 4.629838665 2.551515736
-5.988359717 3.741812040 -19.016326697 0.894712273 0.415161882 0.121150428 -0.111593612 7.779395861 0.094183237 2.693435601 9.989769064 2.841734479 7.515914753 7.907384645 2.155538421 3.597378376 2.290938704 8.332331857 1.080350548 -0.892222047 9.500353027 1.877133900 6.121090618 8.127865008 0.831877927 4.300185907 0.866956691
-8.610734934 7.958074672 -33.477627690 0.882544997 0.327313497 -0.155804863 -0.299508008 8.392093459 6.599281706 7.312521086 3.440804652 2.437643853 4.694204727 6.078548240 5.255964133 6.927908378 -3.103814874 6.753002381 5.527592377 8.190321244 3.899068411 -2.688815399 1.571453114 2.193414251 1.398353696 7.165055198 1.269403840
-5.577849920 6.829887176 -28.227623322 0.723804602 0.548928560 -0.090011453 -0.408267403 8.700063081 4.178792361 5.160888757 4.331045610 -3.957121387 6.718167538 5.322353893 6.193780987 5.058440598 6.309609536 4.402622387 1.443432174 4.948121607 4.570991382 3.403021202 4.171049424 0.449952087 4.493284899 8.308982817 5.033878991
-6.185541899 -0.426809784 -23.385479556 0.924410546 0.352644551 0.142391434 -0.028838225 0.707554287 3.013158796 7.345606098 3.194982050 5.923134361 3.932969973 5.451302850 0.108312871 1.864661438 4.808868305 6.696879470 1.856746774 2.621035071 5.236278861 0.763824696 -1.998910200 4.663294585 4.486304579 2.897253059 5.736449439
-12.298819222 2.160458867 -36.098489126 0.961654102 0.127293233 0.237828135 0.049554005 8.903519033 5.083228086 5.128352096 3.386415672 -1.752548603 6.468942174 -0.374160768 4.867960220 6.257190863 3.195453546 2.269179301 1.150062107 2.357597009 4.694822934 -0.559196578 8.394996150 3.146856239 6.477177196 1.443867053 3.643204454
-14.392967672 -3.232788642 -27.616169494 0.709818322 0.508177724 0.349734409 -0.339998814 7.118970551 -1.783976214 4.184399213 5.182787157 0.474539489 3.615997626 3.374214689 8.046455809 6.733167426 1.788298556 3.555892189 3.620419900 5.139696036 10.524417156 2.343720790 1.677320119 2.206528063 1.951033059 -0.965713569 5.936239741
-3.245893859 1.458331636 -31.062062759 0.959908413 -0.113303744 0.171787583 0.190334250 7.100521998 4.116143011 4.231023929 2.916706689 5.247048829 7.360144047 -0.546107696 4.595067207 4.339857186 7.960754261 0.861309404 6.053381837 2.454862122 5.014911179 1.383474244 8.778617837 6.468761481 5.239403271 2.131342948 -3.746011690
-2.955095632 8.061465908 -20.106196096 0.723521118 0.571544686 -0.037744809 -0.385265094 7.480873708 7.621732436 7.496121939 8.066020780 3.256063689 -1.896011684 2.496229922 3.993473438 4.608035462 7.341242215 0.519450604 -0.058594438 0.458942374 2.506022107 1.057686765 5.514787056 5.878537047 5.321967053 0.635036259 6.991254421
-8.154501931 7.593574379 -25.815310950 0.741466005 0.197129123 0.544015073 0.339729117 3.423758496 7.130507297 0.938402540 4.664955199 1.804837985 3.737714111 1.464246575 5.229240020 3.368642093 6.433943109 4.844743035 4.998962753 2.746155007 1.076096283 3.831571832 2.987113173 5.106820464 6.653633158 2.633289741 4.197643180
-11.116809400 -0.789735676 -32.546765038 0.820946754 -0.202829437 0.421668541 0.327264858 2.535142713 4.205770666 5.905591630 7.939253439 6.074351028 7.385008546 6.013155627 6.058092672 3.709009964 2.761002822 10.546322667 2.389053788 0.806598182 2.920208351 6.086468841 0.756923540 3.247960225 4.357606363 3.787301141 5.688601827
-6.798601048 6.967916493 -21.207033470 0.798566928 0.417139757 0.380485594 -0.208604884 1.907884927 -3.226460671 2.027393282 5.346334420 10.130478847 6.515362630 4.360101090 7.795542242 8.429922119 2.460068373 6.039256080 5.603259186 2.257996656 1.961540293 6.908275951 2.709791105 5.527778392 3.886938520 5.912282602 3.650138822
-8.937157076 -0.331070439 -20.788929748 0.916680346 0.038214465 0.324749072 0.229727747 6.224349368 0.860741506 1.631660600 1.751218547 10.795548444 10.265555650 3.473028589 4.958361318 2.693210486 3.461697262 2.257367867 6.438783806 4.143090828 -3.129831885 3.647029266 6.024956300 -1.414125178 1.456710988 1.314637396 2.491216674
-10.824371771 7.608786448 -28.036025925 0.815147281 0.476143974 0.325054713 0.056225086 3.115388853 4.671898176 7.549674217 0.277300661 8.401425492 -2.047534694 2.393751046 2.033531096 3.799807813 3.517973188 5.095278162 3.663349617 2.867758867 3.736973056 2.139359737 6.787489735 8.528157944 5.085298733 1.501050475 3.171266061
-16.435265791 7.265989353 -26.531576116 0.929506761 0.193236164 0.308656610 0.058378612 5.229532320 3.151934654 2.919765082 -3.335051267 4.697407521 4.223624292 1.883445509 7.370263790 3.696468993 3.417758696 5.260443039 5.391014542 -3.750111022 5.469684271 -0.518668593 3.193627121 2.626224028 3.465496211 5.129913341 0.597699059
-14.022469460 9.968916503 -25.462561466 0.930195121 0.156774139 0.263207017 0.202190436 -0.987327021 7.437719204 8.144965320 1.789508443 0.403864021 9.542756069 5.964183430 3.156298594 2.906567007 4.378030642 9.592865670 6.330047431 -0.768440504 1.598634969 1.803001732 5.133430798 1.902541763 2.236308407 0.672691715 6.419863171
-7.051470434 1.227962282 -31.339339445 0.970450251 0.187318320 0.033780518 -0.148313970 3.002556400 -0.002314136 2.794738374 -0.889424854 2.918330546 -0.016716780 5.651905881 1.473582840 9.997900121 1.409728026 0.113773256 1.949626138 3.682205469 5.767348381 1.849144099 1.109833623 4.609338972 2.814222483 6.039123722 -2.035670296
-16.513601626 4.215572141 -22.961885867 0.886059929 0.334589693 0.319267275 0.031873913 5.528237532 7.831683391 8.029383446 3.579785625 4.732135222 2.542523408 3.983746743 2.458442504 -0.201842489 1.732457354 5.075311307 1.349808858 5.665061696 2.479686257 4.035871420 4.664990853 4.408518278 5.376375211 5.017056395 1.436678198
-11.064161711 7.241634290 -28.835715202 0.724732557 0.465784907 0.487932085 0.140461461 6.750433122 4.063065574 -0.049930893 3.652062692 4.597979569 6.316229938 1.456125292 6.464955808 0.529469816 8.007742205 3.881515169 0.661867418 1.895567451 8.711661232 2.898555226 1.737871869 6.048877647 4.004615240 1.378364510 4.623015513
-16.765420181 5.737989910 -27.941133779 0.778030712 0.502975310 0.341028143 -0.159323112 6.318671420 3.781978832 -0.256983672 4.965007412 2.886072083 3.724164501 3.119537485 1.525683401 8.676909982 3.727113218 6.314799093 4.953084418 4.176840985 -1.999565702 4.647096861 2.977339526 4.228095125 -2.115309840 2.248683242 -1.243837502
-9.187844913 4.920007311 -33.554294576 0.783520735 0.505447923 0.157304136 -0.325381412 1.928041667 -1.607188786 6.313591082 0.415529872 6.060300823 4.792395231 2.014770707 6.894554391 3.016539218 2.692114738 -0.483637893 6.191732063 5.526643207 4.718628210 2.263466732 8.652337381 -3.428286390 1.100329560 8.066665526 6.182259249
-12.322572213 11.944595920 -23.949359538 0.818061878 0.387314434 0.409414543 0.114638671 6.687665741 4.172879847 3.172180834 13.649172006 1.780857501 2.888690449 -0.565709184 3.949706454 4.275670286 2.772348439 6.491816129 4.525895492 5.149781370 0.125337158 4.287283473 3.438345734 5.877534787 6.358141627 8.067954764 2.257898177
-11.305478604 3.233021078 -37.175843279 0.953442357 0.210225962 -0.097221715 -0.193133776 1.201174738 5.698631489 7.435492741 7.691797219 4.464162108 -0.060367617 1.930009104 4.885571441 2.210033723 4.385636897 3.179146054 1.243794654 1.730992123 0.067089810 1.760467659 5.689890966 0.409268727 -0.879164006 -2.100229244 5.522304118
-1.687915212 1.253346774 -31.495439781 0.915571933 0.218331791 0.299310219 0.156437391 4.964548867 3.046463883 -1.126191836 6.510248830 5.726327415 4.673782695 3.374669243 4.029677833 2.977229422 2.977406968 6.433372377 1.971225348 2.636980757 4.986752912 2.786634779 6.585526462 6.243727217 6.005560507 4.932979353 7.809060417
-0.391423299 -2.256854388 -30.015251354 0.808487643 0.588404609 0.005063176 0.010104998 6.599152960 2.832758289 7.960282529 2.843088302 2.571660916 4.584457973 3.920392099 3.972878804 0.119267363 5.294440441 5.114230821 2.124634222 2.609093765 7.130373975 8.100841931 -2.477349376 6.006594293 2.520600662 1.169149982 8.380527150
-9.551934292 0.431299121 -35.222352703 0.994870809 0.075173775 0.037342660 -0.056449115 9.125893625 5.153142213 2.446815038 3.767224046 5.108604651 -1.900560805 4.828425765 2.176921579 8.234803206 3.139711971 2.477121067 0.700346170 4.146809138 8.475821586 1.738990342 6.906022640 8.785553370 1.740135641 7.041115013 4.865893373
-5.805406917 1.232994066 -35.187204970 0.868313234 -0.001473176 0.495557689 0.021272870 0.385845242 -0.017941087 6.782146668 6.832470684 4.113546586 -2.228595255 2.047393374 0.810558796 2.118449638 8.246616163 3.221849018 7.369694447 4.027601296 8.904919459 5.549213486 3.891145853 0.664149047 2.147625825 1.338712095 5.403164775
-4.758196485 12.958364838 -26.999177703 0.738266524 0.494157175 0.405895972 0.214521995 6.627016452 8.793080796 1.348956860 6.629554700 0.532209784 1.045234828 0.907540885 1.743105857 6.755048016 7.974677472 7.123390295 0.171446297 5.783959874 3.804609229 6.916088555 0.178072123 3.174194221 7.210866456 2.250869465 3.675704200
-6.356433997 -3.200544174 -33.718509207 0.966726070 0.172491500 -0.188081788 -0.017681344 6.685124346 6.394119602 11.474104311 2.156716627 5.324129039 -0.905741193 3.494521379 8.248027403 4.976220287 3.539631692 4.821482568 4.180116985 5.112455936 5.322808003 2.984994101 1.967583819 2.998605110 3.371781793 2.738575645 4.814290628
-12.195292599 4.147153318 -36.725288151 0.813998006 0.527509902 0.177812151 -0.165901745 2.198072775 1.059421264 -1.912662979 5.648783220 2.248995521 4.957823074 6.379685188 4.778859151 9.590587190 3.847038955 6.838977597 5.372195974 2.269642044 1.546231750 5.124562200 -0.168124166 6.011078436 4.184544676 3.598568385 7.594810117
-9.205654066 1.482120687 -30.196619304 0.971042958 0.185429665 0.004362344 -0.150573511 8.007754992 0.271451916 1.872162608 2.031090161 5.864671477 3.185841089 2.588906812 -1.034637930 3.806763408 -1.234611921 3.631164392 5.068822571 1.345196988 2.140939608 3.732878984 4.066698901 7.578727936 -0.231673362 3.181733871 7.527726839
-5.677856926 12.797699067 -25.051076172 0.750732978 0.540076833 -0.010201996 -0.380280067 3.940550566 2.235577818 4.033452550 3.280590746 6.472022260 1.579330725 5.928842874 4.473842698 6.107978681 -0.502140467 3.907772747 9.780937651 2.755589073 4.192581090 0.804546668 9.481068126 2.591093127 3.470081980 2.122245172 2.185958350
-11.657795980 4.572741084 -25.484668637 0.725617923 0.259799931 0.565453319 0.293675280 -0.129062948 5.045050962 8.060284100 4.733460553 2.597221662 5.192798308 9.321822334 5.065356719 4.450962019 -3.006931344 4.675644298 5.872674773 6.557931406 0.051584918 1.088938282 3.684780799 9.298712084 5.054238918 2.919871988 -0.361145696
-8.676466634 11.831682975 -28.731828162 0.793718167 0.580471320 0.181000838 -0.017413063 6.663923216 4.287646661 7.645077566 4.107123642 4.169845779 -1.114368495 4.007736064 3.725194738 3.902602699 0.712961672 6.930097009 7.704824974 5.414308512 7.595133904 1.012788813 -0.268346327 10.436099009 3.872567687 0.872213409 4.146636722
-6.116592323 7.945065074 -36.645909267 0.790618275 0.522723059 -0.131806822 -0.290362373 3.631524256 1.170223648 0.548485665 3.519726317 0.865510924 9.242396216 -1.609030498 8.597294956 6.548226073 3.225591617 2.553667656 3.260989335 5.422429632 -4.463750438 4.280369920 5.182483171 4.052288228 6.294857119 4.710620605 7.506529147
-2.250936629 7.596774851 -27.976297938 0.902206698 0.260133676 -0.243106573 -0.243418853 3.862358198 6.131490713 7.148804598 5.996536782 3.064337997 2.216559160 0.732535070 3.757671123 6.925292997 3.149907408 3.200880494 0.350128698 13.886250338 -0.779451890 10.249982815 2.472065136 6.760815393 3.510516604 5.190424518 1.317864664
-1.255361492 -0.637625488 -27.435049246 0.980559299 0.078576773 0.166537517 0.067782056 8.354183558 2.449897575 -5.324811187 9.780704762 7.477207586 7.871920247 5.478288689 2.307937228 3.977315222 0.037196069 7.393160722 7.831998132 -0.690723134 1.618508439 4.531757176 2.507130376 2.954124019 2.712784227 3.952928602 0.388482142
-8.945305170 9.815334871 -26.428625794 0.885293248 0.155783621 0.271303677 0.344066337 8.472285147 5.207456816 3.789702127 5.474411628 4.308244133 9.205250340 4.035233334 2.892353344 6.732312181 3.463533588 5.071445933 8.072288392 0.300311395 5.430747854 2.865411584 5.521001419 4.866318709 1.630880800 8.965703859 3.420331690
-4.643202299 -1.937603511 -25.539328863 0.841508158 -0.439450255 0.299600082 0.094801287 1.723360801 0.562675419 3.934923919 8.161461005 2.884045828 4.841272546 6.399309577 0.289855852 1.404469706 6.496883714 5.518059184 6.947909431 3.199574039 0.614892304 6.267730682 8.705894786 2.310298967 7.097123754 1.398976691 4.824814284
-4.441578853 -1.400166393 -26.809376185 0.966781451 0.109923429 -0.224281020 -0.054299993 4.691264349 4.386240759 1.102175755 7.814422943 0.503302675 0.497155676 5.278250617 3.910219014 6.977364184 2.139317335 5.553294585 12.237608412 5.548977921 4.261717664 1.581083624 6.340809084 7.715298365 8.277439478 8.014669603 3.652376467
-2.241266268 0.145589443 -32.316603814 0.859173222 0.189539761 0.368928963 0.299645581 0.928787545 5.925926071 10.342067241 2.535730491 4.241909677 1.433166603 -0.887971819 1.921768772 6.234140500 4.510074573 1.134509878 2.380752963 6.877617248 8.320061908 1.702957352 3.285712849 6.274274347 3.072043717 6.052535239 1.785969502
-11.469880508 5.147939877 -29.938500517 0.890752744 0.188354986 0.405805327 0.080024908 4.741038812 3.289534319 3.770538822 5.263894799 5.838683826 1.850782294 7.613648958 1.330361389 6.275306521 4.871615386 4.771889403 3.334538561 4.230952367 2.541380039 4.927451291 9.177911914 2.540793193 5.360495252 1.726941956 5.098782975
-9.559498468 0.959102318 -28.062283798 0.847330498 -0.323544190 0.363450657 0.212729417 3.868738841 2.877713815 9.267671415 6.081064071 8.170965871 8.144913711 4.576943725 4.615042118 7.257738239 2.525423324 1.346092470 9.196530226 2.023889476 -1.879454429 9.299157831 6.724902563 7.772083691 2.890129489 1.378807864 4.833592207
-5.321163774 -3.507750524 -29.057921643 0.964390346 -0.252290017 0.042474713 0.067058982 0.661197964 -1.761755838 3.861991209 -3.546338528 6.272557923 1.447542001 8.518469245 2.381225437 0.602081542 8.204261691 4.237700631 8.907936069 -0.556021887 5.816993000 2.862385661 -3.077854138 3.395090319 5.795721036 4.100583148 3.159474460
-0.927270249 3.474267423 -32.029290668 0.997509016 0.064149779 0.028648396 0.006311694 0.631761918 5.331766667 6.914615145 5.586536895 4.345490216 4.460426136 11.605408402 2.951851344 5.121748673 -1.206257003 3.773102756 0.290778922 0.785933705 8.528502671 -2.437706592 2.934573138 4.466674179 2.908281759 4.633106197 -0.097732290
-10.223476728 4.854975917 -26.720847075 0.918570016 -0.041208979 0.212803529 0.330523228 4.638885242 5.725072930 4.530156270 1.570179937 0.620663293 7.475306538 11.781439406 2.166753032 6.313615364 1.804676772 2.042682383 1.717070787 2.519956483 1.483085968 5.514740976 3.443195517 1.838886898 8.031615334 4.686366586 -1.035101092
-8.141115332 -2.528201486 -35.083695474 0.852406543 -0.012315660 0.514063813 0.094814589 4.122385500 1.933834209 -3.798894363 4.502307266 1.646718499 7.280976367 2.599604756 2.210007873 2.950898952 4.635656155 5.952383381 -1.314547969 3.278897565 4.708523712 3.496358704 -1.715535794 7.010275583 3.957363228 7.606278083 0.672170523
-4.291323970 4.165451705 -29.123755721 0.950570501 0.226982763 0.204225229 -0.056450009 0.557406644 5.338064541 7.544270126 1.443139335 8.314700079 4.712759431 3.279936137 -0.001320059 -0.256171802 1.840857822 1.124335900 -5.005668749 6.038242186 8.333203211 4.860698603 7.565805344 1.074304860 1.858094889 4.168247537 3.500533584
-6.391948641 2.738667094 -18.600387999 0.914253613 0.155529418 0.225712323 0.298336854 6.095789507 2.054548377 6.384083416 4.903678286 3.602725250 5.345234006 2.562686240 11.816336553 4.590723000 7.842221858 3.207514874 -0.564030654 2.560337693 2.698989793 5.614334439 7.151728837 6.124255879 9.132118970 7.059857978 7.053614650
-5.206556291 -3.058835004 -32.844736968 0.920040427 -0.032550742 0.386274239 0.057081286 4.093346540 1.084084142 7.146631599 3.717575253 0.220105305 1.780146235 3.479055159 8.542541082 6.474460544 5.345289305 6.526366459 1.448520447 5.075963213 3.220248651 1.145113908 6.587400570 3.175868190 4.716316421 4.155314328 5.547752269
-17.038975878 2.030719208 -26.585603650 0.753302854 0.443090510 0.347673369 -0.339601000 1.885595249 2.188128778 -0.243644904 5.296339751 8.442831509 3.337916136 7.538204719 9.248709228 6.167372089 0.952995929 2.282703540 4.041312001 3.742888128 2.417547373 0.272869073 5.521529797 -0.164173058 1.134977697 7.206203494 0.780780649
-3.056038260 9.733947396 -28.947583625 0.806757451 0.482868363 -0.203319703 -0.273206254 2.078090317 7.231225644 4.832931053 3.934885692 10.646837616 5.100678284 10.603966912 1.269485322 0.292733366 1.091542944 5.860797480 2.980853666 2.657337956 3.783780078 -1.925982973 1.093897947 3.296661090 0.551988355 2.220816364 5.599433071
-14.442707209 7.542663478 -29.767100787 0.855222009 0.090826204 0.491580425 0.136728201 4.123404433 2.212391683 4.605697596 5.590872252 2.586769139 5.290958286 7.619289727 7.760000761 4.807741073 5.455491560 -2.220810330 4.868807734 9.777126787 0.381131973 4.069450304 7.322233654 5.647934499 6.467772031 6.119358822 2.139041967
-7.089474963 -4.076454832 -22.971465121 0.940487917 0.171448865 0.175872102 -0.234854784 4.914663579 2.462694491 3.782305556 6.344246685 4.930767482 7.314485222 11.011854966 8.156249090 2.456562679 0.307854866 -1.596909322 3.384458417 10.619053138 4.675410792 -1.856186568 6.002419217 4.016577048 7.630480832 10.798551229 4.345565294
-10.641555873 10.365284704 -26.475780445 0.940897903 0.216633022 0.200338603 0.166270005 1.815341517 1.179768377 3.019426801 -1.239033714 -3.405517431 0.980076826 -3.153475775 6.732914448 8.445051099 0.881470496 9.129341498 6.487540921 6.628988028 4.003270368 3.995746646 6.618697238 6.809777792 6.273450575 -4.135589658 3.046562015
-7.406005847 -1.492173442 -21.313380420 0.884086243 0.301406113 0.115125757 -0.338070896 4.628280827 2.237041875 3.514230977 3.260134153 9.475281192 4.837983086 6.080745150 3.245940593 2.376501224 3.963403484 1.505289856 9.130021180 3.981319070 3.144648278 2.477647003 1.944780544 3.598618402 1.845231721 1.860238960 0.716816644
-12.170735689 -2.656014266 -23.312762699 0.994250779 0.041318365 0.075690147 -0.063475845 2.460666272 3.130538235 4.010931106 4.652864795 6.561175618 6.645978923 8.917543263 5.008379863 2.144044833 2.855009814 2.350920358 4.734796557 4.849552121 5.234173654 3.476326288 3.910847887 0.605433486 5.298189423 -2.105434612 4.117585506
-6.859584944 2.389067809 -34.605928832 0.856733499 0.411436519 0.142155709 -0.276621506 0.445418588 4.244442679 14.867905119 3.305932492 3.706686871 2.256066442 2.216190936 4.423576530 5.555027622 8.317565786 3.062645630 1.318403678 2.747753918 9.527927734 7.341583017 1.158598305 1.916425075 5.254347652 6.692249783 7.345117767
-6.245938054 12.049733789 -28.720601942 0.707922169 0.320647503 0.417650678 0.470743340 1.511692840 9.126248260 2.610639830 2.151171205 7.595243810 5.332422457 4.619433897 5.076097483 -0.037777247 9.970454612 5.575346302 2.107889740 6.813522034 9.008779870 4.033316838 8.378991416 5.289007909 1.243438102 -0.824490797 3.708705632
-4.750949795 4.065453796 -27.156413535 0.769002630 0.315367774 0.448119265 0.329191808 1.299508503 2.788791362 5.514809099 2.999018097 1.373375234 4.371459274 2.861275962 5.678359149 9.462688052 1.116907383 4.889862283 0.033809742 11.252772381 5.235325980 -0.195548720 1.417818098 6.478622966 8.813363165 0.619452524 6.182157728
-12.764855654 3.045861927 -36.427843063 0.795878394 0.263251541 0.539980879 -0.075477532 4.019119281 2.183083779 1.343627075 4.323624005 0.387565384 9.169880294 8.371831131 9.950573929 3.221997651 5.266432354 5.961044584 9.693700138 4.125990842 6.902638549 5.127219722 9.719403678 0.645184469 1.007322739 4.415072677 5.012339473
-2.557899254 7.517885203 -33.436439507 0.832445595 0.146422358 0.490436616 0.212289306 1.086359159 6.413855130 2.938912722 -0.785889566 3.256169559 6.027031133 6.932038144 2.089947601 5.248593734 7.848270189 6.565383962 5.102728627 6.030303752 -0.110824284 -0.959366245 6.956991823 3.423506380 6.431641642 -1.168697026 1.306801764
-6.772933717 11.617300711 -25.316361491 0.738038415 0.616256983 0.264378163 -0.075038763 6.248025227 3.649794752 1.470303464 1.858202424 3.243753255 10.968405578 5.840174643 4.225476283 6.858371298 9.871537389 4.126056407 1.347763669 3.970464008 5.122995298 7.155947904 1.173905644 2.186372853 3.832898642 3.775128149 5.544832455
-9.928233231 6.811982062 -25.777916292 0.957641673 0.220665500 0.071547121 -0.170617034 4.688472299 4.010307811 4.347806669 1.802996457 5.637068386 1.645554827 2.886757911 4.871220514 1.156234407 4.503249234 5.581383811 0.830816514 4.438944750 4.749607083 7.667104180 4.738954472 4.515225979 4.851664326 3.779492025 7.690066046
-5.934565890 12.061868382 -29.102990514 0.822492895 0.530647465 0.185587054 0.086464746 1.244618384 -0.854949457 2.971357989 4.229818626 5.489279545 6.404778876 4.723503554 0.380224941 7.922079039 1.278910375 9.027694889 1.746555779 7.155533294 6.420364800 -1.367650220 2.063065495 6.179724663 7.276629406 6.076189744 4.298462215
-11.289313680 -3.480339693 -28.896809648 0.998570021 0.003570625 -0.052453658 -0.009683882 8.719744998 3.512544456 4.742913435 2.571829554 1.466605216 5.292196653 3.259556505 3.364753483 2.952651358 1.112180444 5.764168800 -0.548287707 5.825932687 8.377470549 4.810417860 0.737968842 6.623952612 4.831800748 1.136000806 3.151529914
-1.621058655 11.371753571 -26.677927101 0.836433168 0.317455693 0.326355736 0.305112065 4.452687019 6.758040337 2.509555968 3.696558732 3.711507119 6.399024862 3.280980602 3.823432948 3.539922601 3.939344864 -0.051011294 4.661783042 5.858940683 5.088606583 0.277511593 5.799743614 5.736148340 -1.910893221 0.027674328 3.363240335
-0.007444423 9.942585761 -29.562665199 0.980209049 0.114420782 0.125641730 0.101549299 0.031383307 7.134633563 1.096037600 2.139910095 2.873413510 2.597122091 6.949863735 0.802615984 1.785569835 6.871000613 4.931832534 1.434157806 3.847683112 5.794083198 0.565768240 4.166174394 4.834369407 7.903434982 2.542777244 4.790750253
-13.951232200 5.695200924 -26.323211539 0.707935683 0.567737708 0.302878110 -0.291145690 -1.165308279 4.878458505 8.659194623 1.760854381 2.814409656 0.407436394 5.377557924 9.006185411 -0.856094329 3.738844217 -0.408424528 3.910008647 5.778036089 1.624784217 7.915851163 2.561486061 2.230801690 -0.218997824 5.527114541 0.960703114
-1.998430877 4.096320712 -22.775378233 0.748259944 0.398858109 0.373940751 0.375749357 10.101130827 1.349005099 -0.490611306 5.377309101 2.815743003 2.710521435 2.943039562 5.412068345 -1.322492094 1.066604934 7.102328289 1.639512488 -0.912402641 8.663249480 3.114927785 11.549550079 4.185708500 5.619278531 8.966484374 6.671349308
-3.590349246 7.079677656 -29.307312611 0.998832372 0.045078753 0.015161726 0.008480597 5.430041550 6.881186340 0.000676162 9.911663850 0.484011261 5.358403825 -2.746868233 3.689760456 -2.114458571 7.550916363 7.915245686 6.150727205 6.586889153 7.208234569 3.174518057 3.232385010 6.217146477 5.895379317 0.591598621 2.378912712
-3.191270507 -3.046688991 -24.943506888 0.821826901 -0.126993575 0.421138455 0.362098852 -1.071346151 3.782316409 8.621644857 5.437766070 2.581376704 7.561172950 1.662549403 2.982603866 3.859155709 5.092142334 5.256564454 -4.019399658 3.729052365 9.974676854 7.231649218 1.812195703 3.333129430 1.489071852 2.365732835 4.861823228
-12.489673293 0.816873029 -29.069540132 0.780774621 0.414487664 0.453507941 0.113672841 2.253491298 2.026617266 7.967837260 3.179081616 7.287227586 3.648733719 5.944613519 2.234901357 6.813004388 6.276055711 8.094546932 5.642665208 7.226690644 1.355627060 1.715661048 2.271490392 6.989037940 2.786689643 5.103993585 -0.977850901
-4.593064989 12.159980457 -25.948167146 0.758520229 0.599234165 0.247538795 -0.065498267 2.060445336 4.367577804 5.906917899 5.681917801 5.589042884 1.045436313 2.000637886 0.063759533 5.830308646 4.931577887 2.703898072 1.539611066 6.801642459 1.942873209 -3.637247422 1.281339447 5.701472541 8.044346681 6.343795664 6.059879927
-7.464623620 5.704219657 -19.379656940 0.919831750 0.107157113 0.176830134 0.333403673 6.199455171 2.181703311 7.643557265 8.383617651 5.951651587 -0.173204420 4.445552572 5.651971141 9.935454743 0.599031598 1.043886514 3.714105012 2.382654398 12.835164700 3.366239197 0.235313999 6.941521758 6.869973339 2.416576440 1.758372923
-2.918433794 0.254593373 -30.173845180 0.790180284 0.115306427 0.552144303 0.239700259 2.153593728 3.377287014 1.094495426 6.978741532 6.840559167 6.632269061 -2.708389507 7.062354344 5.931304274 0.991147731 1.679382491 0.996932946 5.423191479 2.965566180 5.539399274 7.905656696 1.401078366 3.399345874 -0.312529128 6.058734987
-2.961517892 -1.890990299 -34.257704686 0.881975415 0.119319276 0.420060232 0.177289816 4.728831860 3.831168710 -0.605496781 2.359777998 5.859138745 2.376623781 5.083744460 5.741863777 3.617133728 4.546906943 2.521807627 -1.345810529 -1.972986007 2.127091246 6.054207917 6.238247224 1.737923915 3.675399433 5.718964131 8.677226872
-4.229814522 11.886545362 -26.252025078 0.826189529 0.194700569 0.424067626 0.315704292 7.553769025 6.447110564 6.931619982 5.668197988 2.948847069 5.602538343 2.278394163 6.617700885 5.682322256 1.017196692 6.428206120 2.858789396 2.574897843 1.769324471 3.113708199 2.390222775 5.455297930 6.481849438 3.219343784 7.782688291
-8.573632517 3.146353007 -27.097700598 0.763194656 0.137019302 0.608397751 0.169150241 5.827092287 2.387958124 -0.849746130 10.868849894 3.333969644 9.297488600 4.561157942 11.042449012 9.065889614 9.790253152 4.533644809 1.835138005 3.568698078 0.629861486 4.762021854 2.248929372 4.532905022 8.916715893 9.166798650 6.026150738
-7.109419780 3.943841910 -34.061860559 0.946593327 0.062799124 0.256213173 0.185397285 4.566112957 6.239024060 10.451567127 -0.653450572 1.514267213 8.462147815 3.742580058 6.212305170 5.512351638 -2.859594984 8.198810754 5.343433629 8.103440039 5.267180718 4.096231372 5.042464654 4.069711717 5.991324156 3.844116890 4.531881997
-14.624859253 8.086642064 -33.888277142 0.840818031 0.204554041 0.466612229 0.182909026 3.516392674 1.720563122 6.394303086 7.083725153 8.433519330 4.386323961 3.124633723 -0.513038577 5.705069861 2.892740696 2.782555069 5.017622969 2.670888339 1.832667553 2.112799980 5.520484685 2.396995171 5.754818459 1.875620289 4.731592268
-5.366667461 13.199796964 -30.121727567 0.961447294 0.001583299 0.194032277 0.194853970 2.524284055 1.109727407 3.494058086 3.784618930 8.413837620 -2.699423730 6.066876129 -0.812754198 2.882277945 -1.835980125 5.559197512 -3.365407385 4.289766823 3.951422550 3.244306745 5.855822849 4.942703187 6.288824461 2.050499004 2.942636068
-7.047392508 9.185490238 -35.174112813 0.976360229 -0.108961417 0.159673736 0.096707859 2.986755951 5.635816650 0.848450943 7.774688407 0.131261841 2.484294517 1.275497412 -0.158912939 3.115335080 9.562741040 0.918320008 1.550446898 5.316837062 2.116744170 9.167788702 -1.934882248 2.000175410 -1.921463507 3.495952570 -3.323781968
-2.074441277 6.804282994 -24.351408117 0.965083778 0.077533180 0.181941792 0.171752996 8.070150558 6.361337458 1.757359921 3.869245022 9.493825685 3.601303559 2.279126852 -1.485545013 4.014232609 6.629926719 2.690412711 7.250625931 5.558337643 4.832845052 8.945966083 0.441839239 4.015396600 0.570568300 6.356422783 6.694249113
-4.774770280 -2.931144620 -30.842074784 0.827949516 0.027235085 0.554847970 0.076821732 1.767194768 8.883870408 7.348202077 6.079408009 8.515836002 6.267739832 4.781052527 6.352247952 1.383917507 6.871505635 3.706909068 6.008504147 2.532243226 -3.567202540 -1.614253262 3.175333825 1.815549488 3.631364644 4.828750561 2.360767966
-8.165448675 12.363808997 -28.127584379 0.931682170 0.297310415 0.204285459 0.042922063 3.607001543 -0.612336564 12.129784331 3.079562961 -0.040275080 1.197207656 7.821395634 5.657674515 3.051658403 1.789279575 3.668762911 5.760819564 0.699220095 6.656379407 4.935026614 5.839180552 0.358647282 4.108643923 -3.586674134 0.443355841
-15.491002365 3.820658225 -24.588767806 0.836194994 0.192663267 0.503876805 0.098827951 5.638008409 4.011832645 3.852037638 5.454181356 0.007333961 6.343630131 4.030334419 3.941462197 3.487029191 4.515395269 8.700174140 6.852769142 -1.261057737 5.402992427 3.736852013 5.277239658 3.158192164 4.389866485 10.074561848 3.157151272
-11.431460166 3.964983541 -23.593456720 0.995867244 0.056852465 0.059332649 -0.038676419 8.761213021 5.066241866 5.456134269 -1.213793465 1.374178398 0.475373299 -0.095100184 2.093866697 2.565098289 3.057469435 4.871219731 7.568151759 5.579193628 4.632798213 1.199218402 8.515501230 6.668871226 2.005237439 6.134531204 3.804756802
-9.514771358 -1.862116866 -27.821209604 0.942894717 0.210566296 0.089138707 -0.242209989 2.000828666 4.365470415 8.858847050 3.584810571 -2.279575441 8.045446141 3.353942381 1.796932585 3.472638089 6.064068374 4.690038820 5.477822988 5.011583407 1.876311939 8.104803433 0.751489350 4.553513125 2.545661220 1.586903047 -0.168065617
-14.201648902 10.679936571 -25.493902508 0.846560000 0.292533952 0.436075468 0.087167884 1.134961940 3.791519823 5.950316069 2.989636004 3.701202709 0.493299985 3.753330489 8.166409013 6.295512380 3.939792238 1.210349374 4.132308405 4.126167431 4.135355767 4.096457386 5.488460245 6.446049768 1.163979204 4.989649587 5.099509250
-0.735290176 10.622976284 -28.566941512 0.757317163 0.642799875 0.097623718 0.061226170 4.284802882 3.082958724 10.310020596 1.422730125 6.934283830 -0.437480225 2.311372068 2.254608803 0.662861059 6.688272121 4.295679078 13.221059163 2.984176012 4.902225577 7.182653558 5.206665749 2.366776540 2.863141729 6.349539528 7.492796672
-13.092332723 8.264538168 -34.647942363 0.957233742 0.252186602 0.141576988 -0.007838213 2.604100291 3.771049095 9.399567487 4.261746623 6.953058965 2.357645271 -0.900291015 9.132354248 2.995043852 5.954573934 9.675752710 3.878241585 1.052773341 9.693626843 3.509123209 4.001603938 2.685471714 0.443494712 5.335171382 3.293319655
-2.574525623 -2.865064285 -24.235965701 0.829981171 0.477374180 -0.164160624 -0.237268704 5.696698352 0.180003532 4.217610957 -3.550489259 9.519421303 2.399520766 2.244520307 5.860220735 4.124404370 7.241749139 8.455308103 10.274508967 -0.781090842 -1.575747335 6.131545307 0.936708919 3.559003988 4.583023193 6.631521442 3.636481021
-0.734881184 -2.141269494 -27.388496601 0.927471370 0.149717239 0.337212353 -0.060575866 0.811657327 6.093476166 1.511174373 2.401973602 1.485373519 6.225848219 5.961408821 7.199038981 4.112457761 5.988372212 5.059226679 3.480263693 3.453235098 1.096949220 4.604260911 5.112248614 4.079153274 8.997144605 11.347223280 5.225510843
-9.195965595 -2.452103847 -22.564465284 0.716033282 0.517346154 0.416332179 -0.215213414 6.964021711 5.619758837 1.645969054 -0.871737943 8.012246254 3.524699587 8.951642647 3.339224671 4.214938766 8.069258670 6.649392702 5.971934793 2.141502136 3.988142724 1.840060548 2.162186842 2.941606488 6.884582445 1.683166981 -0.765697664
0.612233373 4.628543445 -25.636742678 0.973694366 0.119801643 -0.186110477 -0.054127053 0.233277061 2.333135898 8.390774560 0.298552705 1.234806434 7.125676991 6.195877081 5.432784498 2.451889558 8.981999818 4.243811615 3.763168387 3.598191203 4.301184544 3.731472633 3.782961728 2.110886438 8.321324519 4.812624213 5.672152035
-1.136011887 9.843280101 -31.315918293 0.962345226 0.178785366 0.156999840 0.131447746 2.368081362 5.077666327 2.153725143 4.005872497 3.829189252 5.976063085 3.338749898 6.431775106 6.066416773 4.290029632 3.902527530 3.628756011 4.241176035 6.544184656 4.317175744 3.864287709 4.121093003 -1.970168327 5.407408930 2.433954828
-3.550786338 -1.164713898 -21.582049199 0.780903296 0.273262927 0.387444818 0.406698817 1.996224004 2.242012589 2.008769601 3.116992933 2.938756715 1.146412806 -0.417457546 5.365360063 9.699078867 1.358943727 9.708877457 5.694480267 5.416931801 -3.513752836 3.174080896 2.393819744 9.890473444 3.077925543 2.837252161 2.509094379
-11.289122792 3.678633717 -18.766852759 0.806081767 0.360723312 0.269482597 0.384044278 5.558398939 4.891077281 6.989202773 0.888684416 5.241117001 0.017633817 2.645613879 -1.112385445 0.458132090 10.086301686 3.784178480 8.837145906 1.989175437 5.014925674 7.535097761 4.232651951 0.937512003 10.383002206 5.997977462 1.948790719
-2.099436368 -2.996271013 -27.630446128 0.954667239 0.143478992 0.236238946 0.110523315 -1.844513181 7.037100067 2.069616927 6.711187644 0.760052750 -3.128739169 3.286219592 5.141097474 -1.559884189 -2.213372211 6.503290138 2.239009624 5.451862986 8.992401761 3.170469026 4.488168874 6.783941643 5.912570229 4.858825673 1.700306315
-8.879765984 0.652463950 -35.794511635 0.717416044 0.334030371 0.609189875 -0.051240866 0.251335681 4.152358042 -0.812266969 4.463317611 5.965527478 10.506305355 1.488691513 2.166013518 3.059007281 3.933844593 2.915998213 7.706522184 1.293017017 8.181529245 10.046958746 6.035088658 5.974109453 -2.443359292 7.993758677 4.120361056
-16.128811071 9.108772383 -26.286211259 0.899126980 0.335191037 0.267948741 -0.086145893 4.954526276 1.343226899 9.427644141 3.290210680 2.127835836 2.874713113 8.488958306 6.933194957 0.567333539 5.608758068 -0.837236219 2.364911409 3.111643025 8.678424379 3.285376518 -0.049828014 6.421172089 10.290593830 6.712389474 -1.097396547
-5.832933970 12.385131899 -26.396946602 0.886586707 0.416623513 0.196325727 0.042954257 -0.890960540 6.485558341 2.801170846 4.631242591 3.286337010 1.936528460 3.022561658 6.501941473 2.757236224 8.266479277 1.163089014 3.970480268 5.069797584 2.722212116 9.068772064 0.062772593 4.104433180 4.764870325 4.898964436 8.242765015
-10.360752840 10.822115049 -25.830073574 0.772043197 0.474629685 0.302587456 0.295155546 4.264253249 1.010844701 5.678637223 3.554959938 2.434052757 4.832426840 1.903501755 5.098215469 5.579398190 4.224841442 0.071860115 5.885181771 -2.061060748 1.974468066 2.538439091 2.535049980 -0.843420568 13.039111612 1.419156275 5.236484547
-14.219038160 3.302944404 -24.983778454 0.863123360 0.130081812 0.478958535 0.093249716 2.262384725 6.632376601 9.456420608 5.115290823 2.037097492 4.188121299 3.678174802 7.252265867 5.985700256 6.967931453 0.778487766 4.884313187 6.892674254 3.129372682 5.786786415 1.663043516 4.347995522 4.818287616 3.850856839 2.531558307
-11.319748150 -3.869500029 -25.974861836 0.827900854 0.388391799 0.224668403 -0.336535428 2.860533246 3.348899207 -0.251334929 4.806430871 2.396861277 7.723870117 0.249049709 2.164656375 1.936262541 2.265064199 12.061435500 4.327956923 2.552324385 -3.489981470 2.217531882 8.917971325 1.604063907 4.262720376 5.119811683 4.398172837
-4.504813508 3.484211628 -34.237639333 0.741192995 0.082538162 0.631253791 0.212929677 -0.477691170 5.934639596 8.517304061 9.451641689 4.096848001 7.496867754 5.654214329 5.702570965 -1.191217185 5.993617887 5.938868833 4.530731382 3.998565074 8.313604880 6.715895744 5.257390765 5.265045516 0.370561358 4.679705173 2.025682117
-13.749557483 7.035365991 -30.733741623 0.901277910 0.338226625 0.040072533 -0.267759352 3.232672319 -1.435519927 1.445661793 1.559825844 -0.339041636 7.385451786 4.989378296 -1.546743175 5.369003373 3.811094180 5.938650152 7.449957681 6.111342477 2.580505108 4.746197126 4.053169199 5.156356901 4.880506945 6.392138419 4.552301917
-2.658668190 -1.812182034 -24.770373024 0.976463345 -0.035813569 -0.212682267 0.001725608 8.867054225 3.769295369 1.592602569 7.312266451 7.653903888 5.202315842 4.184676767 3.245842511 5.791164165 1.962173482 9.012577655 0.138561890 5.907599770 4.300472926 5.344818740 0.165517039 7.354665833 2.030511149 5.444442790 4.841656367
-5.414808733 4.461009499 -28.609255716 0.851683543 0.281466660 0.442053702 -0.000432582 6.230002608 7.035955143 1.523516066 1.332202851 1.784440391 4.329618226 6.506131947 4.018842765 8.844845854 7.091642482 4.094768347 3.605614273 5.429864864 9.068594571 -0.407802950 5.934009998 11.065857358 -3.688337612 0.185277026 5.009140055
-5.457437994 -3.286627730 -28.760877994 0.887354078 0.379214387 -0.015263683 -0.261851501 6.104397620 0.220465442 5.582347212 4.362216321 7.541270444 4.683815788 -1.027048034 7.028644317 1.641070719 5.769774278 3.477079985 6.608346611 4.760691643 1.366656142 1.265417390 -5.314808002 4.673201711 2.093231448 -0.096896981 2.899887010
-15.129238363 -0.378998636 -26.048656090 0.733787309 -0.030790219 0.678680990 -0.000510450 7.962283844 -0.796185135 5.530306834 8.637400835 -2.895797110 0.148019481 7.924894227 1.337916433 7.425725237 2.156445167 -0.345591391 1.310404066 3.435308735 2.304380103 -0.365512779 3.375707623 3.292829212 2.305532093 1.754899994 4.830055585
-1.148437943 5.938949739 -23.129713941 0.879799741 0.278888872 -0.327130507 -0.202876920 4.521451969 0.513677894 7.626773211 7.830861804 7.724032855 8.496676345 4.324022177 4.866373477 1.275710207 3.467942206 4.538006794 6.823606641 3.031583516 3.310892223 2.175491688 5.516700811 4.315121716 8.156385038 9.767884061 4.924569793
-6.050829812 5.750835037 -31.229796898 0.768527633 0.540755490 -0.089984730 -0.329926546 5.333016107 5.580642894 4.485310469 3.174030598 2.808712919 4.158391840 6.081766325 -0.572310954 0.070092242 4.674999879 6.493777449 4.169576633 4.564029603 -0.321523465 1.502874245 0.558358098 0.273485574 2.242744836 2.566735242 4.498414435
-12.851682828 6.382764510 -22.707221040 0.713813072 0.427360021 0.385177672 0.399340045 3.929715004 4.144166449 3.331828973 5.619291952 -0.477912239 2.717724987 7.929779476 1.902101904 0.623917090 2.440152279 2.223619985 1.436971918 5.208628980 3.279606915 10.693781231 3.635735233 4.221348933 2.795753250 3.419293628 6.658425719
-16.299174822 6.653139393 -23.941093112 0.864445900 0.191178591 0.281093122 0.370365616 1.437812102 3.535706363 -2.449448763 2.010802707 3.275493430 2.850507019 5.009580603 6.965139545 9.314443381 2.100227484 2.220516398 4.608494189 1.617048439 3.126035986 0.493270682 3.044026249 4.427922689 2.993326155 7.486273314 6.096245426
-12.751511460 -2.582207583 -23.521975316 0.741432225 -0.096011237 0.660577318 -0.068539810 3.039366885 -0.657745588 5.451893766 1.137185127 3.704847631 -0.383070206 3.334912490 7.747819965 3.702437712 9.253027635 5.088222256 4.454937781 8.470430723 5.673474683 5.088485868 3.342269866 2.412808006 6.025332176 3.854418365 2.811645781
-3.436222510 8.319111315 -28.141578821 0.761591020 0.528857696 0.161551915 -0.337919569 5.557513469 0.070717920 2.842722229 4.664408796 2.634221130 5.637471661 -1.246378137 1.716221538 8.683389839 0.687173091 6.057189077 0.129608138 5.115386811 4.217909111 5.332532909 0.728705652 1.833069724 1.716173831 -0.150122519 1.046372061
-14.539891084 -1.266549139 -24.879295443 0.909040305 0.012865062 0.397290270 0.125062608 0.714009124 1.209736637 -0.441170554 4.523169391 6.337851809 4.546716215 4.186318967 5.841538897 1.617974159 1.541360701 6.365367873 1.118464081 5.749498895 2.618404741 3.168205544 8.248042653 6.687706839 6.904531982 6.760346016 -4.316673285
-13.560768857 1.849221118 -26.877744284 0.841562361 0.300979735 0.448353546 0.012770640 3.593186505 2.090415717 3.811571254 3.755347555 7.894641993 2.698227451 0.860888285 3.695315968 3.700895736 2.332134945 0.140790894 1.707240939 5.494072138 1.769991201 7.686700791 6.100878543 -1.802781700 3.973793256 -0.636912921 1.813743189
-6.127414418 -1.008158718 -23.409917645 0.796566119 0.455481899 0.327778694 0.224899502 3.698939449 4.399144059 5.566051211 5.504806937 5.531828830 6.297925907 7.232256796 2.176832225 7.593925794 5.708792935 8.479646776 11.686648576 -1.100502744 3.156925508 5.526833886 3.936314942 8.620925508 6.624827285 4.040433125 10.147837102
-5.614852748 3.965918065 -22.430769907 0.781931550 0.144577689 0.540915520 0.274026902 4.673617841 7.508933315 0.739390895 0.506751892 -0.250225814 -1.673741943 9.667432788 2.985952319 4.007812035 2.696334043 3.522993589 7.026595986 3.027958326 0.465947482 3.604830568 2.038712508 2.452064751 5.187490380 3.033253945 1.254920749
-14.301578196 6.731979087 -20.993198270 0.788726316 0.373042391 0.188974067 -0.450598464 8.113976827 6.776579602 5.530582829 1.282577938 5.780920944 6.549683052 5.651303328 4.180474533 2.297236230 -0.219590265 3.180823226 5.637841707 4.821144857 3.118543985 5.826225659 -0.634893504 4.253132409 3.933016243 8.848878134 5.486654212
-10.035740605 9.344069222 -22.076586955 0.909264878 0.027654854 0.211679776 0.357301362 1.565430401 2.997865817 2.698969587 2.440427393 9.619614685 10.125750931 3.686198737 1.308152374 1.081839848 7.941002188 5.847061650 10.533074343 6.426960334 2.361497166 -0.283550161 2.176569236 0.845756182 -0.053778016 5.476247206 1.276375656
-7.811195081 8.695311223 -22.936425461 0.844825490 0.363813165 0.039947963 -0.390274305 6.667550745 5.881434553 5.217083473 7.079753088 6.242680331 7.062234426 3.705720037 5.744215083 6.949864318 3.828685587 6.984530329 0.363279011 4.947374207 6.669452449 2.900485543 4.415305324 -1.714979247 5.939636738 0.668640127 4.038937235
-5.344295343 4.093454904 -34.382815970 0.788934259 0.534856177 0.097095634 -0.286503129 3.104945516 7.509823203 3.748067332 8.688070861 3.373252704 4.998716213 4.986731951 9.035670695 -0.035719364 1.300250695 3.131953457 3.702529648 3.682789304 7.463708831 2.444940559 -2.151021390 -2.564449697 4.845543243 4.924337022 4.823260967
-5.099209473 9.779624768 -25.206590662 0.761803351 0.618043936 0.161214750 0.108107131 0.771881113 7.322458591 4.993624695 5.830891360 5.949514127 0.985009890 3.393422818 0.618683133 -1.478394545 4.893233760 0.353976259 -3.445163258 1.599252098 4.960601416 5.776653161 4.468575507 4.703216793 1.547005820 -0.126423320 2.542103634
1.289480110 2.749478731 -24.872497691 0.881124033 0.243509313 0.220004151 0.340472945 4.248500086 5.234577142 2.696400600 7.591894027 1.776736260 4.817861711 8.168579215 3.620357038 1.547311814 3.383968259 2.748833973 7.543324253 5.250188160 1.228689125 9.325345615 -4.583696117 5.128962929 6.426653930 7.832498866 1.494842242
-16.274596058 8.805681676 -26.855335763 0.753408538 0.352140976 0.555312157 -0.000845940 5.793450036 3.490724858 5.512443215 5.170370993 -1.966531051 4.549334863 4.932980802 10.149368861 2.210105648 5.610483322 4.525567015 5.114664425 0.607098997 3.947462725 5.271929936 4.556859836 0.400164009 3.426244663 7.935968584 3.530946605
-4.934786317 6.746516178 -29.193996092 0.973015138 0.177439075 0.144435742 0.029920425 4.318352680 3.470354734 2.264923837 3.870452562 5.708092414 -0.702518246 0.241852735 1.149091979 2.420816819 4.414063326 6.729966170 3.919384685 -0.985364977 4.042752825 2.462425228 -0.081915158 8.580962837 4.399409904 8.878781237 4.196550447
-13.303182515 1.000559138 -31.067138279 0.962044772 0.189706359 -0.006877707 -0.196046046 4.174487503 6.551280620 2.104013625 4.379518643 -0.872200909 9.272463430 6.593863238 -1.004017820 3.784432188 4.080424669 2.401669672 3.692503613 5.528920566 6.796873574 3.044862624 5.601610491 4.959270181 3.202477499 5.635393661 5.403899204
-7.723174589 0.897174780 -37.074315999 0.944474723 0.277783806 -0.133627003 -0.113786990 -2.209865760 7.012636438 4.473614225 2.008487258 3.451512221 2.842429524 10.765717794 4.799053639 11.182726455 8.060489189 3.045441624 2.331822794 6.470398392 -4.235665199 6.368270386 -1.473122415 7.335696696 5.878385553 5.559925895 -1.501821880
-5.892268189 1.980550370 -34.429326118 0.742962057 0.487455208 0.409769748 0.206115394 2.955821822 5.503661303 3.248133684 4.044151089 5.465053560 0.524987288 4.167914650 2.149426435 2.329871520 4.940912568 4.060112783 6.113945699 7.760212574 3.675025751 8.490089827 9.232329905 2.398401005 -3.587215041 3.326598245 4.080296401
-3.168680618 10.205890318 -32.601581756 0.942316221 0.210172752 0.255362581 0.051551013 5.223231943 3.175363379 3.772212584 -0.953320384 2.626758080 5.434591211 2.806388679 4.962558552 6.145612976 2.076041295 4.077154073 1.443744131 10.668213482 5.056173164 4.106964546 7.812430281 5.380726699 5.131109788 1.036920993 5.198080823
0.785589237 8.600254146 -26.357135635 0.811605662 0.410584300 -0.068168631 -0.409963194 2.932545031 -1.134205222 7.652526367 5.860826346 0.521658509 7.057250355 1.032692125 -4.010311582 6.289528456 2.998437320 3.184546418 2.468916658 2.592704299 7.205256815 3.635767960 3.898517371 6.509715389 4.730078806 0.310618786 2.671197821
-1.116975095 3.278277871 -30.315005980 0.841963488 0.217598200 0.462985003 0.171445019 3.594799143 2.360135854 8.369614158 5.196275794 12.820512340 -2.000261655 3.601176844 4.763076255 -1.173809730 4.468341315 2.304991093 4.356659445 2.937296288 3.094327687 5.920049581 5.715661355 5.351709957 3.631413898 3.331579063 6.588148516
-12.497524372 6.967109033 -21.362681483 0.888738586 0.240643924 0.305787006 0.242339708 6.402538716 2.060825427 -1.481112351 7.155726916 1.491261804 8.364365562 3.076974501 1.124018913 7.813210094 5.139576205 -4.024610866 8.164244502 6.450281798 2.275753267 2.652983877 1.634517504 1.920265444 -1.744311030 -0.084038972 6.355549931
-9.507061657 8.846405231 -36.341532724 0.854980017 0.149467967 0.470536608 0.158945896 8.018283261 6.667437137 5.847359007 2.013745096 10.343700605 5.550392962 0.001444263 6.250539738 7.420552989 3.665646389 7.746025345 5.049290048 1.527937773 11.394738294 5.788050191 4.417099948 3.659109684 6.363494021 5.915369043 7.708580740
-4.973483164 5.698344435 -36.667925504 0.708475147 0.421920654 0.562912334 0.056352750 5.678307007 3.393621796 3.002235609 4.509023304 1.241894420 7.291919448 3.801736891 0.964424985 2.264748239 2.715680501 5.025167674 4.363325703 1.947366422 2.337135075 2.446215830 2.858902876 5.579630965 3.156700513 4.377202013 9.171579188
-1.444000305 7.780455491 -33.980631186 0.743243207 0.646572650 0.129004483 -0.113539364 2.075957931 1.990243183 4.789916688 5.386911069 7.164534351 -0.450068132 4.900268188 2.176672698 8.594370085 8.999150663 0.754191638 8.347111128 1.229371403 6.304546064 -0.979007976 0.459019148 -3.836579998 2.284361792 0.202536808 4.772987531
-12.392214434 0.928909590 -34.036093274 0.917691324 -0.043008090 0.289066434 0.269134788 1.908238176 5.242695473 6.086082220 3.285863623 2.543692847 2.521408595 12.258946290 -0.958535337 2.329324302 4.147292719 4.722810992 1.888685643 2.522180588 3.699164517 2.220130889 1.489149808 1.985067126 0.291645238 0.304121927 5.871987421
-8.440521905 -0.515714915 -19.767592700 0.742482104 0.419619158 0.450936622 -0.263241810 4.764139122 4.109198670 6.409347344 3.453907908 2.106604631 1.286259190 2.962659102 7.971631883 -0.914006529 2.060651761 4.770900664 3.951843371 6.353298429 2.380486563 8.086305645 1.729692471 6.707103430 3.825910760 3.661970772 7.469372640
-1.200489674 4.219451826 -31.822603636 0.962052029 0.206859883 -0.158942271 -0.080013981 0.443640017 2.876909649 -0.563669167 1.091809360 0.112188137 -0.446251310 2.733227525 3.078861184 3.115857557 3.306811229 3.613340781 3.524880299 2.724308139 3.956403757 5.222612021 3.776247782 11.179162353 5.435462698 2.162924869 3.465212456
-10.603255995 1.264961562 -19.221722152 0.735355305 0.298741595 0.508330879 -0.334074472 6.415022506 3.737136984 1.644604389 2.934343143 4.848672864 7.788876128 -1.605770453 0.009800950 0.896201236 4.668339952 0.127671355 6.745044211 8.147899029 8.323518678 5.947808661 1.935514267 3.492057029 2.039789069 4.270201166 4.165037174
-9.075745396 0.184031547 -28.668054230 0.760430833 0.149893071 0.613593355 0.150931145 2.522973923 1.275212715 1.580351373 0.994793948 0.955984103 1.831907701 2.977269757 4.219371565 -0.193862185 7.801786130 5.279433769 2.543282083 3.524339609 7.432953614 1.409006050 6.516678725 7.067502208 3.147722905 2.589044411 5.482607778
-12.885181503 1.076272136 -28.755399493 0.797307131 0.451477141 0.356582893 -0.182533204 2.338906603 2.437858697 1.311375250 3.302395203 9.739255372 10.844020878 2.982612353 3.161372103 4.280033506 -1.768372378 1.528410378 7.604980589 -1.824220432 -2.263978287 4.409121349 -1.368353419 -0.071144310 0.944670846 6.053600122 4.388772793
-9.470035680 11.941303285 -22.485020271 0.760420528 0.429558846 0.300677399 0.383187839 0.374863925 2.495796318 0.727412762 6.825658559 0.808394477 2.156259825 7.279200031 4.967371550 10.762441582 2.837990518 4.260182423 5.047586606 3.606584219 6.503170701 0.082578189 -3.770187533 4.268153561 -3.462266350 8.719047946 1.143890120
-13.503454845 2.491270293 -26.903704930 0.962844476 0.096828506 0.251884429 -0.010439803 -0.714767966 2.897972970 6.088303480 5.646462270 3.997621720 -1.367349307 2.663412063 2.744962812 0.784059793 1.401796117 6.045317530 6.179498520 -0.244256786 10.743677928 -1.630130778 6.142754339 -0.348583639 2.971083566 5.425125535 -3.533508771
-3.723327439 9.963391272 -26.135848881 0.895409232 0.183617037 0.347135605 0.209818880 6.262352348 6.618335068 5.788472969 2.414349358 4.825990222 8.847509708 8.335277209 10.920885886 7.145989405 7.526170098 2.673813097 6.558007423 8.728570226 4.750777764 5.894743181 4.600498002 6.900367266 7.653344032 2.441945676 3.150232971
-8.575277579 1.901156648 -29.001220227 0.976894262 0.114150187 -0.164472203 -0.074807957 3.770847856 9.662865165 -0.502262298 8.734764972 1.699338774 4.256422592 2.376536039 5.123916101 7.359422481 -0.629653019 8.123374485 1.938227260 3.422242660 2.249569924 1.185226267 6.046564475 2.629553250 3.209354519 -0.552201375 12.654896604
-15.063592784 1.094826498 -27.072548339 0.971670538 0.129462485 0.109619148 -0.164558417 0.823332291 6.275212875 4.653018333 9.299265448 1.727271011 -0.117097840 -0.471073245 3.178061820 5.115292795 6.145187586 1.228123913 9.525922199 2.389110590 3.018417986 0.878433384 3.987170042 5.709200643 2.979953793 2.170315709 3.111577671
-7.954762409 -1.585150878 -26.695321451 0.789866134 0.074521781 0.577157472 0.193512912 2.132944482 3.119809052 0.129111465 7.582361586 5.980277610 -1.620171306 4.277224838 3.178824808 4.533552055 1.839784501 6.995817066 6.921246270 3.924133769 1.345080203 4.414920836 4.319010013 2.963032983 6.963124154 5.037115770 3.056513970
-7.828269713 13.007377368 -31.619524094 0.938242802 0.193462955 0.223715284 0.179510450 1.768364562 1.050692479 1.402857156 2.427439810 2.338631709 2.448210505 1.376988858 -4.720474014 2.344533614 5.808391078 8.785025648 0.895976003 5.674956099 8.748549411 7.693296881 4.689067835 -0.383520736 4.086905921 5.922066768 3.235077205
-8.761080295 12.134216139 -22.803810686 0.897981358 0.310848957 0.309613313 0.033793525 2.109241101 -3.388845447 4.551725690 8.540105265 -1.672449217 2.847542581 11.077748862 5.558095708 4.225075548 9.532909580 2.368070780 4.555783639 2.547632370 8.941067444 4.303517797 7.955719236 2.215708945 7.087575246 4.493108672 4.268515600
-13.779872096 0.880230248 -30.600511404 0.831849796 0.340254367 0.377623384 -0.222830570 3.759131048 4.400187572 0.076318793 -0.013596295 2.342281718 3.608443897 3.059639692 1.945221612 1.510101351 4.986515510 2.796064544 -0.256417235 5.684171515 7.029952309 4.676780504 9.134326204 -2.301837624 4.030872169 0.541601350 7.982504353
-1.200485382 1.773835343 -25.512345476 0.987104211 -0.124749821 0.089196564 0.045899138 0.617557411 7.498845626 3.601427294 2.542773441 1.444362756 0.832002919 4.869719741 4.716144010 4.698302354 2.271262154 2.785850419 7.506413202 4.712077512 4.912239935 3.488224390 2.299126399 3.835374101 7.377433365 0.271675497 7.997181342
-15.790100358 -1.353764418 -27.887786958 0.867919331 -0.312914721 0.246986774 0.296307183 0.600377250 7.818674227 1.754456503 3.433115875 5.810829276 5.822276860 10.380063980 3.581043843 2.543138589 0.793329794 1.819800589 4.066335095 2.986039156 2.922228841 3.886567751 6.314600087 0.543842632 -0.118173359 5.470886335 3.465141878
-11.004887064 2.684867425 -35.367446330 0.716242067 0.113051394 0.672671041 0.147412193 5.658899794 -2.071811495 3.379465435 7.404795074 2.634098126 3.832615436 6.850031322 4.266170651 3.748185519 7.008491482 2.884832105 -1.382057437 3.355706735 7.272526799 1.059884710 1.261837472 3.719991190 3.721733186 10.372234520 4.725646569
-3.224816639 10.873287998 -31.851795852 0.802819299 0.513852191 0.103794860 -0.284013601 1.491072658 3.557471900 -0.017144957 6.548186078 3.746676685 3.817130314 2.031372128 7.453547813 -0.208361827 1.079344723 7.635380932 6.157859422 4.722698395 7.224387977 1.010484286 1.308435760 -0.812955221 1.213769680 8.876098518 3.604787257
-12.399031005 -2.915453224 -30.802193986 0.975681593 0.172659462 0.016310545 -0.134045161 7.748049855 5.563871673 6.670353205 -4.602866732 9.062949701 0.433800096 3.108141989 5.716069198 3.541222625 4.299146999 11.295837291 0.009712854 7.376849196 1.392412929 4.433205316 -0.239754965 0.422872197 3.625081174 7.892953383 5.694864148
-4.285691708 6.628114448 -21.716481345 0.851209948 0.346278290 0.386506914 0.078392445 3.294194690 0.482912423 -1.815081467 1.995131337 7.926941144 1.551398139 6.538265291 2.235733514 -0.007883566 3.898657448 5.066686334 7.348151097 -2.178576357 0.276537010 7.218111261 5.896071046 12.343481753 -2.419410035 0.957020987 -3.623540607
-14.624022312 8.727583645 -31.114163920 0.795536656 0.413723416 0.248633188 -0.366245686 -1.007355374 2.261894666 1.109016125 9.073586408 4.510372400 -0.695403337 3.404549817 6.099939200 3.098067015 0.224787984 5.575256962 0.800833940 3.881168772 3.178109440 2.251331824 3.506707264 -1.140017703 6.719521602 3.396420671 7.371365802
-9.112857308 10.678443146 -34.149566290 0.793407813 0.295668380 0.422003362 0.324033045 5.689645388 4.728336344 2.738158754 13.013739057 3.760092937 6.144252924 4.030689975 -1.001402526 4.490855678 -0.495491483 4.779023337 0.460261805 3.791377981 -3.981563433 4.876616910 6.351826811 3.739276771 3.669922715 4.499474027 -4.813537855
-11.987988987 11.000858420 -26.169617180 0.867733348 0.320306799 0.110076276 -0.363765865 0.333767690 -0.328064900 5.876081643 4.180467401 6.071081170 8.631359027 5.596054718 7.579418293 1.936640386 9.031307755 4.895204300 3.988701429 4.499759644 5.515355255 5.477247379 1.943939964 3.905946941 -6.880038701 -0.613958809 3.286681438
-3.760261990 -1.712567109 -30.159080296 0.941301023 -0.260958016 0.199474012 0.077867947 5.925522311 1.481887880 4.505431512 11.632858366 1.088458070 0.607639464 9.485016309 9.414543859 4.741377044 -1.553036807 5.230243870 -2.318601057 1.684000826 3.184610924 1.995859982 7.115760016 6.888002214 4.409761807 2.449918795 1.168894147
-8.994306415 11.240154008 -26.272685125 0.868334967 0.321584815 0.370084897 0.074931711 1.726933600 2.230579568 3.329202105 2.989282729 -1.461425261 4.728542524 0.882279438 8.758922344 -2.509843053 1.171791056 -0.120801824 4.144412778 4.910276133 3.170003868 4.551459574 4.616926501 1.916905992 2.760954000 5.464687965 5.069997695
-0.411978006 5.270345198 -32.135321725 0.970993120 0.164948048 0.140273468 0.101429071 2.594339692 5.574453754 0.768543416 7.188910870 5.620118694 -0.921320988 3.893979875 4.831154244 4.055915488 9.516615680 2.918617321 3.472629550 3.759244874 11.079719055 2.302000226 5.522554743 5.191697725 2.532436907 8.788402187 2.317258457
-8.274891948 9.785471898 -34.304551877 0.898712359 0.376909241 0.218593517 0.049723183 7.285631628 6.058162252 1.818289605 5.060505698 2.282206893 5.873313089 2.285459730 2.230300633 8.646184767 3.372773730 0.849855969 5.317034139 5.178242482 1.717277237 2.932017820 6.612320475 1.590651790 0.459751941 3.865533942 0.648367240
-11.063240130 -0.751519769 -34.249968322 0.953507742 0.209112863 -0.004354392 -0.216969664 6.916696342 2.990410981 4.174204158 2.794738482 0.855998541 -0.220664898 9.321965733 -0.257219602 5.112456444 5.096437111 7.648393626 3.754473099 -0.565577379 3.617400808 3.062109036 2.148942780 2.699006232 4.502270945 4.566704132 2.652751577
-14.659048541 4.485014898 -27.424198715 0.952892847 0.215804535 0.206523393 -0.052647061 3.863826383 8.393501203 5.666195162 5.896739178 4.118004354 5.166214218 0.500771216 6.665424513 2.150278490 0.869241905 4.575343513 6.864455984 -1.193870603 7.331040749 -6.529937750 0.837188892 -0.027030585 -0.833113032 4.718882887 0.720428183
-10.929648487 -1.152470897 -27.675048780 0.835113848 0.424368390 0.063264989 -0.344229388 3.826098120 8.234403912 4.212180711 -0.284025708 8.412833045 -1.364475134 5.591639969 7.860405914 7.226147988 3.930515594 8.109463938 5.313438014 -1.610670425 7.561787935 1.828863520 4.934081569 2.862127694 3.124344515 1.574589781 1.323288136
-7.417135125 2.584389844 -28.552646434 0.891860630 0.307351084 0.083384290 -0.321196184 0.893227270 4.977998525 2.047366099 2.320663496 2.420619465 -1.024062167 5.882563420 5.667325802 4.393539051 6.407657232 1.581737696 6.249944408 2.490771770 -0.802540963 11.942712630 4.144992674 -0.762874883 1.276556006 4.573893706 -1.252728670
-0.073682448 1.944119154 -29.988841557 0.917371260 0.249508928 0.263549561 0.163453037 0.478218887 5.415203603 7.904933657 2.860761687 4.482966112 2.101198065 4.423260488 4.859236531 5.768747470 -0.025624854 1.877596754 5.196358322 2.588623869 9.448869147 7.302598651 4.437508177 4.952662866 8.789220205 3.250247089 3.262646050
-10.645860843 2.850851815 -24.834996861 0.764782142 0.421326624 0.401226234 0.276784501 3.808323427 4.025155459 4.043828984 2.095184155 0.068251333 6.308739364 2.042142961 3.901374320 2.237948263 4.111345226 1.950853897 6.652294213 5.037291691 4.761701677 5.438068132 2.060632687 4.563535043 1.514130724 1.118343833 3.050172761
-7.353410134 10.708999115 -29.753939720 0.738790182 0.543679957 0.287178864 -0.275915694 6.696025998 9.821344329 4.872151790 3.438064779 3.375728983 2.306795181 9.716462431 3.367302321 6.669305571 2.392780386 4.323358068 8.495672510 3.016415773 -1.837905601 4.713649217 6.758298118 3.867215884 5.126343492 6.841396222 0.433757381
-8.060964346 -5.514960620 -30.635755347 0.898709662 -0.217566754 0.251198975 0.286155072 2.665338241 3.346077537 7.730595081 6.383047974 3.160866565 3.784122881 2.008551381 5.373639486 -1.918930057 5.751901559 6.521788995 2.506479797 3.213854474 -1.483978083 3.898033981 2.724973660 3.179603211 4.369720912 2.574903507 8.409943110
-0.780123763 3.598333349 -23.358427315 0.926513595 0.302052869 0.132392968 0.181131787 6.416499601 1.996314838 2.997828075 0.658072621 2.364056069 4.061226261 1.645777401 1.443510391 7.810608152 8.453864268 2.756533041 8.194962951 0.379069245 7.271964083 2.401396720 4.515117235 5.988134193 5.071533039 4.648718098 2.379878739
-14.703423341 2.657155802 -29.513747201 0.989090422 0.114558605 0.010845023 -0.091971998 4.262472779 8.412207724 5.352966564 3.703195978 4.035503137 5.171871455 3.355576096 5.109472021 1.639091533 6.203884885 4.609320140 1.779497018 6.542965232 6.641573355 2.853515638 6.827046804 4.637499925 2.429144985 2.262400966 -0.833669814
-1.834727564 -0.831996942 -27.094433774 0.875516090 -0.090330555 0.473783689 -0.028999718 4.325944772 1.340566260 3.585776761 2.294686155 4.330977444 5.451234057 7.965469526 3.727078015 10.006787443 4.535876342 10.092275638 2.234853502 6.790953162 5.493701590 3.956060842 7.382095826 0.880115728 3.936580724 3.126555659 1.897956868
0.786008865 4.035883866 -23.583755891 0.973483421 0.127088393 0.148431023 0.118940323 8.404903539 4.071286663 5.417193818 -0.291481523 2.456454709 5.368406634 6.795373601 3.132287818 9.291038720 3.763602089 0.745592552 3.479261278 4.410459077 3.449159727 8.118338623 1.585097912 4.646907354 7.528471674 -0.357089398 8.028325831
-8.777233088 -5.830650755 -28.715216653 0.789241921 -0.444965785 0.384388473 0.177054064 5.311666398 1.449131578 4.516090826 -0.185117731 0.877793980 2.832830535 9.355193203 5.983710756 1.689659604 4.263162795 2.896204989 6.150751740 3.310060329 5.310684778 2.399571741 6.414644086 7.249362506 -0.556762277 6.800153630 5.482601359
-15.677504123 6.638072647 -28.117078484 0.807684044 0.277857155 0.517721154 -0.049058069 3.903215615 5.306461770 -0.259616065 7.409435231 7.819854559 3.729518861 1.363110768 3.366532719 4.150783356 5.214284245 -1.931606505 -0.765878695 7.110391776 2.876196545 7.659786017 1.772544204 2.290690209 6.793005298 6.675336433 4.630099161
-10.729219631 5.234746274 -25.165961536 0.799731311 0.424688198 0.393840744 0.157984912 9.582520918 2.216196390 3.225697127 6.249608370 11.529780032 1.407979731 8.073977532 8.457391406 1.741369065 1.577015150 2.822855501 6.981304319 4.446872785 6.355643959 4.565244547 2.005901549 6.000380453 0.583435644 -1.476458673 2.228589553
-14.509786686 -0.377572079 -31.758928488 0.731911584 0.041189018 0.659434768 0.166597372 6.683726310 5.671796486 4.789340446 6.061922868 -0.053369845 3.903578244 4.305373170 1.623781437 1.018707471 3.583357085 4.041207462 3.682913822 -0.368346591 2.025144246 2.394338946 5.856011954 1.636587195 3.974564782 5.969787200 2.216542689
-9.618981912 0.832408483 -19.228561966 0.942511107 0.058343596 0.236062189 0.229223649 2.151198287 4.370721566 4.371154223 2.814258966 8.669343457 3.656808650 6.176145664 0.231886806 0.290736482 9.689800124 0.565699441 5.687269144 10.817495805 3.615161791 5.986303922 1.208390020 6.677571094 4.556023832 2.134960791 9.846992147
-3.032079753 7.566696934 -28.657903556 0.804005782 0.567632245 -0.063308719 -0.165409623 2.984416815 6.070394012 8.510268649 6.730964670 0.511361483 2.322637264 2.884106262 4.200803287 1.808661817 6.672891862 5.188627169 0.707101428 -0.857884758 2.362991773 0.961283149 3.073549032 2.804692938 0.789661745 -4.136733975 6.648164690
-7.519630204 9.511502211 -30.586547617 0.744434814 0.555584214 -0.048189049 -0.367179524 7.657292963 0.414530158 8.090985302 1.492610631 1.138777444 4.111829242 8.126922425 -1.726126898 2.194921317 3.670934186 0.236800506 8.379465075 3.100794751 -0.141918566 3.017314912 -0.812897197 3.567563799 5.146393127 4.120335606 5.935406738
-1.455001196 9.642881345 -24.632788287 0.963244289 0.258462810 0.040542283 0.060940454 -3.822713274 13.980619334 4.789146711 4.542873168 2.566188989 4.193542880 6.580564411 0.691625135 5.757153090 4.644346947 7.272537226 3.216052847 -0.519464976 3.811198927 4.623382390 8.682163748 5.324627309 0.209471768 1.915044543 -1.783318886
-5.850655910 1.786024340 -20.062029210 0.750272164 0.331139896 0.443515834 0.361568465 -0.914641149 3.769354348 7.452679877 3.747266081 3.922711102 3.771595044 7.570660096 8.458103004 4.848705916 0.946326509 2.039480894 4.145934391 3.506290785 1.466114057 3.966222057 3.666868786 1.179038870 5.858592232 7.882989050 2.298105031
