-26.300811290 3.526657678 -18.385679755 0.795703021 -0.061360998 0.597231358 0.080038964 7.470664419 1.763224679 5.023004508 2.122611464 6.067268649 6.680442955 4.618426707 -0.701688946 0.883922225 6.118024249 3.779258357 3.421464127 7.320146759 3.595635575 3.503198165 5.689106392 4.093506719 10.547225687 6.612933068 6.452813926
-31.471740988 2.921767231 -16.139629800 0.810408984 0.029877460 0.558813039 0.173414542 3.795945193 3.816648773 7.845388523 -0.750729369 5.905626985 1.502410920 2.408824195 3.099492248 5.060755243 2.653275640 5.180046895 3.001195825 4.914436238 6.686661128 5.899673877 3.887015698 3.147284471 1.372434257 9.293164868 7.648059066
-28.873300381 5.734251113 -7.492657769 0.743881607 0.222518586 0.286867056 0.561099747 2.936642205 6.941989822 5.543847126 7.106134148 3.269802221 4.038068271 5.748137923 6.899773848 6.820750438 3.950838247 5.308186199 3.692502632 1.697000004 5.227825355 3.804442431 5.073273991 9.527492987 7.116992804 4.078262420 -0.194044947
-18.037061964 3.260712823 -13.897974107 0.835580983 0.312260751 0.396917391 0.216227261 4.088747292 6.870753120 3.293874049 5.182852473 7.319478257 -0.514801915 4.183958372 5.827377310 2.705813574 6.068221640 1.424080081 1.163058801 9.254993646 5.155495680 4.632876360 5.818370926 1.589562276 -0.302349957 6.191052162 2.141134313
-18.711582555 5.087284110 -16.280252782 0.803758459 0.246317239 0.322982140 -0.434721398 0.850484656 5.283984934 1.460010859 5.453877185 3.701295625 6.042347403 7.467326868 4.975306817 5.223853768 5.184048203 1.789615364 2.644368780 3.197805983 7.752297361 9.681430484 6.877252081 5.728775708 5.501810797 5.081785233 2.571171525
-19.570885035 10.179455739 -17.644739978 0.736160002 0.248635434 0.587407603 0.226276777 1.686925108 2.989659617 6.777054557 3.028036107 2.412213769 3.737558579 1.643324143 8.907188707 4.210485457 4.845445439 5.354229703 2.046165135 9.218569122 1.172346464 1.034799000 3.303244517 1.413121939 1.937811149 1.638487521 3.893385392
-25.946608906 -0.747796087 -13.620475377 0.840301002 0.124696430 0.428016410 -0.308459039 6.479369001 10.796598054 3.843870596 -1.100774766 -2.460536245 2.461094132 3.765732362 4.071546722 2.790261139 4.994115615 0.429153231 6.973043236 2.205015576 4.766864317 8.494632399 6.801073476 2.925536258 7.746298348 6.118606219 4.839623556
-23.906506278 7.273411961 -18.651318860 0.726956992 0.243481918 0.454941524 -0.453076481 2.853823901 3.052711702 3.857382302 5.402808235 6.160674166 -0.571701996 3.698851659 6.727449888 6.006110375 0.987128350 4.205741752 10.229235458 7.117529227 3.250490357 7.806067430 4.292425574 7.434349261 4.936922813 4.575738742 5.530797547
-22.772990962 6.599350937 -15.063934172 0.897411274 0.208106367 0.314578437 0.228878028 6.464109120 3.033204486 9.533216538 0.741637132 3.296779439 4.800516550 2.687887903 4.820575792 0.762197094 7.483445450 -0.777404366 2.414349477 3.625045960 4.669688160 6.025002034 4.208413374 3.376834864 3.934023024 -1.853023262 4.424753753
-27.905816750 0.797082752 -7.883113042 0.788385261 0.116593902 0.445265424 -0.408158358 -3.271430343 5.768562362 5.033587641 8.268869930 3.672266782 7.960082139 4.549212807 4.871728322 6.740494689 0.849137752 5.072750543 1.839316199 5.728831819 7.998597316 6.061091125 10.407137566 4.658409777 5.752086339 5.402326356 1.577780599
-24.442196781 13.559224175 -16.491423703 0.873221085 0.225992817 0.279402651 0.329160056 -1.964235574 6.301949083 8.374688026 5.746531448 6.991292264 3.950252809 -0.872249950 8.624435193 3.106696260 5.122088342 -0.945164896 0.507648540 -0.957145572 4.790933195 0.159939583 1.480668273 -2.341357394 7.857314563 4.282309910 3.765273034
-21.304076684 5.495255440 -6.352597563 0.723509212 0.322538105 0.607945369 -0.053907516 3.129629459 2.505890220 4.539910566 8.195150032 4.043068239 3.142574164 0.548286049 -1.535676177 10.470731430 -0.004194832 6.472387443 2.188938602 9.874060609 5.091411727 -2.852668399 4.849078953 7.109045868 1.240028626 3.690470916 10.105629824
-21.273006153 4.400286548 -7.305943936 0.965870276 0.071603863 0.234137409 0.084540943 1.462875112 4.961847601 8.524829643 3.118695330 2.876183566 6.543376495 -1.338498894 1.412427797 7.885688089 6.854099592 5.413955401 3.165958088 2.562961638 1.908025588 -3.286478393 1.805637726 4.545685886 6.962251321 4.562553370 -2.209906929
-30.820900512 7.705409847 -10.946843156 0.862611603 0.196577102 0.404526987 0.231552546 5.131471535 0.937757731 7.463180696 6.430531178 0.694662489 -0.346984233 1.248498291 5.909762942 4.486771518 6.772836708 1.525705089 4.203269567 -1.596796792 2.013824026 3.747843390 1.217141483 4.881399008 1.296936219 0.439932826 3.238621225
-26.501194545 0.803661808 -7.779637850 0.947581854 0.134767639 0.247696852 0.150241752 6.390589004 3.236658365 2.354143950 -2.503673021 5.850719810 6.959614862 -2.692853302 3.020255279 3.286383771 5.822643241 3.426951687 6.983286369 7.594434409 4.854291999 5.710404031 2.032323595 8.201953851 9.128554055 -0.093922262 1.734137677
-27.658411701 2.189532222 -11.716310957 0.710457915 -0.087088073 0.579261486 0.390027370 -0.399015609 4.188232320 8.914065307 5.357326391 9.749375671 6.472689562 5.676769738 2.855892329 4.594140781 1.872339203 3.286059910 3.725558740 1.010717013 0.347146392 -1.596134264 5.607497725 7.345070861 5.173382658 2.732917704 6.646721099
-21.800720501 6.762773601 -9.386598675 0.786842141 0.314806968 0.521130762 0.100988848 9.918638883 4.792772500 8.321167279 2.379045698 -2.871541587 0.805580873 -2.131759731 5.042071943 7.726847284 -2.043795372 3.698170705 -3.327564470 4.359355810 2.738151721 5.354989436 8.359842159 9.083680451 4.852143589 1.979740732 3.145638261
-25.308767344 2.703622512 -5.501593030 0.738760909 0.329299602 0.576539327 0.115743234 4.589298074 1.929353973 7.838522596 3.486740459 2.589851033 6.674147158 7.364077897 3.341121451 -2.531164520 3.815503976 7.473617890 6.948997775 3.576276627 6.071209819 2.768864149 2.629607925 1.020268410 6.924817981 -0.689494406 5.589016567
-22.332399203 5.117244044 -11.687671755 0.869823996 0.092394867 0.470341759 0.116824800 1.301193299 7.313626897 8.461164814 5.686572732 -0.927062985 4.150384906 4.302544166 7.162390331 2.896153245 2.416200570 1.376282473 6.496070865 1.812195871 5.504228273 2.392766072 7.533119055 2.948784816 7.812924526 2.164638437 7.119440795
-27.299142419 11.637460168 -21.069872032 0.845089682 0.106921398 0.253427259 0.458438512 4.693981411 2.803571810 6.105317347 -2.699597121 9.120857095 0.498861795 5.194144120 8.118564340 0.707723247 0.132342623 0.468613704 4.931786188 5.204883755 1.606615406 4.691991868 5.531202603 5.718085342 4.674457857 6.674600928 1.582074889
-30.114948112 3.131329351 -13.292586688 0.738318155 0.089047119 0.332414820 0.580049394 0.276022143 3.460887072 -0.303563335 3.632047467 2.920112494 -0.347445764 4.582344679 8.027276492 7.091109408 2.920896631 -3.383973365 5.465717791 -0.300552191 -0.621322960 9.577771276 2.319113431 7.537961097 3.483524467 4.805979595 3.325526368
-15.329536976 4.784801413 -12.923036840 0.879811415 0.303399976 0.176171217 0.320693047 10.159884015 11.812684946 5.293724458 3.732237869 0.937078081 9.525846483 9.461859612 6.403242912 4.751849867 2.730631473 9.636334081 6.199817902 4.176583570 5.193549943 3.836807219 5.062025231 0.758885723 8.923990597 7.962951728 2.859623154
-18.008732633 9.967101328 -7.136917168 0.840309087 0.438580136 0.181601920 0.261818343 1.485190164 -0.894988130 1.933454212 7.717035466 7.653625707 3.311024128 1.083703418 1.780721922 2.387568740 4.990277127 -0.832846984 1.361206003 4.435637277 5.493248035 7.134468723 -0.220749905 2.872751007 2.484204288 5.765390090 -0.317660738
-26.442723786 10.572701881 -10.278119910 0.955271704 0.167931315 0.243164662 0.011224603 9.501074948 7.593270470 3.756088643 6.406525595 1.410752242 1.813992600 6.171486088 1.498935046 4.221912428 1.103683154 2.206872720 0.195336034 -4.083794230 3.429058767 1.825147716 2.713086420 -2.018269050 2.025812315 6.804900716 7.001726753
-21.938260775 15.785431855 -12.712214871 0.774040031 0.317849656 0.313404586 0.449011350 4.926118189 8.816369715 6.253087858 9.457982224 2.364864064 0.258918186 2.863660065 6.049085733 2.688745948 0.726605920 0.346815587 1.110848687 9.528713430 6.781438062 3.621076315 8.582241455 6.407636966 -3.588462910 1.156848306 4.269461048
-32.886432939 8.788319352 -14.033995192 0.932249054 0.073638411 0.315205650 -0.161661635 4.841169797 6.939536005 5.083588361 4.593680838 5.619643309 4.842364367 2.804631744 7.583646238 4.405777948 5.648532669 5.715714565 0.290974892 8.663909307 2.997869014 0.469321010 7.763708353 3.375043988 5.369268942 7.876226162 7.042689850
-24.855716479 2.475718946 -21.699118428 0.800749942 0.304166242 0.367024375 -0.362733422 6.000138247 4.239441318 3.984212722 8.098801427 3.953818335 3.476749872 6.512190857 6.232632354 0.843693483 0.184195837 6.651820105 5.089013943 7.909103112 0.718945274 2.892387166 5.722524571 1.587340052 9.195714667 1.262578108 5.140542112
-28.145455632 1.394467608 -17.543233552 0.772644517 0.069312159 0.316537988 0.545912060 0.705849566 1.816019286 5.614338098 7.569145574 7.946275683 6.833277132 0.543674227 5.139158040 5.263607530 6.862538788 -1.120498013 5.923549399 -1.764489381 6.804440352 4.849665369 -0.349404572 4.765978693 6.668793838 5.772982130 1.269175442
-25.947178608 9.174716160 -20.348657127 0.814919630 0.116958473 0.274423205 0.496909063 7.956665527 -0.504830808 8.118289343 5.699702205 3.502899957 0.485645621 3.982182937 11.084512868 1.754047176 4.786658156 2.934941797 3.928763063 7.179505691 6.812530471 2.264653743 5.291019609 1.518414810 6.830220611 2.239455781 3.133019521
-20.287286373 -0.635313761 -12.787278505 0.730617570 0.210495940 0.637467685 0.124596857 1.007400618 7.372939021 6.211789204 1.236973354 4.436556836 1.840323124 3.762885873 5.961862689 -2.704640069 7.653913023 5.337809321 -0.692711432 2.627981513 1.325160436 7.656463543 0.311603189 3.699003646 5.541295778 1.893891181 0.331662607
-19.217249042 -0.402589857 -12.015935563 0.965924233 0.147369591 0.212521165 0.010360246 6.628092736 6.791230684 7.488549267 6.953953533 3.904381027 3.091757975 -2.116217125 3.968132346 0.717684187 5.981356357 6.931671768 2.070060325 4.870045886 -1.747564951 3.335634477 -0.328486218 6.564939586 2.660508801 5.192945471 3.254181906
-16.574514143 3.855945189 -7.534978909 0.711842356 0.375961527 0.588760668 -0.072761711 5.892366804 3.010307964 3.468298591 2.422859854 5.327620039 0.119255365 9.132168232 1.022714650 2.185351210 8.206743549 3.336897415 0.354212898 2.887234337 7.392532772 4.794942630 5.361285951 4.249057769 2.164300994 8.717646308 7.122340914
-17.754891051 13.446188207 -12.305230207 0.837888920 0.308356203 0.280550880 -0.352348995 7.218097038 0.725724836 9.516543633 0.751813764 0.077790050 4.853476304 4.600074019 3.663231916 2.703599679 -0.167766109 6.724399224 8.976142777 6.694502043 -0.034596737 7.937251631 4.854359951 8.816914080 11.158544548 0.946265030 -6.174467897
-17.586801345 7.765911066 -19.682720555 0.753413086 0.412861265 0.511465411 0.017816588 6.022771787 3.548377089 -0.177430460 0.562214374 4.036287878 -1.063131316 3.786724663 2.696625723 0.156912442 0.915130189 2.311680240 4.762372996 5.640735407 2.748147779 4.964931219 -0.862007792 8.755372712 9.333280598 -3.704198419 7.385967960
-23.149581966 9.831288455 -21.771234335 0.816261092 0.178625408 0.344495402 0.427941247 4.198195870 3.683414665 2.539715135 7.203713753 2.439651418 1.117758210 1.551112583 4.511458983 5.950070315 2.392784687 -4.082513555 3.184842266 0.845387500 4.915570059 5.540238284 -3.785420719 0.763947292 4.953894045 2.464481615 1.154679567
-28.275212416 6.440593412 -19.084834730 0.851958053 0.220417516 0.473876983 -0.032003115 6.584591118 3.225247071 -1.070588177 3.557843029 4.891480558 5.999017304 4.798797131 7.050206134 5.436646852 3.008717994 6.038711657 6.654321504 3.783657084 4.351253712 -1.109665561 5.464107565 0.869075163 6.773314867 7.008126294 5.071575964
-30.504339538 11.027957630 -10.180305675 0.796471463 0.144381744 0.424232503 0.405972786 8.275223877 5.162389934 8.445746390 4.600391628 4.340173748 2.168286195 -2.085792040 7.705918063 3.262348779 5.647448555 5.687417633 4.196915694 -0.501032992 4.402030459 2.649308106 1.086690152 5.769481190 4.659509504 9.546439173 5.997146043
-25.909697239 10.222788599 -20.244170898 0.907820638 -0.000647696 0.344810726 0.238677257 5.645483877 4.970490485 5.204856741 1.275768277 8.736251061 4.170919925 7.437490814 3.791846462 3.880511187 3.567113413 3.802512781 5.195122824 3.158463064 8.775868001 1.937173057 1.211886386 0.056201924 1.997446438 1.693801416 4.258817023
-18.403520688 1.546301609 -17.894350117 0.814412214 -0.410399314 0.369492412 0.178270880 6.302671133 5.148518234 -1.350976585 7.133374064 6.282029630 7.280819777 4.915754717 2.768812172 2.644418213 6.963675391 -2.400184982 -1.005610406 5.494772969 3.479211057 3.419461341 5.557884135 7.675879914 3.359252048 6.490226087 -1.257672922
-20.007505388 7.042077639 -19.773854226 0.821728207 0.149673355 0.539731431 0.105121942 7.943189142 0.968971444 4.789714155 6.056384419 3.499120187 4.575163662 -0.650737688 2.420679654 6.686435666 4.737626545 4.308231866 5.123388096 -1.039359524 1.692952990 0.757760677 9.193754571 0.381782767 5.442247802 10.916931161 0.822400109
-17.163478941 8.621405803 -19.233452611 0.812178680 0.314976222 0.233799882 -0.431848800 4.820559029 1.961271577 5.934946901 3.534910564 -2.918532829 4.693486666 6.800590295 -3.697583495 0.526394616 8.705814959 5.722521690 3.273130960 2.788206150 3.499590440 5.957613073 0.515299961 4.838297773 8.895385005 1.696085572 7.011885731
-31.105045651 10.534189507 -9.850915767 0.748416883 0.236895083 0.431413404 -0.444561991 0.313994052 3.080590125 7.862450153 5.692961729 -0.993587600 3.322765561 4.143305423 3.217467588 2.296274257 5.760232892 7.542031529 4.929638301 7.051063066 1.700300345 0.647072587 0.694336961 4.579036458 1.123468112 9.989296689 4.285346224
-28.212465122 4.287295008 -20.411887757 0.788092744 -0.010663096 0.608342889 0.093354462 6.509059390 -2.404980367 2.522896951 6.956707263 5.010565184 4.259534204 5.086214853 1.884878826 2.426665849 4.413803641 5.105628483 -0.729103469 4.484473464 0.732790851 4.860203226 1.651441524 3.242816749 9.382508895 5.331263122 2.290655456
-28.461596990 10.057214832 -14.083061798 0.939253631 0.197828068 0.279958243 0.017030981 4.011825792 3.210257847 1.935643629 2.022557043 -2.566310432 4.039693536 1.083674155 -3.662072068 1.626521794 4.385777322 2.558844455 4.222628594 5.566139937 6.159678829 5.594225613 5.637082436 -0.393994318 8.409441419 3.566965672 7.059283386
-21.361353113 13.532659397 -17.445199757 0.783843593 0.430155788 0.438803240 0.089481481 6.187359128 0.595273395 5.813265277 0.303478517 4.655395902 2.774593544 5.738018171 6.812723539 3.876478294 6.244179888 1.864320535 6.788134196 3.141831700 5.353571204 6.373578852 6.089040394 7.969335878 -0.500764936 -2.092330408 3.582202653
-25.813436311 -1.372994195 -14.256325474 0.906317903 0.092785042 0.396262322 0.113819884 -0.931293077 -0.103837678 2.991292898 7.847339050 3.832386094 2.898083712 3.810556727 4.596799624 4.404566127 -4.234465762 8.124576466 3.081726685 3.515585506 2.763086713 2.597399754 7.955493515 0.838135510 6.113602242 2.524168480 1.515398015
-22.619139265 7.031163999 -18.079575687 0.926099787 0.148994718 0.337762210 -0.077823179 5.448681641 0.046809343 0.107445342 8.075609753 8.695349644 4.287043858 5.124775137 2.178696633 -3.673562103 2.615138710 2.521058062 3.546110959 5.814794356 2.913989173 3.713588199 4.779480787 -3.430739815 5.421680941 5.532095105 1.877155428
-22.239622929 2.742799178 -4.962074209 0.843071110 0.190026564 0.494815748 -0.090985621 0.907945251 4.954018742 5.225825955 2.587417800 1.708965845 3.976838654 -0.039951985 3.347434661 3.129842243 9.224235510 2.362828503 7.396482592 9.162060327 4.771336502 1.561067397 5.558665119 -0.064522269 1.170607678 3.028753974 7.063123119
-27.322335533 -1.229831076 -8.353776263 0.741322379 0.039466904 0.507127143 -0.437841928 3.487637031 4.486595286 5.110274693 6.437126993 2.537954105 8.764638027 6.040239481 5.035612898 0.237264818 -0.430548951 0.362529618 4.974595678 8.884056511 2.356888258 4.212168278 4.552393875 1.013900619 7.804941017 6.973462395 -1.788379552
-22.559650305 -1.955757406 -9.690908086 0.890226500 -0.188843776 0.397385377 -0.117981651 3.112068544 0.435320385 4.704538103 0.977284379 4.697622335 7.418672940 3.437938844 -1.235838443 4.943541462 9.669130348 3.660989578 5.895486307 8.893608004 0.922857106 7.969799082 2.790826947 4.541513699 -0.671008269 5.990238499 -0.775124681
-20.121480761 8.011150031 -6.328772623 0.866145572 0.301028655 0.398852606 0.009497156 -1.144313805 7.002624323 4.125923057 6.380236749 8.908502595 6.408708235 7.290530006 2.548283576 6.506691272 -0.456887902 2.152763426 2.047980434 5.596741150 2.652142166 5.463104598 -1.032945413 1.779578160 1.125435979 0.177131756 0.868261573
-20.412072446 6.320119121 -10.914973127 0.829538151 0.199456197 0.412602605 -0.319128144 2.976260672 5.709521957 2.914955846 6.758551461 2.922865349 2.493699769 6.035404457 4.345942854 4.241860377 6.485411402 6.509939337 2.061211615 5.012515652 0.242614168 -2.462213954 4.121831440 0.834258192 5.275415605 3.117146650 2.091330712
-23.946617155 7.139648564 -3.785404901 0.736289073 0.101117489 0.529073211 -0.409554872 9.417545551 6.091873173 -0.379317519 3.969199524 3.828246082 5.406240066 5.300055165 -0.110809971 8.397578345 7.610245062 7.158320034 4.594988342 6.832678221 6.140869939 3.814444347 7.020122737 10.894349733 4.033164097 5.643031368 6.985857713
-16.578847114 3.149883690 -16.121117885 0.810927741 0.234927411 0.324840692 -0.426243868 4.765439860 8.670142783 3.825478459 6.225681716 2.658042420 8.863436739 4.347762516 0.393928079 9.948206491 7.158461078 7.310944143 0.533392525 8.521927348 3.518817150 3.822752965 -0.297422075 1.991932539 1.133039258 4.254431613 5.488911790
-23.998626314 10.323228561 -13.191722895 0.866314724 0.174911524 0.372736942 -0.282793086 9.827999269 -2.961888941 -1.334331424 4.048640107 -0.705534204 2.598497265 4.206541430 4.222829210 6.522558044 4.622148825 2.160216867 6.671892663 7.224869717 0.755845243 -2.284190401 7.404202853 5.314643851 1.253787732 4.544855944 1.569136301
-21.408736266 6.775471574 -10.477602459 0.720321189 0.370681194 0.318945808 0.491941469 11.239479955 4.533267318 4.780203981 12.026969349 7.705143130 2.994321716 -2.065917055 1.399150771 0.359762585 5.197063989 -1.450563381 1.941300495 -0.088940614 4.206844130 4.354923348 2.328667480 3.890565162 3.278642250 6.926422308 3.715758995
-19.468613960 3.842494326 -9.928359434 0.904152479 -0.031234432 0.418477444 -0.080058308 3.412094583 4.201503930 7.081703058 7.641526599 6.890338901 2.823839043 5.436071099 3.512593396 0.730752298 7.621874323 0.849622341 5.118424711 5.675670361 5.702789774 3.281398297 5.059512541 9.709995526 2.810198508 4.539741624 7.110058779
-20.376112919 1.819365546 -8.026814735 0.727374148 0.303147850 0.613844345 -0.047152414 9.886267050 2.224987232 6.153892906 4.064022065 0.200505056 8.867400303 9.638687978 6.860398645 0.630611651 0.268578365 5.308571099 3.894838675 4.135931277 8.188925671 4.206263525 6.367102281 4.309242718 5.364005742 -0.406718411 8.327251265
-24.382590419 11.595873175 -10.272239124 0.761307755 0.165070543 0.440389327 -0.446340071 6.373269754 1.497713990 4.424011417 -0.419679727 -3.281656363 3.145184432 1.711150787 0.101391423 2.636863779 1.725397113 5.251972673 -0.658129887 2.779280947 11.733587660 9.187898655 4.811163502 1.570864660 6.318676884 5.338973578 5.996082014
-28.531359297 6.966275270 -14.410335582 0.750141305 0.273489732 0.590698323 0.116476950 1.972958949 -1.300129271 4.611915520 4.672749141 9.047813087 -0.104956262 3.958930543 4.133024473 8.076166385 8.204765631 1.066054493 2.258039604 8.101042689 2.966462225 4.033559216 2.936381867 4.238864833 5.444332386 6.241751874 -2.813062783
-18.733670728 4.483429359 -8.743925237 0.722878880 0.186441541 0.643881032 0.167639177 1.294704287 2.797812898 3.186142998 2.794507330 4.935544996 4.468623526 -1.608636361 8.003085730 5.969536597 6.413343245 9.689030060 3.234157254 7.786665477 6.175050137 6.576373886 6.909104842 0.095813960 6.420560712 4.148175251 3.899797259
-23.567811258 12.509958001 -14.476601351 0.843270284 0.249946313 0.392646704 0.268794781 2.361538404 4.191739857 7.187844322 0.046610776 6.811716041 -4.124875590 4.382124962 5.412424535 5.319861879 3.323847801 4.673824538 0.410457313 4.444312869 8.785863439 -1.308044555 0.695909041 7.167454998 -0.581061977 0.305549187 2.151405710
-21.881631790 11.244941061 -10.177874922 0.746102379 0.174328430 0.459090611 -0.449640577 6.958477131 5.054246923 0.830449605 3.858581571 0.347210165 4.594574644 7.339060004 8.751433061 1.814818005 8.401242908 -2.492323755 6.884337932 2.723723559 3.283302024 3.705138724 3.906899556 5.290460656 3.120400151 5.278939980 2.744325798
-22.812761448 15.980270465 -11.245231601 0.766613447 0.329154745 0.339164095 -0.434659284 1.293008958 5.509747441 8.330775466 10.119356361 2.997566337 7.215856080 6.734866172 -2.622953082 8.916500869 3.223859505 3.150643408 0.436165625 4.004578720 8.350083625 7.539920951 3.781208452 6.132967772 2.021083101 6.360423649 4.944385557
-29.055627322 14.341225747 -14.405222603 0.872014873 0.285941165 0.350054136 -0.187855831 6.356696131 2.885319828 2.987250212 3.973644170 6.313597550 6.066446079 5.905864175 2.259261601 -0.416798192 4.354351373 1.377987930 6.128696154 6.673581165 5.398099999 4.058246839 7.436845288 3.638627802 4.216351440 -0.559791183 3.645018619
-21.222265469 11.034562637 -8.321505638 0.778005012 0.429762888 0.454914590 0.055360427 8.302385182 4.745555796 4.094319007 -1.018431396 6.454455331 3.902877826 4.497238853 3.730963729 3.117513993 3.084131565 -0.680743332 1.815596450 10.605593629 1.955498773 6.144161929 4.299348691 4.719647848 7.809135157 2.267601255 -2.044042661
-18.114350851 8.670814915 -15.723719270 0.908668178 0.171995219 0.379679403 -0.024152404 2.412158180 6.231437556 3.531636901 3.396563660 7.136638951 5.958463135 2.474158483 9.005995255 5.208438514 6.747710696 5.094503780 -2.524596075 2.702618965 2.092497316 5.666415835 -1.895030157 2.097097321 8.033333268 2.407299418 0.015835328
-17.196189601 8.629651757 -11.642583624 0.715775386 0.178276622 0.433950265 0.517271892 1.760166862 2.678671098 5.935002379 4.698688780 5.252273410 5.697811267 4.188506415 2.512039244 0.683557886 3.485941110 2.722143023 6.433224597 -0.495233012 4.047756564 -4.229845374 9.791265550 4.991502283 0.461106338 6.650247635 4.902559027
-22.397552125 5.878829742 -13.781634301 0.847665763 0.275386747 0.356571948 0.280145211 5.102983450 4.662573063 3.671645271 0.872406875 3.093610191 2.164344659 3.516718118 -0.213456387 4.753243567 3.366566798 3.249875605 0.592825122 8.831070092 3.114768966 4.708031473 5.854221105 3.537807409 1.705694467 9.486450609 7.027263132
-26.788954410 13.225932693 -10.607161889 0.887341463 0.200613311 0.294737084 -0.292420039 10.096780248 1.652134787 5.868843392 5.177304687 6.894350170 4.277642250 -1.225154601 1.991344970 4.964498179 7.163609359 5.713223423 0.429523379 3.230982233 8.294592607 -0.367939075 6.058503297 -2.112529783 4.718341878 4.544913452 7.492054598
-30.660170154 7.988140332 -18.498982106 0.765635978 0.191577400 0.502734376 -0.352644008 3.657004045 3.933986788 5.230176456 4.035239735 4.113865163 6.094818539 10.566496233 0.934029215 5.511684163 7.986613522 1.984592241 1.280476936 9.674328553 1.415604121 3.048768644 2.968115000 7.663498784 6.206376839 0.694872639 4.086987770
-24.986244683 3.504127349 -21.516929874 0.762757110 0.183436839 0.597054708 0.167565490 3.880445810 7.632448736 0.957355797 6.470555904 -2.166281395 8.639940075 3.578735351 8.087721524 1.383154040 2.844824276 7.464600456 4.817633889 4.595478213 -3.791133920 13.043223471 1.611815146 3.860164268 6.779454186 5.608238286 3.856633452
-24.617983764 7.848747018 -5.767503824 0.715181899 0.301432736 0.616115026 0.134370504 -0.977376220 2.955956601 8.389746793 3.807566770 0.355984624 4.571144766 1.740112370 5.398996664 6.894190911 3.280149827 5.469206167 8.027171227 6.714120328 2.705936159 3.643425531 7.647081135 1.032121209 6.592553998 2.572994343 1.433197476
-30.286518783 13.784358026 -11.407542041 0.843602729 0.295054716 0.398092453 0.206880519 5.017758208 9.911756290 9.968689914 3.144727052 1.726748112 4.839170592 4.236024084 7.213514458 6.212105641 0.638378733 7.293918794 6.175371105 3.755358995 3.691984369 5.444719937 3.001806024 2.225644626 2.319414952 3.604429304 7.686967042
-24.940110347 8.324525237 -18.100296952 0.741042971 0.237275255 0.445059236 -0.443258440 4.384235344 3.464883663 1.654662254 -1.288995135 4.590290326 2.115937213 -0.138324342 10.165426978 1.525682242 5.597761912 1.437410852 -4.117184818 4.651458470 7.944333796 8.345493552 1.763183320 6.529211866 2.898713888 4.618587185 3.032341029
-18.149111353 2.625721525 -6.372625806 0.742009038 -0.202686767 0.593434841 -0.237014245 4.880199531 4.839350261 3.782226548 1.656292384 2.889282502 7.578469652 4.198860639 5.949291793 2.410029384 1.845420102 4.859975327 -0.336949303 5.671612597 -1.771306160 3.467948214 4.826292763 2.497948412 6.133449030 2.620951722 4.315135394
-21.573637589 3.515698329 -13.755059960 0.756943812 -0.014072220 0.641348039 0.124542088 4.016960863 4.900288807 6.032578057 4.596344301 -0.154030908 -3.317105402 5.710387075 2.525044746 6.270523655 6.216910964 4.547300348 6.483884982 5.517691201 5.850894678 6.079882418 1.069143831 3.861404892 0.950604881 3.020709740 1.458786611
-21.299596202 -0.952174501 -17.579901651 0.890495760 0.147694401 0.395204497 0.170343976 5.174407011 -1.595788952 -0.398055687 5.851245828 6.302164536 4.067933380 0.512991376 4.825905703 -1.065717212 2.997306619 9.232576820 5.644444270 6.681983722 3.286130399 3.535233959 2.644441802 -3.318507949 10.650269812 3.728557252 -3.502994965
-21.525341326 12.634522913 -8.231667159 0.909217126 0.257277704 0.180032091 0.273351144 0.755364441 -1.878809415 -0.666169225 9.245304428 5.410610925 5.032587321 5.454665634 2.449327885 4.172415316 0.566456532 5.426052329 0.215859960 1.794609016 3.020607342 2.048882187 4.103349597 4.155349141 10.568674814 4.520933073 7.003847477
-25.985444614 2.722208558 -5.145673404 0.707682741 0.095346183 0.557442761 -0.423499482 1.027002993 6.999667617 1.482701713 -0.109697443 4.650678609 6.472489423 10.272712598 7.962998150 2.669866164 8.277331257 0.957301622 5.377241346 9.111175719 -1.038752509 4.116102953 0.206134269 4.405305551 5.130266285 4.790719120 6.403798790
-27.386161129 9.383145913 -8.284239680 0.946452553 0.113330419 0.240832576 0.182711386 1.586523911 3.843224445 3.927896219 3.168314499 0.193012473 1.096198169 0.684426305 7.728973329 1.746585186 6.271191780 -1.484638705 4.381647944 7.401584151 -0.032550545 3.781348255 2.233401681 3.281865444 8.773049358 5.751186984 6.350506842
-26.294770317 4.341165723 -18.057404188 0.897679960 0.152426478 0.331500606 0.247071256 5.588048651 1.313569064 7.968507913 8.373145446 10.627336441 7.539021922 1.986683072 -4.537522519 7.060431037 5.043044988 3.609552540 4.514705686 5.840292541 5.558283830 7.284126726 8.427059646 1.562354420 0.124675399 3.733322062 0.516901256
-28.476184733 9.014981514 -8.696442999 0.759351670 0.267220677 0.258815176 0.533847221 5.849338050 3.572089739 3.679907324 2.563202303 5.296403690 0.613613119 2.386993951 -0.148076299 3.340320846 4.967003709 2.464978542 7.152905204 5.366712529 1.806806155 4.958151345 8.583712979 3.822076129 3.400649411 4.270390719 1.883082193
-18.188180609 4.926977005 -8.866066385 0.798930565 0.241036841 0.405778032 0.372767196 4.580689321 7.340978634 1.583241741 9.112512041 4.910767641 4.404041820 4.913701789 3.572092613 10.411836910 2.047650255 9.193132724 9.065033162 6.900890834 3.242143781 7.722579879 5.083053121 1.048231218 0.949841472 4.362665672 4.401586110
-24.770069229 12.085802796 -15.052420310 0.829799367 0.230892954 0.495866849 0.110623337 4.760358496 3.495902032 -1.272596003 3.963443443 3.700704668 2.007734140 7.937764269 9.900494265 -0.483888358 3.029189642 4.677386767 0.780109267 8.410241280 5.646251417 -0.856389789 8.347800357 2.979714391 8.910715705 3.661854089 3.414061647
-29.796011685 2.376667149 -8.808887211 0.889318885 0.192637519 0.386955625 0.149224837 6.556367080 -1.732936111 2.965728212 5.806039628 5.077837055 2.550399756 3.303966048 7.963775349 2.093103855 7.557466221 2.028341303 5.368606033 4.851126980 -1.885990786 1.771989455 4.364757333 6.522331795 8.196073695 0.424550822 4.311838944
-15.578519994 5.078353800 -8.989290673 0.886254710 0.200609085 0.348487574 -0.229923889 1.413501262 4.153829264 4.514454243 3.602406282 0.095715524 10.552936842 1.467745307 0.958668716 1.880377337 1.736138543 2.085766843 6.449918980 3.423712451 2.764311222 2.706859590 6.803907342 9.786648501 2.841080527 0.843013952 5.782636457
-26.923825421 2.027145455 -13.622884284 0.850393142 0.157318129 0.355326306 -0.354719223 4.582098571 1.845961143 1.828235701 5.189620914 6.978696203 5.098821205 9.122310430 -0.964731592 4.993141191 5.648202152 4.300854260 0.788682761 5.423726513 7.879879541 0.048840729 1.307641652 1.928983922 4.188860522 1.170963218 5.074449612
-17.425764016 11.265733874 -17.379928550 0.832556757 0.188845165 0.416588254 0.312475562 5.765768150 3.302553962 5.452020171 -2.429485374 4.954653177 6.771191442 3.771609652 2.189864637 0.004220022 2.176881359 3.848666234 2.816112727 5.073797824 6.130759402 3.264814582 2.295652751 1.266103444 0.971244983 6.051971642 2.299233048
-30.257840127 2.249779140 -7.751954217 0.899247725 0.040553443 0.429856322 0.070231686 5.373915258 3.442503310 0.801614354 8.032512598 2.830868743 3.119825360 6.509241597 1.280144261 3.159293370 4.686170330 6.464377547 2.075760389 -3.479535636 3.600278083 6.355884650 2.536350137 3.845910671 0.596223999 -0.033963274 3.795928752
-21.242343619 7.759430081 -21.153651595 0.812748473 0.217838444 0.530217479 0.104190967 9.095867470 4.420385607 4.092670875 -1.209934944 -1.730277318 9.587104760 9.584850362 7.423430700 0.101986988 6.063381097 6.552349599 1.347957406 2.492839942 1.158537247 4.362901425 8.104767763 7.255858892 3.689625383 8.761883943 3.335003779
-23.280289855 10.905200475 -20.079446078 0.818898365 0.267062789 0.401137603 0.311723527 6.320900445 -0.725790585 8.466704467 4.795057649 7.434486305 3.320394090 0.699736917 3.520833779 3.855509338 7.637536919 -2.007738255 8.018976413 1.963599637 2.604565995 4.176369571 -0.562460448 5.390821644 7.230588825 7.485644802 4.549376624
-27.221609029 9.170297519 -19.408301251 0.860883035 0.257313387 0.337515494 0.280630562 4.230589399 -0.133224382 0.379722150 0.074004721 7.797392878 0.587891163 8.600271160 10.129175849 2.008767301 6.985485987 -4.224989488 7.355647039 2.499163588 3.699995076 4.884083349 1.617447448 2.155755214 4.845049721 -2.592053191 -0.215167018
-29.801377717 6.286701832 -18.398198843 0.773794649 0.103409610 0.613574783 0.118635067 -2.697759196 0.490544287 5.393613549 9.519260180 2.330186612 -2.438039704 4.047547924 1.035413348 5.183888681 2.979281930 6.207767049 7.622624939 0.005170801 4.886014952 4.804357633 4.857409293 4.170396575 11.204583172 5.073033759 1.618109024
-25.779070112 3.445845404 -12.135999603 0.867975519 0.209139991 0.435703860 -0.114197674 3.261020728 4.213653535 4.745395539 -0.720073636 4.521917153 4.527773001 4.816874116 0.214350522 4.872099460 1.147407668 5.479407675 7.174456675 10.869825252 0.304134685 1.895588235 5.775766888 11.028799269 3.671915728 8.812045887 4.322310067
-21.373483632 7.327144932 -12.932829360 0.925048890 0.141820025 0.272380694 0.223562942 3.627563669 0.402226367 2.030593528 1.335424054 4.799611544 3.144417424 3.108635634 4.504659288 1.613969246 1.534690421 3.001354815 4.637571106 -0.146218034 0.211169938 1.229572888 6.243757204 3.455604821 2.350022591 6.897003058 5.245747712
-28.964815900 13.636427390 -9.133327366 0.823831979 0.237659492 0.514241190 -0.019360663 2.641061410 3.466182635 -2.524127494 2.979318653 7.189267819 2.448340568 1.637727662 1.804860733 3.904286185 2.714622366 3.478228174 -1.068335330 2.227571756 1.867406873 3.563493266 7.125090639 4.326364293 -0.593462940 5.613561855 4.453672652
-31.428462043 2.780682430 -14.324502722 0.799106712 -0.115403949 0.406656046 0.427482458 3.408490533 6.753591522 -0.063759830 7.634080164 9.093746481 2.767532217 7.422068070 5.958662563 6.601398488 3.065686052 9.160225935 9.460416242 4.737943544 -0.930495032 2.246146918 2.801357996 1.605898085 3.627952947 2.340640520 1.624870006
-27.119012382 11.597858671 -18.724096577 0.847146939 0.317406278 0.365854456 -0.218508206 1.349295174 6.604200379 -0.815253223 6.819575419 2.228513785 2.894671820 3.412211395 6.139411494 5.326040560 3.523559984 3.145233273 3.976226352 0.612404064 2.690840203 5.793628484 5.252037615 0.297304916 3.087787448 4.232994014 2.747660051
-28.196906858 9.591296169 -7.237972310 0.741120769 0.396934842 0.534291101 0.087839372 5.160100243 1.681960462 7.799040617 -0.333694873 0.155220390 1.169596838 4.373238772 2.137102042 -0.224557070 2.336183964 10.799366064 6.110245907 7.503258351 2.993588562 0.131553307 9.181909843 3.858586175 3.977552325 7.295922179 8.350506223
-19.410159583 -0.979921047 -13.528776827 0.903002423 0.033070635 0.413543685 0.111689652 6.522609388 8.091830820 1.720982543 5.850812665 0.459522959 3.470133781 -1.600060901 1.581121329 6.682911851 1.886299987 1.533537350 10.187254881 5.763294658 4.443335253 -3.098399691 4.041093525 0.980835671 5.894475907 3.609633014 4.870064182
-25.674589856 4.592291851 -11.403518892 0.832408393 0.054986347 0.446346322 -0.323801990 5.820125489 5.636878440 2.756156733 1.840585003 4.057684796 1.641136578 1.584309976 11.719072432 2.709009924 14.772876333 6.422216739 2.316355340 3.657598536 7.458445426 2.622482006 8.712167496 4.705971661 2.372481610 12.094473189 7.811901303
-17.706955707 2.779180950 -15.374393456 0.834667859 0.124459438 0.407595555 -0.348862834 8.972377250 4.233457651 4.730633739 -4.426246816 0.973300300 9.764650496 12.265147388 1.979369696 9.327686334 5.289563805 1.289607700 4.273152483 1.202345202 6.828818797 3.606903194 1.953714163 7.140900713 3.429927959 8.116067753 3.450064694
-18.665263148 3.381246597 -11.879321191 0.734406227 0.258495363 0.428702122 -0.458303536 0.121852657 4.046892583 0.969013196 -0.376568806 5.196421818 3.518038154 1.124114362 8.320969407 7.725543183 5.172371903 8.277620088 11.182366609 4.831570706 4.226962288 5.429847039 7.984216683 1.550181167 3.279145564 2.324663152 9.977308312
-25.290995049 1.218154971 -18.193280189 0.887022589 0.079359444 0.420368609 -0.173733235 2.012699954 2.878995292 2.403288018 -2.445103927 10.373162964 6.864558665 4.358976791 6.919801253 1.408954314 6.495968442 4.853399272 2.967806954 7.088969399 1.695654899 3.971102448 6.914527899 7.500212728 8.912359149 3.305268065 3.471093375
-20.881466498 7.563322758 -17.148836208 0.808523909 0.180262587 0.537094134 0.159136352 3.915614576 3.988130338 2.836614071 0.101153517 3.518929748 4.186486479 4.368641711 0.645589293 4.079730335 4.695811909 4.538434806 -2.085906277 3.918023758 6.609699915 4.986580658 3.015800527 9.479749951 -3.143632291 3.507352741 6.414459497
-24.783028644 0.829097141 -16.725174172 0.920914237 0.154090156 0.352016620 -0.065249455 5.477599098 -0.572000230 4.692331697 9.249653184 6.872143943 5.366268932 7.040537688 5.085986816 5.199927588 3.153078869 2.606358876 5.756274806 10.268466301 1.482474636 2.137965831 4.269240136 3.928065352 4.741376332 -1.590828433 4.890289053
-25.529641247 10.893493602 -9.172608628 0.830534108 0.217274792 0.349782268 -0.375042831 2.564742320 3.315105473 -0.840379918 3.228825956 10.749642775 3.787743192 1.599800181 2.993291179 5.328284044 3.396292706 5.607462820 5.280523502 1.736581354 2.894611658 4.366551705 1.708942072 3.782037324 3.119629383 4.020191478 -0.789582898
-24.912556336 11.482899090 -17.353041979 0.819061594 0.230331385 0.417822702 0.318605945 1.120815303 6.048052166 3.963863283 3.541128051 6.427689988 3.597049499 -2.265954093 -2.811909436 5.631842962 7.927524909 0.531614250 4.924261504 4.792812588 5.618458754 1.680468124 4.098689488 2.121397061 7.163104995 2.782877695 0.964811165
-22.728184386 15.106406381 -14.410954372 0.870035004 0.201434355 0.331693277 0.304044178 4.160282239 5.254930105 8.276059959 1.702007369 2.113591272 7.859942708 5.780200225 2.455782987 7.035210067 1.622504798 3.991928662 10.720977993 -0.707883662 -0.167041511 5.211399866 -0.845956222 -0.306443972 2.187596254 4.175142061 6.343281093
-19.022157182 3.857714503 -20.738703368 0.771001116 0.340784776 0.456573853 -0.284540563 6.540582732 1.030270768 3.852398108 4.375953041 6.386118662 0.183127761 6.753057216 0.721055248 4.403953531 -1.149558308 2.271284135 2.074595244 -1.807753700 9.125619696 4.745139797 2.193267514 4.435633919 1.856879126 7.900786608 4.780277503
-23.324203768 7.553473079 -12.620072522 0.879836786 0.259154314 0.362920975 -0.164361304 1.460896420 8.317144607 4.397219651 2.311007772 1.860405854 10.231781188 0.869548360 2.129548045 4.127073306 6.611597706 6.520210920 4.163288396 3.395770310 -0.766626054 0.614426130 -1.260750382 5.695359860 4.739701207 6.198670145 2.234959588
-18.692641556 7.438099262 -13.198078166 0.907062309 0.120850877 0.324196409 0.239853543 4.895879135 5.371966771 1.444830791 -1.842659799 2.337780953 3.335989265 4.320331555 10.546811592 4.790313584 7.433080882 4.754006913 3.396055796 4.901875553 2.099692380 5.144356080 3.618220435 4.174263867 4.756291532 4.402959526 3.265492664
-26.315170519 1.653104664 -6.159070687 0.781292336 0.053359518 0.467470712 -0.410129469 -0.419234937 9.988758557 4.862229668 0.010326144 4.946071534 2.161173700 -0.865459822 4.844191186 9.856505122 4.798442595 1.928694465 8.584592034 4.017719351 7.511628270 1.946105073 1.633154394 1.595127533 4.759157370 -3.049559146 3.543091735
-25.380839046 4.374288321 -3.927268255 0.890636542 0.265783675 0.320958414 0.181965063 7.799018675 3.972010896 2.115936128 6.197415901 7.808040307 5.019622479 2.299876495 5.364736891 0.209083301 1.873595306 5.143564195 4.019824031 2.145395419 5.783625434 9.732734371 4.561363073 -0.419878572 4.451106557 3.606173244 5.498551152
-25.515941080 -0.363075285 -17.393124315 0.715113064 -0.082556224 0.575532129 0.388021319 4.838243677 2.412702281 2.811186179 0.444032906 5.407363118 -1.816862074 5.107297246 1.574915822 5.513150788 9.327094022 8.856247494 5.882591880 7.675381506 0.688158941 9.091535578 3.575385398 -1.781258183 5.476739507 4.985786755 0.510295702
-22.933440923 14.729947088 -18.936000001 0.846736739 0.283348780 0.352526624 0.280134510 2.629273231 0.444746862 6.643305829 5.300943393 6.316106394 9.696955266 7.033676136 4.828567978 3.395594931 4.229473249 12.251144334 5.497856513 3.742777085 1.110221099 3.394660457 5.255447268 2.609876739 9.338218343 2.771984079 1.230700239
-30.828867763 8.878709821 -11.106426697 0.777441060 0.313590894 0.534865662 0.105663961 7.338592007 6.119007880 3.720318762 4.466258878 2.070409213 10.466749350 9.339438103 4.373232843 9.113570838 3.463065589 2.636130077 5.915131794 6.835087159 -0.292108696 0.498356589 0.411378216 5.374238988 -0.979124166 4.043454045 4.491796968
-15.642431537 10.062964168 -13.873163883 0.953814286 0.119330821 0.165073853 0.220791951 2.538045568 5.895609169 -0.817656021 2.706076919 5.980491980 8.624797190 1.768942010 2.488021655 4.294719805 1.906887600 4.641440125 3.884266751 2.056228260 5.344775363 7.423721765 2.759973493 5.125317342 5.381834850 3.952893996 3.677891552
-14.892676591 7.966055105 -12.514197072 0.807024084 0.263860095 0.483520502 0.212833038 10.443247717 1.337180018 4.079848841 4.876096202 3.063614618 0.024486224 1.982508559 8.823260154 2.532349654 3.590334148 4.065333873 2.722033494 -0.764708317 3.957393014 6.525297609 5.476956260 7.340342900 7.045636686 -0.277337754 -0.872697097
-20.552856468 3.579774654 -9.036548742 0.934059413 0.201984360 0.198843342 0.217247914 10.772612840 1.925947559 1.149502964 3.393402065 7.434911180 6.127466712 6.731563965 6.190309336 7.479088242 5.546567380 -0.719122575 9.715080646 2.526694838 8.236062971 4.601074282 4.904291173 2.261684224 8.696086167 -2.699203125 4.979390617
-17.141132342 8.787688845 -14.116482572 0.828415444 0.278668612 0.309986004 -0.374139459 4.771782659 12.283738711 13.992820869 7.752100321 9.188685593 7.317710907 3.587125242 5.486437252 -0.559706739 4.183490368 7.560522982 6.792140488 5.908581120 1.504785828 4.056981885 3.847158908 7.117022822 5.960986853 5.428223485 5.669293960
-26.463119208 9.419017311 -16.153908623 0.768972350 0.254831308 0.394392718 -0.433816681 2.963251243 -2.296216404 0.623455183 3.216891222 3.136138722 5.568721548 5.674026745 2.855697380 4.011249067 7.474196475 6.177446419 0.695061251 2.419424040 2.921839820 3.001361400 -1.025005126 4.899415559 7.049797242 3.917964471 4.232954793
-23.325960845 7.924430556 -5.366811983 0.935961826 0.202508118 0.189026348 0.217336056 1.627886994 1.280614683 11.948500080 5.998008801 1.590586072 -1.167749688 4.823022114 6.037110892 3.667376104 6.873089355 2.926960679 4.683798138 2.123243256 -3.168795563 1.849809843 5.989630541 0.518349722 3.521644802 5.339950621 6.064985909
-14.963474494 3.374598203 -16.700575592 0.829623449 0.308935565 0.395971605 -0.243906206 0.828768685 7.187212343 2.016042773 -4.551874844 8.344301816 6.167440008 5.374551960 1.140058842 7.933871120 0.980183608 3.750730250 6.498730673 1.523376301 6.286635874 10.194490707 6.544922535 4.955565444 4.753134160 4.213149984 1.109610965
-21.334351997 7.498726186 -22.239401506 0.846824171 0.149197738 0.509156844 -0.037258116 0.245620480 10.602684963 8.717353834 5.775200161 0.475292500 4.923343826 6.365884624 4.540629670 2.118468909 2.272925696 2.234367331 1.399502197 -0.417752934 10.109172960 2.944637837 2.522037763 2.493013269 3.981654590 5.113320352 9.210661762
-15.296603308 9.991137583 -12.610317208 0.710185469 0.596464562 0.365827458 0.077697473 0.057076374 3.549767046 4.651984368 7.861821660 -0.292486493 10.564220468 1.657367771 4.411708143 2.532222514 -0.742973792 5.993328494 3.882481880 0.326001731 3.889009791 4.030325791 10.833156109 5.650279132 7.993885623 3.094684027 1.886196524
-21.726663377 3.197472804 -22.044473068 0.903803908 0.160903301 0.291120576 0.269253475 1.433101606 6.574663860 6.690271944 0.205105572 1.170701893 -0.251743958 6.838998064 -1.408943016 5.435130985 4.217807938 3.017211842 -5.136484854 4.493747125 5.036584654 6.232298807 3.516835078 4.097246694 -1.013596074 -1.735443661 5.963504146
-19.571019888 1.621642058 -18.907489068 0.796710541 0.287473875 0.521454533 0.103422700 6.197454733 7.659949889 2.833351468 0.442607942 5.222609456 2.712180253 1.060380554 5.162164451 3.944451658 0.896679912 6.543803439 5.918940698 6.559938811 1.498651908 6.551080900 -1.464870397 5.045680673 2.638875954 6.034704932 1.257911397
-24.631936659 2.062041190 -21.538925149 0.715406665 0.307719253 0.626983885 -0.019833627 4.341882982 3.768769199 4.674410007 -3.420823407 5.768095601 -1.159955815 3.836550102 0.877363938 4.358143424 1.981023458 1.228094756 2.141306623 -2.055232220 5.232294614 4.345819876 5.041539558 3.212979477 4.750616408 3.050489224 2.983100305
-27.000703319 11.432957985 -17.417728285 0.733129301 0.345265162 0.377962877 -0.447724758 6.006164385 7.509121884 7.869034919 7.634494750 5.057549286 3.566415004 11.552455372 4.658377486 2.506464014 2.823338729 -1.499222196 3.981788058 5.729059864 5.056835041 5.224813863 9.287889463 3.272074896 1.781333995 6.390775194 1.536725386
-30.236515501 4.381838349 -8.995723455 0.946718302 0.051697067 0.310626821 0.067548850 -0.726336251 0.322103393 2.641442439 2.444857980 6.916998789 5.787346287 3.059730606 4.421728769 3.884067462 3.163000244 5.217177805 6.751462466 2.445073605 3.337898892 3.439097766 2.551280674 6.515230463 2.428944397 1.572426790 6.738331673
-28.865525076 7.898376591 -8.368492441 0.716024462 0.317144519 0.610040568 0.120742824 3.280212479 3.161080886 3.125653590 6.142828260 0.269354345 -0.544272287 10.096065818 9.223784456 3.449169027 4.439203264 2.110332209 -0.357720871 -0.076346148 4.562064667 6.591903022 6.175746917 4.703866406 0.737097134 8.199710177 1.428102428
-18.035374836 7.807006545 -18.745243515 0.973245337 0.146389343 0.056376739 -0.167884896 5.883462115 4.356678373 6.152783909 1.559426333 2.035678792 1.072889372 1.220536362 7.790676720 4.594192712 -0.773899159 5.040618677 1.831053170 3.078799304 4.281549663 3.194775562 7.989685236 -1.458305993 3.569538365 -1.491175725 2.098543827
-19.395988318 7.069673441 -5.839282507 0.766134822 0.194756953 0.509256645 -0.340242317 -0.515935594 7.736222621 7.657623601 8.784156580 8.421112134 5.611609675 9.200183791 0.733005181 3.088092201 -0.292326843 11.407760472 3.592185649 2.141995226 3.769957599 -0.891949840 3.977624479 -5.568717071 6.599816065 0.690950653 0.159335396
-19.244694278 -1.026954835 -11.423881395 0.877190186 0.203298285 0.405590564 0.157173404 6.720189376 1.217209446 6.314479940 2.609853140 7.311566405 2.312287160 7.364483896 3.106672173 4.928619092 1.706107635 3.311838032 3.132944656 4.854942095 7.730674596 10.105867145 1.194831533 5.542273318 1.447360225 5.969003998 2.700424299
-19.315938698 7.748599174 -8.611819786 0.971596930 0.149128639 0.181220682 0.030316983 6.936978367 6.196415295 9.491198606 5.677634944 7.350319937 4.092399088 2.742298588 3.726666688 3.122253939 1.956900580 6.288208313 3.324372116 7.257697527 4.875154824 2.638393032 5.004951416 1.820749268 1.633413304 3.612517686 0.473452663
-24.814375724 0.627594020 -13.850020657 0.839107441 -0.053213955 0.444377915 -0.309184810 -0.323480002 4.965333035 2.729211140 -0.792852750 1.808639251 7.919496855 4.984172199 2.957969917 3.713427986 1.630467960 3.092281383 5.768224225 7.104715786 2.585153126 6.506016697 4.090307722 5.512688213 4.247536086 0.740006449 2.764855283
-22.450913970 15.980812497 -12.190937323 0.848436927 0.332878860 0.343251069 -0.226991519 3.697218147 -1.726916174 5.665450019 4.914066114 -0.348824019 5.368034218 0.148232050 7.239307541 8.430187451 4.199575830 2.645315913 0.847686692 4.749302865 2.892831541 4.111585241 4.494418399 4.553749736 7.032258098 0.791320892 -3.799542357
-25.848387523 4.224160395 -16.994629928 0.811053822 0.212119230 0.345965276 -0.421313610 8.183108100 4.609576063 2.947838496 2.133634373 7.182379283 7.040986178 -0.315392991 6.023379187 6.795116289 3.122943104 7.433850602 3.024239541 -3.230576523 5.127572755 2.497956576 3.601140271 3.638561553 4.751423901 -2.714357792 2.458071421
-17.388499860 10.451738443 -16.056578554 0.872070816 0.233857818 0.344757948 0.256797528 6.311062901 5.122023965 6.382159515 2.971594770 8.472096549 3.261658943 7.309463244 8.215079014 6.029497432 5.731575005 5.402506026 1.003815571 6.012381757 5.985235051 3.099723585 -1.382705840 6.236102992 5.997641730 5.403223604 11.677473035
-25.531423897 14.373896873 -10.801919894 0.867304667 0.259074271 0.333754609 0.263193840 3.959834716 4.668337446 0.589126552 3.065259783 4.582628915 1.393704898 1.145202273 6.366686261 1.324877406 0.929494064 7.790671093 7.022513741 1.764811925 3.124923476 7.378266203 7.815751543 8.186003346 5.719228624 10.189054155 3.656925747
-29.201174558 0.975800127 -19.949234118 0.755940453 0.229356217 0.612187215 -0.034301177 1.634978717 2.307252557 -4.761848737 3.982323311 2.926870591 7.952229647 3.379842434 1.363949371 2.065344656 6.180855135 7.955817365 -2.615984499 5.817685131 5.449925806 4.174141873 1.977050452 5.466617594 6.790551441 3.115437804 1.386000804
-26.365706018 3.675187400 -14.848085254 0.813253532 0.206975262 0.448829590 -0.307135041 7.551220966 4.024607900 0.281798946 4.795912074 5.777987713 2.609058368 5.288740809 -0.378680805 0.270231871 4.679585669 3.612559996 3.937360442 9.682412766 3.101742987 0.965359378 5.750445928 6.752884984 1.057098690 11.292259678 5.728387820
-26.510783999 15.246325272 -17.199678627 0.801347551 0.254033847 0.429600855 0.329775701 2.851543109 4.060340374 5.872371418 -0.487617606 6.943937390 1.409504462 4.548118279 3.230039603 1.943884906 4.279147291 1.753428173 4.491577322 9.847387797 3.235275827 5.674822568 -3.961388891 3.107603003 8.146829379 -0.378906509 7.130248350
-27.175520193 7.917998342 -15.172169337 0.898701780 0.231414943 0.343467781 -0.144264058 1.508412108 0.846374860 9.277471682 4.600657717 -2.059955960 4.643369067 -0.282035607 2.260485348 7.312954808 0.303630834 9.319653673 -0.697120618 5.107503001 4.245474006 4.521711286 -1.619252971 7.570750616 7.714363884 0.860093628 2.973513039
-26.668250699 9.806107649 -21.686251070 0.881676146 0.204819097 0.420941009 -0.059202855 10.666469538 6.944893537 5.715372312 2.843477370 6.144415405 2.207913279 0.178782137 5.932358268 4.312641821 4.373510205 1.977693160 3.961593663 4.899447378 4.380170944 6.551866704 3.828416161 2.433774131 0.937885602 7.335958677 1.825095011
-28.137416302 1.387125928 -17.534649104 0.951395114 0.021733131 0.243562830 -0.187222210 3.482223315 2.683980265 0.511545007 0.077360175 3.705735460 1.196946030 2.331958730 9.971678524 2.494411427 3.888567171 -1.886656747 2.949897761 7.394553701 3.600457864 7.074851092 5.542059340 4.641882881 -0.682540613 1.733952647 4.120831247
-30.718369246 12.788889831 -13.771762819 0.729423058 0.364682827 0.567560384 0.113241550 -2.914773565 2.761539472 3.402529447 3.759671690 8.432661313 4.883422990 0.801562507 6.729149598 4.779615761 2.008334278 2.681972522 3.273902673 3.603222939 -0.767061500 -0.501886908 6.920597884 1.412164173 7.624026823 8.612685897 1.841443291
-22.056314423 14.373667220 -18.485010102 0.855342182 0.291672466 0.224367563 -0.364658911 4.434156980 7.952238777 3.391289128 0.986354449 6.358496968 6.111126092 1.758329228 13.103315793 7.545550357 6.265014880 3.211147425 10.382251597 4.907244880 5.707340215 6.205007775 3.467986952 8.699746840 3.362018159 5.919409235 5.322476728
-19.355057061 9.389148526 -15.274597973 0.848869829 0.241714944 0.393859267 -0.256649134 7.154412951 1.385755955 4.645731325 3.631293196 2.323746336 10.131794635 7.161557586 5.072210015 3.533615075 2.616610441 0.476245931 0.426489035 5.482062875 5.914801084 8.626812077 3.447417007 5.889417148 4.281078674 6.534924526 4.813986545
-29.349625311 1.285179904 -11.560180196 0.821366319 0.196993130 0.534428025 -0.030622909 -0.601366621 0.940884812 -0.435659031 1.188314356 1.349649615 4.363411488 0.478395864 6.915103531 4.162979139 -0.006924060 5.842064818 -1.516329002 1.756988912 1.323284154 5.751529481 3.426004453 8.480634802 11.788318645 4.582969892 3.803206955
-18.972148817 -1.251181587 -17.341860073 0.878064569 -0.036249873 0.476918180 -0.015414556 6.449576634 3.384835964 -1.222191916 6.113588765 0.655141803 1.816013102 2.825623642 3.887550196 5.551147028 0.894827743 4.089290041 7.347394066 4.870873143 4.069254101 -0.055478513 7.265758495 4.599326597 2.899215317 4.443843487 5.048536783
-26.437880626 4.271542125 -16.693647526 0.908067768 -0.031136110 0.395637793 0.133843970 4.783932497 5.180281071 10.891189337 4.545801444 2.713806427 -2.896255544 0.839975290 2.884314874 8.754501605 1.660847721 4.458161872 6.076831121 1.219250775 7.504059111 3.441909303 0.288731733 8.930466266 4.986848046 2.401127234 4.531325493
-22.874687319 13.535544656 -10.453300042 0.915118876 0.215908033 0.247515355 0.233831804 4.719100722 5.631135191 5.411565601 2.558920431 2.462559021 4.037334862 1.004686705 4.083417600 6.709453727 11.306814533 4.527865092 8.931931375 9.276822447 2.226516910 1.249110183 -1.156848697 -0.271736628 3.554384858 6.537327417 2.606134027
-24.148187503 7.994517425 -15.196887975 0.840608255 -0.010488677 0.380538717 0.385302522 9.841581581 5.129428176 12.830609919 3.403833398 0.650411620 5.093026765 8.326346238 5.264250808 5.452963721 6.128282594 2.939440304 2.444028343 0.587462550 10.684770272 -0.172603033 0.918790534 8.202063475 6.427913609 0.501846872 6.162187922
-26.062243122 5.474731471 -5.180873548 0.923780516 0.197410568 0.258935236 0.201522130 5.286915347 0.606779829 5.674031391 1.101475348 6.056011436 4.130271115 8.728930347 3.168702769 4.680099689 0.400066517 8.762697774 4.883621019 4.479706231 5.141934017 8.772953162 4.829121248 4.746206587 3.519560132 2.886252744 4.951600723
-17.249369751 -0.856275329 -13.014229154 0.742851881 0.063459558 0.654436156 0.125925713 6.736534087 3.977227204 1.332751233 3.039151732 6.359524123 -0.842907161 4.627996179 4.516856025 7.713878254 1.701306979 1.223690583 2.441999674 5.659190880 5.496694094 3.800353671 1.626788852 3.431927692 5.755991213 2.540412687 4.972379207
-22.002077701 11.191970011 -15.198021840 0.785274872 0.321203874 0.339304369 -0.406256068 0.706635290 10.766673706 3.037449136 1.224311982 9.566560558 8.118069596 3.747166396 2.676180776 -0.694335740 3.140871598 10.041877708 2.849171100 3.927486543 -0.798618187 7.790427916 10.795419946 5.208712880 1.788712380 1.417691500 -0.725916634
-26.526650298 -0.273103870 -11.592922448 0.791496575 -0.038269518 0.428726055 -0.433892366 2.764579525 1.903774260 4.228300668 2.456809295 4.646914596 0.902239184 7.047190192 5.683448271 -0.244030202 2.866370951 0.565387593 5.211776155 8.291193786 1.993170950 0.129916222 2.986203718 6.115172444 4.908094621 6.457154701 3.298942474
-23.571250524 10.862394554 -18.476209383 0.744052331 0.426831321 0.513597488 0.020463913 1.332407338 8.980416799 6.287122593 4.153727290 12.402515010 2.484588226 5.925202785 -0.384958972 2.663301438 12.923735136 0.216966778 8.178659866 6.898754592 4.042243943 8.278864602 0.949078903 2.463168530 7.331385374 6.027106860 4.893383795
-18.543373066 6.096357169 -13.692504217 0.830466520 0.303497656 0.415505180 0.213471256 2.986825762 2.590342575 2.011807184 -0.521673651 10.531197212 4.801123389 3.941322295 8.376877284 4.155630095 7.319537754 5.161868102 1.234231923 5.344743601 7.029026122 4.809442009 5.015638842 0.910213881 6.024894215 3.393356309 0.961400516
-24.024086991 4.783962893 -12.343137762 0.761750164 0.219309733 0.276724692 0.543197362 6.855472263 4.819700612 2.007137820 3.770248537 4.926856747 11.559557956 7.826783344 -2.323754660 1.147387841 2.309896297 8.458739447 2.792775461 4.879780311 6.389261774 3.973012737 3.016583947 2.596028460 3.667724252 2.132603310 1.695068352
-31.419726525 7.009593483 -19.532465823 0.929152833 0.152295511 0.326753301 -0.081935167 3.479791756 3.492608210 -0.535303405 10.509756152 5.458106835 4.298476236 3.532112633 5.607246007 4.281415731 2.100973250 3.113307043 8.750242905 3.030192634 5.034736232 5.416254767 4.266779223 1.957866815 7.612609173 0.907514519 7.580334120
-19.863722986 -2.652965007 -13.730010742 0.898943968 -0.228262291 0.298882904 0.224644340 8.472107716 6.661467951 1.309986564 3.581098468 10.764383158 5.745100613 6.637337609 -0.091949890 3.596523877 4.016355242 1.858025371 7.974308192 6.696671432 8.179708434 0.858777466 4.034332642 3.434320831 0.530748885 2.751744769 6.599940849
-22.236953002 6.931039470 -14.342223844 0.792263637 0.319050794 0.520111135 -0.003054288 4.118063483 0.801478377 1.507021799 7.059277022 2.372063879 5.915249578 3.916805955 -1.969789512 -0.888641953 8.889236000 -4.617811720 0.315379493 3.964589690 5.123294574 1.740633575 1.654917003 3.480478040 4.412255413 8.180288986 1.782727449
-32.154824062 3.678604672 -12.197698789 0.815869559 0.000662445 0.444059017 -0.370362003 8.364284523 5.331605536 5.052751811 2.952485424 0.596001874 6.225124165 2.230565139 4.425924250 7.234052685 9.447090937 3.727584825 4.763915858 7.732162432 1.250504851 2.487559166 4.416051120 7.010372688 5.247382383 1.997202371 1.716753808
-19.315760287 -1.696029050 -12.125187773 0.825637626 0.045954791 0.443162472 -0.346146921 3.752322365 5.654972795 -1.523677686 2.166788344 1.609967781 2.883268446 1.996478850 8.740607120 2.157470466 -1.848550386 -0.386595221 -3.179322066 0.070016937 1.453544882 4.296719184 -0.822088478 2.045182058 0.928591363 3.062986147 4.517633816
-26.522728832 12.198551181 -20.329209824 0.951851843 0.166359236 0.145224733 -0.212632196 9.786885574 8.074762590 4.105117084 5.038659396 2.853484464 7.902173267 2.123832130 3.912524673 1.703674109 4.082996904 8.510354668 5.776272348 1.546090736 5.587712963 3.841536189 4.053870182 7.974772993 6.765025185 0.198542964 6.925574566
-17.898867899 7.485732999 -8.533469054 0.828064035 0.306777029 0.185751198 0.430922616 5.641879694 5.780965726 -0.660246069 5.182778273 3.208095119 4.845590391 3.987574681 4.448008881 6.265287713 10.146903433 -2.338261684 3.211123027 7.181910305 6.774576878 4.944112502 -1.773361208 6.867455304 -5.168753777 1.794384622 5.916485894
-29.424467171 8.541948124 -19.829787620 0.809807282 0.202271059 0.488886102 0.253552687 3.866747599 6.935921847 7.020535255 0.356800206 5.608745996 3.935887731 3.836106078 1.401762228 4.269572984 8.103000649 0.858906453 7.230907848 5.989076960 6.636152780 1.628938997 0.165704864 6.479408277 2.265472668 8.315700013 7.553559886
-25.594883206 4.274869633 -13.188804045 0.709357132 0.323859209 0.614116303 0.121609366 4.542673708 1.671115047 3.728606623 4.268031060 -0.063057931 1.088310405 -0.190963466 5.231295469 2.596946002 0.689138497 3.493998065 2.571121443 4.808821762 3.530968361 1.946953744 3.553046602 4.515961882 4.349533901 3.438331773 2.876970572
-31.453157425 1.058115248 -14.312588422 0.765038440 0.148721495 0.442822616 -0.443290236 5.086545746 0.265857863 0.634827557 4.995667129 7.779934043 5.211131728 6.622764194 3.980549804 2.459794196 9.024755936 9.248737257 4.850882970 4.706130513 -0.223989379 6.769461280 4.959619024 8.303634979 6.736366666 7.892547293 1.910554557
-20.345868090 4.542248587 -18.108109999 0.862183007 0.267677825 0.317284331 0.290378542 2.014586525 4.130098579 2.547122636 1.682234167 3.308688377 1.171577293 2.778684863 1.816984357 3.356781067 2.263367267 8.530574638 7.628930558 3.774119263 8.963003380 2.574789258 5.806941459 7.960268711 0.526771295 5.201548574 7.312694347
-20.228402912 6.826896137 -13.980110385 0.820423526 0.296752309 0.384319197 0.301897433 11.453270314 2.906064353 0.431548346 4.454177713 5.356195744 -2.783283499 8.674742079 1.370036470 2.631817837 3.668328190 6.360531608 1.686436913 -1.075918714 4.402832367 5.248704106 6.641441552 4.075738864 4.418673044 3.145729788 6.219057240
-22.106116978 1.729010517 -21.643122126 0.737282780 -0.106356242 0.367781034 0.556632341 1.537006168 3.918880585 0.821993199 -0.050711468 3.307320977 4.053498148 5.902776735 2.747336828 4.405104006 -0.161708896 2.096674046 1.312132944 1.204973042 5.969430185 2.291693950 6.880008469 1.189268836 3.333209419 5.284429521 5.073208141
-21.695670109 11.152795490 -9.083813961 0.762354118 0.421544266 0.481485696 -0.096375078 0.049628170 0.855546571 3.094661596 0.794123566 3.920646383 6.281660475 8.372989163 5.056784583 1.820378323 5.254527196 6.236846903 1.965040814 6.764024982 1.575878858 6.377649936 2.545241551 7.353312628 6.915090133 2.816509222 3.265990309
-20.473523767 2.324070285 -20.120551007 0.838733706 0.324730829 0.375208278 -0.224264144 6.529523424 -0.518382377 7.844470029 6.665906583 1.051215469 2.294684296 -0.163512122 -3.799188731 7.732447473 2.073215005 1.379360641 8.103993663 5.614555264 9.470270554 2.817371953 5.817279673 5.433325966 3.973391425 10.867898035 3.611821270
-28.499592413 8.076066418 -18.833062206 0.851680038 0.265405830 0.443532501 0.086485710 8.057645245 1.815788770 5.568601242 5.785575812 7.418319362 3.339762341 3.798536606 3.308877012 3.871573863 4.857110045 5.764521761 -1.165853364 1.286503439 3.465516310 0.388473752 7.688483852 -1.500413816 5.399905344 4.696280547 6.556572484
-17.008505858 1.757889800 -11.800512582 0.965155919 0.181023143 0.178876486 0.060892335 5.141122965 5.762463559 6.927325531 2.567261409 4.108559679 0.206748503 -0.446232659 10.506656451 0.681324187 6.008860138 2.039922055 3.904483832 6.002710371 -2.027918999 2.038015696 1.944911866 -0.237195270 -1.618382587 6.523803299 1.736988160
-26.928562224 3.645839276 -15.128693154 0.754519374 -0.125568221 0.359231680 0.534682837 -0.307399203 3.195770668 5.155587672 5.579384057 3.924859123 4.548698892 2.231757864 -2.193787686 6.064333567 7.937601709 2.934392247 10.179921391 6.031535760 2.219594652 0.151484247 5.197244301 3.217094267 4.858911393 0.814004071 2.802409620
-23.915977241 1.255807673 -21.478726970 0.885844523 0.160363177 0.435101539 -0.015804534 2.721943008 10.272879079 6.362173435 5.177044980 -1.825208477 3.942525219 1.325175772 4.692350643 2.090670736 6.915159579 1.526793352 2.004481605 -1.767709779 3.975694266 5.586200480 4.600594046 3.035474765 1.997136760 6.116923098 4.063515520
-25.948681319 1.250909669 -19.795889106 0.942053442 0.097799288 0.318563317 -0.038574930 2.520032846 2.082929259 1.701560686 2.916618333 2.230086050 1.801217069 7.617229887 2.672693324 8.056902363 6.181181775 6.333597077 4.985950813 3.146022697 6.094600259 4.644764522 0.253481825 6.789380046 6.275067994 7.894366374 7.169704501
-16.899394492 5.578611816 -17.040455986 0.785536185 0.387374057 0.473032963 0.095467573 -3.661852752 1.994160149 5.653033717 6.166831812 7.641061795 2.930565828 1.905771710 3.485677171 3.923932097 5.947321576 5.288084140 -0.264290027 6.853263223 -2.338480185 1.689023625 2.652081688 3.589357335 7.437386157 4.864697983 2.468567267
-24.104937772 9.141933087 -14.259650362 0.738065759 0.218300945 0.452064634 -0.450822803 -0.661479829 8.307033295 3.093392277 -0.296432668 5.915041201 2.323067013 2.961307669 0.936535168 6.033721478 3.925848487 3.688297029 3.361379011 1.622129793 1.375422902 6.182064215 -0.321614967 3.378232501 4.153073312 2.749334230 4.628079491
-27.565112709 12.260723740 -12.948144862 0.929838344 0.146192474 0.332155164 -0.060838820 5.737045752 -2.653805861 3.147580383 2.929537460 2.049011958 3.643278770 1.288604850 5.455411353 2.370598270 6.685859134 -0.878648883 3.253879643 0.955738264 1.826416541 0.761923385 0.919249222 6.149758890 5.990700274 -1.700159059 1.775678576
-18.763884253 3.987519395 -14.869220116 0.858982601 -0.078016756 0.476675517 0.169831472 1.591326157 8.306957777 4.095088328 4.076958859 1.277240461 5.065211096 2.816952761 2.758967611 7.922942180 5.808631701 1.871246825 0.879859415 2.893992761 6.118827038 1.170222851 3.152578443 3.985968441 5.257078357 1.296008961 5.343787797
-23.348896295 7.032225547 -5.195521054 0.720696825 0.186730612 0.463264929 -0.480742520 2.735039703 4.812973191 -2.326582541 3.668031661 -0.689268307 4.074317242 7.930672549 3.770183475 -0.196327465 8.741254706 9.100275657 6.527043256 4.990480444 2.567317045 1.791808388 2.364267441 1.871704117 9.201117224 3.061528386 4.955677833
-28.897178432 11.885526193 -19.891113805 0.893497600 0.229051982 0.288742574 0.256563745 2.539650973 7.836473885 0.095912762 2.681730723 10.348342281 0.810593010 3.830686404 2.856358981 3.820470945 3.692785744 10.418385297 6.230516863 7.043624094 1.701119020 3.881410543 -2.005185491 3.915375574 5.719787643 -0.665041399 6.085271208
-19.398237534 3.832422482 -5.145570184 0.785274258 0.158778566 0.596141432 -0.052431854 3.143578469 0.092770137 3.489698425 9.303962131 8.566071999 3.320672326 -0.370425958 2.499354623 3.280393135 2.437795094 -1.495828767 7.376053454 6.128298755 0.790949844 6.326360507 3.344869295 -0.225676321 9.731026032 3.614220114 8.436492636
-18.655860871 12.566418781 -10.363814633 0.869074127 0.284765955 0.143433864 0.378213219 8.005082002 7.854351124 -1.327360949 3.825662543 4.860433616 2.145739234 6.287211588 5.364271857 7.125205983 4.592123473 3.882318554 6.776527450 -0.332105818 3.045935701 0.905491140 3.857256529 6.597560289 4.312630927 0.958725828 3.797786865
-23.726103563 -2.283710088 -13.050301413 0.889092353 0.147386634 0.388697581 0.191588511 3.367146875 0.271269694 7.234126505 3.014671001 3.962029102 2.836367346 7.273391034 5.384201092 2.578006568 9.494215164 0.801206070 2.315903986 2.740705114 3.333030862 2.064310667 7.236668106 2.582761852 6.087103733 7.397595034 9.179468276
-28.104452783 6.086576790 -15.405066676 0.892191007 0.157074004 0.338169601 -0.254880922 7.008482983 -0.368742190 0.665484216 8.326753182 3.638076102 -0.725905094 9.782913006 1.581498603 1.769611873 1.444172521 5.016413671 3.749066504 5.808905236 -3.456611004 4.413678377 0.699711874 4.016795068 2.702077332 0.485525180 5.137709961
-16.198294057 7.727654501 -19.015385989 0.871998127 0.112603479 0.227548582 0.418522837 0.218193660 3.373300822 4.560261062 9.316483179 8.406748292 5.025960214 2.644320413 1.607135497 4.100838759 3.366394502 6.444841739 9.174486679 3.855496088 -0.160541010 -0.111160149 3.796347274 3.368383115 6.215767695 9.303367279 5.577134053
-28.945537490 12.387278634 -14.483774004 0.835256050 0.235688455 0.462502218 0.181355951 6.115115703 0.317211772 7.026027576 1.845419372 0.067498347 1.755863436 -1.519985551 7.912876227 10.423183231 6.922829572 0.530535525 0.225425076 9.477125049 6.597984848 3.049954646 5.099225202 3.255604322 3.556390283 8.806096323 1.411190734
-23.570364667 7.501564537 -6.704071777 0.788627821 0.262135334 0.545662514 0.107720229 2.029522575 1.879888789 2.856294520 5.271798428 6.478164764 -1.687403831 3.568240115 1.107118023 3.457340333 2.348059710 -0.579880801 1.820421248 -1.098289848 3.593409323 4.568719790 5.303441846 6.879719164 12.108866269 -0.323646061 4.290267620
-15.669286604 5.703056674 -17.281781509 0.809530152 0.219402136 0.330397353 0.432852429 4.498635904 5.655519461 6.124031996 3.624423699 3.871460588 2.000581229 2.403824045 4.472887749 0.495716456 3.621776409 1.497739875 -0.913324443 8.171042223 1.991505096 8.765984545 4.687020554 0.983757463 6.078980623 6.806830409 1.341754087
-25.961481653 -0.405873611 -16.287221269 0.783616804 0.140653309 0.578908563 0.176142630 0.698607434 10.048190402 2.387130161 2.204482050 2.211140775 5.282909633 5.677882017 5.561191190 5.659699313 8.042583810 -1.265097141 1.260017461 3.830746317 8.581378742 4.776087098 5.284656927 2.187038762 4.537451147 -4.392554790 6.807616081
-20.223523160 14.720783657 -11.085065145 0.788634850 0.477177747 0.279497357 0.268770717 1.965092069 1.477406691 4.879645058 4.042480871 -0.981513084 1.922785402 2.042717477 0.739894916 2.084890783 5.848356821 6.904876021 2.230514233 3.579092709 -0.188759902 2.335709996 5.221017812 3.328300999 2.818085740 4.634964075 -0.149547814
-21.371938163 9.057284887 -7.924574604 0.908509428 0.237809001 0.229650001 0.255574596 3.079104754 7.837630259 4.300855135 2.046530745 8.541898745 -0.508743348 2.169879921 3.939356038 1.058025404 8.145210998 6.723838249 3.679489192 11.075799426 -1.787057659 -0.289615682 4.364162667 5.815110424 4.747128776 4.208639017 0.774868537
