9.290166421 -9.006095637 -20.007827094 -0.603035287 -0.437663636 0.570990425 0.344628668 0.162518027 6.527634333 3.278795261 3.982643972 7.501466577 6.885107122 2.402325866 2.478115302 2.523111700 1.803968151 2.937090786 4.808207041 2.712927514 6.333569498 3.185135351 4.121829228 -2.476937289 4.778686436 5.471190140 1.731721496
5.720238369 -5.944782661 -18.964188259 -0.026060978 0.833863132 -0.210937231 -0.509410037 3.745497598 9.424358175 5.953932436 4.641421604 5.277358755 2.698445258 6.455501474 6.243808503 4.715342595 6.191273332 7.498267891 7.637435548 4.425304646 1.830350398 5.514258196 4.110495134 2.567779487 9.713961100 6.174327554 3.464753394
11.219275072 -7.172268799 -3.313187768 -0.079667098 -0.506111531 -0.499738802 -0.698402034 4.973478926 -1.251662911 4.624377638 -0.505474256 5.302766954 3.388978893 1.709672904 -3.283506526 9.306852494 -3.556239780 10.605857789 3.414995414 3.170592186 1.123889412 1.942663622 0.912378971 4.853553420 6.334716561 3.299814337 -1.453030536
6.499641602 -11.402740276 -6.330469585 0.761038417 0.247100952 -0.472768372 0.369122898 1.822770746 6.759527970 1.876673825 4.228807239 -1.635604947 6.554368898 6.846191276 4.585392846 -1.362390458 2.396966351 6.300416370 9.057008266 6.361880068 -0.005718559 8.563983116 3.221400365 4.791524052 7.579282107 5.962300723 3.129966988
13.137203779 1.422893198 -12.732966938 -0.458513398 -0.052216925 -0.624563565 0.630046990 3.288868065 4.961291548 0.462548663 4.987483627 0.931814697 2.531155246 -0.544280136 9.765327264 10.876146932 3.022029304 5.359601552 2.098860112 8.355547407 6.778525963 1.738169394 7.502334650 3.585081869 -0.862318262 7.522110573 7.228188063
14.586040535 -7.068175836 -10.491544428 -0.424718238 0.800444769 0.420842223 0.042360514 8.064867251 -0.042894622 4.134220058 0.852028914 6.630992511 -1.510841633 5.327426952 1.808668334 7.583057084 3.039520489 -4.356182817 5.930499009 3.461736672 5.731518277 1.131537951 -0.682896350 3.849043515 4.509439504 0.078655003 3.493127230
2.076636279 -7.298681152 -17.423368702 -0.403605491 -0.279183020 0.410172553 0.768711862 -2.892235008 6.348588928 1.229945036 11.146253354 6.894427771 2.144312948 6.282866600 4.867046101 0.539370934 -1.833137859 4.824817582 6.427447202 7.569638624 3.309732410 8.263450514 2.328744867 2.343381990 4.655092664 10.385920419 6.433257030
14.636360482 1.047765852 -9.539344025 -0.061757588 -0.826602955 0.209438626 -0.518699351 7.045587988 1.172706871 -3.402968085 -0.814599602 7.018537868 3.753892455 7.223469073 1.373090790 4.150055526 5.152079154 5.626108387 3.844649350 6.422021934 3.052009887 8.172775728 4.914386225 2.087946983 4.437182855 8.533321010 3.012115631
12.631020471 -8.119890898 -15.445005438 -0.432416757 0.458805906 -0.511115006 -0.584186905 3.090246020 8.023101428 -1.813421244 2.719766106 0.975611280 4.032930531 6.458475272 2.941690632 8.694237620 8.767472089 1.596542734 3.037823170 2.008621513 -1.467969971 -0.239198962 1.600940648 4.116291715 1.047784269 5.614929730 4.412740052
18.151784759 -1.298076667 -9.244971699 0.581413580 0.467729150 -0.605851764 0.275919065 7.816293210 4.612721283 0.759888360 2.063668076 2.413960200 2.261648933 3.037758672 4.934041199 2.716480226 2.204198931 7.192989307 -0.943808672 9.911614886 2.785638348 0.102038854 3.855793013 8.759019563 -0.849597657 6.810104160 2.461090520
14.324424439 -8.512297239 -9.474746334 -0.191129839 -0.747614454 -0.518178279 -0.368826901 4.476189211 3.060541789 1.437754062 8.513532475 4.490413123 5.896364838 0.939105734 -0.904386491 2.118855806 7.662021674 4.757891228 5.162378113 5.092170984 6.302293544 3.452116883 4.368903274 0.850658742 1.744617725 11.221687823 9.264899345
4.690878445 -4.646966273 -20.332031710 0.422570196 -0.205900535 0.761669757 -0.445980472 4.605428348 9.066478137 6.700425407 1.209724792 6.109405660 3.292985740 -4.031827706 8.066876960 8.182493674 3.737782325 1.357182542 5.855743765 3.905900795 4.250988514 1.054490639 8.892342696 4.827514223 0.917025644 0.097527320 1.654122149
17.677964071 -3.032719035 -7.187087076 -0.072585890 0.849739843 -0.347809049 -0.389489863 2.879650978 5.728973701 4.428629490 4.395718292 0.851235861 5.871380394 -2.868574833 4.746973764 6.026406329 1.459955302 1.686483979 -0.464575862 2.751080082 5.998158808 7.497897775 4.750954039 5.664871802 3.253250226 3.591398462 8.899529888
7.144055791 -3.153589997 -11.114969897 -0.510977561 0.340348964 -0.133414100 0.777987913 4.796062446 8.379280522 1.048236285 4.229728585 1.929362912 4.129911458 0.496222045 5.536992967 12.851741080 4.390831217 6.279193254 4.194146153 2.499280215 4.150445208 6.719836193 8.822681899 4.222739096 3.658577218 3.522881564 2.605023527
3.762995207 -12.333762156 -14.506362279 0.669891016 0.333921369 -0.524483059 -0.405783276 1.409279153 5.588403041 2.931716247 4.902342328 6.190031208 3.016033966 2.656624169 -2.679388906 2.859780023 8.602019399 1.900004490 2.725528930 5.891633361 5.473420994 6.977325412 -3.623004771 8.183470793 1.012358470 0.641124310 8.282923309
4.403820024 -1.727886823 -4.514488462 -0.725019782 0.173722025 -0.666245876 -0.016834679 1.803622807 0.505953950 5.723726753 5.317892057 6.306337368 -1.261773985 6.007885449 2.545657809 4.431153831 2.482400633 2.648753794 7.067004070 -1.246026394 4.670483003 4.818669632 6.296814239 7.607471937 2.413024272 2.824632389 6.932142074
10.962376439 -3.773953673 -6.365030617 0.960963814 -0.155739856 0.219836885 0.062971342 6.815042422 4.763937614 1.217692289 4.643442746 2.564161521 1.370592829 -0.205812996 5.993586870 4.196634321 -2.083255597 1.101542755 8.795121891 7.597220889 5.181537951 2.647199965 4.006939035 9.652154324 4.315523559 4.754233337 -2.720276517
4.020601136 -4.057833145 -5.632960648 0.577544242 0.570197756 -0.565224657 0.147777719 9.631883626 8.007481131 -0.434264181 7.352944060 2.465871963 5.974995914 4.502737588 -2.074185389 4.631659691 5.464494850 5.511006227 6.335594128 9.356950813 4.752531596 4.127312444 3.518109906 2.219848143 -3.135463394 1.711756125 4.260985594
6.578740313 -8.398935113 -10.844082400 0.159994498 -0.471834504 -0.587220606 -0.637923131 0.214294654 4.678754384 6.961687344 2.452540282 8.074798785 6.830562989 -1.765896775 6.195315102 6.645957698 7.010394127 3.544640193 2.645600163 5.090985730 4.998508127 7.735353491 0.796021972 8.375837233 2.199473306 6.832190518 3.851273607
14.543433205 -5.191690293 -19.734617037 0.310634606 -0.685750417 0.553109276 0.356822974 8.219937913 6.273891983 0.612897433 5.473073648 1.992160541 4.897429131 2.976747525 2.773164843 3.909446254 8.372099074 -0.171216728 2.780962025 6.002896554 10.051891660 5.442963669 2.961056100 3.814831324 5.485092142 7.743223693 4.093411336
15.787005641 1.571546874 -7.927585021 -0.617010082 0.427657386 -0.076021123 -0.656222911 2.683843078 5.294666306 12.122200670 4.290824778 3.355346040 3.546866824 2.165493784 5.302416746 2.982525988 4.754989412 3.147438780 -0.750596328 0.870016247 6.951870752 1.307320125 5.819340065 5.336135040 -0.607906930 6.554520582 7.283844394
8.863654484 1.310159211 -16.980294081 0.521400395 -0.841294052 -0.041123090 0.136655910 3.420846828 -1.962114600 2.770250889 2.131323414 7.745428017 0.885584564 2.884718831 -0.479645912 6.527364394 5.528079325 7.191441341 6.237811056 7.079675635 3.803955401 2.456117878 5.047115089 3.168305390 -0.327955352 7.801017352 1.392687139
5.417456999 -7.714352048 -14.293993768 -0.846309165 0.281915570 0.436381692 0.117709078 3.435113902 3.858775095 4.581756882 4.476795333 5.793263514 2.755968385 4.673633646 1.918774799 2.673103064 3.173940522 9.525689036 4.483066866 4.482726230 0.521667977 -0.602917898 5.998727268 1.786362146 4.202773386 0.371284126 -0.523679603
5.634295020 -6.087767883 -4.193361891 0.437517643 -0.629958615 -0.631691687 0.112676834 5.000533895 4.358572574 4.446477710 2.391961478 5.237000146 0.667624462 4.221709579 2.788905109 7.909486474 6.013058116 6.479713170 6.208335115 6.055833736 4.985986499 2.697376401 0.510335713 3.005442200 6.741086722 6.144791542 4.495245207
2.091731096 1.966645231 -13.011946189 0.438244673 -0.282921636 0.847314549 0.099774792 4.778434505 8.072970197 8.896751468 6.419353641 7.926484116 6.235856126 8.434500887 7.239658767 5.129545866 5.231324638 1.873232414 10.256857643 -1.470201457 -0.863765041 8.631001044 4.897572902 6.410222432 -3.265565570 2.791011246 10.718288910
5.667779888 -8.526207745 -8.963797923 -0.075459224 0.130409689 -0.703506089 0.694534666 5.209996915 3.821222889 6.108338412 5.335650828 1.085544152 3.928245785 3.457027946 8.235799841 5.249969116 3.999128795 -0.754978551 0.920699267 2.375940287 0.297279724 5.660530484 9.084665632 8.079783300 9.686454179 3.071126906 0.621440944
5.038313223 -7.424178470 -17.943283441 0.365890193 0.573781236 -0.030356444 0.732105147 2.728409313 4.900654904 6.115038189 7.670105429 7.110691106 -0.903724389 3.099318610 1.884695666 4.522816765 4.894972556 5.037401967 5.729705930 6.111716050 2.631561098 4.425068065 2.537088072 2.930172473 3.701698237 3.350544908 4.312801496
6.234235155 -12.454770568 -12.319828411 -0.688424288 0.093980841 -0.434819195 0.572862871 2.856025399 3.259011923 -3.468710814 0.772393840 9.165268363 1.356533631 6.227099562 3.986490869 1.228705113 -0.515107487 6.017621465 4.886897065 -1.472212507 1.287145214 7.094815046 7.305390756 5.730593948 6.002295042 2.351212819 0.670680944
15.803264967 -5.379342560 -9.232530471 -0.585041636 -0.012371051 -0.588478606 0.557912334 2.166271824 8.355748126 1.095281363 5.093198081 7.525691595 2.170135001 2.930524419 5.148663228 -0.116972708 2.820004037 4.544352332 3.339109762 3.214064003 10.066978129 5.294321269 2.461597821 4.430145152 2.799929865 5.102465018 2.657244387
13.861247083 -12.422413951 -8.996714409 0.479996030 0.772852745 -0.300136221 0.286741512 3.191926400 4.332973055 6.101032872 4.914025541 4.898095030 4.736372904 8.547485006 2.895027957 3.318480931 4.685298188 4.127040711 3.572201458 2.685353058 8.140532274 6.147566889 4.540029883 4.744389038 5.063041429 3.840484842 2.485548513
4.412283403 0.900978836 -5.694065004 -0.286347407 0.025902743 0.651823233 -0.701755429 7.951675226 7.887097887 13.854118158 4.511102810 1.796960725 6.544817478 3.872026520 3.553341318 5.089385474 0.631035906 4.150657825 2.404317855 1.538223206 6.136778561 7.478996393 6.156177318 0.508741772 1.614393922 -3.549018646 3.993622314
4.549196818 -7.780422873 -11.969085912 -0.275912970 -0.453505965 0.736599755 -0.419076573 6.285864741 4.326216407 6.147671992 4.516322423 4.861026558 4.323450929 5.903382707 4.257815002 8.445640479 2.990619447 2.614097775 9.386771747 3.723881587 2.129883046 5.012690744 -5.292470618 5.451427986 3.635304295 3.346549642 6.527111259
16.318560414 -2.661910814 -14.271163543 0.220239918 -0.557222689 -0.403574726 -0.691465612 1.667098348 9.106640876 2.111402808 6.341539413 1.685392431 4.440440387 3.342901296 6.052152166 6.750737989 3.121336477 1.864035567 2.835299541 4.328381658 5.531238976 4.855963085 7.011163290 1.155550339 5.641419944 2.394304907 2.051834406
15.705889630 -1.416994554 -11.877631417 -0.099334316 0.200436740 -0.682315002 0.695991412 7.161896613 -0.069108713 5.665351009 6.334955089 3.705090939 2.674089390 -3.448052523 2.668050488 3.487603395 4.201749148 6.727605925 -1.120063313 9.060943447 6.760621902 3.155627371 4.444301516 -2.151053438 -0.180617725 5.106892564 3.353874739
1.957855019 -9.356084621 -7.868531951 -0.946068656 0.162771080 0.105728920 -0.259385946 3.309062198 3.859323602 8.107605155 5.766089241 6.169903716 1.917639666 4.896348467 -0.310462740 4.701381586 2.644204158 0.576710583 -0.265264738 2.871085507 -1.174832977 2.859295173 9.221096215 6.721684684 6.379754423 3.219485473 5.070218332
17.173378789 -4.787479623 -9.396734792 0.042703039 -0.049948260 0.056846845 0.996217877 1.569718046 5.142334973 6.382785898 4.621673398 7.454814682 5.578073042 3.079975875 1.034426152 5.147017138 -0.600165334 6.927372736 8.856708446 4.078587990 1.348117537 10.206042105 2.084570209 1.508907506 -0.735311017 4.758041451 3.551130415
12.017664026 -4.118175938 -19.134405598 -0.234366557 -0.210474879 -0.867430273 0.385145900 3.621370089 8.060706295 7.055267315 4.789124950 0.782777119 8.434572100 0.443935683 0.540735948 8.948047724 11.159207162 4.422798081 2.757515793 4.837650820 6.370837685 1.067601065 1.848196627 0.861741567 5.846682109 8.519108031 5.043783122
8.766840619 -3.843238657 -6.657199898 -0.265443699 -0.685556763 0.336826275 -0.588302327 6.707463281 4.582412222 3.598335305 -0.188377039 4.703476679 4.834218999 7.177247149 4.900780289 5.301137715 1.905661716 1.678731120 0.243479053 7.823777580 3.299333509 8.376067352 -1.268231180 2.430101615 3.925998162 6.514765890 5.968992765
3.513834128 -4.268075462 -19.804927971 -0.466209390 0.324692367 0.094392004 0.817504630 1.324089856 4.232821146 5.437941596 5.335657231 2.790176187 1.128479953 7.710395884 8.688340025 1.457723436 -0.914463267 2.335976073 4.047232279 0.832736031 3.211991828 7.935463356 2.934646555 4.269694230 3.071578916 6.681957184 10.749227614
5.431870618 -11.419078224 -14.561455060 -0.169032409 -0.060554269 -0.532764808 0.826996303 5.346035948 7.661672755 1.879784708 4.055488401 3.189436958 6.243186823 5.363661438 9.707352660 3.922623227 -0.184929004 4.505214933 6.974152491 2.029516868 6.386340474 1.268553416 8.695007792 1.567496786 -1.478141492 4.338008033 7.492958043
3.149366632 -7.080391466 -15.071752883 -0.833898638 0.146131467 -0.159428329 0.507780725 3.180127553 2.008743096 1.298139492 7.096406857 5.776499067 5.573099909 2.929338007 6.916388085 4.612097806 10.702781437 2.479569517 5.561109539 1.180115674 0.258682858 2.043424501 -0.242470690 -2.009781305 3.551284001 1.718185705 3.430241942
5.873286391 -4.992022449 -10.544175518 0.287593379 0.524489743 -0.759783270 0.254813540 4.327981054 0.959365981 4.889097595 -6.078444489 4.808859608 5.330629519 -1.974934025 8.257354695 -0.442642102 4.950323433 5.904983255 1.329125446 4.924663804 4.696532682 0.408497845 3.475547210 1.358794006 8.230530179 4.563746940 4.546165170
7.546903536 -2.441341784 -4.374186731 0.051390907 0.686634310 0.652130894 0.317202768 1.401883230 1.038063952 2.099471481 2.756870794 5.821729709 3.656463123 3.161318316 2.759384492 3.632551869 9.578996304 5.805087851 4.775027444 1.373170257 5.840294617 5.499524343 3.201569575 7.615897819 5.109056945 4.238550705 1.044281695
13.575910973 3.485280263 -9.436634651 -0.612634542 -0.629606107 0.477759028 -0.004623625 7.762048240 7.154215528 -3.017283809 2.750233536 2.671400305 -1.739040665 4.797827994 1.874690574 6.651591409 1.191916385 4.792611479 3.233097962 2.973446781 5.300421916 4.058890858 -3.831129931 1.362975212 3.933560529 0.380632357 2.998551354
4.546784881 -1.469400961 -5.848547814 -0.867183015 0.085956779 0.460902416 0.167851165 1.220489045 0.686944753 1.656240729 1.004174494 6.238276682 0.140958764 2.522123676 9.461264134 4.776424972 1.670279513 1.521152134 5.811796292 1.980027142 6.093240390 -0.151766845 7.137571302 -2.821664793 4.805270745 7.985495590 -0.288439740
11.983095754 -6.606455142 -7.229038911 -0.601154674 0.100178752 0.328152754 0.721729205 0.470656441 4.050223042 -1.825197701 2.258540397 7.714450297 6.035071050 3.906652639 1.009438192 1.756440214 2.443375818 4.605709365 1.583896475 1.787324534 1.165395274 5.265326531 6.608991183 7.021879935 5.864340779 8.958274828 2.687365979
16.957283202 0.634492743 -8.190428951 -0.323760593 -0.544707765 0.721942153 0.277978517 1.828965203 5.966018693 3.894914756 1.405059044 12.893301640 1.005719852 2.562053422 8.549894210 -1.021265898 4.188615257 5.314503431 3.765470779 1.963506053 2.140921849 2.907194552 6.078392551 3.243804265 6.123942390 -1.253962520 10.521210502
8.081863741 2.754475058 -5.200492164 0.623094612 0.160549646 0.085671106 0.760682179 2.848017645 0.869026858 1.220721674 2.519927434 5.067291711 7.294096909 4.946846062 5.060905845 0.448536412 1.293715701 1.804508143 7.220944304 5.846694558 2.891988947 2.227466892 4.929223570 3.676415712 -0.099102107 -0.482152261 5.293046588
11.260115954 -1.326885525 -14.509351254 0.221342094 -0.402272549 0.109272886 0.881614377 7.174950171 2.371930827 5.911617372 0.442891106 2.135153959 -2.410123618 -0.062896776 2.963689684 7.887136423 9.558466873 1.029846979 5.664229488 1.388201483 -1.277624647 2.011680543 9.375037550 3.991904556 -2.164489672 3.850138825 4.429530099
11.808684724 -3.156829215 -12.689175860 -0.490026760 0.250312718 -0.155339989 -0.820418677 4.873623743 4.704223862 2.284634978 3.696432309 5.470247679 1.602851809 7.303225079 7.160224102 4.257636337 1.162433872 10.771850544 -3.406421174 1.536298199 1.830643515 4.328075683 4.856587234 5.412535331 1.443966399 5.254590909 6.966536349
11.275121632 -3.529559117 -3.053328323 0.679471279 0.437685401 0.159658692 0.566797470 6.292319124 1.900894795 5.598138616 10.375342258 2.512527910 -2.019426855 8.869033865 8.318328663 -1.632147955 3.418509772 5.135024282 -0.017641588 4.755670778 2.520054940 3.478658018 4.678499161 2.733940266 3.762248138 8.520657710 1.324299044
6.366738993 -4.197826068 -12.575754723 -0.561481770 0.059161080 -0.748624146 -0.347563055 4.512573284 4.258184244 5.168228680 4.348695116 1.484631404 8.075663254 3.848249244 4.601955038 -0.330969891 6.461248589 0.558144384 3.515460722 3.116086739 -1.671894021 7.118172454 2.507065219 0.959529730 3.079520162 6.797297785 8.613495214
8.406289890 -6.420751915 -16.489214415 -0.079186998 -0.293713427 -0.351425718 -0.885416177 4.731024315 4.111505784 0.113292958 6.121206169 7.267896128 6.849313859 8.124416346 3.582718250 -0.875164534 2.249185291 7.464829674 1.652538442 -0.530553264 5.322182198 -1.870663502 1.303071845 6.171518058 6.870327660 4.820964381 3.246373633
7.740838822 -7.388683812 -19.724720373 0.112144491 -0.244220045 -0.962546039 0.035851168 -0.117039571 -0.886044743 5.898511543 5.152428502 6.090347866 3.407282270 8.709790600 5.914438365 3.707078938 5.813066072 4.205907586 2.403625064 1.730743498 4.570810940 4.247119541 2.762113266 7.231212319 8.116974291 4.369844425 4.561456537
13.270946064 2.041814451 -15.773014452 0.644562102 0.581253084 0.425262577 -0.256585832 5.277686806 12.465550956 5.271720368 9.363297498 3.978879673 3.846373182 3.669556187 4.204852321 8.393976170 6.440137125 9.291574554 1.048257928 2.848998863 2.531901137 2.717063851 1.696996154 4.535303966 8.059326073 2.346714255 3.431777303
1.197407776 -1.136140527 -11.218516669 0.072442527 -0.465148725 0.345238717 0.811910692 1.818547597 5.790310936 4.708390013 2.819685501 3.598686720 5.140704190 1.700735370 5.398619882 4.583965491 8.453113908 4.248907707 2.338125668 8.018897533 2.993271678 2.258516360 5.414983434 4.453553389 9.022723253 3.792269208 3.992403084
9.188742347 -13.062403373 -9.893334881 -0.887574086 -0.202745412 -0.329151480 0.250531123 1.472697175 -1.439779856 3.192281201 2.458376568 -0.955638012 3.119939817 6.819511711 5.443566619 -0.901582797 2.804726855 2.943804590 -0.549902029 0.214674052 7.819911123 5.799375139 0.695019379 6.605997019 7.674335104 2.994788633 2.148619398
9.184970532 -4.485324628 -5.359698313 0.716023401 0.279767296 -0.573012807 0.284072301 2.408283003 3.087910051 6.373979041 2.363072919 6.941783099 4.229787641 6.568558033 4.718800042 7.406643297 4.146155207 0.730165328 7.137007725 4.020997391 3.218764032 5.941948461 5.000232987 6.080550547 1.103785447 8.192428269 6.342835887
4.652500108 -6.318005003 -8.011957447 -0.282896119 0.486473214 -0.342650828 -0.752265916 4.248365250 6.934823705 4.232359832 10.906514982 4.288507371 0.671456512 4.233648829 4.241473061 6.685169078 3.668465559 9.909825770 4.840728785 4.758356234 -1.278446687 5.434847316 3.205744997 4.173635210 0.031815704 1.223626607 5.801296015
12.123582942 0.449281957 -8.717189577 -0.477124074 0.282340855 -0.449878040 -0.700175698 2.003205809 3.377564091 1.556394389 6.022114556 7.840612521 2.686891423 5.096517380 7.452013803 2.437661303 8.253884542 -2.723799493 8.463544879 2.594300389 11.878880712 0.347755252 3.904089719 10.406525241 3.096769335 6.192595167 2.468484768
10.647507223 -10.014654749 -13.644961467 -0.183836751 0.179198373 -0.349426406 0.901106641 4.813587254 3.459431204 -1.110541655 2.976924330 -1.300882740 1.022199136 2.117933997 3.552868796 8.012408397 3.785852078 -0.328046783 1.316178127 0.445053885 7.440843789 2.888407550 0.865330737 2.540671086 7.493523692 2.804690084 8.414007452
3.181851005 -11.487178986 -13.080926866 -0.443891425 -0.017662905 -0.742068487 -0.501978870 4.163372166 7.657948937 1.676485275 6.658614761 -0.100250676 6.767171807 0.199693930 4.674648917 5.091924618 5.071715035 6.921865425 0.870683241 5.849366547 3.568915609 4.307519643 5.884584920 5.222583479 3.758650852 9.596680097 5.836235363
6.082966118 -1.206493340 -18.863235753 -0.014982997 0.376769026 0.744631123 0.550767738 1.844864294 1.077898088 9.879520323 2.810305514 -2.482367132 10.763492456 1.140513216 -0.608047610 8.052075907 0.446683819 4.805281914 5.720062059 6.154849884 11.720681421 5.692224880 3.454979503 1.463786850 3.165612370 6.528220110 6.061454859
11.218978994 -6.403346136 -15.641430593 0.609920157 -0.421016183 0.651953995 -0.160308338 1.736371889 1.310194027 6.538961824 5.111736385 8.060773237 3.851718348 7.532201852 3.819948049 2.593357070 4.936139961 1.414473059 -2.492405167 0.500111334 0.205157849 3.417940239 3.932119348 4.980349733 3.847449557 2.098253510 5.275983900
13.554842425 -12.137003063 -9.672895017 0.501468164 -0.113093001 -0.814200644 -0.269846189 2.897807266 5.119079991 1.284748114 -0.354636187 3.683263799 1.588522536 6.800523470 3.488211336 4.455098686 4.076467816 4.946631861 8.302853224 8.138213742 -1.678801466 4.344338499 -1.241492066 9.327306983 4.163741888 2.952163953 9.334797471
10.756474844 0.351951279 -19.090284925 -0.566798184 -0.268017153 -0.766751551 -0.137835714 -0.456870689 5.506560420 1.989047186 2.471321728 4.839841508 3.557548213 4.753273092 1.276145949 8.932547726 5.921944502 5.381456015 5.643166928 6.577091275 4.507181570 -1.240328270 6.202752010 2.794326923 2.360313342 7.920191265 -0.160711042
2.384400540 -10.764757145 -11.290151860 0.691423385 0.014308534 0.052966956 -0.720363429 2.721625168 3.205040706 1.621485852 6.244478813 8.930952525 5.937038651 8.254744204 4.162633095 2.314234832 3.987303301 8.106032278 -1.689013679 3.383134104 3.352093927 4.578942406 7.126775334 7.281240976 4.230204377 5.704737645 4.734245656
4.181172440 -8.304782656 -17.232623928 0.679817426 -0.335082670 -0.224707919 0.612433035 5.416451334 5.911938080 9.817003489 7.334223680 5.226391106 2.850506150 3.068890811 3.271618194 4.695102917 3.365619942 2.511697443 8.572712516 6.489251914 2.677976302 6.056497497 3.537128569 6.971873160 2.283545301 6.116872263 -0.140409849
13.410621642 2.094698306 -17.557860255 0.315171502 -0.475597249 -0.170752819 0.803316660 3.511034099 3.695319205 3.475600760 0.764496253 0.298693943 2.429761645 6.668533374 1.447360405 5.671261867 4.930678473 5.562652128 2.233450005 8.605102364 1.277401647 0.504416912 2.843837853 8.753968023 8.671562093 6.905554002 2.341014315
12.609202685 -6.845734179 -4.728469209 -0.508334575 -0.180481837 -0.590029587 -0.600739005 -2.478992149 1.253932632 -0.427698585 5.475391714 7.599474148 2.665122276 4.238809627 9.002919247 3.006456563 4.747882857 7.684696977 2.757577613 2.472584275 8.443806087 1.515339223 3.776545819 9.738842535 -0.559093290 8.179817831 1.215765825
14.423229314 3.712896055 -11.918062007 -0.543638663 0.554075189 -0.493765742 -0.391986073 7.886688870 0.421741620 4.569242419 7.046956138 0.835867432 3.792312039 4.874178472 6.693336100 2.905680105 6.753009469 6.926638893 7.602526159 5.176843551 4.546387903 3.254667619 3.338867178 9.277817122 2.295061773 4.224669532 7.306014084
15.399576433 -9.912883654 -7.721850197 0.949873883 0.311091376 -0.008835836 -0.029726926 5.999186621 5.932827820 0.513341360 4.191827031 -0.358072292 2.860266389 6.106364653 7.818666993 1.280116488 2.082861882 0.749479954 1.860823749 1.310023757 -0.656145494 3.207711960 -3.120833609 2.408362859 9.406610553 2.560572582 9.423864164
13.825454909 -11.293240754 -16.709541330 0.833436409 -0.046989533 -0.365768626 -0.411569009 4.719974123 0.560000808 6.371626237 6.709335460 2.058904676 -2.971307647 0.000827231 7.761677926 -1.997066898 3.756344147 -0.769701102 3.787891382 0.468383601 2.978247403 3.317244495 3.416043410 5.467465115 7.086563356 10.709123867 2.539426706
0.927058460 -6.591788161 -13.703910965 0.425866675 -0.379360550 -0.788743350 -0.229362326 5.349187100 2.940712121 -0.334865048 7.677509868 -0.036507723 2.639282937 5.465312135 11.035203678 -2.457387066 6.526294425 1.217879163 5.098873952 6.668958752 8.485620270 -0.798306313 3.226719746 0.601560094 4.436898631 4.952485781 2.916140738
5.867234153 -5.182640560 -15.321155916 -0.230763344 0.140589778 0.810006130 0.520454478 6.433132380 7.841946068 2.127152153 4.257758222 0.971750964 8.233231954 7.809871279 10.358688456 3.055890507 -2.376387754 0.832215577 7.306831037 3.571424391 -2.287333075 7.654298124 5.605825710 1.103121040 -0.470022142 -0.368526225 3.644241479
8.785855145 -3.913241387 -10.220488379 0.635690028 -0.443531685 -0.627306282 -0.075263950 1.105296355 3.897125923 -0.039436467 6.816309787 4.977638165 -1.291350320 5.891889026 3.003785721 8.487471069 1.321981016 -2.238431214 2.306346149 4.817043690 2.329806509 11.261168214 5.083129321 2.028934495 5.559871093 10.034729284 1.109426263
13.188389181 -1.152471338 -12.923086231 0.737229494 0.434729121 -0.165589023 0.489983205 1.721275379 4.365622602 7.652762033 -1.259975360 2.207578691 6.107765340 6.501518495 5.546929099 6.288137386 6.992856073 2.353059986 7.657427185 6.946884973 6.763953220 3.756968387 4.806361492 3.506014872 4.821517862 10.607848460 8.318747074
15.108399543 -5.374796039 -3.882679000 -0.354203019 -0.417640444 -0.231016352 -0.804206519 0.154578655 -3.523385351 0.784829840 4.785552496 3.283000519 7.485456331 1.504106251 4.240391100 0.586596420 6.357376954 6.785014945 8.158030542 10.116532483 2.906721071 2.036694180 9.026115455 5.552669250 0.219338582 -1.071098196 2.024147705
1.625105972 -7.055929193 -16.963528324 0.393841272 0.764430901 -0.495043821 0.124362635 9.632631687 1.081966832 2.403640057 4.040495946 6.974157496 6.242050004 2.706396411 8.966599838 3.211901942 3.386234160 4.261443372 -0.370459407 11.834822624 5.200086540 -2.213253422 2.752589444 8.016340977 3.841512908 1.992563480 2.258985071
12.137090061 -10.825108899 -17.230329600 0.131463533 -0.563488443 -0.474094256 0.663651076 0.654789096 2.966879735 7.676073912 1.713562234 5.204558098 6.638373454 5.458579727 3.987867863 -0.338649574 0.584728080 2.534189051 6.716498152 2.724753365 9.568942273 2.339538996 5.294223727 5.446209370 3.441427746 3.759249815 6.451073098
1.715157796 -10.554302445 -12.775501824 -0.601738627 -0.081156326 -0.746610197 0.271840926 3.981800145 3.315943742 0.253757701 5.354050496 6.373309590 2.678873187 5.847568663 -0.949626487 2.860297473 2.676056745 4.384000881 1.700868027 3.250866824 2.093204603 5.015262987 7.473364807 2.930353493 8.323498338 3.728418126 7.285769253
3.908234354 -7.003870557 -10.091988470 -0.662999698 0.621038353 0.286871405 -0.304051905 6.601298707 7.546592439 4.258429951 7.642959270 6.562787019 6.648103210 0.883264410 5.928067649 2.999102186 3.108696971 -0.202967701 4.354800693 6.593198374 3.608957378 4.800177190 9.804522992 2.592231619 3.661614644 0.626660371 5.778221347
6.680095034 -5.978509810 -19.266792131 -0.184639311 -0.610785480 0.748676472 -0.179813686 7.924688616 4.039856433 -1.067963413 1.804830389 6.192086608 2.296911519 0.368562118 8.795951209 4.682395559 2.672084497 3.482225928 4.128801128 9.182228236 9.283924398 3.271416837 10.968403813 6.691835947 8.027203045 3.643953006 4.810530419
10.853897604 -3.752937347 -8.668130095 -0.064468128 -0.750814533 0.603475831 -0.260649802 8.274496340 5.958465696 4.339820995 5.703994165 4.421804595 8.401954925 3.782703204 8.144971239 3.202205223 4.805857470 7.190280584 4.729773876 4.952790142 2.019651762 1.064418765 5.818777952 7.800911266 4.589740156 7.737099000 2.997069581
9.560396537 -10.337557958 -7.474534262 -0.452924776 0.871334854 -0.146713664 -0.118784769 2.049735627 3.577024872 6.243552869 0.861827815 3.913501292 10.631073066 0.338998611 5.674356663 8.617169559 2.216297750 2.788842735 -0.008303064 5.606193583 6.628209721 6.799069764 5.495359453 1.806183713 1.858527517 1.535270429 2.160190186
3.965957933 -1.583688371 -4.231861684 0.179254769 -0.414136109 -0.867380489 0.209785839 4.069877083 2.268451604 7.102002966 10.537717655 5.228659996 5.446562689 -1.242695001 5.541297103 3.038464122 3.324435340 8.024067074 6.537884560 4.735279848 3.990490386 3.350228919 1.375429781 2.777712138 3.601641399 3.450619632 4.291015366
14.590153982 -4.139862146 -4.144740207 0.510795851 0.660098175 -0.294247439 -0.465592572 0.748517207 -0.091237833 2.394465141 7.740919680 4.567826841 2.920689284 3.884267214 4.861873197 3.422035573 0.380524165 3.520081562 0.577884817 3.055810496 3.952358031 4.284725237 2.630615702 5.322225650 4.329410408 3.061244336 0.741512690
5.452505069 -12.440721183 -9.996740064 0.410796704 0.890079215 -0.127293361 0.151001517 5.223421030 1.018679922 4.164527311 1.998273165 0.321032666 2.302803613 5.861239192 10.472561281 2.588968434 2.905349112 3.896179139 1.087473136 2.613764889 1.641591385 2.072505492 12.395913632 8.389447241 2.541221800 5.579210965 5.583196577
13.506875453 -1.988658585 -4.973276292 0.987678300 -0.086656943 -0.022842244 0.128298017 8.803374272 8.838634099 3.165555036 4.459134781 -3.205570372 2.864433437 1.125096356 4.080237105 6.790398056 5.243382070 3.862015768 9.017907592 2.128569084 2.343455307 4.739752118 3.358497776 6.173534534 4.470382566 3.465893355 5.316789604
0.645722883 -7.793224703 -12.387407933 0.988454066 -0.091528744 0.017954744 0.119409695 5.915156810 2.160832386 1.479779786 1.351952710 6.022605792 4.424406732 2.018605027 7.724908334 9.160207109 0.200173263 5.243505332 9.721052560 2.750931850 2.041407820 7.254112829 -0.088079348 3.109600289 -5.235766698 5.721978315 4.230766160
4.879650108 0.007194813 -10.059261906 0.466690554 0.261059060 -0.640796023 0.550843490 3.210100616 0.828073116 6.021746598 4.318667155 -0.093495257 6.090168816 -0.894828748 -1.183199194 0.401694307 12.186977912 3.952728084 5.931346342 7.531936781 13.390455440 5.764837066 6.893599294 12.404952674 9.745782059 3.374419180 11.792949516
16.327009376 1.452768807 -13.806004547 -0.207834393 -0.546102022 -0.350032987 0.732157329 7.305528913 2.720621293 -1.493643485 4.504135783 9.067714933 7.590064159 2.772997572 5.334249447 10.606247325 0.290849059 2.225185194 2.051534264 2.503188539 6.800433637 3.317816595 7.986671226 0.480748588 2.646994434 3.078718597 1.494544826
13.532171045 -6.843800586 -17.382104643 -0.448875676 0.098991777 -0.632344154 -0.623580088 4.555554217 7.480246793 3.373538037 4.166276004 -1.280653607 2.473576671 6.958332491 2.279705770 3.605635186 6.353457565 9.483252195 5.621652442 -0.555770943 4.041402465 3.075647455 1.268548993 4.861784977 6.480963996 6.267978595 7.075398735
17.255996024 -2.715193250 -6.370099097 -0.767486559 0.210407112 0.263230313 -0.545346708 3.420033843 4.383521030 8.374432351 3.153721036 2.484832578 4.065694678 2.444500802 2.878740320 4.501677026 6.967691011 1.322093194 0.121420152 7.611224171 5.534056130 8.592695651 5.662502950 4.255688757 8.070807834 -0.764626081 6.686558814
7.668960134 -9.026180541 -9.732829978 0.210847274 -0.166745721 -0.635577726 -0.723726638 2.366801030 5.574775775 5.820367406 5.498756159 6.597895890 8.265183276 2.449635140 5.681952498 4.572363021 6.266616324 5.611297921 -1.083582999 3.846437752 1.866040193 1.648539727 0.803306548 4.913429301 1.659904260 -0.766184882 5.583546380
4.831096306 -9.208362076 -7.766201448 -0.519037357 -0.763329014 0.364799269 0.121862758 2.921397024 3.918698782 5.735135949 -0.442882541 6.852043229 -1.449753875 6.873334445 7.850875873 3.330317955 7.184572063 5.833606015 3.705215392 9.390385412 0.933886115 -1.785948435 7.693312197 7.920817404 1.313079208 0.596892394 6.573185822
8.245129527 -9.296965849 -16.966016879 0.572514342 0.555342858 0.595704888 0.094643138 3.818746002 3.103381507 -1.005423978 4.396813753 7.031641419 1.929038844 -0.231113191 7.878441125 10.141954861 5.672999359 2.028270758 4.706744391 3.064174785 7.798192761 8.395699049 6.033618293 4.941207072 6.468110560 2.759491260 3.573684778
11.892577109 -2.094870052 -15.693425554 -0.474671232 0.242768390 -0.379878564 0.755938494 1.212939448 8.335600913 6.251471837 6.865588142 4.319549480 -0.510507051 3.496225772 0.660925697 3.625693925 1.473292712 4.319524458 2.390951701 5.159880625 5.672234087 4.506170048 4.952627700 2.752965143 6.423551957 4.523458186 1.365216121
8.545638228 4.502155565 -12.038142435 -0.108354999 -0.245825706 -0.962916994 -0.024895374 6.364611714 6.812716419 3.963220353 4.129621489 1.223884597 0.261488502 7.054903664 6.268371595 0.000910570 5.056978650 3.720233909 0.916406779 4.248853570 8.887337828 0.179848209 2.025264910 0.764619378 1.903993059 7.390662149 6.009809428
13.484845374 -10.609689619 -13.338052849 0.506321320 0.731573734 0.154639094 0.429564132 6.846274693 2.241520032 4.452564783 4.625008187 1.307109007 3.780989559 6.890614000 5.732277678 1.758979216 3.599476762 2.405358960 5.493411735 2.281523811 3.953263502 3.231674831 6.172673422 2.658389300 1.707873253 -0.206257985 1.557681514
7.244760915 2.762753752 -10.785913016 0.312456462 0.370532053 0.519960126 0.703362229 7.302293990 4.040822420 2.848779847 8.771382108 7.075614333 -0.933664348 3.042817237 5.683341552 0.104002267 8.366579299 5.461187536 1.154242955 5.923814725 2.686451612 1.866974034 2.242817982 4.652301537 1.563932983 2.911263164 3.937109640
14.476246906 -3.294347216 -16.938992487 0.470453048 -0.400991713 0.356144074 -0.700743158 8.406145139 6.184915377 -1.049280995 -3.638504061 5.001137579 5.887871649 4.232185919 2.741137725 1.241900143 2.535806383 8.629288449 -0.777134469 5.708579691 1.219852968 3.326748543 3.915505545 8.355165317 5.011897794 0.644993205 3.527260808
10.547281099 -12.561676921 -11.741991540 0.421498116 -0.458758893 -0.475773675 0.620901785 7.121688021 0.185047209 2.201516141 4.299233061 4.552546503 3.161426203 3.458734686 2.797391551 4.988679595 4.587329881 5.337338302 2.867604099 2.600285888 6.885694179 2.895551056 5.780778450 4.004408125 4.429110934 -0.780031967 1.251835528
8.007924098 -11.078563046 -16.224469093 0.733290278 -0.513327368 -0.436392262 0.091335506 6.142653606 -2.950410774 6.266235286 4.954062105 6.091935543 3.745334293 2.389833074 1.994245499 2.287683388 3.791518954 5.437102552 6.261486800 8.383440919 5.469552975 9.837758735 5.189954789 3.244109279 -0.158769241 4.533622215 3.653272849
12.170286925 -5.865034842 -10.246800096 -0.296808218 0.164745691 -0.167058802 0.925664678 5.851877566 9.164943668 8.221895423 5.990592365 -0.896314046 -1.662106161 8.072610421 7.086301251 7.540130134 0.682135232 8.505017425 3.156014078 0.494376309 8.799065963 0.609650486 8.208238694 -0.195650396 5.673547734 6.438499086 6.019333148
11.165863960 -4.664403502 -12.614155443 -0.202619389 -0.336771188 0.199353743 -0.897657304 1.766572393 3.494861635 4.323365111 4.995101764 5.771638746 4.521830757 -0.758827294 6.082746524 5.699531699 4.792324077 9.467626259 3.783940310 4.738866703 -2.087981091 5.887365363 4.406133372 4.918910150 2.192564753 2.015557644 10.787815628
6.156249043 -10.855248482 -6.333038158 0.247157790 0.612624741 -0.060779787 -0.748271188 1.162713481 8.492640887 3.077111533 1.901387565 -1.963425573 6.565229300 4.579887058 3.365092921 5.355668474 0.439831450 1.274837244 8.385133206 2.716691666 4.349586341 3.236938875 4.291901723 2.309589680 6.656906139 4.830140679 3.982904857
8.446932955 -5.395539665 -9.449064217 -0.210719417 -0.686881672 -0.413674588 0.559163868 6.483324163 0.385855795 5.074173966 6.868948903 8.725064914 8.585998778 6.872953648 6.330144669 8.694749592 4.791420093 4.517886606 4.537547699 8.679916340 8.160700801 2.131201688 5.535778717 6.806897675 5.484957176 3.979444201 4.042300738
15.053321016 -8.495669702 -16.770128276 -0.462111801 -0.819525923 0.061899343 0.333164248 0.391732355 3.509365138 3.325890944 -2.797099676 0.192079261 -1.375793272 7.735622308 6.842735867 4.339958773 5.672594061 13.623071121 4.405435045 5.329636103 6.187444825 1.713712905 12.293922026 3.967343245 4.238020257 3.615237518 0.003748575
10.553892431 -7.453588273 -12.180784777 -0.667791106 0.139209072 0.335360249 -0.649776405 2.362234352 8.320926703 5.355924119 1.809864726 7.944942241 -1.990587193 10.108194421 3.645254706 7.467304171 5.691385818 4.280997222 3.470011996 4.743200367 3.717149410 8.405098217 5.670394028 1.533760866 5.603505268 4.505467710 6.428637154
8.945149560 -7.009926696 -19.722413787 0.772520804 0.593795318 0.056073884 0.217886316 8.100326376 -0.445997981 -0.278147373 1.919446444 2.466408637 3.072993577 5.650768881 1.301651661 3.347448456 3.479634864 4.350293386 8.111532648 4.766424997 1.473449801 5.665706738 4.203034170 7.809085322 3.539799487 2.626411904 6.067608320
14.079887399 -2.864606061 -15.378794999 0.254197648 0.525440384 0.809788218 -0.059489494 6.909643686 6.107428815 3.993822927 4.504882227 3.060125870 2.118698111 1.068307631 1.737571732 6.075964234 3.828215821 1.063591971 6.442115002 0.542250506 3.365429925 -1.235534114 -1.581552659 7.099402336 2.195646820 4.290849225 4.098375510
5.492475563 -1.847430495 -19.313821046 -0.188672432 -0.664955268 0.034370883 -0.721841982 0.242271955 2.187727710 4.221521639 4.848783690 2.312265272 2.586055573 1.411987883 5.051294166 8.095679710 1.662033506 0.994193425 0.300799563 7.394092476 7.673522978 4.162466632 3.918677162 6.878786582 1.950079070 4.494513745 7.658160876
11.740734787 -10.776458757 -14.914262898 -0.871171176 0.212676319 0.130419844 0.422871411 1.095672550 3.339396547 3.822801130 2.807636625 3.779582598 2.919670196 3.892033416 -8.268053290 0.425052667 3.100397726 6.038773118 5.084732247 4.931414445 -1.849704974 8.013831872 0.152047540 4.026291251 -0.656424549 7.770681530 7.001801066
4.239136724 -9.383976552 -15.332943341 0.059464740 -0.615443339 -0.646050778 0.447562100 4.623062965 4.569341671 6.021652415 6.189476616 -1.019147617 6.989807363 7.477919547 2.391033653 4.353777893 4.048074414 6.271179368 1.441938446 1.648799316 1.856330308 3.691084409 0.021398296 6.005427983 8.717401580 2.614037496 1.320851916
17.754128301 -3.471652399 -10.385488179 0.142139161 0.672190295 -0.392658912 0.611371937 1.922769815 -5.868073376 0.668335109 9.038517994 -1.662000113 1.005345721 5.551843681 2.615184224 3.672086580 4.601228318 3.209580466 3.207940076 6.153094571 3.156597050 9.994452492 0.794311089 8.102499600 2.288930852 7.278352035 1.467594323
13.201964960 -7.888850294 -4.214311676 -0.395803887 0.909811893 -0.052827381 0.113096728 3.380504156 1.317043162 2.695027407 5.006261549 9.125900549 8.470933660 1.789521800 1.294514384 -1.211969373 4.162998189 11.256807718 2.934273021 -0.569256985 4.338718769 5.469112352 -0.391420269 5.170486165 7.986621258 5.963311045 5.741232414
12.024684875 2.485007886 -13.946383841 -0.086694762 0.796975195 0.149596741 0.578736012 3.754911143 4.022144860 3.529236755 3.772471164 11.151990744 -2.335915243 0.185306417 -5.039362892 4.388492313 2.090274536 8.275502844 4.595389321 10.560739207 -0.471044075 0.356855404 1.485713697 2.203828681 3.833929685 7.469451284 8.290163146
16.780381474 -3.138176450 -17.160573775 -0.431941008 -0.081244261 -0.893708729 -0.090061327 7.176181545 5.204936097 3.181774879 4.638782041 3.711150423 2.741881778 4.839369303 7.007503881 -0.693102863 4.074835083 3.753776249 -0.204606444 -0.001185200 2.722149926 4.182564512 7.742837625 4.061491001 2.020423792 4.866317642 4.658911071
11.762959193 -7.870575972 -5.898413866 0.599115268 0.393953549 -0.501510461 -0.484095811 3.706008328 -0.162162936 0.323321982 -0.728556320 3.067460367 6.338708356 7.521907900 1.339608262 6.459532625 4.177032737 5.597753073 4.930929872 0.475290478 7.499338669 -0.320047909 5.777904776 7.920398651 10.314649097 0.354542142 4.041873723
6.548229220 -0.891196046 -7.825076876 0.173904815 0.074612686 0.887360395 0.420454031 6.676712002 4.570573560 -0.992476545 6.229939167 2.467622533 5.195200057 -0.171670596 9.137156811 3.204570572 5.698189295 4.486837444 4.759052273 2.494263415 2.520093241 3.384210375 2.495130849 2.093185652 2.122353713 2.044188965 -0.073349743
15.611960795 0.139468234 -6.436145261 0.102838188 -0.416498618 0.238572489 0.871226937 -4.686053711 10.813459552 -1.163270836 3.925731835 10.329304117 4.685243340 2.573608646 4.449830178 6.575465181 4.970616865 -0.752822001 6.184714691 11.004439206 4.695658585 3.129322642 5.720568315 10.738598003 6.407247470 0.851965089 -0.557017192
16.554202736 -4.158233668 -11.820352524 0.845421496 -0.142327526 -0.460089085 0.230918609 3.582811737 1.031040575 -0.052952427 5.358259121 4.877807584 5.165576138 7.625221947 3.222661002 0.357023436 6.844567628 3.876768281 5.314265514 2.040925783 2.558451772 8.014235535 6.885767192 4.030386117 4.171464075 3.635997146 1.191843010
11.535781921 -6.363844435 -13.039342345 -0.288695586 -0.547631009 -0.238124812 -0.748366027 2.432673503 5.993134540 7.310123608 4.409830849 4.740738216 1.291042740 4.793928896 3.749781512 10.306213901 7.732172847 3.050788836 3.974452686 7.631312769 4.569324116 4.404961207 4.870611701 7.614024554 1.175602168 5.496401076 3.105777481
3.694313476 -8.740625247 -7.570711788 0.048592466 0.230023248 0.780656905 0.579053430 2.312339512 8.635630517 7.603538482 9.043764918 5.397631010 5.282019125 8.064973085 6.193715301 4.170378718 6.450686389 9.916284836 3.044758473 -0.217621510 5.584697954 4.180314948 4.596555587 4.419328233 7.477492765 4.077637844 4.282959583
16.409448758 -0.166326038 -11.566125970 -0.171830561 -0.303857564 -0.707283232 -0.614731867 3.702144165 3.541055960 -0.825229236 3.690968372 2.694748087 4.717945470 5.126069073 -3.580487063 6.079796009 2.253331533 2.321343027 2.677122650 9.677699851 2.552386581 6.002527695 5.214620370 6.124042496 7.397335392 3.042814451 2.104052777
5.330798423 -3.220156853 -12.570091464 0.824538861 0.542174048 0.046270917 -0.155054735 1.923562146 5.531306053 5.015241090 7.209069573 7.628870545 6.933989058 5.229929215 8.037107923 7.921426946 5.029717188 1.751013966 -0.647905990 3.036474139 6.838252592 8.517623220 7.619259151 7.300693590 11.330790221 3.872230312 4.629712774
12.072259050 -11.625430611 -9.273318481 0.953146902 0.067959473 -0.273984083 -0.108743807 2.306235190 7.403667849 -1.371238647 3.345702132 1.333148590 9.687066064 9.587664245 8.478297450 7.101264648 8.089177945 6.131198753 -0.739305349 3.139213667 2.571885390 3.001497476 4.624505445 6.821961073 1.553961149 7.276438186 4.036922386
8.014239974 -9.928411141 -8.536556776 0.681065289 -0.587458448 0.138304379 -0.414625786 4.187762936 6.549176701 2.759799169 0.092072085 2.544891693 7.117809567 4.404709707 -0.815113695 5.124159291 3.521451226 1.858102588 3.322304620 7.370787784 1.738821815 5.140270623 3.470923253 1.346059399 0.338488014 6.741015163 3.410957186
16.800429139 -2.386323515 -8.883438492 -0.702370693 0.158960444 0.476582080 -0.504258374 2.786905596 3.323118771 3.286652579 3.468971766 2.588795458 4.758153808 5.684774116 3.301847395 1.590399527 5.152939969 3.069599135 2.203673657 3.753522236 -4.334131760 8.699224161 7.390086040 -1.110648140 0.535890828 7.231755279 3.465247679
3.439392316 -9.609081146 -15.484883521 0.293892395 0.455340498 -0.617700811 0.569857876 1.129832377 -1.542985384 0.872797059 2.459198836 -1.644939919 0.743349588 8.764402665 7.959135594 3.101567160 3.251162271 2.390407837 -1.520581363 9.790192344 3.709583333 7.264394614 5.392966224 0.000702100 4.236115165 2.843439780 0.612189166
14.417131362 -6.039481637 -14.363060047 -0.019112674 -0.948067639 -0.111457196 -0.297287322 3.387197276 1.306007385 4.935693494 4.560679117 7.450782315 3.778034741 2.039644498 3.318442445 4.185373046 3.186929680 11.467014037 2.883308144 -0.158167848 2.222719814 3.719746790 3.747991555 7.322221312 4.296292516 0.940858768 7.112738467
2.652396450 -1.898998231 -13.112619459 -0.516816619 0.623645774 0.312780642 0.496119744 3.864490988 6.367465007 4.373966224 -0.175986432 3.373299730 3.261798439 3.237211866 7.821274355 4.024417678 8.118552673 -0.151621939 0.259804765 6.390709634 5.813086166 5.586145207 6.289992938 2.976492859 1.658990921 4.169207482 -0.369794939
13.469587237 -10.901979522 -11.880113473 -0.058094989 -0.387550088 0.541501317 0.743778344 4.192830140 1.698328134 4.140522304 4.026218721 3.594083798 2.073452973 1.610069896 4.738198136 3.361078220 1.763791729 5.730745773 3.008272308 5.043062294 8.396446518 1.884788156 4.663309056 -0.189449512 7.196163924 4.054312613 7.174159701
7.809862940 -9.549248188 -7.075153022 0.595981533 -0.336999712 -0.618688170 0.385307870 3.730343774 2.799889808 6.756140711 2.132729708 2.418052923 -5.846396477 5.658079348 5.833608550 1.215839666 0.816023590 2.791780526 3.316636878 8.265928006 2.552175146 1.777143681 1.089846597 -1.155484345 -2.268870622 9.388537866 0.402124687
13.463274560 0.017635449 -13.344993304 -0.615280539 -0.266166672 0.321009880 -0.668982674 0.815198275 10.077678038 5.511064889 -1.238256200 -1.268957751 9.285805824 7.255167072 -3.006073123 5.903653477 4.035290628 1.790504587 -0.658402722 5.155887103 5.345406219 0.495094177 6.990378880 3.100478065 4.445892792 4.956804182 2.648859661
6.100213763 -7.516268853 -19.208783942 0.276691941 0.684184950 -0.310529573 -0.599085893 7.047384979 5.628094075 0.849798514 3.458557465 2.700054530 6.074186665 0.202157116 -2.557782214 3.491691128 0.719753985 3.797719134 5.614473898 5.970619959 1.199773096 1.303753733 -4.711103986 0.330816030 7.258327717 7.304703405 3.796782679
12.210580224 -5.685164723 -15.322168275 -0.636331759 -0.254633647 -0.442836734 -0.578047771 0.182861691 1.254368377 1.857741362 9.896806129 3.553473494 5.017426954 3.853461209 7.805878024 6.138588406 0.946380869 0.917505177 7.011975162 1.951413073 6.870175734 8.335178065 2.087663464 1.190617418 8.749473357 2.256544078 2.776752786
6.843038101 -7.174657977 -11.601132315 0.590975910 0.606469354 0.068965583 -0.527433546 2.091575308 1.654322569 7.870495134 4.492615512 -3.282748745 4.019124817 -4.167405629 4.576318678 4.442015427 0.820128736 6.913852547 1.765485680 4.976297092 4.065898786 1.051392595 1.896586024 9.727220532 6.280258091 3.916807655 6.485172299
9.212021706 -4.575887215 -12.134762962 -0.441521593 0.811085700 0.377497935 0.068512622 6.156302758 1.262078176 3.681604185 4.459278355 2.390927336 0.960687737 2.395585936 -1.914637539 5.952348071 1.644474629 5.456504969 4.700517220 -2.020681485 4.143607959 -0.697674352 3.468599232 5.683921070 4.055873658 -2.882601553 4.078790686
7.073068916 -11.814850045 -10.102320462 0.253023463 0.058932354 0.812230159 0.522291369 7.359379887 11.595019108 3.271897889 4.142456698 6.419887468 5.970300656 6.167212640 5.249380188 -0.193670604 3.939122633 7.800391775 2.103179408 0.229661830 11.038128927 2.818540490 -0.155382402 8.993821026 4.032415220 2.409490991 9.515115133
9.697635255 -12.152991977 -16.702904611 0.754288927 0.037963285 0.631788488 0.174500170 7.517102324 2.352417191 3.565736266 -3.151072512 -0.847668100 5.873919970 -1.317521556 6.018955107 9.749646519 2.555738401 7.830412532 8.849736123 0.559118032 4.300529600 -1.666690453 7.884718912 2.741754461 -0.261186927 3.007171757 9.326561236
5.512731319 0.028247373 -10.860938461 -0.811969902 -0.168773130 -0.310534601 0.464530699 3.764090933 -0.466245656 8.565666138 1.229182770 10.411924111 2.574278582 5.498534721 1.290388522 7.763334967 3.075567876 7.371455012 7.194000744 11.134480614 1.898140450 8.728655004 6.491340058 5.548052086 7.819317793 1.035884174 4.819600777
9.658143343 -8.374790181 -19.504710449 0.258626226 -0.205836202 -0.291419045 0.897674146 7.214408574 9.782985086 2.062614275 0.207455441 2.173452162 1.518021756 2.461002995 -0.441526542 3.330642342 6.364081657 6.189404889 6.391876552 6.989206402 4.192525277 2.978969924 -1.438258370 6.427517917 2.602133438 7.866132172 11.432267855
4.448381785 -8.689915170 -7.207149708 0.562350254 -0.145480636 0.469384425 0.665038223 5.914289906 2.945437449 0.334906733 1.542465261 5.255308347 6.643048506 5.685466795 4.870315908 1.680295122 7.188050069 3.800344547 -1.199817829 0.477190076 5.337615301 1.115564071 8.662867949 2.699498691 6.066625561 3.982219670 -1.924516667
11.740457941 -4.398791511 -4.406978937 -0.205311215 0.626654643 0.290968697 -0.693172764 0.047112943 4.900686171 9.445618030 6.673104686 5.317151575 0.560022433 8.892432302 1.151159164 10.276006005 3.572060430 5.384164272 4.575195352 4.705169406 2.733374677 2.194828259 7.411302437 1.668002510 4.618098570 4.735061722 7.306883609
10.389755891 -9.285601250 -6.773545896 -0.572204959 0.536473099 0.619239143 -0.036345328 1.264028037 8.986941567 3.061021980 0.197140026 8.642638879 1.917976476 4.853061066 4.917408408 1.440404611 4.486827473 5.126533181 4.857045607 3.103661805 4.103881337 3.340816723 9.648813597 2.173179406 3.589821430 1.188206065 3.758903892
9.638961297 -5.255918865 -7.858040803 -0.518941778 -0.233556572 -0.770396239 -0.287472423 9.922737275 4.523107226 2.368560133 4.485051784 8.813785284 2.944411674 -4.605713038 2.737724870 4.852725648 0.129155887 0.391312345 5.494189205 6.395382589 6.706954918 5.660856130 11.301186374 3.234841490 3.033969579 -1.702874841 1.343820728
5.440812759 -7.408168351 -4.662491818 -0.255835121 0.166407008 -0.647804847 0.698001417 4.932109086 4.744548953 -1.189114477 0.878498823 3.530439691 5.351108306 8.953981154 1.329452534 5.635218895 8.462023297 2.221521493 1.710838866 11.766982281 2.064513816 8.059232876 1.623643141 0.030299593 3.165461994 0.699874954 -0.367861080
10.385026015 1.999411162 -5.923854357 0.408821737 0.126203488 -0.103525589 0.897897500 0.954861835 1.753432204 4.023533894 4.054321036 3.662924143 3.359280631 2.777884399 0.788633286 -1.044836546 2.094478684 6.298884119 5.411620541 8.258772737 2.198070543 5.578766218 3.834113752 3.357964806 2.380113810 2.580953048 7.143034039
9.370669108 -4.237885878 -3.794987331 0.516190175 0.587416238 -0.608936504 -0.132989478 4.794173338 0.553615609 -3.218765136 5.763360924 2.413097172 2.268440861 7.358272037 2.414873418 8.207352843 5.874827589 6.403630875 0.436528242 -2.012453489 0.959036341 3.934933736 3.412507045 -1.016973942 2.418369154 2.286974783 7.252373837
12.527453557 -12.177197358 -13.954100117 -0.626979648 0.774371285 0.069569034 -0.049048784 7.685804564 4.797839461 -1.433966670 -0.339326536 7.268205593 1.294004553 7.436512239 5.587690904 6.052018759 -0.645288669 9.552360886 6.650175674 8.900255382 4.714409417 6.170929246 4.765347302 5.889526314 5.557168593 1.027856876 5.534635680
4.773526642 -4.753997940 -4.077782206 0.170796734 -0.793243600 0.572086205 -0.119626257 1.942270392 4.471227129 -2.387819850 1.535646896 -0.848955853 5.928299348 11.425338205 7.289882085 -0.239052852 0.274749438 3.662090951 -0.566385495 4.447008393 2.823575613 2.387369894 4.689220716 4.593814552 2.619390102 1.442397609 9.333784917
12.830548773 1.193189043 -15.323859640 0.341963692 -0.279076693 -0.601364767 -0.665986073 -0.463809089 -1.794284676 3.825467715 5.407744317 3.280720276 3.683795170 1.808592987 0.784912710 -1.561573102 8.511160241 0.173780450 5.221121746 3.598845314 1.473900932 2.007102553 0.691518376 6.675403905 4.718149278 1.432590797 10.276722545
9.882493749 -2.015448365 -3.973515310 0.522519185 0.216370139 0.597222507 0.568755608 2.941280109 4.584609419 0.318678432 4.741843511 6.736261525 6.272123161 4.624127473 7.569197624 4.953687045 7.529090471 6.070811902 4.435800275 3.849767107 4.172277911 6.877698770 2.271888291 4.690180691 10.156704637 5.621302246 1.590718294
5.906716544 -6.379700684 -15.196599642 -0.176464416 -0.709724764 0.365949060 0.575527893 4.188412631 5.517006029 1.431128077 6.285595685 -0.066835587 8.680629592 5.116171853 3.889315621 0.210603769 -0.898779536 3.871981966 -2.197315311 4.732524111 2.829496979 3.253549563 6.256934102 4.125016109 3.799531096 2.254540145 1.879591091
2.196406154 -3.612681657 -16.659338176 -0.716946088 -0.125308539 -0.220066087 -0.649505192 8.456874924 -1.642370273 8.502184318 2.808130597 8.487361860 4.148455177 6.373124395 4.661470624 2.041914023 8.147270115 7.461465601 0.712100493 5.944429201 -1.500346929 7.176389475 3.813856717 3.402021986 7.068821117 -3.140776537 7.306791983
18.704719877 -1.871769629 -12.119218199 0.298187847 -0.285917897 0.749508629 -0.517273409 6.657442459 6.057846650 5.321667815 1.918596197 2.569775709 1.661759484 3.987367756 9.093929096 2.753089703 4.768131216 4.099378830 2.865755421 3.432193255 10.175758596 3.620067654 9.550669837 -0.130745017 5.247343679 8.542260768 4.949548934
4.114121329 0.924564434 -13.190112146 0.858745314 -0.477311427 0.186312861 -0.004219573 0.626598071 1.871086261 3.104346238 0.808867636 2.360065506 0.544004151 4.028937657 -1.341883673 0.253593348 4.698769649 1.440889301 9.267901645 8.736255137 5.214620232 3.386582105 4.494330235 1.512953977 4.047162571 0.810617267 7.038070046
12.518424040 -7.433275400 -11.812119313 -0.022302360 0.852089365 0.475450564 0.217699516 -2.817792332 2.578985224 4.655468303 8.864538492 5.849762197 -0.229670624 6.102674310 1.163070991 5.970550784 0.985066916 3.089728936 7.770044129 1.137544820 0.521617467 6.139276439 3.566428585 12.455373150 4.895301103 4.771082685 2.124576249
10.290385711 -2.469977399 -11.324426374 -0.419046803 0.005804222 -0.763806378 -0.490882781 4.208080291 5.617907749 5.518770368 3.589621575 -0.361556020 6.117057972 7.635760092 2.619358346 6.270299703 3.557578755 2.012271573 8.188129649 3.118409720 3.878430098 3.370073393 3.780371302 6.662777608 8.541871264 2.112727873 5.949564110
14.060045939 0.158290443 -5.969489230 -0.783038396 -0.100615809 -0.612818225 0.034367903 3.355482198 4.885047893 3.422841465 2.171044222 4.419576652 4.653736994 3.031634003 5.966412720 6.540272180 8.034767198 3.860023592 2.711751897 14.430659347 2.872907681 1.214720807 1.325780113 2.779492721 4.439918986 4.950746346 7.758487483
15.178811050 0.736341876 -12.949906926 -0.644625227 0.290461498 -0.706184305 0.037338481 8.531612956 4.130678389 2.576455725 2.019934913 2.169250933 1.075568994 5.589355543 2.391469981 -1.499897313 9.452493187 4.506852495 8.481271257 4.470126584 8.739382325 2.468011711 2.495541218 0.904799515 8.349764697 9.425894519 10.953713878
12.237485213 -10.892533225 -12.650549846 0.880430949 0.044948640 0.309331350 0.356560065 3.179232143 7.124896472 2.202589379 4.085997316 8.437436108 8.189060332 -0.566433306 4.423188075 4.564963311 4.226916610 4.584370335 3.881034300 -0.605518335 -0.981542584 0.948532480 2.016300520 4.852388161 3.944188223 3.358348270 1.304373667
2.836683967 -1.917788789 -12.083964588 -0.567100327 0.690198760 -0.441615146 0.083659744 -1.436424338 1.107137833 0.350096956 2.193225793 4.856922997 5.865074257 4.911548409 5.222487860 7.462477232 2.273406279 5.331350711 1.864215170 -3.261455384 4.197567684 3.584869421 5.139239809 4.555778484 4.611480381 1.884629877 3.278081750
6.321584886 -1.588764584 -19.810421545 -0.606668866 -0.704749735 -0.365785570 0.038491753 9.162427478 6.017003311 6.188675039 -0.274185796 -1.070199401 3.978506131 3.452928722 8.209590326 9.542952877 2.397128763 4.447233898 5.443526994 10.950235153 7.159965460 3.884696471 4.313669465 2.942617525 3.732088342 2.899897949 0.895854567
7.359317997 0.096757470 -14.205881312 0.278879091 0.047333873 -0.104481435 0.953451408 9.533753956 3.776981908 5.195445932 3.323684283 3.289163443 6.582983255 6.393004408 9.229264170 2.345044127 2.607812151 5.353834560 2.779870772 4.240382798 1.977600052 8.704487224 5.520846073 11.418020838 6.217296724 3.201383826 4.794079624
14.898016911 -0.088495172 -8.839985307 -0.306803543 -0.587369352 0.725815490 -0.184555425 2.944009518 4.923704402 2.012408577 -5.023235693 5.678166355 2.030983986 4.089343907 -0.011578840 3.866333031 2.454857938 2.279663194 6.171713698 0.769985268 4.208881237 6.524996161 4.244273431 4.416006370 4.144196281 4.313365004 5.362564416
9.043689107 -12.762962405 -16.515039241 0.053111211 0.229389229 -0.971813614 0.011750798 3.804904944 2.320132602 6.678927145 7.385795356 8.443138764 7.096341415 2.569666633 5.670681393 5.764120079 -0.512503630 5.836176901 2.275180212 3.725262620 4.897760836 5.496731823 10.148189192 4.944487591 4.021998877 2.755864892 2.008031634
3.068364670 -5.526436266 -13.481729540 -0.820249517 0.091675237 -0.564259916 0.019928043 -2.193369569 7.830994008 -0.438838391 2.478836680 7.207296508 -1.846838195 4.050682918 6.522658635 5.951786961 3.336132130 7.656619862 -0.868734565 2.909824073 -3.040575150 5.996254238 5.170614206 -0.502711282 6.053035329 -0.185387651 0.878443878
12.694371484 1.956977670 -17.025216909 -0.967547843 -0.024702206 -0.247478179 0.044671283 10.390085808 3.599395667 6.071428483 -0.143650622 1.546311795 -0.160464533 1.500398378 2.969049767 5.723074518 4.900098226 2.693283855 6.421563543 3.943054091 -0.373401091 5.344012108 2.567393960 2.121126163 4.113206458 -2.204092123 2.287334858
11.590851398 -8.082118346 -4.257434271 -0.912602797 0.023382885 0.247092372 -0.324891881 5.537236517 0.317153242 9.253403575 3.691226044 -0.215655379 2.015301751 6.764845481 -0.208771428 -0.448446818 5.768647114 7.245618024 2.805240901 3.013444359 7.673238167 2.837562758 -1.816866741 8.337303483 4.717623187 5.689555743 1.001849925
2.227772940 -2.018762657 -8.026797332 0.443706639 0.136098105 0.222730137 -0.857317334 5.509243081 4.655555802 -1.726789138 4.286441205 4.440283891 7.610974500 10.834062229 2.033629907 7.927506916 5.396347786 2.472982477 1.230472717 3.951750412 8.505154888 6.858559202 7.381989954 0.742725942 8.536823451 4.051909789 6.866432986
3.393140177 -6.388807190 -8.804596866 -0.077683513 0.738414277 -0.602622633 -0.292498870 4.090266804 5.967258904 5.518872475 5.543319874 1.787499748 9.482547848 6.268143701 9.553415324 2.595286589 2.034338400 -2.052981653 6.551063154 1.042568794 6.577646630 6.747882815 6.034715151 0.628104497 8.166450201 3.018233851 4.488524883
7.763103794 -0.025733897 -5.819148393 0.385798688 -0.235192655 -0.826381016 0.336062799 2.165264933 -1.426938426 0.261681460 2.528011489 3.852226754 3.219800315 10.304737382 -0.186355957 1.313402263 2.334156938 3.799670084 6.594120031 0.186716299 5.243308102 2.768187124 5.906414853 4.343159404 2.917296895 7.007169775 5.043625694
7.480587997 -11.477774122 -5.976135630 0.673913699 -0.664804445 -0.257080114 -0.194384132 10.994158598 2.274876027 6.293525468 7.399240980 0.211611439 3.304618376 2.785903690 0.001425692 6.971448422 4.512358392 5.084741025 2.643663648 4.258237142 6.138043910 -0.113746518 0.472467795 7.001678704 9.358619507 2.698391541 4.324544054
12.181173151 -5.243964274 -18.698102900 0.568752229 -0.481654680 -0.593168049 -0.304436098 3.229216857 3.721368632 6.980285850 4.545350167 5.365244938 3.343977418 9.309237256 8.296770121 6.622958033 1.865161160 6.166414894 4.092141772 4.804682842 2.269472663 5.266755723 9.033615318 1.180914433 4.088187099 2.514909056 1.342139097
8.627866076 0.700905685 -11.379250692 -0.169532063 -0.527124425 0.515350933 0.654073494 3.507002594 8.808578717 -0.242779398 5.542131356 -2.283033698 4.609156233 -5.273300036 3.886899846 3.008451757 3.483868733 -3.709109186 3.524702201 3.536637584 -2.244882147 2.967035873 4.947318959 4.311301276 5.620061933 -1.371808682 8.448851072
8.774563709 -6.973562598 -19.681810952 -0.151236994 0.879512499 -0.286336771 -0.348706738 6.294147233 6.694245365 5.642996433 1.681407508 5.756645105 4.415236595 0.784631412 3.523610704 8.474464154 8.395996301 1.259556980 3.082853183 0.979922076 10.618047931 0.448079699 10.168980194 1.535410967 0.456295458 4.951166564 -1.126536647
13.031644845 -0.678289812 -11.381228133 -0.943129202 0.265357075 0.091129753 -0.178292733 2.968270379 6.942678866 3.668295613 8.744948090 10.371096010 -1.128888371 6.391990068 2.229997120 4.212871789 7.099850982 -1.586376614 5.887567873 1.204545550 2.879971162 4.403315296 4.542219889 6.512304164 0.914791022 1.812990038 -2.926546328
6.932826009 0.783251439 -19.676396313 -0.789911734 0.179122102 0.267832152 -0.521747700 5.148624635 4.069165142 0.468994413 2.896533665 7.269874027 1.835400842 7.431771492 6.470739560 1.767697341 7.088063316 -2.615452873 4.988939165 2.179571943 0.712126905 9.198576942 -0.076567380 0.869461131 0.083167033 -4.108185316 7.066527183
2.995821001 -1.430774413 -12.531151203 0.532783760 0.373900279 0.700670446 0.292234449 6.157197689 2.409271914 4.512888434 4.404606363 1.275838591 7.691173337 -0.659798574 8.433379809 1.246635667 4.331763914 2.055218072 2.124243856 6.347479021 4.660241999 3.932070430 2.966826717 1.103719980 3.265996507 -0.513042284 3.668209630
3.070859169 0.596160673 -17.534496976 -0.914787448 -0.355880323 -0.136061677 0.134165351 6.497456641 8.215210330 5.785225810 5.252531117 1.337886474 5.430890810 2.430108338 8.761951731 9.055356201 0.505312275 5.686469742 6.856878128 8.252108562 0.064941216 1.419109121 8.224982408 0.009313984 1.121770962 6.600150709 9.550742713
14.484804367 1.662105251 -6.518871812 0.530745556 -0.028535605 -0.528940214 0.661601938 5.351835400 6.815987331 4.831149112 3.167294300 7.555447455 6.862398814 0.964631631 9.577321583 3.862588054 4.111576795 4.803397570 1.234266816 8.574272169 1.584888025 2.988723740 7.923483187 0.132393598 2.496420040 0.728534058 0.954943337
2.808741950 -8.132332566 -9.866007738 0.599701327 -0.100034742 0.187493116 0.771490570 -0.528029552 2.182074352 4.763754919 2.959508178 7.058676523 5.698313964 2.373608630 2.319913768 9.649756145 7.058582047 6.582062514 6.786892243 2.176938166 1.179172106 2.607565259 1.633856916 3.301705478 11.295919690 4.779014285 5.161425340
13.849772422 -10.957687722 -12.848152767 0.654084289 -0.363812066 0.663053103 0.013232756 3.392858219 4.005430014 0.142446086 2.430143230 2.231868079 2.706671120 6.785180567 2.622430043 3.860799151 2.097289712 2.807239346 6.587146636 3.011211502 8.070176643 6.765807474 4.001003571 2.931796762 5.293670311 11.148045040 3.703922662
12.152468197 -6.925851499 -3.575010292 -0.914552748 0.328262781 0.206148080 0.115497999 5.527283251 1.603507028 2.491684216 8.822505228 1.926165446 3.847840010 5.705140710 1.230304021 1.340248983 -0.597800727 3.603580220 5.009910284 5.451147680 12.890641316 -1.021227157 2.679412468 5.695901931 0.247279177 3.824716033 1.579748865
9.884952359 0.093402652 -12.701700253 0.108039466 -0.510340227 -0.851604106 0.051485664 1.456649879 -2.098398802 5.188098995 8.196443885 3.189261123 1.325028253 8.200005807 7.284160536 4.527609463 7.516494590 0.206564181 -1.315683882 3.680676912 3.834425034 4.692137345 6.117080960 5.199889430 2.263301416 4.601618039 1.959506327
11.917802273 -11.614451612 -17.879879364 0.986360185 -0.097102823 0.084307993 -0.102746242 6.671962973 7.180357510 4.542303359 7.799485007 10.109100857 1.358155580 -3.691315472 4.504202511 3.692283810 3.789496445 3.514757855 7.966394342 0.637134725 -4.080284995 7.277211256 2.475996838 8.509706343 7.248031567 6.589233156 3.599692957
9.797888187 -1.534539228 -11.690464493 -0.023081178 0.627611451 -0.061017488 -0.775788626 6.224928772 4.673884427 -2.837324463 3.071487828 -0.154503686 6.693296229 4.980572944 11.440346437 3.432795020 5.463532936 0.946952900 7.939611431 1.923868697 4.857751647 4.612793469 5.130792260 0.981413786 0.984000018 1.332945189 1.513759141
8.523242379 -5.820796919 -18.268285965 -0.793507834 -0.374622268 -0.171588991 0.447840030 2.798561007 6.062767600 4.218437526 -1.369450108 1.253008469 5.320215354 4.194566437 2.266908673 0.990294018 4.158947857 -1.621061375 3.745714116 6.050370942 5.328697575 4.203346721 0.492734379 4.304790585 -4.550690731 2.665607334 6.438492553
6.657686957 1.847312917 -10.667929588 -0.151381089 -0.231144107 0.055674162 0.959456385 6.675951431 6.790386926 3.055445118 5.803360267 1.735413523 7.518243399 4.593714051 1.286215944 8.349800045 12.347957423 2.516930914 2.959742975 2.134908951 8.356586910 2.366855637 8.483797440 9.910381320 5.143009066 3.127729461 3.574917729
17.217962245 0.117481362 -13.168593790 0.086733135 0.453861344 -0.382889141 0.799926965 3.191166127 2.104932571 7.111418226 -1.280734332 7.338407403 5.870399940 6.998103110 7.178608965 3.299668216 3.019104036 4.403645225 3.080478219 9.346494302 3.466606822 5.236151759 2.987108300 -1.387425684 -0.153421547 -0.567405277 5.090066965
8.076180056 -6.170400444 -13.538048919 -0.428998061 0.218405010 -0.145763112 -0.864299156 1.087154643 3.151778915 4.054289332 1.881729135 2.526722140 1.475576859 13.222318130 1.539624854 6.325732448 1.812375030 8.531804080 7.680714078 2.198138616 2.641038541 6.382457234 1.991064839 6.304605641 7.852379920 -0.824117439 5.458911823
12.130088104 0.450700280 -18.807212995 0.002823727 -0.664970603 0.575953028 0.475483159 6.810389702 5.710323133 -1.471654415 6.276472359 5.307685361 4.962015418 5.200267279 6.303561198 3.472621378 3.671696717 1.332237208 -0.124061896 4.778771626 0.513809288 4.591410601 2.938825666 7.238300161 1.024970266 4.373752574 -1.530144420
5.464998786 -2.114875630 -12.804351268 -0.069450042 0.601362451 -0.065001355 0.793293589 3.882468566 0.001942810 4.643087845 -1.255433121 -0.376307432 7.280581090 2.614235985 2.734377713 4.508369724 3.320270888 3.443162998 4.477380988 -2.517852835 13.780919345 2.378184155 2.666633209 2.861414205 3.607415612 7.183157241 7.251700407
5.420675331 -5.952940862 -17.486660785 0.194206301 -0.101998077 -0.160002232 -0.962434201 1.518200627 4.497380106 -0.647994231 1.699022043 2.715257805 1.941122541 2.476224698 8.493361079 0.153085977 3.252822059 5.197090219 9.986961273 3.754785960 4.430224748 -2.333112503 0.183678589 9.115064112 -0.058737327 0.002589087 7.618362262
12.269370377 2.755493549 -8.505882233 0.311110781 0.942921083 -0.040653722 0.111611773 3.714856173 2.203930516 4.286684912 5.318493380 2.790783328 5.016282893 6.957676132 8.595690513 3.784577251 3.035033108 2.755523273 5.026122170 -2.764794222 3.835482251 9.652376764 2.191323790 1.946786317 6.363427126 5.730607308 0.667637515
7.489723317 -10.543569570 -17.438747962 -0.469923193 -0.432193077 -0.749214252 -0.176236606 3.215747318 6.308674777 5.449450583 5.141424284 8.157904126 -0.887394390 5.502643280 -0.137964047 4.895843271 1.504767883 1.903767256 -2.444282301 2.469942287 -1.230738910 12.455273956 2.680494285 7.849517183 8.459211894 1.456546629 6.747844213
8.269238859 -10.586240795 -15.672905581 -0.206116502 0.394780134 -0.455904898 -0.770594159 4.687012958 1.629407841 2.523394922 1.440118503 -2.515257218 9.205273342 5.086386617 3.479723308 6.629119791 2.465269028 3.540848574 3.337282997 1.396795997 3.051688883 -0.151163143 7.741496748 -0.619672609 4.022592266 2.634126537 5.777284436
