8.854598099 -2.279479567 10.345292849 -0.877490341 -0.342902231 0.115921672 0.314628237 2.766682536 4.699194802 -2.578814067 2.466929114 2.660941335 0.465518474 3.283971880 1.828824372 -0.276921897 7.990472555 0.116718682 2.448404335 1.567662732 4.125272168 1.243283437 4.084290251 6.007706568 1.916718490 7.003480047 1.829273933
16.780313851 -7.235581009 4.348190443 -0.473630718 -0.133752115 -0.033054288 0.869880295 7.095513409 6.250254756 4.880777534 9.249535655 10.805492793 1.287457227 8.808708892 2.226417214 5.463599287 3.193106789 8.693625741 3.472763891 6.516147097 2.374669894 2.561520217 4.619059831 6.855057533 4.940469114 3.363427066 1.485699120
11.563480149 -7.757896893 6.175117981 0.198812712 0.703597421 -0.681408316 0.033269824 5.082971158 3.028853681 2.357227354 7.120187594 5.223557210 -2.035585887 4.655990931 1.232924533 5.523285979 5.372130327 4.798729198 3.302147982 6.910483098 3.277734339 1.732083426 12.098548081 7.898660808 5.893298385 3.527028479 2.473229603
17.868032735 -1.852417044 7.959327377 -0.297507998 -0.326776753 -0.250874774 0.861259422 3.537921763 0.131748374 4.477264381 8.297880175 7.169680520 5.377004084 0.529838059 1.617067244 8.106382651 7.998939944 11.596621809 0.674920843 5.692061999 5.104889430 7.086447705 -3.782631497 -0.541699156 3.373945429 11.770342566 0.696438038
15.172904664 0.216659700 -3.105895205 0.204328740 -0.893939397 0.314086818 0.245909723 3.465613131 4.598609468 5.238980038 0.986551987 1.654128061 -0.391198738 2.349470628 0.831629002 3.457749588 1.850579983 3.857915216 0.205306115 5.241422001 -0.229549501 6.516663400 3.336245255 3.945297923 3.515075507 2.373454936 3.401648534
16.037930888 -7.268907603 4.302006362 -0.476217971 0.598752605 -0.183334256 -0.617333227 2.364524787 2.384116158 1.811062705 3.804222741 -2.739507117 0.126769737 0.204696151 3.032528879 1.724908963 7.301787191 4.909933426 1.607578485 -1.292883368 2.968484265 2.602285183 6.992851203 4.386322286 2.914149759 1.957334375 3.011506173
18.805957642 -2.855528678 12.550834821 -0.325099835 -0.361996383 -0.097894612 0.868150541 2.254131821 3.044636742 5.939306779 0.456902957 4.611233446 3.649682578 0.022545440 1.657022493 8.235291325 -1.519706734 7.655280750 7.517260898 5.154642535 2.419803488 7.960984549 8.275626964 0.203591270 6.607313762 -0.298983490 9.652775850
20.366693245 -6.106550548 0.637710101 0.340413021 -0.658397181 -0.030354350 -0.670604757 -2.177780078 0.798377072 5.127511645 -0.229184951 5.805246491 7.816718328 2.274074439 1.246091548 5.328926352 3.317838699 6.392580959 1.540724588 -0.354743037 5.253336768 5.854821854 7.290537120 4.376415180 2.493819581 0.754891033 4.571678137
17.244049462 -2.181063948 10.653854374 -0.238742179 0.373641442 0.806054583 -0.392007978 4.873559876 2.911912144 2.217589620 7.083540275 3.226847464 1.825102003 6.210215985 2.838298799 6.157296019 0.216331897 2.180934986 6.906435787 6.964107621 4.380335367 6.483608748 2.885438341 4.745909212 2.516737299 0.237874188 0.170104627
20.900034061 -7.194493039 6.388393903 0.119817702 0.125670651 -0.973685970 -0.147601617 1.539336965 4.499117768 -0.046680166 5.167658427 -2.218077453 -2.385571747 -0.669165465 -1.180194977 3.539044647 0.580060928 4.780877549 1.031718992 3.460764089 4.401200933 -3.275260375 4.373709825 4.796742316 4.353538732 0.624918709 8.041761145
20.954686581 2.657798375 7.923331581 -0.222962556 -0.308780110 0.441589110 0.812367897 3.589942056 4.994810802 3.585971401 3.403835839 4.778675119 5.384300032 6.197222315 4.695496166 7.170601477 4.062121700 6.168769559 6.081843930 10.238452468 -0.424443532 6.431891060 -0.817587204 3.417665301 6.404162063 1.647468609 5.030208098
10.786744753 3.356894866 2.665882799 0.113848041 -0.100019581 -0.903788765 0.400250639 4.589573435 2.105847252 1.922902670 6.374818698 4.383876900 5.321785218 3.981601917 1.514442891 5.700892417 2.744099794 12.147401240 2.004708541 -0.296457764 1.335517663 6.157030788 1.464704829 3.381675724 -2.234179322 0.272786524 0.763426605
20.132424645 3.609834724 9.046003178 -0.718586638 0.135828349 -0.504929211 0.458508882 2.632240446 6.154512347 6.591740577 1.561567600 7.768877189 9.204604831 6.154804825 8.269516565 8.193277316 4.276979657 3.231886633 5.694657631 7.723035286 1.313814863 4.276852404 -0.615210910 2.772309787 4.533446322 0.571326039 4.878541320
13.709137948 8.139547801 7.373183373 -0.090089792 -0.768756751 0.620024630 -0.128321262 3.791865089 1.491660195 6.649351835 9.965004061 4.075813292 1.734101058 5.296271384 -1.134204169 4.283366319 1.120038489 9.356124988 5.046627763 7.763179306 7.431909520 6.256363839 2.662986100 0.363175215 -0.254179432 4.161278156 2.804647590
10.226037658 2.072451083 1.528365024 -0.412823988 -0.645838709 0.622273301 -0.158885671 2.907795913 4.702195589 1.309744489 7.490128216 1.510285095 1.414697605 -0.101851987 0.008521169 0.677899598 4.510989385 7.601563648 2.459586745 -1.877910107 1.676286596 0.175091720 3.605884575 5.931255301 2.791296283 7.669418530 6.089827743
10.435060848 5.641023773 1.383713886 -0.307957172 0.769153984 -0.556264114 -0.064302142 -1.432915411 3.539320912 6.207806210 2.129076105 3.294175387 -2.555363826 4.308320641 8.524445243 5.852953032 2.549491566 5.211665591 6.423459052 4.564987922 5.473956357 5.319507381 7.219873238 0.564507228 4.867936379 -0.740571036 0.789929098
20.023454722 1.804046247 5.128540519 0.200952918 -0.078955652 -0.971723837 -0.095586165 1.153006560 -1.370094062 6.320451123 5.470838160 7.603590153 2.927242559 6.359351251 8.909265724 6.020226971 1.386677754 8.132507582 10.870048707 8.239003436 3.062233345 5.958806686 6.396584734 3.247070389 5.421111636 4.879126011 4.218581160
8.969321667 2.406007242 2.136396976 -0.979067628 0.080505819 0.043303428 -0.181852154 3.853581791 4.037195716 6.360007300 9.240513963 1.334287200 5.698972620 2.454201961 2.411217840 5.638156371 5.460186736 8.334654973 3.486892996 5.600050431 7.495806375 5.556868165 1.595991609 9.693246565 2.853450938 -2.574726440 7.650310607
13.917396950 8.146520187 3.059917475 0.002714680 -0.970372441 -0.240039907 0.027400704 2.665518168 9.410148364 1.428448954 7.128882961 -0.615383033 2.170990698 -1.317046323 -0.351242517 6.178727887 -0.229568727 9.745419073 5.169183386 5.006533451 2.200238396 5.258189304 5.026404954 0.499206919 5.649028190 5.734448499 2.255822393
14.599254338 3.859061676 1.217622463 0.768161112 -0.182542504 -0.393768495 0.470694287 1.116532163 4.716468648 2.372560812 5.993891648 7.592700390 13.102128737 7.346773685 2.966778638 5.105077535 7.878185595 4.918546931 1.208981825 7.161543995 0.477614828 2.380382281 3.443083652 7.764115887 3.921047673 6.386407127 3.423402785
12.031829131 1.082663395 2.201748372 0.924374778 -0.021830233 -0.166678305 0.342451535 4.764977864 7.587572098 1.032755621 2.185347543 -0.527847333 3.995940795 4.731976382 4.968776389 2.564453997 3.984470840 3.546658890 6.698247204 1.157485073 0.963424184 8.006552956 4.145200624 3.425497667 0.723272525 4.566915485 3.631188492
14.924587791 2.668804567 3.871838872 0.314857760 0.193425879 0.869810884 -0.326925139 3.216178871 4.058807621 -1.218374544 5.169074040 7.397714462 4.736172731 0.008872549 4.842478646 7.865580463 0.982370764 0.739253580 3.902445827 6.092838874 1.602117271 1.780651374 3.960854930 7.319893607 1.235507830 6.936216992 4.831194546
19.232416429 -3.584355810 3.324550467 -0.060813829 -0.610900259 -0.437172298 0.657254085 2.480157770 2.863823220 5.577119710 7.970256714 5.573676859 6.657713505 10.568576899 0.381791663 7.387406853 0.930087325 5.495085570 7.987046849 1.597293661 4.312867695 0.556890436 8.759624212 2.981844178 4.786983184 3.333295809 1.983443713
16.306157092 -2.059796574 -3.413871014 -0.866674371 0.349324628 -0.302483475 -0.188020172 7.511116606 4.358353407 5.395929964 7.596113283 2.906420576 -1.203850452 5.874382982 0.316772255 4.688822057 8.810608393 -1.372400151 2.405641260 3.122394464 5.141752341 1.228378624 1.245972433 12.592250960 5.835165726 7.862922832 4.988013907
14.661798769 3.611509674 2.032947545 -0.324439785 0.374556104 -0.529210353 0.688754639 6.229636599 5.733070130 5.506233325 -0.295010510 5.491764437 3.491505967 5.693175035 2.966359958 3.924943662 1.406779538 0.128800639 7.702064953 3.542617990 4.305542069 9.755513713 1.362184387 0.231426721 5.799634947 4.578466160 -1.369210602
17.119103569 -8.825340226 7.233029923 -0.507015062 -0.560289101 0.654975729 -0.004317821 7.752404709 8.644131628 3.869819763 4.471608413 1.960105705 -0.393148772 3.612435589 7.172519654 3.988073624 5.029240964 4.342741329 0.607735670 1.576705686 2.357565685 5.559048922 4.705432452 2.901074920 3.360813162 9.156721628 -0.544966131
20.574255550 1.714257861 -2.659174026 -0.596040494 -0.201796457 0.676231971 0.383046004 2.212273287 9.891956433 0.360771728 3.586510982 2.721914492 -0.924967814 -0.019856379 1.021797630 1.999312206 4.830320451 3.312520632 2.688088728 -1.445263230 -0.120361292 10.568190322 1.724063517 -0.253819688 3.213396180 11.552254218 7.309352810
13.974489376 2.735576839 9.289113289 -0.798655430 0.123801464 -0.349893965 -0.473705515 4.587963933 4.486103768 6.519002979 4.279383037 3.480363855 4.047879200 5.100270832 5.410615228 3.514603525 3.388360208 -2.221875500 5.178810544 4.002746270 7.873270781 2.205900626 1.257337859 3.030814587 8.261426106 4.721858221 5.577315743
19.108618033 4.123473233 6.984596009 -0.319353735 -0.513097911 0.302769731 -0.736935693 0.246416804 11.669212971 1.571291050 1.892924843 -0.800567323 0.824802260 7.666866791 1.868034897 -2.154211815 -0.553607426 1.022084639 11.693468714 1.767272815 7.865092130 4.311683171 -1.028282637 5.768581934 6.934183364 2.522167119 2.958593924
14.552278460 -3.357675977 10.877124849 -0.547565740 -0.469834687 -0.594517609 -0.354930893 6.777150031 3.936172699 2.141132666 0.934479240 -1.760673920 2.299339908 6.751602423 2.893908531 -2.159925212 3.547087288 0.306075635 6.779460803 9.228315366 1.226510632 1.966755586 4.001117627 5.648904157 7.294996437 1.745121835 7.252520392
16.237517321 -4.964782270 8.650032073 0.680586952 0.092436028 -0.705614428 -0.174256306 0.629813201 2.068013895 2.816537105 6.560792131 10.206478817 -2.980630886 5.309100351 6.113886974 2.372899938 -0.357471815 7.194564623 5.200561278 7.866473249 4.879451470 9.779574393 7.498988827 3.246727280 8.813149577 7.154207878 8.333338790
14.898754578 -4.013394960 -2.591714717 -0.571370138 0.642338584 -0.503105663 -0.088442076 5.124267271 0.409733148 3.075759424 1.509740289 3.652712101 6.823073142 3.139910238 6.099955429 5.828320788 5.684749226 4.486131013 3.988945665 1.382480269 4.250872340 6.383832231 8.923401220 5.984496002 2.636730360 3.892755637 3.366908873
16.180983980 -5.023725100 -3.627614718 0.387553681 0.095402882 0.912728518 0.087333196 -0.181051752 1.726105519 7.272461837 3.440624973 5.394268012 0.684397311 6.868877337 0.549384615 1.922088294 4.386113061 4.443892027 0.530327217 1.641563973 6.784861906 -0.903619615 4.786693576 8.456113277 -2.604231926 1.509439961 0.646274170
15.219372417 -9.855771612 5.574942855 0.131655389 -0.524344772 0.627521257 0.560309281 4.515360476 -1.801345986 5.482770387 2.020258167 2.423645945 4.039864949 8.879033134 6.573120209 0.762981668 -0.096605460 2.798412152 5.094649765 4.889207029 3.068760634 0.760756296 2.745343046 7.275418233 -0.248437125 1.866419335 5.283039559
14.855507916 -5.245893974 8.731223377 0.554569780 -0.791947435 -0.165131566 0.194944057 7.812400742 4.917460230 2.882418477 2.437103456 2.436885156 7.188009825 9.450505317 6.416180364 4.883955885 4.568713655 3.751083588 -0.700347756 5.250563646 4.115611150 -6.001036273 3.440432518 6.525604315 3.336008217 5.133688530 2.042687055
11.424715080 5.061587873 -1.378883601 0.819433740 -0.480625224 0.097590630 0.296654358 8.551781201 4.874644006 2.215939210 4.394764472 4.649020899 7.573755684 2.683495800 2.499001221 7.332756661 1.048734555 1.147300816 3.263310604 8.595840267 -2.444267994 1.760691413 3.889394525 5.289298749 1.841233772 2.570503209 2.220708808
20.274026419 -4.815083270 8.889732401 -0.098823307 0.673655853 -0.080395906 0.727982310 0.665023572 5.192119057 4.373624615 8.577503690 5.065026695 6.166384830 3.154880920 4.551704030 7.169072889 6.207393744 3.295050910 5.444980853 1.077461571 3.847879335 4.138769272 7.446540449 3.902016569 7.505733395 5.292103227 4.195870807
16.918669222 6.312004222 6.184082258 -0.089129906 -0.915112516 0.269512847 -0.286335064 3.057548115 -2.530998921 -1.889803844 2.942506899 2.804255614 3.959505860 4.843940452 6.919301115 4.682484272 0.106172578 0.521116679 8.106179645 7.287406247 2.132388005 1.030782060 7.359412369 7.817240641 3.344544444 8.250455534 4.808198776
18.757183003 6.255227300 -1.054557027 0.630590383 -0.043499412 -0.760629435 -0.148008219 8.186705454 9.110741083 2.998887011 -0.939402795 4.669401172 1.242249994 -3.014563920 8.628904333 4.075614699 10.111259175 8.133051036 3.224369345 -1.888130626 0.159192604 6.371264229 3.513735621 1.546371815 11.220747140 4.371690248 4.290885187
19.910948566 0.463563482 4.092635421 -0.380576110 0.581617129 -0.563246580 -0.446807150 6.510504135 3.230934207 3.536642861 -0.156148184 2.598478237 -0.856788381 4.024220706 4.594609617 6.988129349 3.933969398 3.675330013 5.348531258 3.183682739 5.183175281 2.803502469 5.188170680 6.145042861 2.774033904 4.284487042 3.956558407
17.000181370 -7.495716620 0.143742907 -0.441426712 0.108776001 0.782633819 -0.425199419 3.038172081 9.574949512 5.309463155 5.654362266 2.272475837 0.172947053 2.500399979 7.693550515 -0.328712735 4.178640296 3.823912344 3.512241297 5.447347459 7.104483446 1.810386349 1.005203326 5.002860183 0.455697039 4.952247957 4.553884014
17.055156137 -5.378769277 5.481276167 0.273857820 -0.303117053 0.678480144 -0.610562561 5.549302693 5.549804486 4.554315215 -1.664994998 6.577858645 -1.052936505 6.346232000 5.839845474 7.765948527 2.141486383 8.358350189 2.975232671 5.833492911 1.441108173 -0.542316672 2.655335581 7.979731147 6.998672601 8.624981150 6.941551069
22.331203512 -3.135357621 7.383273860 0.839670578 0.017639552 -0.472831120 -0.266595008 3.224041807 2.739775201 0.244476213 4.530692038 1.050957915 -3.922746883 3.736663134 1.652784481 7.762894501 2.499992317 -1.723469314 3.253909110 2.645042219 -0.019683597 5.198204772 8.633147465 11.209572205 4.073340670 1.157710891 3.417037795
22.815826860 -1.789605955 2.842911993 0.898352660 -0.094480698 0.239942470 0.355617080 3.718280894 3.065213426 6.313495105 3.118251363 4.107355928 5.828849901 0.827335382 0.341428473 -3.488481628 -0.471061353 4.734735461 1.342649058 3.151756933 3.659572636 2.175435939 6.045829388 4.119841008 -0.454447913 2.023623253 6.594810865
16.858818351 8.545986174 5.930826490 0.782895037 0.167334788 0.271670665 0.534106243 1.899250354 1.528062200 3.559245008 8.921782213 3.486526586 6.917195088 7.179105052 2.677528182 1.427619253 2.416592456 6.472735391 6.137912152 1.791841059 -0.375101161 -0.576684531 2.422272625 6.049623690 3.249351914 9.903887136 4.741982366
10.479046941 3.689442319 9.564248989 -0.242528839 0.497516406 -0.143887279 0.820337516 2.220875919 2.832939030 2.251996662 7.693002458 5.943924956 5.355836991 9.737097088 5.839328076 5.310442295 2.232287654 7.605586087 5.468395174 -1.178816330 1.512219186 6.948572714 14.812348751 -0.072166172 3.134611176 8.421932689 0.630344405
18.209161403 0.091583545 7.623384778 0.587273588 -0.707312704 0.325589517 0.220929712 1.198374576 3.932840289 4.803064178 -2.954593812 -0.184245184 7.228287302 6.045992371 -2.878617455 -0.686807476 0.484229633 4.248953811 -2.073392634 5.879255523 2.970444309 7.649370009 2.853717626 4.826154468 5.475815089 5.719379364 4.686177971
9.200399081 -7.554873918 3.005188434 0.683305759 -0.307172949 0.651913679 -0.117245786 4.629434577 1.631003229 8.702934445 2.376116717 1.560103956 -1.199851753 3.454463437 3.778095848 9.340892165 3.897469745 4.772609475 2.907871086 6.057165114 -0.850084813 3.346631097 1.684078650 -0.538678474 4.130495478 1.609492530 9.991654251
19.417449194 -3.308723069 2.465918221 0.069170868 -0.305497765 -0.168335861 0.934638724 4.075092929 4.432265106 5.338725689 -0.984577169 4.100645096 3.431675968 5.684266892 2.454219680 2.712969531 7.488007279 2.401595658 2.709448384 0.609690114 4.309363884 -0.750979235 0.912826451 5.796116638 3.926624745 0.943192075 3.771248381
11.287544370 2.373493239 -0.528633000 0.201263677 -0.370984803 0.451539876 -0.786113827 8.809152982 0.696058809 2.416522302 3.930539186 7.098213151 2.888305785 3.028804633 4.070122578 5.951349262 5.416265042 2.879615661 1.845286320 6.698370822 9.132874394 0.971863827 4.906462775 -1.075783775 8.651537142 -1.094294229 6.694030529
10.406239542 2.302039178 0.070329911 -0.335741978 0.215898005 0.840052929 0.367391414 4.672775431 3.865705024 5.107203634 3.966859408 5.082474036 4.146750067 7.171469246 3.043653867 5.707139999 5.286160052 -0.717396689 -0.245230203 1.218159238 9.558660187 8.904248068 4.613134664 -0.708325126 2.700898929 4.077613950 11.810431664
16.281892876 5.370176649 1.332716361 0.464284930 -0.117254154 0.611333701 -0.630049263 4.854713485 7.352164560 7.652976969 5.083177803 4.418734647 7.785922502 0.179728919 2.140942920 6.238449936 4.698875086 6.841135893 5.541098611 0.646255474 -2.078698473 3.588057828 7.186164694 0.697379797 1.307197619 6.080910872 8.901278303
22.621606314 3.784530553 0.754733191 -0.381719591 -0.879778778 -0.126831626 0.253363757 -1.700188098 1.381274341 2.436614690 5.298226084 2.553935483 6.277962113 10.149523708 6.140025576 2.445527983 3.082900211 7.058328167 5.647309811 6.835780300 8.025221682 2.466388168 6.024664345 5.664799332 8.477767863 2.150874764 1.373192894
22.765165935 4.184229279 6.125759407 0.070993526 0.075187844 0.289946568 -0.951439801 4.640785157 7.574627046 2.701074991 2.805251415 2.401404120 0.561945326 8.019173369 10.399547742 6.504626169 4.188547236 8.505816683 6.650651225 5.614808528 1.241543387 0.779630100 6.060376037 6.274123156 3.682623249 5.585801384 3.616513035
15.506572622 -8.103528779 8.206700830 -0.330906898 0.192656292 0.639036720 0.667095382 6.570593973 6.938999185 0.912921560 2.858416585 6.756331025 0.160016503 3.478373844 2.794321363 5.180580112 1.646708720 1.059443075 -2.864479770 7.891157606 4.417655812 2.004282837 0.792724666 6.936137158 6.522656331 7.369497063 3.298203571
15.040341200 -0.855615813 13.434923328 -0.379854140 -0.917084302 -0.049664437 0.110456588 4.203421031 -2.987651465 7.261723158 2.480015256 3.745523306 5.518116540 6.973532573 3.773661247 6.569813849 6.596191554 4.002880762 12.025654780 4.255317594 5.783835508 -0.190368055 1.995224097 4.008347384 3.204491743 5.187791648 8.661867871
11.945531129 -2.417487018 9.696682632 0.064846480 -0.128386821 -0.983555478 0.109226283 0.330106424 4.451332427 1.520434605 0.906981136 5.686713699 6.761132533 8.389586358 1.515411341 -1.336225974 1.919611466 9.598491032 4.239181672 5.187747155 1.876341783 5.159840075 5.147454791 3.732382617 2.305752334 8.984059223 4.900596143
11.193435160 -5.263328578 4.046802807 -0.172415150 0.542339439 -0.483106200 0.665394130 5.053692288 3.352119134 3.088170748 0.642417438 2.705981484 4.444639938 4.453662814 -1.228284538 1.614205599 5.505636484 0.495732518 4.843735648 3.025366809 3.053277012 8.194335671 -1.499550725 5.933675315 -0.677419450 4.077955216 4.170295882
15.652223568 -0.890634838 3.215104312 -0.634898062 -0.468065911 0.003313028 -0.614660701 7.698612139 8.352122923 5.868404782 0.089354449 6.196705556 4.769483050 7.178586781 3.127642361 3.250429865 1.607688879 0.618758712 4.962926160 4.933739846 7.986270290 5.339835042 8.960353230 3.806747228 5.003974742 3.744666810 0.907897324
18.500970866 2.737957314 -2.368829814 -0.655110369 -0.065450623 -0.276411858 -0.700102210 0.533510469 0.492224063 -0.989427152 5.584339133 6.683559347 7.769367882 9.701019830 4.838646710 4.103777811 -2.012141804 1.950749127 3.558234355 2.076005684 2.582666064 5.509129810 5.980547412 0.407370468 1.600573131 1.056286674 6.017654793
17.751737565 3.077266612 -2.227985334 0.683660423 0.544172908 -0.359783948 0.327169349 4.804253532 -3.966922379 2.429011212 -3.206651651 2.174469246 9.072268880 0.563535718 4.929697106 6.734197748 4.859118452 4.443398100 2.032343209 2.191559444 4.863519097 2.827070179 7.572387693 1.334927830 4.342627767 6.355909699 -4.404193100
13.391741153 -6.489268672 5.179609221 -0.355983723 -0.860594802 -0.360041239 0.054977109 1.659043407 3.882516796 5.106925050 8.329019475 0.878372143 0.124013907 2.083698202 3.854114925 6.246290451 2.560778086 1.976645961 5.116993969 4.533505123 2.358299145 4.488469719 4.485543693 6.663515167 5.788255139 4.193221176 5.188352736
15.733862320 -3.366200136 11.905030757 -0.368125062 0.683844418 0.578182940 0.250090460 3.205791864 2.358523567 -0.633136341 6.244238872 5.633126966 7.547296700 0.590079341 8.143321630 4.834737222 0.507441831 5.634821852 2.618284282 6.644501089 2.837907186 -4.544882632 5.388974520 3.969456465 1.986810462 1.817886506 -0.467464353
18.488873506 -1.743926804 10.891714483 -0.723950626 0.209414047 0.278128636 -0.595554960 3.325906379 0.296223120 3.239856536 6.305546546 3.282215199 7.954941205 7.776032189 7.340440339 1.501622779 7.227885119 4.397162907 7.425101797 -0.678909870 5.180787938 6.118426570 7.490331036 4.350108876 1.245108876 10.662947447 4.107217501
10.802598576 2.256319147 9.032846732 0.197646035 0.672720977 0.393336681 -0.594700586 4.478063053 4.855201328 2.512912192 4.985741363 6.487867734 8.664851374 9.181876732 3.893385456 -1.588133660 -2.815740469 4.778979530 3.952097510 -0.437198298 4.709864703 8.063523123 3.159979144 1.878306960 6.145466027 4.401176846 2.320325992
11.481011561 0.258586674 -0.038294739 -0.703808515 0.412628831 -0.577680961 -0.025994803 -0.093712264 2.253403024 2.854843391 -0.040209526 2.898027404 -0.233738016 6.877389527 -2.302897332 3.042240381 3.208282508 -0.423296689 10.752276065 2.725642003 8.575699817 8.072327731 5.558243024 6.286020892 4.150303129 2.670584503 2.425366050
10.968831966 0.316270747 10.699329257 0.314968430 -0.678849224 -0.390882674 0.535881848 2.290358526 3.287156783 0.397324920 4.974356036 1.357186091 8.594878132 2.894755118 4.944362437 -0.736624610 2.932071732 5.466199528 7.160912338 4.852190174 5.432035354 4.222455560 -0.450304492 4.462535932 3.207958880 4.643075350 2.182563053
21.300029185 1.090365853 5.766887048 -0.537381796 0.598986058 0.160000646 -0.571695987 2.816400726 4.317840350 4.690479156 3.507168072 5.194013083 0.874666730 7.429566486 3.712701275 1.555260593 2.062626182 6.799029217 7.067331256 5.011781495 3.880495802 2.409136060 4.500893731 -3.387563469 2.997778859 2.848264484 4.155272008
13.522706628 -4.547693897 0.039098314 -0.697988233 0.484933620 -0.273445411 0.450421378 5.110861390 4.937729035 6.311411096 4.154383485 5.890890980 5.267306874 4.569056269 3.627943150 5.457690190 6.922288695 -4.055929735 1.048652158 3.278360549 6.907077520 7.229213100 0.505134757 -4.579824083 5.163676844 -2.178502943 3.594652232
5.292741303 -1.166414572 5.272085364 0.046163700 0.379917623 -0.764696277 0.518431400 4.799317076 -0.016990210 4.255244794 6.854107190 -4.674538917 6.386622354 3.151287029 5.091817617 3.120157279 12.063714350 0.746444555 5.252119390 1.580990559 1.805370040 4.131143487 2.524986052 -3.089571429 1.333069540 6.165302491 5.656433440
17.940741356 3.383786751 1.158456923 0.510566265 -0.422007624 -0.712258813 -0.232204730 3.897059248 4.962792699 5.735034079 9.531058675 0.307078808 8.642419380 8.847890365 1.057670766 2.827614718 8.914013502 3.612999858 1.883249879 -0.170844104 2.396848765 5.513439739 6.885086018 5.266824433 8.589994136 4.008845947 -1.996449034
19.869321736 -9.404437982 6.198795848 -0.676859856 0.517512575 -0.519415962 -0.065180741 3.387880015 4.130060245 5.078525246 3.621385268 2.226973732 10.211224472 7.213878754 7.068905638 2.731870391 6.446246676 6.824210235 2.415662654 2.687096861 -3.721987965 2.176740751 1.096304832 5.426077183 8.035077602 2.262108343 7.998672948
17.456419900 -5.131902999 1.531412157 0.004813563 -0.217716683 0.888704067 -0.403461717 5.072432179 5.351253301 5.564601223 0.761348872 3.637066768 8.394978364 4.637786091 3.761942595 8.969434117 4.572995277 -2.682727408 2.549960697 4.826229423 8.457689859 5.230971364 3.192162569 0.257171220 7.633949180 -0.044252159 4.905382483
9.801356836 -9.513122851 5.087816458 -0.009668403 0.891086020 0.376219231 0.253636191 7.268720848 9.690703761 5.641117246 1.469976590 4.974123130 3.487310579 1.570227736 4.744356853 3.779657072 0.649044767 4.113919578 4.652582621 2.724780395 1.448349591 4.642227340 8.121401315 6.445646125 6.273566725 -2.231163322 9.046828058
20.652685783 -4.216336779 -1.215217130 0.003757943 -0.835383962 0.246358286 -0.491352326 2.451740854 5.086167304 3.545238922 1.019128328 -0.359371585 6.784988324 0.479366777 5.930785542 2.956765353 5.470530669 2.851213676 8.197507140 2.843518988 2.380327223 3.419708880 1.447749347 5.914596734 9.831492197 7.516810060 4.088673481
13.108237469 -8.481962174 8.183656766 -0.001905569 -0.889573271 -0.170406533 -0.423812905 6.476651193 2.405686472 3.128137090 0.832865735 6.865053801 -1.603669247 6.046422280 4.543974109 5.443383538 7.292187376 8.108653583 9.636195308 0.672886751 4.662323205 4.779979429 2.112938029 4.149238641 0.086191122 5.641180837 3.110604776
10.840230699 0.386387736 1.734074180 -0.778714514 -0.266855839 -0.272399336 0.498186981 2.743793662 3.743543202 2.882999248 0.487226281 4.960543723 2.764344667 1.976303438 6.365112218 0.992596728 5.150588228 4.691934578 6.906942571 10.128224738 8.090644284 0.555507962 0.308040899 6.223894157 3.418298777 3.409432653 5.957562999
15.953131851 7.196006082 6.451500575 -0.500952338 -0.172804526 -0.057441146 0.846100388 0.279118814 3.802805525 2.980073157 5.128833029 6.755611300 1.359075121 3.387124460 3.098405934 2.534179700 10.469312896 3.276192640 5.018779544 6.356313139 4.560198004 3.797925466 5.611231183 1.350245612 -0.013311974 1.931330768 10.005231598
17.676978341 -3.889302863 -3.454201982 -0.432911079 0.599036051 -0.395874583 -0.545001947 2.669296796 2.826683730 7.565207290 2.667580775 4.768428776 6.027249422 1.838046520 5.719633086 1.015858369 6.239299973 9.461764488 6.083774521 1.602196627 3.193235497 6.501125651 -0.808374272 1.396833626 4.653075023 2.601913131 3.044703608
15.480307553 -6.749273385 7.314298489 0.493295412 -0.225937980 0.359320031 0.759276485 3.931480906 3.587245437 5.179197941 4.175644925 10.798590274 3.603760085 3.742687465 6.161987003 0.873370492 4.756632314 8.153761167 -1.261090450 4.286070496 -2.592078719 1.547538222 10.281603516 9.218413803 5.419489853 6.328037259 4.251995239
7.967138894 -6.909981638 6.899585172 0.339485434 -0.513068470 0.484568555 -0.621855048 4.783025424 6.356459365 2.895140193 4.999805190 5.644422282 7.410176682 1.750475225 2.896422819 7.505765756 5.993629495 1.758047058 6.170432567 6.326893579 3.480885835 8.605121090 10.654324866 8.722247000 1.893228589 4.883358903 5.955544402
11.536546037 -8.339556768 8.303528058 0.619128573 0.658183936 -0.311532828 -0.293974512 7.556288975 -1.169204392 1.656731378 -1.066244052 2.527028929 9.066899911 1.758999787 1.461262854 9.366426211 4.893687121 8.725433198 5.018178686 3.577913767 2.153423768 2.618249126 3.496488323 6.593431031 10.064858764 0.388109610 3.998975619
5.582150184 1.901132731 6.290584129 -0.043400138 0.435588336 0.598198711 0.671220926 5.646315067 3.266220030 7.520444362 0.081822138 2.385757630 2.759793232 2.654529575 4.671037227 0.880598521 2.993103392 7.585296681 4.732575781 5.284838246 4.599972998 3.407774332 2.813715163 2.870901072 7.157907272 6.395779596 2.014198428
21.890726898 0.597695642 6.877750791 0.918030643 0.186512302 0.103829647 -0.334144138 -0.776389929 5.146546364 3.406244208 4.183109860 4.921339698 4.751705135 3.726893551 5.270228248 -0.132717754 2.052807865 5.249956963 8.860637958 5.753786720 4.667457639 6.946505399 0.523831604 0.338704477 3.673681475 6.871467714 5.769266263
12.594135665 3.497667320 -1.733761485 -0.811182028 0.263126266 0.278007001 0.442109028 2.331754233 -3.552675078 3.274702027 1.529463298 5.407793041 4.816541042 -1.417547290 -1.798010143 6.585548825 4.347531394 4.225826438 1.923504470 0.640664209 6.960136754 3.746353934 3.625338337 4.738933873 6.351057201 5.514469569 11.133949504
13.717057242 -9.498396139 3.541220942 0.327377492 0.068846144 0.910915312 0.241490125 4.803523733 8.146560016 0.011275176 -0.764965463 7.554838538 8.334153780 8.698848629 4.708283440 8.240519438 1.909545222 6.853144519 -0.875942010 5.392392697 3.437969436 6.187658863 0.024212966 4.685350982 5.775903274 3.107074381 3.626689347
17.604626517 2.719077973 3.684941652 0.164176978 -0.221032037 -0.547649237 0.790108266 8.736004354 5.586341498 3.141462972 -0.440644794 2.927175578 2.097674626 9.087607449 2.701459292 7.935551921 4.992628561 5.132266365 -2.923284258 11.451908336 5.753324211 7.185594563 7.611704310 2.875920496 3.107887377 0.089074485 4.798467116
14.639092593 3.813289727 9.431608071 0.082300611 -0.903737122 -0.385860027 0.166126047 4.748396912 5.732125035 12.897226534 -0.961813681 6.314296911 4.682712274 4.437648380 -0.274838231 6.960763085 7.308030335 8.860819849 2.586819690 2.525600959 9.608444924 5.688755605 8.687067610 4.143324252 5.329072244 6.019231182 7.132413920
16.224150230 3.722273759 2.689585581 0.620672727 0.144105985 -0.586498016 -0.500018909 3.744115935 0.928267720 4.340429872 6.099560130 3.171914131 -4.208536148 4.659081056 7.679563447 1.645068869 1.641133339 5.915343155 5.254649352 -0.664934044 4.994268683 5.819591327 0.671368859 3.135289119 0.824703859 3.689578328 5.421562492
13.106446287 -8.679949237 4.032920866 -0.647903933 0.337191738 0.681334144 0.048020933 2.937791377 1.912283366 7.114993189 5.560124936 2.395336301 2.079744977 4.276260463 2.230052271 4.477038426 8.482415974 2.816313311 7.860455279 9.700506251 9.222475515 0.548511094 4.678802557 4.015341195 6.964226454 1.159871138 4.718252729
20.694872155 -5.992656181 10.844427244 -0.158904617 -0.143387348 -0.862304802 0.458933350 6.457565820 0.739696922 1.841567339 4.677541739 6.199137063 7.514971448 4.106520060 11.259440866 2.274223286 0.031604202 4.443841300 6.914754436 8.576206493 3.173285925 9.731104854 2.877186089 4.178276926 -3.424118234 3.649785044 6.525271548
16.542233628 -9.842761811 8.552830772 -0.812243890 0.002157367 -0.411571116 0.413357503 3.149449231 6.656584639 -0.139551626 8.801018103 7.676577062 7.527947859 1.438610284 4.505848363 3.966308223 2.006238662 2.744136228 3.181607208 5.504945069 6.184282646 3.591037184 4.346612467 6.214666407 1.476621846 5.637249374 2.379142533
15.648950931 1.465365439 1.260823427 -0.646409285 0.048643774 0.000575920 0.761438434 -5.556957650 4.971505514 6.565001969 1.989697411 -0.830460170 -5.801016351 3.224287639 7.946343834 4.225930901 1.342691696 2.560981661 1.798809706 8.453226416 5.138692625 7.204227724 2.554459295 6.079854544 -0.478863520 0.445569513 1.729495951
14.083653922 -7.162540110 7.164374595 0.506517626 -0.407579670 0.740100705 -0.171958290 0.962019120 3.206515806 -5.515495687 4.197804267 3.142100097 3.979198434 3.807834979 4.933087939 5.233143506 3.099016667 8.322928405 6.710447399 3.444760509 2.973493365 7.703383749 8.841137723 10.967230583 -2.048242423 8.027060492 5.157077819
21.929947464 -5.922335530 1.060524052 0.099377535 0.931664031 -0.239061692 -0.254903408 2.165761821 4.154576164 6.637788126 -0.614866999 5.731303465 4.179494708 3.986823570 8.899997491 5.016469610 6.902517891 4.183526090 -0.396653697 5.574156379 3.711192370 2.605426046 -2.374080905 3.737287082 0.037598754 6.358289208 3.824367417
18.771299693 2.619265499 -2.732704640 -0.654951727 -0.386095335 0.300938096 0.575677765 8.804383595 5.681313729 4.148998880 8.511585741 4.456611301 10.675665815 -1.109976628 4.029564574 5.447297849 6.946488484 4.727767603 1.048934688 4.271310384 1.200464864 5.104758930 6.727344710 6.227531006 4.347784429 2.418186675 0.299818686
17.481860747 -6.084599694 -3.397285222 0.757564234 0.515680555 -0.399541835 -0.023158559 5.825703025 6.650535066 8.030808683 2.812676235 5.382571519 7.854945533 2.203912580 4.722615017 4.646992029 1.402701540 4.322571207 0.176168825 -0.079752629 1.447898139 8.149187304 5.552788385 2.831170658 7.691767207 -0.446470274 0.847277225
11.585500188 0.277181907 1.008026917 0.283482004 -0.264616638 0.917896784 -0.084151540 0.454077143 7.698072939 4.074348071 7.672147585 0.980893376 4.168131223 3.129693429 4.291357786 -2.727803094 0.486174316 1.636689171 2.470812123 1.923195520 9.403550991 5.796766523 9.142049670 6.017451015 6.987404330 1.846439560 7.970671598
13.571596471 -1.460144089 0.730673761 0.246772122 0.945177827 -0.104234373 0.186755429 5.237171158 8.619856875 3.963380172 -0.129474646 7.981550205 2.833239700 -3.977383701 7.012938707 1.713747279 2.490685627 3.853822591 -0.770030118 7.967101965 8.213758760 0.898242963 3.208234399 3.427564653 5.717838368 3.166331102 -0.013306807
9.517500907 0.958869203 7.444190512 0.508027152 -0.847517484 0.153587699 -0.005774662 5.228343919 1.280294567 3.517098946 4.424520384 2.159171214 2.723046104 6.715275760 3.659408941 7.908070629 1.313162064 7.689060856 3.532151805 4.103994193 7.320835697 6.997007608 3.910538213 3.099956194 -0.388607850 4.194044413 1.731965008
10.724975487 7.825439421 4.902858396 -0.013087214 0.768017548 0.617074503 0.170870794 6.023132572 5.008673748 -2.383824834 3.281700912 4.343032532 6.436191277 6.241757914 8.533265981 3.138877779 4.600396598 1.930281573 3.320406784 0.827886806 4.674019292 1.447505876 9.122036709 7.475437562 0.381687020 6.309961956 4.549410065
21.231240513 -3.825318285 -1.300955377 0.428082333 -0.215391832 -0.536520413 -0.694620559 -2.021706900 4.149748525 7.319118092 4.052430691 3.183296037 5.104455488 3.836578325 5.706908331 4.497018016 3.523527417 1.193396203 6.041110804 3.625666567 -7.306208234 4.621699748 8.891863159 1.517126807 4.380359530 7.127987755 3.859317577
16.352850647 6.196552608 9.068298543 -0.949703585 -0.166723950 0.250588861 -0.086437544 6.052942478 5.887989971 -0.917236563 4.664422754 5.605478034 5.994884330 -2.318147748 2.282805163 2.785337248 3.305959507 -1.736030299 0.284904593 8.773231454 8.340654837 9.226785609 5.227700753 6.215027130 3.026233342 8.973889834 1.859275550
7.563928586 -1.272643937 3.949852601 -0.377078658 0.012859772 0.907229606 -0.185959015 3.578246243 3.231457462 4.400112346 3.738229781 2.677603759 4.292901726 5.119513656 3.165137583 7.197160861 2.704099979 6.113597485 10.626928351 7.366353788 3.009287141 6.538308947 5.245424645 4.132041869 0.654493680 2.954210344 2.805085412
19.002471716 -7.589325540 4.050370947 0.402231577 -0.663933436 0.540038692 0.325208183 4.159228799 -1.612416093 6.038211103 3.552321534 6.764382511 8.074527199 -0.689564640 0.204145134 0.874177765 5.667648965 0.618570067 1.097358775 3.544596885 4.617159237 4.215536378 -2.474917094 -2.397852058 3.273620942 7.609145168 2.301890194
6.965399036 -1.798816930 3.494993665 -0.360809368 0.339299908 0.693535941 0.523163522 4.429641604 1.671587824 7.412787131 7.177554963 7.094342104 3.252911860 2.323662192 4.563763512 2.867972973 0.654492718 6.468551591 4.922371057 6.115582864 6.276065678 7.377502098 5.920561167 7.127270591 3.977090944 3.964727521 1.212996566
10.708201879 0.463599930 0.760361863 -0.727150967 -0.163226645 0.462249327 -0.480556025 5.724908423 1.646848335 5.106567479 5.615585964 2.531514908 4.663325402 5.139346866 0.768240730 11.329425584 3.689153563 5.236443263 6.438239613 5.904691436 7.113475507 -0.987389888 2.667863891 8.167857457 3.849002043 2.859215368 5.058359467
20.036840083 2.198067841 1.448521153 -0.993438296 0.098918942 -0.021840707 -0.053088399 3.322257238 0.942566916 4.598164455 2.031467157 5.966428630 -2.228720353 7.117483652 3.541952081 -1.202658898 10.530476555 3.649549889 2.439915059 5.825904227 9.090212430 0.708264746 -0.371034415 2.838506129 -0.071147502 6.657605136 5.298372133
16.873441618 -0.985936832 11.137953555 0.110628153 -0.357582256 0.472356547 0.797982227 4.451820253 2.091008257 5.700501898 6.314306037 5.247875073 -0.743639776 -0.385512192 7.863264742 1.945676136 1.698784278 6.115424388 2.445289138 5.566784042 3.097422391 4.268339057 8.992442460 0.491312857 6.908239317 6.288800979 10.414152435
23.326593351 2.031566698 3.196957163 -0.355069802 0.809230970 0.169827573 0.436152804 8.613228893 4.888712994 4.816662747 8.554751972 3.853699007 7.045410220 -1.954405862 3.183433049 6.054849340 -0.456141394 1.605779767 4.543289902 11.393602545 6.857572938 3.099983313 4.367782981 2.018690396 5.624930053 4.623711008 7.387569337
20.309298980 6.548290246 3.385720198 -0.687621104 -0.519158325 -0.301271103 -0.408518756 5.805204683 7.075367156 1.772840082 4.983746023 3.030333107 4.996895304 3.714423156 4.700141197 -1.703687263 2.749498475 6.148182139 4.403954560 3.666519997 1.807249714 9.656336712 5.417967894 -5.656876880 1.660133892 1.562345486 4.813899244
22.011236521 5.752400459 3.240058434 -0.189831225 -0.105125166 -0.901677128 -0.374020270 6.843825569 5.897817964 2.176706361 7.223063286 3.490438691 6.009145756 6.106431527 7.584291077 3.774276806 -0.648011867 3.229913265 0.226593736 6.462608519 4.246923839 6.922961882 7.302971170 -1.828752930 -0.447231816 1.760826419 4.149712540
12.939995446 0.804636696 -1.316700428 0.865042167 -0.312832529 -0.158110502 -0.358941399 2.975963847 4.005733046 10.093559826 6.763642306 3.884169070 2.481946986 1.149734582 6.312549015 4.260712688 -0.195537996 1.359584819 -0.516409409 7.221568467 3.957107038 -2.467181719 6.955082421 1.634663090 1.993405573 3.068651307 3.230013566
21.156298510 -1.059751019 -2.541519440 -0.346044518 -0.226192100 -0.557839468 -0.719656482 5.930555955 -0.315156696 2.072460251 7.848273299 1.276873907 7.410620749 9.577438356 1.006798235 2.806999353 5.514255406 2.016022903 5.258787623 6.114559141 5.118232199 1.654444992 4.899854272 1.480626641 0.037971677 7.143709306 8.768106835
14.080353313 -1.485068581 10.611478494 -0.337975753 -0.223315308 0.913917220 0.025651112 6.375694537 4.393047838 6.973221964 0.940556141 6.646046621 2.378052799 5.325957752 4.146181622 0.622771242 5.740621333 1.864840713 2.375753671 7.473914896 5.437331240 4.315177374 3.702849629 3.699112928 3.736863284 1.493512817 5.833118880
13.758267036 4.710796385 -2.585883934 -0.776935730 0.371953095 0.092317290 0.499499034 5.768976057 5.015146668 0.857346578 1.166772485 5.192019473 0.370053950 -0.443933716 5.500180072 4.223091660 4.700001358 0.018477703 5.196676492 5.085128362 10.734263792 3.185703466 4.343884523 5.116899801 5.731406744 7.496346335 3.481775946
22.343761134 -4.174957026 1.320422874 -0.622601452 0.720386018 0.253133036 -0.171274876 -1.770043176 1.634360690 3.300611569 3.816397524 3.105799802 4.077361111 -0.849958055 0.461817492 6.333323903 4.669871016 2.868160792 3.442727651 4.140399594 3.928650508 6.242734741 1.046499661 7.745057917 1.192031536 5.627923895 8.532368037
22.605099473 3.989483909 7.342422085 -0.675941838 -0.707705566 -0.008620497 -0.205380501 0.897036734 4.763407385 3.649277554 7.905749919 3.322060768 5.625678429 -1.842380887 7.583475252 5.042009683 0.339693039 5.611824915 6.553495270 -1.912729484 1.814147299 2.824308749 6.017351437 7.769474412 4.615034469 2.775193928 5.139548892
13.091619989 -2.590993692 -4.403603427 0.974888281 -0.003944587 0.126297760 -0.183374357 3.493148318 3.833173728 3.140294747 0.386956792 2.213509760 2.738355982 6.252126174 5.201870236 2.630863294 1.560988456 5.686806325 6.118991522 3.704194616 5.375522114 7.206500937 3.790512189 3.911443956 -1.670702003 1.960512708 6.253536889
21.963395831 -5.380739307 5.452073422 -0.381829827 0.226112170 -0.081323821 -0.892449274 2.489394338 4.018495714 4.878686683 5.751395138 3.976015036 12.187454786 6.806287207 1.946931394 2.471127434 0.010008488 2.397522204 4.808156736 4.631163216 10.208063869 4.862546600 4.557854285 7.296498210 2.455182937 3.048671040 1.475902465
18.906154045 -8.612939409 8.534042130 0.640106808 0.455783722 -0.485059518 0.383720911 8.448769944 5.296224710 7.627501194 5.209487481 0.138461647 5.630749282 5.221618346 6.952362749 9.977040124 0.467635389 -0.049284388 4.114182671 3.505427560 4.712770820 -3.536812163 9.089700547 8.828517788 1.528725351 2.081130925 3.019239200
5.683693258 0.624028429 7.002993377 0.663986120 0.671446184 0.327646316 -0.030501576 5.182365046 -1.209433207 1.221404291 6.708193354 9.464457075 6.347357428 4.983817091 3.612391799 0.382642594 1.885995601 4.296024607 6.184075295 -0.500021907 6.875010364 0.981967588 8.921022768 3.624346256 2.882982816 7.664519511 6.040135252
14.669961041 -3.786465804 12.157864663 -0.770590019 0.163524728 -0.200943690 0.582299166 4.662284734 7.272864780 0.544399667 2.326980574 5.716301350 9.571313310 3.423253792 0.203167428 -0.583396794 7.241488344 1.775395941 7.803176648 6.437042893 9.404900130 3.095432777 6.234526320 3.816921133 1.651555535 5.263057767 3.568010051
18.114103845 4.542032961 11.295239155 -0.211627187 -0.265094032 -0.147614322 -0.929058179 3.175355755 2.654424872 7.463680982 5.720820512 5.651355975 4.335229929 2.731640484 2.998619308 8.756301448 7.247572247 -3.036571421 3.168165481 6.841097479 2.644207119 0.731869605 7.303142401 4.086449221 5.842085785 1.481456471 5.585195667
19.432879986 3.045682795 -0.253732847 -0.862256959 -0.019318784 0.345847585 0.369498538 2.936674902 6.346286177 4.171483183 4.169177664 2.691252127 4.796112872 4.340934281 7.949807631 -3.565947286 3.599525927 10.437790726 0.651665713 5.292591984 2.341419080 3.366443977 1.699069822 1.012158117 5.522917257 2.942752324 3.309714230
15.415196891 -9.328314125 4.659001185 -0.914596587 -0.080009739 -0.376029086 0.125354105 3.551829818 4.390912058 3.756974306 4.490988372 4.828746824 1.908791040 -0.482915321 2.028874556 7.125194148 1.366098552 4.942930275 4.353771226 4.846765403 7.945503307 0.034133330 4.070191984 5.313366854 5.466328245 5.603272562 6.018743838
11.063897932 4.761457999 -2.640054379 -0.729368070 0.298670234 -0.360054736 0.499178223 3.941549712 11.163923284 1.096685868 1.145177587 -0.516747822 4.005749351 7.905428664 4.165353896 4.360672612 6.787497024 3.591791990 2.616906076 5.062297793 1.524392281 4.053592447 5.078369621 -2.468921135 0.246093287 7.022283442 5.188356359
7.153085660 -5.697067830 4.606157474 0.216029327 -0.393148975 -0.889084883 0.091067474 1.801916480 2.937033421 8.294319551 5.961802616 5.531511740 5.189554176 5.528618291 1.567125408 6.930107133 1.385423261 1.376152122 7.553208947 7.330394109 5.865266168 2.738543800 5.739229670 7.639207294 8.094978981 6.028335579 1.060758059
19.365649256 -2.277193389 3.471488942 -0.392159434 0.652778462 -0.216245365 -0.611006711 5.685324101 5.891245856 5.638744553 4.900975490 -0.316591940 2.379134502 7.232997595 5.006889470 4.987510562 1.498001386 6.632544301 4.695294602 4.484374844 4.096802064 0.519477719 2.393058086 3.940304073 5.159563248 9.273052674 3.871617946
10.693663867 -5.469174996 11.585602244 -0.415032436 0.760137739 -0.016339347 0.499671613 2.031817910 4.841484848 4.904407808 10.547183869 1.233739293 6.375170023 -0.423936655 4.409805340 3.058234044 2.110378951 4.263819423 3.958810788 9.277032562 0.843303129 10.912276475 6.014734118 13.656713528 4.061325653 4.590855879 3.497806428
6.731753668 1.521201958 3.403460852 0.084792943 -0.207125087 -0.456553348 -0.861085591 -0.000975901 1.647461209 8.104394660 4.738729419 5.910590578 5.955483844 3.890447370 5.014502064 6.426384389 5.805184926 2.274897394 4.366099060 5.627288346 3.872745576 3.681988408 2.305592497 6.196097106 3.400311003 6.446599127 9.719947618
10.551612343 2.151980890 -2.836605607 0.075791177 0.779501125 -0.621052297 -0.030458799 6.720898018 1.074085285 2.815444333 4.211837599 7.518381578 5.896320928 8.652845285 2.134912929 -0.759514368 4.667646818 5.043617199 3.008865300 4.036839233 6.518968136 6.581789356 2.668060900 6.676938125 7.330480485 8.734199328 5.504216583
16.431714461 -10.564309009 5.270753734 0.069622824 -0.544161902 -0.694619393 -0.465343299 0.967421238 7.747197485 4.799949639 1.125803317 11.198589109 3.784026822 3.940701152 3.703526483 8.606308677 -0.357811307 4.904390135 3.812996783 2.773752288 5.612670887 0.779770008 6.461917513 1.224381321 3.685801035 0.477611719 2.315259977
10.679471829 5.895844483 3.388323732 -0.638298298 0.650743500 0.052534735 0.407858164 -1.107092647 1.812211186 -0.942412383 5.247411350 2.599121937 7.869985729 5.609762602 5.265808916 10.949313132 9.998873551 4.232210943 -0.190694320 7.584295042 0.819235803 5.583288039 3.844762433 5.032575084 2.791643819 4.737100122 6.262779468
15.105532995 -6.202343994 -3.012578560 -0.863850049 -0.021004182 -0.242495964 -0.441041522 5.304310222 1.168466055 5.468280667 2.811192734 5.567485986 4.210322605 -0.426261241 2.441057239 9.411326800 3.919138592 5.926155454 6.101883825 -1.259303908 -0.652773935 1.447936715 3.860544195 4.970230113 -5.002670342 4.310555405 -0.600962170
16.720869415 5.568606076 11.208858330 -0.296684268 0.761898517 -0.289712169 0.497549950 4.283418938 2.692852457 -0.838203957 0.155550222 3.867236424 0.794710317 9.146836696 7.724114976 0.423805894 1.081210867 0.926428351 5.017475110 4.738450752 1.235787160 7.316192322 5.887653341 5.850933181 4.190625326 8.835503199 2.209722782
16.863408774 5.400027873 11.693760046 0.447333532 0.089904844 0.695002462 0.555681031 1.578253895 4.536756954 -1.809722708 7.321040949 5.225259710 5.447990187 3.177126162 6.919815870 5.468132358 2.915697576 5.341538938 3.585227076 3.407648326 -0.126292520 3.595308484 6.668339618 0.037246511 4.341902892 3.798264070 4.371938454
10.738195980 0.108447011 7.552872218 0.820164103 -0.035189130 -0.424900975 0.381512426 3.333554600 1.420482148 0.424851871 5.530094672 4.765540054 3.793617112 6.397649576 6.715860983 4.731134953 2.008099188 1.336463562 6.035462251 7.892447924 5.629613468 10.398161239 0.354725279 9.731028589 -0.065166919 6.016867940 4.841289328
11.453142926 -5.405613847 -3.739625171 0.657389937 0.395536938 -0.305802059 0.563803247 4.914511302 5.691148471 5.002426116 4.942044299 -1.877897705 9.956916876 1.738679967 -0.795501710 3.696205937 6.461463469 3.902964805 5.834155870 3.698125793 6.479368606 5.802707650 7.131695609 0.427264130 2.042603223 1.997658998 6.380349282
21.336000782 -4.887199509 8.111286720 -0.514266369 0.308248054 -0.619970749 0.506112150 3.659550215 2.258129114 8.237622933 1.571593427 -0.658263375 2.176595210 -1.101585489 -1.278253327 4.707828300 5.174096461 -0.097954262 6.375281644 5.411999800 6.522841620 6.007231566 4.919495955 7.518218735 2.965383059 7.240453958 1.887276892
20.576087147 -0.558708453 7.620255343 -0.000882520 -0.012928439 -0.830525185 0.556830309 0.510906376 8.064520608 -0.484169278 7.931076263 -4.635796189 5.476973417 -1.958396738 8.268889145 2.175984700 2.722971607 2.934229119 4.532309105 1.445200511 8.530002875 8.511098945 2.178092263 8.323925429 3.747959040 3.106984496 9.185255615
14.722087084 0.994480899 -2.219570852 -0.502340335 -0.279140641 0.762213057 0.297936144 6.129490186 6.974742511 7.374247884 1.961760834 2.448982126 -0.901067076 6.216200112 2.183420240 0.061954368 7.287144154 3.962334421 5.362946415 -1.050199810 3.986588198 5.421233522 4.213323910 0.388251371 1.789027767 3.954717971 5.887126643
11.984962585 4.717967553 4.690459784 0.663260112 0.086122989 0.739148261 -0.079553144 6.617941553 8.924427126 7.226276441 5.694461138 -0.179040461 5.832992548 6.795769083 8.459132826 1.588729587 3.846361031 3.114363512 1.352104913 3.522223918 5.834767899 6.033866772 3.452629757 8.140599303 -1.274255457 2.341204207 -0.084498712
19.734616833 -7.556864383 -0.310677796 0.257555433 0.938083152 0.080424131 0.217249068 13.737986683 -0.429847534 4.554956673 5.162776368 -2.506881341 1.448449956 8.422473629 2.773241840 6.374186222 6.849363356 1.000798579 4.664094863 1.921628780 4.741444383 6.934255769 5.995691737 5.109163425 1.910119971 5.240778946 6.099166143
13.399035667 -2.500969590 13.787515725 -0.120333254 0.123379462 0.712257577 -0.680431157 0.973023635 3.099271767 0.819783320 6.521771379 4.240640219 2.879468192 4.010103095 4.290748302 1.603109844 6.037338162 9.897522714 8.143878969 -1.794336987 4.913622964 4.829880899 6.953069971 2.557733880 0.869771794 4.496419739 9.270302254
14.167206370 3.671857043 8.047297969 -0.579506176 0.086509981 0.765185404 -0.266795638 3.610892925 1.618336339 3.686385753 5.481179384 7.131248795 6.287362567 1.985493698 4.851213330 3.999920143 8.024822921 9.693136711 -0.676162269 3.590905650 2.928084455 3.161778802 0.871376242 0.398730511 5.601401631 3.551633349 4.085228885
21.126565223 -4.249376842 -2.365940564 -0.171962566 -0.128525954 0.369427562 -0.904120142 3.659906018 6.537025586 6.256955244 6.867077742 -1.383118043 2.343370520 4.060831603 4.872103299 7.723450367 0.106876161 2.031678737 10.482454371 7.543550963 7.168751049 7.259253729 10.621135466 3.440666376 0.523805176 7.469735385 -0.385885793
12.306135978 -3.727849263 -2.093245744 0.123707461 0.547271106 -0.524205496 -0.640624226 1.786628545 1.259404270 5.572724478 3.855505640 2.967414230 4.117901401 -5.420843936 3.170607748 3.803787702 2.932808371 2.768561072 7.816436705 6.657001955 2.554050712 7.873242003 1.073299157 3.971331135 -0.409271049 3.365407886 6.497466010
14.413800522 0.331395637 12.420548330 -0.393090494 -0.489063987 -0.727031954 0.278784536 7.823839543 6.964715619 4.537463567 9.210791905 4.973860621 3.640574990 4.963271677 1.575431239 5.061947661 8.382567892 3.370855038 4.658290317 -4.099710559 -0.543464735 4.537564747 4.174378053 4.302046392 4.126527576 6.127423528 3.129030332
19.896845466 -6.587777205 7.204541303 -0.781671440 0.553949465 0.280681319 0.057859716 1.596309126 5.844002140 7.494814354 0.169077263 4.892747179 4.192337735 8.583365712 2.922508747 1.161956690 3.213537800 4.993484422 9.832353746 3.393848885 -2.827070663 3.823198870 4.597709203 4.341704092 4.822388546 5.018460105 1.073113149
11.087185615 4.334058243 7.339316064 -0.771648584 -0.327693419 0.082538322 0.538853330 7.852220851 1.468969179 3.559771126 -3.108056780 3.180993669 -5.478952566 12.073618898 4.335770600 7.549332949 -0.974674309 4.588114576 11.937023014 2.751846223 0.402081014 6.056772267 4.738644836 8.666743287 7.705134592 1.850757049 4.379980255
11.041635281 2.934652891 -2.337093473 0.415761462 -0.346248683 0.804016160 -0.246601440 3.155346524 4.504776332 2.852116977 2.134465921 3.157310984 2.895255617 1.316408117 1.000877149 1.896277360 6.057800748 3.923368873 4.332766485 1.244368972 2.391654218 3.300245001 7.458884897 1.317490067 3.239647034 4.312519362 7.295446690
14.892845941 -5.980719379 6.978966463 -0.866734565 -0.112888293 0.130889589 0.467862526 6.228405820 6.079143424 1.184189574 6.450858710 5.066515385 4.866947160 3.808071986 5.165758959 5.064256922 6.728654976 4.732216982 3.678344281 2.172618810 1.616984908 7.360110403 3.587703189 1.649706778 6.486731285 6.992545868 0.212513596
8.796240445 0.580823928 -2.660644238 -0.561143048 0.398494685 0.024232287 0.725074660 -0.875602060 8.103119427 4.125267623 -0.216097219 7.954228027 4.493024027 6.663950351 8.057311590 5.268010196 9.613600401 10.029364520 0.561935661 -0.771102132 -2.082959587 0.077744244 9.389127100 4.689840047 -0.141029331 7.846367255 1.974079652
22.020633608 0.431618158 2.509513814 -0.241956389 -0.940103090 -0.100437789 -0.218118171 -0.114174554 0.590651477 8.217936643 6.388295383 6.280819095 4.947209904 8.990341587 11.840278830 3.706909225 5.431966604 2.488590799 2.961195564 5.820626430 4.896450062 5.041470237 1.203357807 6.874761377 1.390866538 4.354836192 7.283646390
5.918378608 1.967234000 3.222320996 -0.117032300 -0.467674568 -0.800719489 0.355573115 1.161117954 5.508708889 4.148519608 5.928843380 11.056707517 5.184997591 2.084122071 2.634960762 3.278423086 1.907435500 4.546882799 7.883094954 5.997400718 2.333201942 4.314498252 2.382711775 1.347237993 6.950314938 -0.602611843 6.311534040
20.721027847 -1.309204388 -3.319949836 -0.598828904 -0.148006898 0.568439242 0.544403095 3.690006442 4.573008011 5.918101282 5.937767080 8.519419336 1.248530519 -0.970775775 0.884540910 1.655451656 2.070816712 -2.943890978 3.116324621 4.624918284 0.664390116 6.221168283 1.596010615 9.127424278 2.538567554 3.716688881 5.542384949
17.631040128 -1.461242359 -2.322127984 -0.710673622 -0.305421255 -0.154853371 -0.614557803 4.669357477 0.904739345 -0.429393409 5.758519851 4.386720539 4.716634144 5.427879849 6.106541454 4.022370238 2.768377030 3.822890043 6.275321664 2.894629273 -0.485778197 6.224832778 -1.313142459 0.546962947 10.736146631 6.826062559 3.524752709
16.866088535 -6.890004068 7.632605075 0.373996244 0.243595478 0.878922135 0.168178277 6.146197124 5.305488050 6.158599661 0.235621411 2.623481891 2.334446830 -1.686521817 2.398053085 0.628509532 4.260082520 -0.825721825 3.183849129 -3.263456536 -0.896153920 5.578930545 0.435434448 1.783079109 6.361472490 -4.803008409 5.323251989
21.387316564 -0.799760256 4.039975424 -0.281078010 -0.487259998 -0.563276752 0.605220743 7.320337589 1.665317033 7.233835570 7.621066348 5.097635981 7.304636176 -0.661317856 3.035184660 2.968844597 5.551320659 6.476193572 7.956142425 5.145731164 8.489500219 5.325714189 0.070135177 9.658050326 3.637076693 1.327313889 1.718290793
18.328062680 -9.884686923 7.689893902 0.573157954 0.139719034 0.800900601 0.102600087 7.211673939 1.233697127 3.297611896 4.155452125 1.435447878 9.513224817 1.788604348 2.550681478 7.372373388 5.652402212 7.020341259 7.887205743 5.078539277 4.303268657 6.569077076 2.500570906 4.210539415 3.608837422 7.313155520 0.854560112
14.339555201 5.384398956 2.952798803 -0.190808875 -0.571121091 -0.702145886 0.380005037 2.790935078 3.700600012 3.514968150 4.771020837 0.785140650 0.756103966 6.432632841 0.580653272 3.919836949 8.012898392 4.639824652 0.810095935 9.341118735 3.200030399 3.402637662 -0.035172321 7.780794121 6.272669267 7.451612275 5.048174704
17.226439844 -3.253843238 3.145039194 0.481792722 0.238078742 0.836634880 0.106001710 7.832613202 0.895132120 1.916185336 3.701611379 8.803757622 6.694308963 5.265144882 0.616053369 -0.622125882 6.602679564 -0.656051012 -3.310048556 5.250197564 6.585855898 1.999756184 8.884304973 6.296302912 4.309576564 6.474562511 7.184721358
19.855261417 -4.648399573 3.207043334 0.733868781 0.024852190 0.050646368 -0.676944552 3.865850253 0.470579997 3.649423169 4.282407575 4.189102081 5.673674107 3.489344717 9.497661110 1.103229215 5.409068790 4.225855057 1.067637265 6.206552699 9.876612755 3.112091756 0.192174581 7.443024352 10.397863281 2.712678158 4.486521036
17.586580621 6.350201063 10.373753790 0.764848215 -0.317806979 -0.449395681 -0.334737889 3.886769827 3.881571176 5.468262992 6.964100930 3.892413367 1.353386893 8.951675262 2.844986755 2.714224267 6.663318188 4.950079193 5.856229446 4.417008137 1.731890716 2.501507006 9.960985898 3.713532985 1.610592175 1.825146208 2.883390475
19.883325066 4.057946111 -1.689976330 0.939260038 0.183291686 -0.171715054 -0.233898866 12.126163917 6.356421019 4.093758084 0.197185113 2.716340779 3.251896678 2.676211845 1.723729261 2.593988770 1.379291660 1.938231084 3.928759306 6.228962477 8.213817587 5.021046508 5.488843413 1.874191066 6.476927986 2.331048474 2.741632067
9.340558682 -2.655998076 5.236159756 -0.468628000 -0.087809734 -0.778483003 0.408217421 5.242599065 2.800626510 1.683159214 5.621711155 5.644242912 3.521410829 5.246373037 7.524919943 8.484502560 0.804853195 7.954781457 11.566273971 0.804570311 5.100423780 7.826021545 5.392522494 1.542641857 -0.442616892 6.581334383 5.321778833
8.213924883 -5.066054195 -0.629721148 0.910841499 0.372188101 0.169996442 -0.054267768 9.025683151 7.425490155 4.710460353 6.245571801 7.698294047 1.613612418 2.949319256 5.904945563 7.491270906 3.433530022 6.378665549 -0.575488521 -0.282722210 -0.280426723 3.832846050 8.796085652 4.197532975 0.472784656 9.621337304 0.893144215
6.954505440 4.325204029 5.243423619 0.179953290 0.313131862 0.687900395 -0.629569929 6.147802536 4.512348615 -0.824527893 1.799779356 2.390632350 8.535931958 0.545027331 3.994759716 -1.365207808 4.881992246 9.814606019 4.088191240 4.323007612 4.026756792 4.930756635 5.764835449 8.518548625 4.559323421 0.409306430 5.633718174
17.820893337 -1.975429641 -0.937111377 0.192891565 -0.536563137 -0.564839570 -0.596530891 2.726878866 -0.450377656 6.668971774 -1.769834982 4.008670529 6.834733559 6.816096651 3.264050989 3.168232664 10.041610978 4.802891079 -1.866503478 1.862718944 5.589905719 5.611853935 4.657919980 6.992402871 3.660207256 3.867766039 2.873003552
12.004982409 7.866133243 2.581636670 -0.166470059 0.093747784 0.980593239 0.043999682 4.253812447 4.466363893 1.028665395 6.759352898 4.151656109 2.901153185 0.102158763 5.610818637 4.194844516 3.214104578 2.511608770 1.388804644 -0.265254891 8.325617795 0.905354104 1.224090195 3.206665705 6.684644137 -3.011473650 0.594213290
12.159865857 -6.767107640 -0.604848301 -0.142773939 0.978606296 -0.021766220 -0.146531743 2.015062324 1.589084369 7.095433608 6.159245329 2.065198128 3.338835869 3.381657983 4.399952150 3.965636725 5.645177557 5.274819767 5.080556988 6.824554353 6.303194747 5.185806059 -0.440494937 7.473975966 3.647389287 1.283782510 6.479480944
16.365864760 3.834638828 -1.205736614 0.502843258 0.636245656 0.342435608 0.474423837 4.793657919 4.912174996 1.419430236 3.265328695 2.310836110 8.551136289 2.097097404 -2.400339875 -0.799202320 2.042052184 3.848889136 9.975990321 2.877333906 8.318614095 4.362922949 6.002348137 5.004066829 4.342342404 5.428776373 0.042588760
9.677673182 -4.702463958 -2.812023555 0.464511376 0.569030459 -0.677831129 0.031280633 0.265167374 4.858649416 -3.230989876 4.375619779 6.418529716 2.240996584 2.044796675 1.084191197 6.222798430 6.197352094 2.821628062 7.686751484 7.986961042 1.398786910 6.013186217 6.923238323 4.111127910 0.896986379 5.459817477 4.963624284
10.615557594 -0.817846988 3.478370190 0.686739925 0.293650101 -0.481131098 -0.458988845 5.924202642 4.793640641 2.736635197 4.672769322 5.192012723 3.481253046 2.494205049 4.884904455 6.365326340 3.810778060 2.734590931 3.165152119 6.170494495 1.490637497 7.380962727 6.336279913 2.653797412 7.082564839 5.137916510 6.075186508
12.038126045 -8.959789869 1.760303467 0.136938516 -0.489862858 -0.157987415 0.846358198 0.389809769 4.388609615 -0.563483353 3.212118520 -4.404844505 -1.070935239 3.829881859 9.845036196 3.635219012 2.957127373 5.114647056 4.292881471 0.809516785 0.250130513 2.881478048 5.760075035 3.211067952 3.595928755 -0.198470441 0.831838506
6.877518515 -4.421933563 8.521831639 -0.942538494 -0.195249305 -0.120948843 0.242631972 5.823244109 6.738534910 3.689239363 7.764192424 3.051265740 4.621271986 3.643899538 1.477497564 5.965145800 -0.542702108 8.781621920 10.018856944 6.933333551 8.110311483 5.651340580 2.725391136 7.772802520 6.262829598 -0.175458740 4.056505429
17.724004744 2.716367627 11.527358138 0.084003069 0.940143570 -0.110947791 -0.311069348 1.369600747 5.703591845 3.043039201 1.950203989 1.927862800 7.180116578 0.461243203 7.209283312 7.599337314 1.327175223 6.884853489 2.279244218 10.525450220 -0.391237597 5.947158070 6.909624159 3.110372591 4.902192322 5.671277337 5.338067760
12.559682205 1.422094312 9.948305970 0.268520437 -0.346102757 -0.787980814 -0.432661408 8.405050505 -0.720698073 1.510133885 3.290044246 2.687329086 8.972962231 6.574821435 5.313715719 2.933142789 3.311301398 3.867147624 -0.191965777 7.655393982 -0.889021142 1.578774401 2.246240038 7.237172951 5.658209329 2.358916626 3.401765579
10.632256459 -0.666127416 1.033793205 0.684079763 -0.426091608 -0.589805588 0.051089997 3.197024634 3.685919236 4.349266294 0.964451069 3.490202429 2.277731520 1.096236441 2.042196624 -4.108486185 4.907122810 1.110714220 6.239938280 0.801839562 -1.594846858 3.426256819 8.535127030 5.610338381 1.785259376 1.132721024 5.477458580
11.751753314 6.358498136 6.567959374 0.629528915 -0.504246036 -0.443515033 -0.390798792 8.329416827 3.240813359 -0.317764665 3.503422146 0.200480057 -2.306024187 8.663442745 0.040914323 -2.690282698 0.917719852 4.817320136 5.722785135 2.806844099 5.591401275 1.013355896 5.360879023 10.574005581 2.776156151 -3.684296242 7.965372522
9.784571539 -1.051749534 -3.951025111 0.016244909 0.613551243 0.781033388 -0.115229429 8.559303421 6.538700608 3.702950256 5.580697046 1.479570539 6.021106976 2.495327870 -0.769491177 -0.534922011 1.767902788 4.191043465 4.129077047 3.918655457 3.091570332 1.381036371 6.887836755 7.199075419 1.831163775 7.598255468 0.152374720
15.232312285 1.508305068 10.347078769 -0.364846982 -0.322540955 -0.720371237 -0.493881861 3.109968637 3.162048560 5.892339932 4.797344757 1.308096614 0.879358562 6.100439369 1.904335190 6.926567638 4.451849368 6.238743882 5.006572747 4.933071417 2.923559455 4.939305698 -0.441930769 1.925174305 2.716734003 3.019140107 6.181288947
20.062257089 0.692637094 4.633282533 -0.509689979 -0.352357338 0.757628498 0.205084108 8.663510854 0.874878951 5.230939222 -2.170521313 0.549125795 8.112577302 8.560183865 -1.599690040 0.066558661 4.719267005 7.993634312 5.518474139 4.463032503 -0.552400473 7.079820574 4.466000916 3.284880120 1.862092767 1.719491811 7.205796432
14.981151427 1.695047908 8.686704808 0.873501067 -0.155806527 -0.307309518 -0.343920153 6.971979362 2.331855820 3.664460667 1.204704040 8.323501659 1.170698518 7.787534399 4.317418732 -3.474997179 -0.997723088 5.149461222 5.509556530 7.814375956 6.870133749 1.205893618 2.375055434 -5.250296106 2.299172530 4.695911512 3.860295840
18.934022214 -7.088809713 8.765853734 0.089739473 0.097827689 -0.968625644 -0.210097433 0.738215106 6.826102000 4.892050600 2.006235927 3.979867656 7.847248555 4.796501989 3.204147961 6.525278925 1.864227794 -0.802443114 0.720231295 3.372001232 1.121584364 2.489276900 2.032648175 4.408866917 2.994099311 -2.933466452 5.716431612
17.733483137 0.794240643 6.260069558 -0.185830415 -0.551093131 -0.806814460 0.103989640 5.067097343 9.694668340 4.515337151 2.898589379 7.667178741 -2.220074863 -1.610155538 1.969507500 5.699818349 7.403586783 4.066762994 1.434822647 -1.611439388 5.012715336 1.460271867 3.639768767 5.967734230 6.053284939 5.831018031 5.017770024
9.064458555 -5.513338437 7.776494640 -0.037469698 -0.770961831 -0.628044836 0.098861320 2.020967497 9.428178492 11.244667457 1.722017701 7.256714906 5.417678661 8.078265584 5.943821175 1.991139887 0.928600043 8.838203732 6.310710155 4.609598867 2.585358403 5.127849215 10.056771707 3.118946805 4.344980288 3.764277146 4.737596280
19.645100056 -1.147063811 -0.787348093 -0.128497171 -0.244111388 -0.679793986 0.679542673 10.291493884 2.588694566 5.535402748 7.649291052 4.615977903 6.910686343 6.466804533 -1.552328842 1.802322011 2.535759719 2.696226868 3.290984396 2.909901874 3.253494440 3.004620891 -1.589487690 -0.704193371 2.055576620 4.145529790 4.401073412
8.990617640 -0.764241139 2.165870379 0.525688920 0.743603381 0.197154518 -0.363091265 -1.687984282 1.776516628 5.743677905 4.839968300 4.286823243 6.725346531 8.220939721 4.087700806 2.441370125 4.610988646 6.727957300 10.235448699 -1.725741918 0.031910976 1.609823459 1.967017278 1.647940630 2.490306085 6.852682128 4.833206301
8.511060683 -0.184148448 9.121604366 -0.731239647 -0.221130679 0.639342693 -0.087354000 3.078976068 4.419846491 0.636127828 -0.647818790 5.348696560 4.761319192 6.084007420 4.911549603 6.342972597 5.107093787 8.094573192 5.150403958 5.679263983 7.047606326 5.444320091 8.542727216 1.862419789 2.474555688 7.190918813 1.753220256
22.009158442 5.945246681 4.752168587 -0.355160360 0.005820550 -0.488105771 0.797232711 11.040531014 4.007488019 -1.525538397 3.061595306 2.960571111 10.199679927 1.243805589 9.774055990 -2.207261618 6.447569038 5.267832016 5.110507742 2.320302749 7.277181186 4.067470518 4.086374782 1.786748729 1.052165983 5.405936181 3.328717447
10.809850096 4.922925737 10.244444922 -0.860572421 -0.465334177 -0.200174515 0.053003548 2.469353647 -0.462742793 -4.878700603 0.840712405 2.790479666 2.398531426 4.727746620 -1.054468001 -4.128327751 7.012366711 3.611442814 4.751324967 4.353529595 4.794414796 5.346584902 4.738275287 -0.332634859 6.532416200 1.667445914 3.661002997
14.771707729 -5.892582657 9.942962099 0.858902719 0.147705673 0.163451587 -0.462334006 4.636337058 7.645399971 2.472802512 5.224938924 -0.340200349 7.656115287 -0.901542819 0.204059667 -0.337518841 -0.575982101 4.091531110 4.539344978 5.274090800 5.800355006 6.114630799 3.375348569 4.830308913 -0.403912973 4.057443056 4.476554276
18.083707847 -6.929251636 4.015838887 -0.564505438 -0.232963336 0.203930796 -0.765162679 4.668648026 4.138862625 4.596762260 5.233742533 3.913557990 0.219163520 2.242962640 3.497001400 6.844421462 5.943103268 8.568315031 3.725699852 3.485942724 4.185940283 6.906637421 4.288744317 5.699907044 6.594160181 3.601251147 2.887919393
17.019700093 -3.846599243 -2.740735676 0.105053483 -0.265987394 0.086741005 0.954301037 -0.250697036 1.223260354 6.498749294 10.227713143 0.761017039 8.044092509 1.690822769 -1.290252729 3.665000843 12.923243363 3.693516323 -2.100162657 4.501793500 1.615963717 5.629033550 3.479525619 6.106734353 0.946460336 1.275119939 3.786281233
15.864986169 6.185074990 9.905351405 0.854174743 0.234572825 -0.393834693 0.245469618 3.287982747 1.001780048 -1.477011913 2.619463126 3.521836343 7.325469304 7.050776173 2.397725457 0.605609422 4.448909659 0.854011883 3.454540905 4.401749274 4.487483093 -0.822533888 6.587721396 7.088824211 4.388442766 6.564058145 1.587124318
12.814248577 -8.962621163 7.626793821 0.306043172 0.920947891 -0.193025526 -0.144684848 -1.866541388 3.493264208 0.279791349 2.546060026 7.901236195 1.434798567 5.089936853 1.883399192 -2.313363603 6.706147254 8.839386192 1.965062071 -0.249162353 0.395151551 1.422708569 3.305979086 5.477193477 2.267894097 3.532670133 2.692678497
17.802553424 6.574430438 1.403050194 0.356120026 -0.665603154 -0.632828908 0.172274613 3.217371079 4.033150041 3.321100038 4.233292893 6.699857680 3.121102606 5.983800079 6.818187540 7.048871372 -0.688803761 1.779984329 3.696164997 4.092949269 -0.534036439 6.752253880 1.591323270 6.978233841 0.477951880 4.216588893 6.505570114
11.336886643 4.291396782 -1.058309383 0.263358950 0.691950704 -0.538104275 0.402852425 5.035788088 2.786833691 7.115283028 -1.808007932 3.930814969 3.133704332 4.820478263 1.423008470 1.793898082 -3.594097344 1.157197623 5.627190545 3.914593950 10.397595807 2.267969362 7.233264869 6.370634085 7.065500358 7.856907063 -0.963902619
