0.912236120 -4.969834196 -18.522668276 -0.720520217 -0.453591738 0.013205594 -0.524338406 1.484843927 3.695420955 2.669995173 -2.089848069 2.316316630 7.452618944 5.060691479 4.345690560 4.272412845 6.355234807 0.453163508 5.846911726 -1.132963251 3.322066539 5.240170551 5.518150720 4.535841471 1.379722276 7.101322810 5.832108020
14.582056674 -2.501772667 -10.233149342 -0.418523688 -0.184432604 0.163967021 0.874035098 6.232699500 2.134049151 8.309081309 4.862753477 8.624647685 5.278450225 1.283498293 7.648012713 5.661594511 5.990485133 0.528407474 1.562089143 4.852990021 7.018487688 5.598386377 11.877380430 3.761204929 1.105120513 5.780975812 9.207047952
13.452469778 -5.715738763 -14.805704580 0.550772665 0.308196788 -0.744504069 -0.217664656 3.153261229 -0.168732268 4.449110271 3.214432284 4.891426388 8.652944723 6.360160019 6.523422832 6.684809801 0.533965446 3.081292952 1.772240731 1.575012814 5.122947587 -0.133896589 1.740813015 1.832672204 1.751184589 8.302102093 2.913026669
2.993454541 -2.015385279 -13.143214289 -0.905406647 -0.248452856 -0.197543719 -0.281933435 -0.257782493 4.471200526 4.618551805 -0.340552301 4.638212963 5.309678625 6.600986201 5.610069910 5.766821100 0.266609521 2.347907427 7.210605259 4.082773240 7.357099565 8.079657497 0.155524098 -0.270521246 3.878939209 2.315088158 8.431410038
7.622975794 -1.015383627 -10.942448710 -0.145917392 0.343377844 -0.498207224 -0.782680862 5.475168456 3.181083057 1.232402356 2.690621660 3.078353946 8.643987587 9.561262187 0.485673396 4.389688227 5.125796807 -0.305494770 7.358775470 3.046243615 4.697670944 6.865027349 6.829247594 3.677374954 -1.695414166 9.888093244 7.042398937
10.203835002 -7.246457184 -8.689029009 0.162722673 -0.289673821 -0.135004281 0.933479648 4.183839490 -1.086256003 2.927627243 5.971917420 3.655812622 4.216981862 6.804542015 1.234682392 7.335217891 -0.569490335 6.764837043 8.659537103 0.088242336 6.246606067 7.006740419 5.289080864 -1.793908771 -1.665939929 2.158755534 4.919960612
5.520327025 -3.351007154 -10.359710950 -0.123330783 -0.857726803 0.085443792 -0.491725134 0.393830103 2.932160497 5.987927060 2.616525871 6.982541988 3.781546473 8.600889526 3.520952235 3.619193777 3.051985507 -3.558743425 9.585114000 7.843938036 4.697200321 6.148456758 2.196252795 2.661934409 5.902369759 4.594341441 9.778072677
10.129511110 2.044870526 -11.238270118 -0.683267573 0.686831211 0.108163921 -0.222954880 3.284802794 1.813315047 8.415635551 2.955514436 3.918932160 8.194206219 10.531426422 -2.133317514 4.432389206 2.981367597 7.339452585 5.031519156 3.923892987 3.925964052 6.312851569 0.776828613 5.559037790 3.038965823 0.333876803 3.157836839
12.048450578 2.111799642 -19.029244590 -0.689639074 -0.458310383 -0.379797368 0.412436057 10.472308417 6.711503964 5.186726480 5.991322035 4.802992190 7.494045545 5.550107805 6.027310138 3.080052493 0.724681576 4.032683633 5.576833298 6.020264175 4.641564679 3.921139858 2.487262883 3.326195924 4.524193475 8.342055745 2.233663125
4.265322637 3.384502404 -8.323770362 0.053007038 -0.500894770 -0.572141436 0.647262590 4.602229919 3.111037836 4.280190493 4.028475550 8.208651682 5.267148090 2.652801465 -1.405399182 0.713288737 5.279095959 8.622146957 0.575920757 3.474613952 5.600510756 4.379607445 -1.440912130 2.348734968 4.816124700 8.936634206 3.980474156
5.893073059 -1.652470023 -17.410098801 0.101451021 -0.068348402 -0.911682004 -0.392265355 10.084655512 5.404074000 0.827457705 4.237527402 5.681538059 0.817735276 5.556747383 2.837380274 6.173385271 2.612003821 4.285590639 0.772629785 7.758796403 6.193259130 7.063570196 6.533029268 2.656591909 6.519054776 5.106678651 8.712430439
9.204647258 -1.636792559 -15.092727332 -0.614789907 -0.464760684 0.043065946 -0.635748536 6.575994326 7.815433974 5.924541550 8.962612983 6.348943936 1.634938546 9.480741775 4.640511854 6.260123599 2.698687835 8.036060005 2.803996097 7.585304189 1.770932543 -0.764118020 5.091779743 7.186949905 5.019069070 7.878166658 3.432461318
9.957392409 -1.433142310 -14.385527473 0.322802220 0.523089093 0.357209583 -0.703262285 4.874387469 7.827796940 0.590084232 5.429852751 3.387200682 6.021165107 2.373117307 4.076589166 5.757095143 11.563135477 3.605782107 0.474210784 5.927145156 -0.290603982 1.378115457 2.775204053 3.129121054 5.780446451 6.348293604 7.265227173
12.956193061 3.484744655 -14.835180755 -0.056095073 0.578049208 0.703643499 0.409387693 -0.178294876 2.030555011 6.560115047 5.842456750 4.859625293 5.276423148 1.130912301 4.703620847 3.256294169 2.592218184 6.769647588 2.057934290 2.275004457 4.977160872 7.373293530 1.691110986 2.764745614 6.182289622 1.513590327 3.453737029
15.497753457 -5.948904317 -13.472753569 0.078260825 0.237247764 0.933723869 -0.256414660 1.031936759 1.393814243 6.671008485 5.679703633 -0.293297450 7.661780442 3.902279150 5.533390054 7.408654551 6.031204885 7.992886569 5.859444149 6.257555569 5.585901772 10.186951617 7.772405757 8.114617702 3.718829273 4.834960717 5.621748200
8.581208675 -2.437311187 -21.128302768 0.701885057 0.313992951 0.622607399 0.145347240 5.537155235 5.958298691 -0.127085201 0.427106975 4.091593074 6.771123152 4.466100171 2.995512101 4.383139794 6.041474725 1.848562227 7.548003765 2.055888250 6.164301053 5.670055036 3.183897894 2.979077170 -0.402635725 4.149678637 5.171277900
8.758721398 -1.566092621 -14.040676941 -0.157786175 -0.980426239 0.050513748 -0.106377973 7.765533822 4.522786254 6.197173237 3.591184858 4.234895544 2.795513089 6.199500494 6.418625538 5.922613690 4.938687843 6.761349228 5.479494399 0.267814036 4.387266629 4.733504123 0.261821475 3.180396538 2.240630233 3.301654431 2.424814191
16.453089521 -7.091124984 -14.683197110 0.162679631 0.491187051 -0.316527236 0.795035300 7.277391811 -1.424345851 6.575901045 4.764975503 4.250366886 4.168165060 6.055861499 5.193894677 0.232380028 6.995003276 5.841413382 9.040108189 8.071470125 3.897523526 3.825664293 6.804236112 7.957231506 3.211033827 0.900918408 3.890719112
3.830290992 5.991438100 -11.981429799 0.121314808 0.761354778 -0.218596657 0.598194886 8.862353159 6.760706025 5.184995425 3.710580954 6.949473649 0.591546840 -1.147969192 2.814051355 4.490513132 0.794188578 2.951356599 6.113207742 2.675518657 7.102928605 3.723739762 3.067015841 -0.330635717 3.590387123 1.909402009 5.249213816
5.259928272 4.622277594 -13.357082775 -0.242702650 -0.615663263 0.489184405 0.568113359 4.536920020 1.068640998 2.707584838 -1.304875479 1.531048483 5.024398252 3.889010008 1.149190473 3.767888550 5.613984757 -0.247442202 4.152855453 -3.246701021 3.971771142 2.967608505 4.159344016 -1.340659052 -1.563805233 4.221681276 3.880899357
7.705701165 1.826686863 -13.873818265 -0.012648826 -0.340689568 -0.779862435 0.524962102 4.157047163 4.807020207 5.182541828 0.855429105 1.060677001 3.699860311 2.725463959 4.350152799 3.356796558 3.628836036 8.452988764 2.669337893 7.339396478 0.352760125 3.623164586 8.664191097 7.158735391 5.150152929 2.981648478 0.347039026
11.847885613 -5.228811916 -21.776073498 -0.754930461 -0.590063474 -0.073916613 -0.276480433 9.864307092 4.588308926 3.444080293 0.849528078 7.990593641 2.797779743 0.893517232 4.586526477 4.936702894 2.373857548 0.631699732 -0.037716112 -4.453792462 2.824862346 5.472865731 2.456772170 3.112171960 4.919802962 3.562717688 6.039754438
7.378853836 -2.835885479 -21.158139252 -0.891717168 -0.158139392 -0.412351206 -0.098989435 1.089091680 5.408218313 -2.774802748 0.994455456 1.852431818 10.374760178 6.732236310 1.590664761 5.156484602 11.074809823 0.420770699 8.224452406 1.707479331 3.225823607 5.652046663 4.195713159 0.827334715 3.450593958 4.012236533 0.034379115
15.183675336 -2.781647875 -11.797997291 0.165091680 0.482975309 -0.741486511 -0.435519622 2.247352130 5.821031478 8.926145881 5.995193477 -1.849866500 9.091744362 6.623913980 3.404857506 4.414338876 1.214115152 2.900099460 7.467229449 2.845438877 4.384248893 1.753658875 1.768188155 1.037944249 10.907198528 3.903457632 5.661202906
8.744214218 -9.349586534 -15.133476641 -0.419842761 0.612620278 0.655994075 0.134537075 7.580912140 4.790606830 4.757075897 4.288359161 4.743318852 8.774918276 0.113060712 4.505076573 2.192521210 2.261740335 5.945749169 8.640144093 3.953159698 2.957109229 6.856067127 9.342596550 1.643513181 4.712284058 3.778306901 3.277636643
7.226402183 4.531636304 -12.831204323 0.147599133 0.188428583 0.067546773 -0.968579681 -3.494369710 7.575659210 0.294544375 6.951561870 9.173559721 3.865626595 3.079619429 8.834210977 9.361091042 2.936165502 5.896521862 3.125088024 8.119731225 1.901318810 5.993711885 -2.005751485 8.423890125 6.134089298 6.036150388 -0.916360677
17.405006888 -2.362577361 -11.997805416 0.428367558 0.866269834 0.118174888 -0.228281637 9.106102311 3.152016711 6.694534739 0.078333429 2.016686468 6.200228935 1.941928872 5.122133413 2.712951084 5.148312368 6.201976016 4.262986629 5.393528985 4.641585807 2.148078040 3.616692596 -2.870343021 -1.696034081 10.785951121 3.775144415
14.461796815 -2.193197248 -9.157863308 -0.313039673 0.394390836 -0.222498616 0.834839145 1.054711920 7.617038313 -1.986739590 9.562171336 1.928632011 5.404018734 2.366465982 5.841687195 2.725081907 7.319498488 7.258642538 0.443178808 6.438013618 12.305018168 6.070670569 6.151128066 6.735492499 3.115519399 5.967433141 -0.195669694
14.209564401 5.560720133 -17.522392686 0.388054500 -0.478049135 0.255226353 -0.745481213 5.532771789 3.039420244 8.460334475 4.128113899 3.691737420 7.700701950 1.955079636 2.867962008 6.131954458 7.619460220 3.519758663 4.652048369 4.937595861 -0.818578223 9.078530964 4.996335681 6.164481264 4.420623675 1.754076879 3.826640014
6.627342409 -4.937778568 -13.850709894 0.782435062 0.128116510 -0.295781179 0.532818007 3.981174145 3.105130625 2.910352130 8.967708519 3.399894630 0.643982315 3.617750139 4.332075071 9.556308990 1.355788985 2.791296083 1.780278722 10.814606608 2.123367794 2.113163576 5.808033276 7.032121131 9.585919238 2.477140642 4.948536597
3.914295857 -8.246483272 -12.435485824 -0.280955070 0.927025405 -0.170027470 0.181049182 3.473360725 -0.454486568 4.116976748 4.598791628 4.312189032 3.179681880 4.805776911 3.865090426 0.762782563 -3.213874878 4.469544761 6.843807072 1.569594186 2.040802868 3.216319427 1.783066845 0.807334041 5.522073876 3.532601231 5.198116769
15.982628095 -1.531914842 -6.630432258 -0.590273887 -0.172191106 -0.783238014 0.092006388 9.896315491 6.767062044 4.693967940 2.609243015 3.653706657 8.410687592 0.972853147 -0.036273058 3.983855310 4.047219447 4.907987813 2.442784439 6.779430770 1.888723741 3.350264670 11.730956059 1.503194942 6.789866737 5.814725485 7.742532885
6.424451881 -6.927341329 -8.248435166 0.637096030 -0.182260667 0.742564339 -0.097405854 5.064057010 2.135258288 10.162957172 -2.653604363 9.241929583 3.028899713 3.390981944 -0.074667195 3.718127815 7.662099574 6.579333231 3.113580810 3.709136763 3.735690194 7.047100399 3.010830102 -0.852144491 8.618779897 2.460592226 2.819877745
12.807877976 -5.709950543 -11.418910725 0.365032412 0.837034540 0.215005716 0.346261549 7.159227602 1.246745736 5.449695107 4.371696678 3.573923243 4.306349549 6.205140095 9.576582530 1.966971641 0.139188551 6.814399122 7.864383359 6.106460324 4.958413085 5.066315941 0.649410984 5.764099319 6.447426682 4.802815227 4.729728665
4.091583814 3.779525538 -12.887763444 0.647309410 0.726736031 0.223636415 0.053216758 9.264677442 -1.711014403 5.250023154 4.984560855 8.358998882 2.466926749 3.741539817 10.739181883 3.948482420 1.250380990 -0.752873159 6.595598511 1.623699921 5.871834058 1.813512357 1.259759041 -0.155967264 3.600413225 2.051232771 6.189546132
11.595018813 -0.067165887 -5.013859589 0.528502474 -0.042065142 0.786570800 -0.316578639 2.953622154 4.043015564 4.041540928 10.073690872 6.632843035 2.515615165 6.580108817 2.046103281 5.331551918 3.328823451 5.769625982 4.236267226 3.169378867 2.164571645 0.357072644 -0.427220310 9.503079214 2.835387092 4.482731618 0.785260782
14.547653659 -4.522288337 -20.871350599 -0.627146864 -0.022562432 0.529199761 0.571073866 0.065304549 4.128555560 6.759194691 0.789584281 -1.216933391 5.393038276 2.675242501 1.855740699 1.145287089 3.369751594 9.236201012 2.892003189 0.872483784 8.244015980 1.626350796 7.954664403 5.268481423 1.842056097 3.200614419 3.822642396
9.508959110 -4.828836819 -20.203545813 -0.327952989 0.144864915 -0.825880723 -0.435180451 4.893971080 5.109331465 10.659204525 -0.359604775 -2.052027002 3.040621020 0.510286083 3.153377371 3.656285063 5.492898145 1.654558420 0.501719131 0.308630602 5.779504395 4.976926364 6.360152369 3.220527597 7.666550715 5.316376460 3.877682803
-0.578584894 -2.456515526 -14.075821761 -0.758135818 -0.352803678 -0.183375849 0.516849054 3.864844680 3.848498174 -0.655666825 3.115472332 3.825370860 2.817875113 4.111534216 2.961406018 3.533513947 6.239507465 4.190445796 -0.747994644 2.007890480 4.540139504 6.298315906 6.092528108 3.090848173 7.301524648 9.081496703 6.329088747
8.859364647 -5.370902110 -6.985446433 0.606173061 -0.442275116 0.602607720 -0.271681574 6.369777071 5.974160496 6.275751317 5.649252222 5.211693295 4.470220446 7.642500139 2.696748493 7.045788257 1.278546196 8.756775700 10.056564247 3.597448145 -1.255431770 6.808044060 4.208466245 3.052516629 2.275752078 3.982291865 1.505298230
14.992911816 0.133582298 -12.158719611 0.836469740 -0.392096236 -0.359030704 0.132950630 6.483406634 2.144575794 7.923449037 2.806237779 1.630938118 1.840372953 7.234709114 3.489479893 3.941592483 6.654434523 5.213248292 5.745556699 5.590758749 0.858008862 -2.411053429 2.858775524 5.606208674 10.327284623 0.996262456 6.246167088
13.536568151 -6.471646695 -10.222943072 -0.367644837 -0.768619657 -0.092673450 0.515240457 0.266726032 3.248980979 6.947359646 2.986369038 2.326464044 4.794409273 1.795614502 4.920548221 3.596095730 5.649191026 6.973361526 -0.596464751 0.109123044 2.188605139 2.116613006 7.090541646 -2.851874249 4.564774182 2.552900416 3.024481109
14.882850569 -9.161468631 -17.107994638 -0.010688059 -0.741907441 -0.028668487 -0.669803876 1.492705016 7.443588160 5.752359656 5.223988240 5.252845059 9.475731433 1.508665326 5.457518520 5.097048966 3.507380646 8.799044609 1.431607193 7.967836872 -1.494707477 3.380431026 5.522023485 2.809424972 9.490297686 -0.118410984 6.672288357
8.072901935 -1.959286000 -10.524936255 -0.862530417 0.401928328 -0.161668712 -0.261453872 3.960078588 7.066648788 -0.544507005 2.491942801 -3.856491386 2.943131471 -2.051053038 1.474299460 3.522230583 5.090550804 0.241372802 3.158292221 6.984554980 -0.221320965 3.454457920 -1.946846701 3.949085933 1.693656376 6.906150811 8.016968481
10.089711159 2.049459073 -15.886995880 0.506992425 0.150058988 0.548796304 0.647505674 6.720744975 -0.034809037 8.590416479 7.447283697 7.771023174 3.333567726 4.174904469 8.191830019 2.440682606 -1.219186598 2.900524525 4.157976410 8.355706756 5.537144506 0.569814086 6.590308858 5.441686263 7.933333511 2.089263672 -1.419898653
7.638816674 -0.728166534 -20.070642635 -0.508653037 -0.587032418 0.265153863 0.571277916 4.754233752 4.425176852 7.408538714 6.192297213 5.087212311 3.392225016 6.230883616 4.553093563 2.287700483 5.255754386 6.440907959 4.141263739 1.626796257 3.637061717 6.115566979 -1.582296225 0.966249507 6.403392189 5.738750830 4.582112149
12.338100843 -1.494080276 -17.803564044 0.085112078 0.135396973 0.676609161 0.718765357 3.770103813 6.739788047 -0.564369683 4.655186484 7.249120309 4.885714183 9.463807663 5.191413070 5.736581945 1.224784240 3.963490363 0.682396273 3.231399964 4.756800983 0.310696346 8.909330156 2.860747412 2.865356950 3.303649750 5.399200507
7.264524920 6.549102174 -12.423098876 0.088229872 -0.300727703 0.791546458 0.524626099 2.804811637 -5.312555728 3.486574836 5.353367721 6.607068509 6.300098255 1.168892476 5.763623541 8.129336054 10.370718663 0.814447268 2.730190897 3.415207413 -0.842504087 5.965513114 3.898902609 1.135776013 5.450995892 4.032303963 4.606360753
11.646391825 3.930705687 -20.445453800 0.479154399 -0.043098597 0.876596999 0.011457471 4.224140030 4.622503425 2.705821810 3.101468111 4.036871924 2.327297802 5.102152790 -0.105149940 4.582983217 7.370335071 -1.482375412 3.156972600 5.377243075 5.693267884 7.579311172 5.195723223 0.748314726 2.130743861 4.591098393 3.253448031
1.818619339 1.127084280 -19.691833190 0.403904510 -0.311957335 -0.844144985 -0.164204179 8.447598345 5.962869541 6.078502052 2.872189052 3.641017542 8.691914970 1.139793452 5.337798357 5.585721947 5.267420385 10.462087632 6.268254315 4.754373502 -0.274478996 3.141334964 3.014573411 2.125247381 0.329162889 6.358378617 0.683565235
9.410372540 1.831734339 -17.459996343 -0.568766174 0.328009382 -0.240141333 -0.715015402 4.793988192 8.358066493 3.438217907 14.195430990 3.307891139 1.515889448 3.635223288 3.774832269 4.304727695 6.113235433 1.551086116 5.540443543 5.460601599 6.810954829 3.489899931 2.928772368 8.833112512 4.998159319 6.729802170 7.906181226
11.088980310 -3.767629090 -21.918114538 0.290780351 0.844925605 0.103792058 -0.436777653 7.090645892 1.329757551 0.879033847 2.284570450 1.459774802 3.807653543 4.160292289 11.522373887 4.679404402 9.324601132 2.646887428 1.137599095 3.762491510 5.257984888 2.063777027 4.531301106 1.302731906 2.047139533 7.950940199 6.043588118
8.719707366 0.604502415 -22.699869218 0.791883350 -0.217238785 -0.088695719 -0.563791751 3.887496544 0.666769420 1.524011437 4.484478136 0.245133845 4.064369469 2.061898222 2.124063039 6.058605127 5.117496054 3.622936775 6.418907960 2.276073353 0.073716548 8.544107865 7.206151614 3.075534265 3.420120541 8.364681076 4.515574494
4.443467798 -6.120047610 -7.441460756 0.403353253 0.519147395 -0.679961930 0.324721279 3.267788028 -1.072641096 2.922252656 5.085633433 4.500650481 -1.059313198 0.234331630 6.431090591 5.938008281 1.177901637 0.453882462 7.456047867 0.434349820 8.542770115 4.055972361 2.905654412 3.435414837 6.819578568 1.594901908 4.850334434
10.711253170 -5.818159989 -13.501508806 0.200310644 0.646463487 0.301323331 0.671688064 -0.631046673 1.409970856 3.592257118 6.468543524 -0.113166390 7.055685334 6.256726459 -2.551649447 3.184998240 4.406039548 4.968468873 1.796580754 8.919709827 0.965447878 5.556212631 6.393631567 -0.663525462 6.517745452 -0.500158410 5.228284994
7.004819251 3.859827988 -12.815485328 0.018985520 -0.402457110 -0.883732817 -0.238084296 7.028495234 4.973199995 5.835532073 2.692478413 3.210219803 6.429456605 3.285214764 3.961972499 4.801541342 0.818509240 4.206299093 5.896772309 2.639545395 2.961387973 4.522609211 1.790268042 -0.125977219 3.409375423 3.617575468 3.353613909
1.168013496 1.398152716 -17.056812167 0.529946495 -0.732604651 0.390971857 0.172012048 4.283695525 -0.354409942 5.770906555 13.084080393 4.706450371 -0.291156283 4.179743277 5.875544668 3.231538631 -1.725702619 0.943313480 0.499064442 5.519962368 1.303164641 1.337683077 0.442974231 5.621370374 8.689347320 2.673779651 6.820364152
9.763556433 4.313362537 -20.470954999 0.305492671 0.217281243 -0.908108614 -0.186552497 -0.549108316 4.535133134 9.753190492 4.608030794 4.654241485 8.470474868 4.891093728 -2.724270393 2.559891943 0.057430353 0.785329186 -0.528535856 3.578286816 4.788628157 3.995700813 2.493353169 5.705589504 2.605539840 3.108290871 -0.835615694
6.666966697 -2.046878383 -21.234360122 0.499287794 -0.282491449 -0.626910185 0.527156428 0.646544588 7.446032495 4.861953320 -0.156272698 1.928731109 2.838335293 2.027137811 4.017520104 5.882317664 6.985718723 2.951325490 3.392953675 3.951916824 5.108266273 3.260445382 5.386389763 7.110343884 4.374372737 8.515987021 6.252990935
8.682259928 -2.569050649 -18.577936726 0.669466100 0.069363305 -0.543794579 0.501289665 9.088289533 6.548101448 7.096738315 4.658501154 3.239573914 1.071400904 -2.022699239 5.834839858 3.884075022 4.777703500 6.436524446 9.639414664 4.707934735 7.369287924 1.933444041 2.844092404 8.876888647 2.170200207 5.600726565 5.482169330
7.822804992 -5.012315684 -9.285230997 -0.454863296 0.741355245 0.229781717 -0.436683118 -4.064062450 2.977032721 1.284371600 8.180047843 3.559782520 9.140256204 1.406091965 10.004107610 7.514718049 3.129172846 5.740985048 3.588825234 1.242041412 3.606817458 -0.656455000 1.680913638 7.179535486 5.873050862 -0.191412571 2.153647166
16.254781046 -5.201271654 -13.080550997 0.877491888 -0.177092137 -0.081986928 0.438091891 8.591220343 2.437234667 -3.129369916 5.501523191 2.716167111 2.545179051 3.632316762 1.668487520 0.803417497 10.352982095 8.064666937 7.284818090 -0.358445932 0.763995798 1.578523859 -0.304859938 -0.045141000 -1.711971623 4.411416367 3.685193249
3.558107134 3.520619793 -15.734718380 0.873739490 -0.376486237 -0.226924777 -0.208188768 4.928629430 -1.099323031 1.271245628 4.238922445 7.192285676 -0.750947105 7.521000571 1.518794398 8.533564848 7.920444689 7.190042584 2.118017938 6.730068126 6.860942157 2.703807900 1.289931870 1.735799870 6.506343827 1.286642239 0.163261460
1.390462605 0.419223673 -9.571445596 0.752033309 0.348053886 -0.505230276 0.240928959 3.280786112 -0.810749007 -0.033944085 0.498960602 9.660774408 4.037720533 6.919163083 2.252739040 0.677935192 6.317010716 -1.663371290 4.915087082 8.840107890 8.758219334 6.511772387 2.527851053 -0.959483876 1.660704020 6.553155635 -1.851319580
16.640625515 -7.279895554 -10.206355750 -0.089484627 -0.465894349 -0.190706881 0.859398535 5.964753632 1.382387751 0.335452678 5.416296195 7.206183313 1.675623322 1.956210097 3.572440872 2.337893497 3.328594404 10.531544001 4.766211398 9.102423018 2.926242804 9.334786220 2.733327471 4.407782485 4.820920858 1.721290164 3.114272916
5.396819107 -2.308769206 -6.858299069 -0.526923585 -0.029964503 0.834847752 0.156470108 5.500183458 3.860162892 0.657937846 0.052269219 2.361336056 0.571077996 0.710601130 2.851935886 3.967797439 2.558025298 7.264372680 3.456302045 2.220991518 5.102859300 0.860718080 0.609590823 2.974630636 2.735619635 3.249982985 0.817153826
15.561344328 -6.286168745 -8.448766693 -0.824738975 0.022211729 -0.416093379 0.382333052 5.110728047 2.735612104 4.512565614 4.827881089 2.457141542 3.497580723 11.926420829 1.641240639 -1.049274437 9.290600137 6.003912024 10.159619260 1.433996776 5.794427531 5.247366322 2.520324463 -3.013537949 1.420115886 0.171999866 1.841888355
12.632907992 -2.078274217 -13.118564455 0.464777785 0.166040513 0.648369912 -0.579679753 1.728121107 7.246159785 4.442051095 1.076973999 5.008210956 9.546285747 4.013440021 1.654271352 3.301973486 -2.378137944 8.253802685 5.598232911 4.408404520 4.229088222 2.494347984 4.009628689 6.586406402 7.944145260 4.659118262 0.744739993
8.548323598 -6.860043940 -12.751611997 -0.744241550 -0.600319281 0.234471430 0.175340880 5.697744281 -1.335114887 6.349707883 3.029457786 2.210094699 2.285313853 7.553363226 3.250440753 5.045483334 6.795075103 4.747592110 2.477868405 0.512179381 2.152883729 6.979319231 5.445981785 2.144474517 7.879060672 5.549197782 -3.019307540
1.533208269 0.360038443 -13.659770471 0.733393254 -0.661097595 0.129543165 -0.091120099 9.765879299 10.667243055 2.609659142 0.446590909 -0.904874040 2.949210746 -2.393461166 4.255056179 3.694617662 6.622701534 3.991107420 2.855955358 0.335183510 5.550016963 4.654639900 0.379641288 4.817654541 5.398921043 7.915545682 6.698519037
3.220328831 -4.090821775 -10.461608418 0.007502977 -0.952675937 0.246585861 0.177616661 6.541171997 4.000421525 5.119671617 10.420781958 4.688076042 1.990057272 8.214625356 5.809726859 6.140588871 3.449658245 3.481078864 5.518659960 5.709824649 3.658581050 2.733569647 4.358287556 6.879162966 3.288608951 4.641170064 5.959116958
16.974608607 1.671294672 -17.368569799 0.501696106 0.569781866 -0.247335409 0.602058832 4.229919514 3.033417868 5.681129926 2.562033318 8.977407939 4.770906495 7.067940157 2.139956003 3.977575415 -1.125487359 -0.093289634 2.184261249 6.196912054 3.283463950 4.899151553 3.845273739 5.158141752 4.620066438 6.902839580 6.285110527
1.067044826 3.099681316 -11.816384508 0.824140601 -0.262934349 -0.064514997 -0.497489309 1.765268788 3.602337013 0.686296086 5.115785875 4.020710736 2.512862424 1.093177475 4.824557795 2.866619244 6.021634316 5.943033624 0.231420916 3.984995459 0.180231823 4.905324115 6.311867417 -0.748363291 3.355875786 6.289424969 2.404431652
1.710566028 3.935855553 -13.717834334 0.385303508 -0.117551994 -0.714069400 -0.572562335 4.910064543 6.977548333 7.381058850 8.833317618 2.407090102 9.600962349 6.225345071 4.799604466 0.562060645 2.631743753 7.110952676 2.993339674 4.126916588 -0.815560036 3.295320511 5.446287892 5.677204033 5.789421736 9.879697896 8.041350040
6.281537515 4.195084860 -20.927070420 0.961318174 -0.210026093 -0.143811693 -0.105235950 3.571231001 2.877893129 -1.870484039 0.492111662 2.766130960 4.831521174 2.938291426 6.261406038 11.526233248 10.649208641 9.122084703 5.763389712 5.946118433 7.039237072 4.654826486 5.849382987 6.460596055 6.928854674 5.281248118 8.890524247
2.879213759 -1.194563485 -6.437435694 0.430965564 0.034525760 -0.580730879 -0.689803089 5.284068298 10.300834149 10.867486181 6.687333295 2.548849403 5.150499115 3.995714929 6.575268058 3.943329376 5.120709834 8.412680505 0.558099342 11.181610860 3.257789617 6.482684052 3.486523948 3.061190396 5.150596718 8.021450265 4.388377051
8.343530566 5.119120356 -14.482947316 -0.345721635 0.041120846 -0.478989946 -0.805825203 0.644982636 5.753365751 4.514700525 5.957212654 7.749064423 0.082623310 3.557658336 4.367187153 7.906968441 7.851394098 1.126056427 1.336963565 7.695857664 4.525251095 0.806473962 2.569889877 7.294312949 5.892384022 2.978164567 2.683710231
15.198324672 2.546552372 -8.297330541 -0.747205704 -0.620367838 -0.058376403 -0.231126756 7.070639341 1.309385971 6.649990344 4.655404733 9.469159590 1.322760584 8.204281822 2.313950071 0.568767844 6.899544510 2.390577707 4.049785290 0.621557684 -1.090334020 6.041095967 5.809835165 6.507969878 2.409955563 1.515543901 10.929200180
9.126242673 -11.399617853 -17.116242988 -0.310724246 -0.152495308 0.203104169 0.915939037 7.432993129 5.637105197 2.506579821 2.777848262 7.360768903 2.951402014 2.103091880 4.185983428 3.344815404 6.028797626 4.269361755 3.264407480 2.615717099 2.796849068 5.901670748 -0.031510689 5.154100658 6.436732697 4.325631278 1.334760575
8.151453603 -10.548820779 -17.908421245 -0.448099543 0.830208521 0.206028419 0.259832450 4.406304955 5.966328277 6.781760115 2.733436898 1.585868799 11.198123269 6.193144361 1.530886366 0.687978944 4.335195660 3.739456865 6.110091051 3.793353820 2.775116845 2.150085303 5.109238350 7.432920079 9.019426838 2.962316354 7.736599876
6.864215078 -6.567846917 -10.142928157 0.096370330 0.657179254 -0.652093050 0.365517223 0.021147543 2.249671988 5.543396677 4.901626419 3.098630867 5.395245591 1.074436385 5.392768451 -0.117134768 4.854790893 6.525580060 2.689102772 3.995657974 2.419364754 0.835557766 5.103797712 2.680500804 8.273365259 3.401742655 3.769633406
3.657441356 -6.687400047 -7.627854369 -0.065363296 0.899167068 -0.419406186 -0.106417453 4.110288608 9.139795079 5.316439640 3.670645080 8.378664706 0.660609828 3.096261391 8.410393772 4.994546914 2.333166882 5.222293855 3.780560666 6.973114785 4.474148560 1.601627965 6.333338836 4.335562119 6.579844362 7.099909198 3.268190368
4.792990360 -6.159600835 -21.218706900 0.269960263 -0.411820769 -0.870286493 0.011248552 1.952142368 0.686377544 1.002766019 8.428581637 1.649130824 2.547296248 3.363169988 9.883028045 3.871887939 -1.727930279 4.881252904 1.674476722 -0.620911072 4.478459215 0.667065310 -0.893809249 4.686551275 9.601114927 5.233158386 5.420229749
12.715026226 -10.079138421 -8.991403134 -0.498981650 0.343937474 0.679413946 -0.413667762 0.130529942 2.643879276 0.314849442 4.217585350 1.994605833 7.369091914 2.288645280 8.646747598 1.289399739 4.267935281 4.854850968 3.944591727 4.881856234 4.282527862 8.653105843 3.003740879 -0.432402468 10.327772968 -1.280222209 3.519312203
10.222913681 6.891124264 -13.994662711 0.122647493 0.690681761 -0.380797095 -0.602420011 3.299787831 5.653966076 -1.298799221 4.489866527 3.689857777 4.862968784 1.354924078 4.155302629 6.416159430 3.102689067 3.816543749 5.277740468 5.609644962 1.208737076 2.113214759 3.522340443 -1.478747987 -0.175387997 0.810518404 9.243875734
10.448273573 -3.482477564 -5.354715696 -0.560894599 -0.011947792 0.721657368 0.405543022 2.897298287 -0.593989204 9.089769133 0.323664497 4.739568048 5.296879418 2.988078697 0.937755108 1.559091837 -1.827937694 5.083727836 1.881390518 7.180989649 2.749173859 3.371211052 0.235019470 1.851126466 3.114051678 4.377454750 3.692420805
9.377156050 4.609019971 -19.972725026 0.617930246 -0.371519456 0.352557435 -0.596522221 0.847589540 1.424578486 9.634981224 1.194717162 7.579324763 3.844374978 4.166372859 4.179022600 7.460142823 8.074492805 4.488461817 1.104576944 2.028458661 -1.587780500 3.570395941 5.419726023 4.479711875 3.472956054 4.244039521 1.448468077
9.498004977 2.726676354 -14.529029031 -0.172623488 -0.278524356 0.061458886 0.942787420 -1.568934072 0.023186042 4.049239605 5.320472257 6.249060024 0.615964534 7.579446714 6.271595875 2.469498716 5.731528668 2.142399191 3.984719763 1.087638963 9.595912601 1.010150303 1.417055170 4.074712001 6.291928325 3.785994337 6.504287736
5.485761071 -1.793563462 -5.213448581 -0.494465913 0.775859731 0.071376203 0.385292845 0.199778173 0.918179610 8.964125021 -0.351791224 0.850369217 7.544543184 9.065146602 3.335966702 2.615494198 -6.373320912 5.853122179 -0.481471745 1.358763760 3.928895777 6.803326991 7.439714100 2.144795383 3.767537110 2.447465801 2.221760292
11.189378107 -2.672169790 -4.227113787 -0.850151202 -0.509603391 0.046950447 0.123866757 6.381517980 8.895308879 2.208870986 3.957766743 2.097093657 -2.622259755 10.370040081 1.190792107 -2.345551182 3.495000398 7.296086153 4.998666632 4.927370526 0.512389977 7.630665921 1.918672436 8.497855276 2.582197073 0.619675740 1.107529657
14.280610298 2.021066852 -10.033915006 0.821060632 -0.490181746 -0.106513622 0.272463105 6.609389279 5.792329541 -5.813166389 5.952169335 5.701226240 5.669190009 5.703834660 -1.161194001 1.314703975 9.910391062 1.711352198 -2.103638925 3.334072892 1.110940244 4.940846006 5.108734502 -3.231026558 2.749078339 3.336987189 5.132436673
8.066180391 -10.641640698 -13.441527268 -0.127413074 0.100359760 -0.831247290 0.531715873 2.869173703 4.261322130 1.492731242 2.203885638 1.597155788 5.144711901 6.681178786 4.811914820 9.292195283 3.962165243 5.835071904 3.000132602 2.073256379 3.808294730 7.140762376 12.191882904 3.903161971 1.395524542 7.418401619 2.160384127
7.127477298 3.384751002 -16.851767956 0.894775527 0.064957921 0.441458648 0.016476847 10.183276815 -1.453191766 8.949861017 3.905140899 1.916571682 1.852127764 0.979564787 0.676140222 3.436574028 3.676030964 3.014420003 5.724995725 4.865129483 5.367451486 1.376833640 11.096334656 9.274684443 0.047581751 3.821693514 6.473127434
11.084568459 3.202339186 -14.176256591 -0.086191085 -0.918454226 0.378896297 0.073827692 8.653440507 4.828209132 1.755271884 6.160498589 3.592273187 3.370944836 7.318013449 2.427009234 5.026122350 4.096074585 10.837780838 3.884567706 3.820064722 6.380076992 3.978415772 6.509197943 4.144272526 9.916656226 5.577291733 7.873921276
9.177008971 -1.546014421 -20.572044271 -0.317554490 -0.837514840 0.306983274 0.321697542 6.176039992 7.500120508 0.795412243 6.867609193 0.744484977 1.389331276 1.246636882 1.320246127 7.782169639 3.736780204 5.054380470 6.242249392 -0.802767726 5.781454826 6.019856810 4.133772039 -0.668083845 1.467296446 0.719254529 3.820285277
6.495649308 -4.567435019 -9.478534411 -0.284084561 -0.860370437 0.139460758 0.399511413 -1.654612857 2.656607886 -0.009896504 4.863169628 5.186242392 3.044933262 1.643337640 4.229310356 5.944341028 5.752188840 3.386571044 4.857639276 5.956668592 0.945970694 1.453527720 0.009410072 3.102224540 -2.974870459 -0.677136827 4.760089579
13.687848296 -3.543596310 -7.771557162 0.192343198 0.783511254 0.398302931 0.436427524 4.184257949 -2.795473216 5.238174138 4.687043665 3.140962412 1.857632762 2.704624095 4.362503335 4.082818179 3.946012153 3.390711955 5.646448387 5.771618638 4.886715300 2.394254133 5.350403296 -0.155503308 4.489429274 1.046638320 2.700613684
8.065419162 -11.101410491 -15.518872557 -0.139350167 0.481068950 -0.214617203 -0.838506799 4.554696255 0.839014773 1.667895674 3.646152294 6.579970103 9.988626168 0.829198157 6.135468441 0.422395994 3.491105725 1.999410068 6.522862639 9.903027339 -1.009209096 6.027850615 -0.010406532 4.071517793 4.475543195 4.441215070 3.487572054
9.873727553 1.428014091 -22.220029607 -0.795100065 0.268383198 -0.485982250 0.244146674 1.184912679 -0.157292174 -0.837248715 1.749531964 3.719845402 0.944938289 -1.305532576 2.116906415 -2.277275365 8.034899445 0.101524592 1.971453055 1.589532397 2.449062966 4.898711429 9.879507077 0.543535939 4.241928507 5.254883049 1.830481378
6.764389685 0.000432230 -13.749548228 0.885977294 -0.424918368 0.176179251 0.058732331 6.282843020 3.039856734 0.773445292 0.952793985 1.947912539 3.664797034 4.151513505 1.189000989 1.375181454 4.577631445 3.258347508 7.836880728 0.056817666 4.113539542 2.983842842 2.506641065 9.821184159 6.208563545 5.406952508 1.351581040
10.223962474 -0.244202952 -10.597026295 -0.931690774 -0.301462520 0.186889495 -0.078389844 0.988663451 7.811291907 4.216022271 3.164276608 5.477184313 5.279127938 4.399454935 -0.862359465 0.521778051 4.149762919 2.653641921 6.467395950 3.612334333 -0.451100521 5.569968037 3.949310714 0.290188414 7.962323974 9.046752176 3.976737746
4.562200228 -6.433938322 -10.681967870 -0.752429224 0.576529796 -0.296106165 0.117408672 1.363249205 5.493213275 -4.673102735 7.946325061 2.795924679 -1.396883025 1.644811559 5.444452345 3.434501252 0.333089868 -0.144761411 3.016695464 5.103543418 4.906946914 2.254120959 5.129769832 4.427489510 5.101628480 9.288348828 5.026209989
15.810082505 2.287905990 -11.476976812 -0.232010884 -0.502314052 0.800197201 0.231378437 3.446860897 11.220884249 2.920410298 3.893831045 6.503571647 7.224308896 8.329920372 1.419122765 1.892880598 6.800721340 7.468957927 2.510597609 1.432225146 7.390155913 7.926061520 8.815866327 9.660643875 4.598796602 8.036273477 0.854961562
13.062602044 1.284570252 -19.760553466 -0.501623834 0.808402073 -0.272850270 0.142871786 6.920152192 10.767832290 4.792809746 1.347380071 5.849205668 4.694572622 6.339604430 1.585730618 5.493839145 7.483289042 2.539355016 4.948880964 5.469920470 1.708868014 4.714698017 1.478361847 10.440807841 1.136788594 5.996377542 4.934236292
17.381865244 1.478155853 -12.444789686 0.628157869 -0.256078647 -0.282764837 0.678148557 2.918297797 0.340358780 5.483487388 3.947750825 1.637345391 3.611295573 0.178192552 7.391779873 4.776554843 6.301931563 6.226117326 7.221542804 4.424725726 -0.183215399 2.189573576 5.073245013 6.383334595 2.823486816 5.361360091 2.273121030
14.738283764 -3.885334549 -15.635332021 -0.006859291 -0.094656107 0.782394105 -0.615510062 4.772740096 1.827218994 5.538689579 10.966642287 10.455489517 3.593481621 1.002067860 2.748442700 3.416924881 5.253302236 2.204717564 2.984322572 1.043069127 3.602543130 4.568856684 1.707369813 4.887504941 -1.066427596 4.069663577 4.738885494
12.739119197 -4.271812061 -6.245968684 -0.011097020 -0.284237517 0.229329216 0.930856595 5.766450003 2.428399615 2.064490603 0.962356898 3.217602007 1.179549113 1.091425537 4.323226686 5.821271508 7.580200339 4.526209533 2.463578137 4.615352899 1.341770029 -4.041267546 -0.187717725 1.373287546 9.883370232 -0.403625336 -2.534342892
12.963661949 2.332581981 -16.918740935 0.426236445 -0.420220216 0.087316689 -0.796312287 3.641733265 3.390904479 1.398285478 2.167117653 1.640904395 1.356577492 2.443564639 6.328753377 3.186517719 5.844777802 4.969088259 2.204635156 3.663793484 4.370827964 -0.420194212 10.112279222 3.791342039 4.519064216 2.989126352 0.316086783
6.996031058 2.335601149 -19.966032449 0.306031466 0.504854991 -0.577916850 -0.563452122 0.964362867 2.171918412 5.272345815 11.236321457 1.116517695 3.422860363 5.160720703 7.473489478 3.706675642 4.034949888 -0.549382756 7.575942226 4.403664795 2.630248812 -2.922307335 -1.225412130 8.126834613 7.239389385 8.671974142 4.635454352
13.927536950 -6.410044016 -10.620135970 -0.678359049 0.594317239 0.310255608 0.300595206 4.745267246 3.935132388 6.481443350 4.695427730 6.930710869 9.657911333 1.881606925 5.853757805 7.286690914 0.825227365 4.371577325 1.486978832 1.792027060 5.210688218 4.447740811 9.667095056 8.288137928 0.056774068 5.786948818 5.311045710
10.617130267 -1.819259320 -7.377075708 0.101502502 -0.783067868 -0.589060855 0.171782612 4.203139332 9.494450585 5.265557714 3.416609446 3.197490178 1.536659054 -1.916945385 -5.625350593 7.093424028 1.142777165 8.388914791 4.908985471 -0.996610645 1.373241042 9.426712378 13.576136725 1.249733823 -0.635936110 5.912484746 11.164711460
8.317927442 2.452889600 -11.764057129 -0.783075394 0.288527664 -0.231373601 -0.500010971 5.943061549 3.953871639 7.616662644 4.834002721 9.199040976 5.981908329 0.684649489 5.431087089 4.865661444 5.644512730 1.057798808 9.155744592 8.345682648 3.835839640 1.660568037 0.794290555 4.375867392 2.068427709 2.562673034 6.705397652
15.236736761 2.485691146 -11.461742431 -0.171095514 -0.951742854 0.253358100 0.026861450 3.517237918 0.571576306 8.284659397 6.669649398 2.361260388 7.667452620 0.482818429 7.178253576 2.739009249 0.830710932 7.813640678 4.078535937 4.354758518 2.562656453 2.973366681 8.442713697 2.427388440 3.619184128 5.848916171 1.967609453
17.448521374 -0.958341920 -19.078731197 -0.324762595 -0.651465063 0.157637485 0.667287758 2.897031173 5.833910705 4.476906279 5.073810776 5.211373956 7.704335873 4.293636445 0.969286188 1.504898375 2.710883839 2.568363150 3.779261922 1.442506748 4.522203311 3.118170722 2.808718831 6.862855815 6.598672772 0.861592434 5.272410400
9.279264537 -6.549513408 -9.687518253 -0.577772498 0.787559854 0.211113922 -0.036869079 2.906324010 9.778667610 5.557605408 8.563837761 1.055537685 6.052067951 3.297628909 6.283921430 1.974975497 3.023261380 7.959947914 0.300582061 5.139824270 5.223547453 3.426903518 2.652408449 1.786864950 7.563322647 5.721007950 5.440956644
17.991517258 -0.669057148 -12.421225057 -0.465184240 -0.194073828 -0.827338589 -0.247890764 0.439525798 2.331539605 4.878031603 8.667153205 -1.651910203 0.489196265 0.290385071 4.936768932 8.596571244 0.821546941 3.525204563 0.099888856 -0.485613672 6.367843872 4.332866568 2.575451526 3.943779284 5.557185527 1.821158803 1.412109958
5.260176531 0.313718139 -6.049409643 -0.751967905 0.111660463 0.034375330 0.648763861 4.789872226 1.672884510 4.606888033 0.140122317 4.631569167 5.362047474 5.860432446 10.827184683 5.272152276 5.839969476 11.157910203 4.568487211 2.985819726 5.868434839 4.956981157 5.897493823 8.890294191 2.883348419 4.775590186 2.168797327
8.974512159 4.809357424 -10.973848928 -0.081065517 -0.089099024 0.961238996 -0.248010763 2.063212481 3.627646526 4.304763683 5.689515949 -0.456649637 4.195414725 2.532303916 1.217860084 5.884461749 1.649716058 3.433236573 0.551305719 2.657049024 -0.207996387 0.068056227 0.419679194 -1.572956635 0.461080619 1.839586066 3.480700791
1.605941395 0.485473554 -9.151983584 -0.685645266 0.122255695 0.692438998 -0.188341042 5.884058975 8.611234741 1.168924078 3.424663915 5.657124212 3.343309230 -1.213607003 -1.399596227 2.297827222 1.164551460 3.774011282 3.524428356 9.108941200 6.565020607 7.171321380 6.306405675 5.620942657 3.296544108 -0.646504238 4.662415753
11.700661733 -7.377433214 -21.323785232 -0.071606236 -0.142677451 -0.436255887 0.885548696 5.324081856 2.624342950 7.138501694 1.084372370 2.726446331 3.403798649 -1.421747932 9.546963869 1.942150179 6.716283764 0.521937393 2.237685674 3.609741610 1.956246490 8.088907236 5.294750981 4.092316928 9.079110905 3.258318453 4.765532890
11.821288649 -4.619199538 -16.394056763 -0.405708225 -0.346659410 0.698667948 0.476540856 7.305705755 4.210123335 7.713613045 6.694947056 7.967439295 8.592593044 -5.107397563 2.174195767 9.318611437 2.217431742 -0.452835461 4.122407525 9.768570476 2.324773501 1.479805036 3.302755644 4.031783698 0.950342365 1.414998786 8.950420031
16.100042437 1.836322440 -11.404710538 0.250340847 -0.613924877 0.630618303 -0.403418221 2.306606819 0.990043605 5.685416860 2.225118064 3.138765572 6.055066156 1.010208127 5.208800338 0.646434057 6.424132394 0.634436176 7.361468176 3.748193822 2.442485043 5.404245475 0.892131593 5.770189706 2.711435566 4.001413112 4.650136462
11.665523551 3.567959853 -9.125624979 0.467066657 -0.220522774 -0.642916948 -0.565576027 8.090325540 4.730474684 1.252291291 1.450792206 4.047985500 -1.490042861 7.815200792 3.336047444 6.758420732 3.069290478 -0.968749810 3.682860008 3.323164715 7.696218458 3.486104911 3.064386578 1.227821894 3.842905146 3.630770965 4.434022983
9.909267957 -5.090049259 -20.869611924 -0.500368448 0.256042423 0.777798277 -0.281253504 4.871116422 6.466547974 2.828684710 6.990248404 4.033350299 4.321609317 0.794097758 2.968628977 1.395013906 6.679378939 1.351876696 0.696850002 3.898882222 2.378277456 9.516211532 8.015028494 9.288896300 5.100477003 3.364565586 0.758647277
2.969699056 1.877418880 -8.036896631 -0.141017856 -0.268964274 0.945263463 0.119369884 -0.469786307 0.968161696 1.419605067 -1.677453551 8.302657407 -0.008676645 1.076461823 3.295221714 5.663924863 4.446984094 3.044950949 3.828715121 6.353938193 7.824340449 8.682471367 1.352052293 4.712769363 0.388743856 3.500895088 4.461967112
13.313921483 4.987290151 -14.537692289 0.512979158 0.359235074 -0.257468350 0.735875393 2.794962434 15.059879728 5.002850949 2.335344173 -0.375363756 4.403047945 2.584255228 6.364251713 1.579578992 2.270114396 5.686586537 0.211753186 -4.470300902 4.487775321 1.271728567 3.314024793 4.973577139 2.064985692 0.891741585 3.519038709
10.235054693 -8.874816157 -11.729480514 0.187731791 0.574223908 -0.617829328 0.503299711 5.059186987 6.140148631 3.839340246 6.291754748 5.765172057 1.423376496 8.813273418 8.474233139 3.277052731 3.696585093 4.392509182 -3.757687945 3.297871197 3.885432615 5.649395535 1.549946788 4.452472825 6.772366210 7.518187612 2.068773908
16.455523885 -2.158663994 -16.241671750 -0.853940926 -0.027854972 0.288924110 -0.431893338 1.237668510 2.040398076 -0.362708375 7.180029294 1.409844195 6.250137684 4.555983877 1.950338221 7.426482815 1.016914429 1.373430661 9.529454384 7.533154170 4.219299539 5.864725440 5.176399747 2.440337289 3.644323791 1.253920966 3.793735845
14.063989518 4.872622017 -18.613652231 0.238160566 0.681907679 -0.063850969 -0.688625091 6.302908803 0.133732159 1.690516952 3.990599855 5.073371799 6.005908914 1.804227020 6.499145000 7.644799522 4.665634251 2.811867429 -0.693475813 5.716438771 2.236743121 2.186498339 3.423333107 0.729427548 8.652623429 6.170189558 7.867341284
5.625746372 0.804151668 -19.154059088 -0.071501040 -0.443485846 -0.885662448 0.117515674 3.494621106 4.362742129 2.073568646 -2.921542006 5.712485659 5.476978326 4.459400863 7.293129178 -1.019947703 4.316978910 2.347921963 6.442310891 7.381573367 1.378043194 5.000400528 0.775690220 -0.094770062 3.062466053 5.775627247 7.201550432
8.128527237 4.779622248 -19.199264685 0.676878863 0.124847902 -0.417613488 0.593166908 3.711032891 -0.235877511 7.116731161 6.296948013 2.209200874 5.530122124 2.010902598 5.878909860 5.555288515 5.498763229 3.756845381 1.874764754 4.231273967 4.495789221 2.265552298 2.744065082 1.114554640 8.354927863 5.488159602 7.818063513
15.831982556 -5.074189172 -19.628041636 0.016454671 0.247127616 -0.686100722 0.684048963 6.039727362 8.771409557 6.708963757 4.142996393 -0.091223843 4.407093129 3.226585673 0.131416647 2.846449114 3.716053778 1.362184804 1.661537043 0.646714899 0.083093432 4.625213362 2.780209680 1.563960801 3.367679708 2.583435467 3.307785504
11.280546827 -3.000423701 -22.304254155 0.794890213 -0.413038522 0.069599577 -0.438981352 6.780170975 4.622942672 1.846355884 3.369726381 2.961075585 3.852542785 1.447790324 2.542533677 4.622456251 7.449729005 5.878619969 0.266366371 0.914963094 4.302490522 -2.613908043 2.679994300 3.209907639 1.555305758 6.343755495 2.278606222
15.001570188 -4.809910917 -11.428982299 -0.644731086 0.207902939 -0.424496735 0.600750128 5.403226753 3.103743305 5.555580896 9.771163900 2.644616276 0.419548681 -0.357755602 5.862738646 4.672811331 -0.074971795 6.405087350 5.400515446 -0.127132847 4.839226636 6.032577682 2.946574809 6.399929272 5.835432646 2.203775909 -0.868282050
3.377375324 -5.333527380 -9.222827738 0.313766150 -0.163438361 0.598897562 0.718443050 2.682172678 8.200433520 7.149996391 0.682118668 8.206543489 7.889953145 -0.678349544 -0.083375579 5.668627168 3.215577941 7.327702651 6.436164824 5.446381241 4.202631451 7.335541262 3.475695300 5.694319732 -3.723599659 5.576398037 5.304016573
17.036289750 -4.587912402 -18.814857640 -0.433536137 0.006337427 0.889693521 0.143009416 4.527819219 -2.104531440 0.825957672 4.041303222 2.046061944 4.234819561 7.110101476 6.605042782 0.651806151 5.025069994 3.979305744 0.251899451 4.306387705 1.289883725 0.717553395 2.275625174 2.952597175 -1.062174732 3.477401675 0.863614592
1.671413483 -0.805459921 -15.114243491 -0.344183252 -0.819881210 0.325630177 -0.321399563 3.197093144 0.768728090 -0.720507949 7.203226483 7.671682404 2.205785344 3.587739964 3.880787311 1.681775012 7.896446681 4.141275101 6.482631645 7.705198598 12.217360510 2.932912155 0.079886548 4.309587370 3.878895461 4.898745349 1.377865982
12.295351300 -9.790921593 -17.499626816 0.728025933 -0.207961616 0.489625664 0.432431400 3.608520895 2.727795061 4.370359698 3.761626917 7.397778117 -1.572949917 3.746076661 -1.623559014 2.385651196 3.405981608 2.332643225 5.629173392 4.018871719 -2.098158314 3.928227149 0.431135165 7.758107945 0.613317695 0.412143717 5.181815306
15.668679756 5.469742710 -12.908730364 -0.435423682 0.212713756 -0.750115156 0.449984809 0.657448485 3.739243814 2.196169742 5.565872924 2.562634713 6.181465415 5.260244051 5.864204226 6.023830915 2.700518128 6.168065975 10.474628645 0.412203485 4.152579920 0.492489081 -1.991706017 4.355857406 1.120029062 6.394608035 0.697097021
2.372183726 2.266477569 -13.678016691 0.287361391 -0.367629550 -0.015121977 0.884332104 5.515707183 6.352073643 1.600910340 3.179526250 4.669094713 4.460366344 0.305520461 5.010280428 7.086686937 3.886576977 6.067976726 2.490346426 5.832249724 5.994010984 5.170444434 3.541552128 6.066070361 3.920830342 7.902047722 1.743103127
10.334828960 -7.476765874 -16.178434150 0.567592697 0.071857909 -0.602588886 0.556382608 6.646491351 4.565637616 3.353482648 2.763025843 4.227103455 5.028620547 5.578304659 2.790898009 0.706419167 3.324216091 2.561518853 5.052247152 0.140572150 0.744572003 6.383014909 6.248540831 3.036507434 1.496341155 5.497513936 3.603474361
11.714209290 0.121008139 -7.117884004 -0.857676290 -0.232044330 0.088792695 -0.450180705 1.231825305 7.731232915 3.547181321 5.357005277 9.822694767 4.399912417 9.255822923 7.714501809 6.496264688 2.833890651 5.652390157 2.277618972 1.889534789 3.741067518 3.984243118 4.373269847 0.474656112 7.886172607 3.392383054 5.617881284
11.230600604 -1.427267994 -7.917204374 0.017107609 -0.911778879 -0.389250817 0.129809118 3.927593886 10.667442380 1.369165814 2.850292373 -1.710663274 2.824343088 6.238189508 4.376857923 3.528890151 3.134269232 3.863183150 6.918878603 1.794998103 6.604968600 6.857124313 3.626084045 7.711995795 0.197669850 14.382417493 5.816246987
4.576878695 -5.499488419 -6.924420126 -0.840786064 -0.181702721 0.330494396 0.388376582 7.231135993 7.877956215 6.000418290 0.994187738 5.583438585 5.677234050 -0.798735629 3.799285849 -1.579836431 5.973097539 3.796631033 1.519174636 1.295817950 8.708462210 3.736686224 4.602059411 4.118186045 4.850368284 9.279311264 4.368653785
8.332014613 7.318075492 -11.416164249 0.429799262 0.440487764 -0.656015986 -0.436905196 4.334762374 9.802358144 10.490336161 2.150178247 0.652229746 7.973712788 3.705048192 5.491439811 9.065287852 6.163069900 4.972983464 -1.133688778 4.532434437 1.534294314 9.202845572 -0.434457550 8.511382101 4.019808600 3.399445164 5.772031398
6.903284679 0.170668782 -22.387117796 -0.475941068 -0.571990506 -0.651372192 0.148395515 6.901174829 4.586590202 8.827141294 4.496124586 2.446895880 3.596695028 2.106522891 1.411109090 -0.600216537 3.812709762 0.886511938 1.501363692 2.148528566 7.891711953 9.277525601 0.903178086 4.859578649 4.338969028 7.030671331 9.031004564
15.405090032 0.979671279 -13.440438454 0.629540260 -0.716126569 0.106220352 0.282062112 6.769178139 2.343008586 4.307811447 8.662448150 1.196642359 2.651641547 5.997375441 4.904803574 5.625034630 2.326682459 5.462847544 4.129437026 6.887239058 6.883713333 8.459655648 2.434141097 4.243752465 0.947435721 2.717861926 0.160712182
16.702940226 2.689577724 -15.296710674 -0.519452440 -0.029977561 -0.853518014 0.027883849 -2.241913075 8.237295048 1.424259199 5.507484457 2.642606763 4.784469031 2.149100322 2.663215011 3.773096432 1.294302482 6.199431543 2.671279377 9.064651977 3.841170449 7.415238931 5.605014253 -2.484473549 4.031385610 3.179387489 5.067362059
13.186566840 -4.926698452 -7.304449430 0.383377712 0.234072486 -0.543503561 0.709108934 7.018199655 3.581996834 7.727966181 4.824850514 -0.727207986 5.008079830 5.192954028 1.793324830 6.676165329 0.141826588 6.864334232 9.212810936 5.944794481 7.344782669 4.283459742 6.535871004 4.282104349 2.165446246 3.473098598 1.825468163
10.702887015 -7.882296715 -11.288974567 -0.020330647 0.429566172 -0.749181888 0.503771840 2.727946462 5.313018503 -1.093879693 5.921342540 3.860170992 6.449412859 4.428913970 7.013457741 7.737433014 3.220304654 0.846656824 7.111854309 6.650297397 0.524055994 3.114130160 -1.014803925 3.346655665 2.961592507 1.083323541 7.864143469
8.414541513 0.222847903 -4.905239359 0.252797686 -0.417548921 0.405645522 0.772785830 5.058209946 12.499829996 5.667577290 -8.792776687 7.211229813 2.134371966 0.458840234 2.089198152 3.122656582 6.007674262 5.951796165 4.294863514 0.930492405 4.875175076 1.689631950 5.567075887 2.404658193 3.534731431 2.374947646 4.940440691
17.107333237 -3.084659155 -10.388992039 -0.207110901 -0.018451326 -0.068396570 0.975749216 1.230922923 4.979260887 0.724509536 5.861277773 3.463686006 2.726115490 4.659602488 4.658556301 6.184437260 5.020380425 2.801592599 -0.045087817 4.396431966 2.044242208 3.093903375 1.652746117 2.763667970 3.115440776 6.688574640 2.510440378
4.219118270 -8.832392056 -16.783701876 -0.606506862 0.587922888 -0.152454370 -0.513082614 -0.630046420 4.206291303 -0.975391756 0.855667728 3.302196039 3.989251728 3.531337600 6.833579298 5.362495581 8.322131985 0.732507089 3.401870613 5.695603494 6.695014724 -0.896915119 2.550605507 1.150124554 9.070295372 4.047593137 6.226819098
13.860487567 -8.827747985 -15.878436730 0.062001520 -0.548600637 -0.397651259 0.732848299 4.226514145 3.531022293 4.018606928 5.094534321 -3.653103633 4.439295918 6.768527360 9.354967171 3.476215398 1.486496255 2.646703221 4.602427126 10.462531146 -0.732388579 10.043223128 1.913632737 3.909431547 3.408033830 3.087799713 7.052393352
11.239269935 5.276230080 -18.191349966 0.778952298 0.460696543 0.004247931 -0.425410353 4.096058690 4.067044005 -0.212206919 2.004799979 2.865582404 1.806547214 3.982755529 0.151499535 2.310718545 5.596827568 4.212264593 2.764969712 8.823441745 3.272938020 6.905992102 9.216415000 2.061645598 6.175780399 0.560313728 0.132952958
15.760952593 -4.230161596 -6.635839620 -0.776594731 0.379009868 0.080361373 -0.496783849 3.917938477 5.361268259 4.906587932 5.155124958 2.456857786 8.008034827 7.075318736 6.873360370 5.194430858 5.320277759 9.129003149 1.695487186 3.601700454 14.085398481 4.738420528 1.569312597 5.601503233 6.947303749 3.701819034 0.056040185
0.772542583 0.061724323 -17.477049235 0.679937233 0.080913989 -0.418215149 0.596853730 3.400633981 3.564509126 7.685377022 6.512879026 0.023319191 0.658721651 -2.775784018 4.934090077 6.974706316 4.105791674 2.956265503 1.129664231 5.768670836 6.957578991 5.432502791 11.109042257 9.514445918 -1.831534942 3.951656288 6.094660735
10.774885695 0.795994504 -10.885439990 0.348597473 -0.244371539 0.460400633 -0.778969582 8.882376036 7.119074528 10.099278996 -0.618815966 5.154156212 4.154525961 1.029945542 5.483446185 -0.589706051 3.395220316 1.854165543 1.829767438 6.815958560 5.331721990 4.839603440 1.511493704 2.674574797 7.272740630 3.307504817 3.601566870
10.742247809 3.970565367 -12.517257655 0.539024320 0.087778901 -0.836131757 -0.051296510 5.279134164 6.370757513 2.986740968 6.415881765 7.474507337 9.903295481 4.400098868 6.337346437 1.013515938 2.150909527 1.016383165 3.800801282 5.146750593 2.686639192 2.647527997 3.979817446 4.444334279 -0.110432009 1.408766144 2.170007596
6.702919662 -4.476336326 -20.263700583 0.210831137 -0.834033158 -0.504471413 0.073807290 3.356126933 2.300938252 3.697978164 1.253162851 8.876375241 4.050307577 2.054735446 3.735954726 5.267600592 3.471864263 8.615942167 1.464116423 7.200028182 1.907257139 4.542122970 12.021504591 3.512158606 5.503866209 7.198131369 4.500452056
1.768046890 -7.780046111 -11.720960724 0.399996311 -0.559877112 0.257635463 0.678354287 7.435120360 0.792529282 6.294841857 6.926221236 4.931577308 6.063636979 5.443863794 5.290543064 5.885364251 4.699116484 6.376458166 1.070601758 5.215366793 4.466117000 2.881368915 5.993683630 7.120743203 7.582022611 1.247646222 3.021513146
6.452069751 -2.167328053 -19.475029518 -0.049725886 0.699394965 -0.443080179 0.558617914 2.140011541 -0.295611032 7.187871757 7.362221900 3.738245787 4.336508204 -1.044506790 1.484867670 4.189396667 3.623984280 3.514668588 2.971636536 3.980056182 3.091973790 7.091656819 2.915131693 1.307697256 1.838454940 7.672520230 -0.128220386
7.791441733 -1.956177714 -9.792256389 0.019703460 0.978470127 0.185685287 -0.087914494 7.035505558 6.853724409 3.240301497 9.294886654 3.785088817 1.044058457 0.079528610 8.984812060 3.716477783 4.168452205 7.020638741 2.037139804 10.614921817 3.028539918 5.446429984 2.851423152 2.720682167 6.579165245 -0.853026127 5.277156521
8.787709360 -11.317667655 -13.675934554 0.522637065 -0.351049310 -0.752848618 -0.191921437 3.145208103 6.235430721 1.959867502 1.452772100 7.368287528 6.401115921 5.971386999 -1.086329180 4.620967895 3.864527300 10.405397034 3.699864267 -1.309485205 2.106773466 7.716137367 7.373834705 4.631922075 4.209712721 4.706243506 5.816344031
10.067255880 -1.230919446 -6.449552878 0.118026828 0.622634523 -0.738071696 -0.231616256 1.204690493 6.409255897 4.041260771 0.382472646 0.296348060 3.603678739 0.959243502 1.816790949 2.880314656 0.683880340 -1.539347784 1.530649642 6.533882464 3.224545578 6.452989100 5.395323555 7.155915711 4.481170687 2.420719067 5.979366167
13.460261421 5.914015794 -17.123189428 0.667117046 0.702239007 -0.230586925 -0.092977923 3.382666543 8.068717185 5.336904425 -1.337711276 4.114627158 -1.236556542 5.370355514 4.038500320 8.289278486 2.126735630 7.004119675 8.227265458 0.183502480 7.611116526 1.260777974 3.762865350 2.564225602 9.926725207 5.497517395 3.348943504
8.706632436 0.413885948 -6.824883901 -0.161265977 -0.863774152 0.475183324 -0.045698017 0.454741155 -0.819023323 1.543416029 3.115449464 6.238560898 3.039927914 5.042653258 5.741786400 3.167572844 0.023046698 3.696230789 4.113721632 5.774356735 3.465842886 4.832066096 6.996009051 1.108218811 4.723482278 2.904699346 5.289363585
11.516516124 1.218805789 -16.613851845 0.657410031 0.386685075 0.175717544 0.622422725 8.367840735 7.908054230 3.828571540 -0.742354093 -0.969139277 -0.493604597 2.179021930 1.447762863 1.393150670 6.766021830 5.461920982 5.810173861 1.643060642 7.073761472 5.153636448 5.855622538 9.768709067 4.548023601 2.794770385 4.494755590
10.988101577 -4.355605310 -22.177309570 0.712901164 0.593848747 -0.125711521 0.351158382 6.933746537 5.670001629 2.208373399 2.232673863 4.758190648 1.131555298 1.897920861 -0.030611686 3.931509271 0.194934509 3.836062839 4.273480695 4.959258686 4.433869411 1.496907876 6.747027784 6.881524197 1.726338192 3.505064997 3.252263189
17.370136220 -5.605466596 -11.555758410 0.731984419 0.522326419 -0.376529517 0.222709331 2.305092849 3.227866538 3.042249786 -1.306019228 5.724197652 -1.376310766 5.827244782 1.291041238 3.595794157 4.804216884 5.835661215 2.423466002 6.487391703 0.859280019 3.928462076 7.278449965 3.132191217 8.745590876 4.888744557 1.232649827
2.302031999 -5.383168694 -16.854905835 -0.957467906 0.001819533 -0.104625142 0.268896781 10.070318884 7.454470953 1.366098743 6.888343136 4.775948906 6.514456841 8.319146839 6.356783489 5.515782464 4.677028548 5.402115991 -2.849998966 13.621290076 2.040394244 6.700095334 3.861309306 3.931471446 2.904632410 4.312485793 -0.711524949
1.803965134 -4.526823736 -17.148068017 0.738275172 -0.644124615 -0.156053180 -0.125302256 4.091079387 7.805889820 0.298839971 3.584574260 4.030759323 1.009258382 6.302906129 -1.496097574 4.329065392 6.547814546 2.315337069 1.045455511 1.695883757 2.680660659 5.862153326 2.380150275 3.547258015 5.973237686 4.992928121 5.434011371
11.954746944 -4.079865450 -14.352855594 -0.131199760 -0.502546446 -0.545229795 0.657995565 1.920487714 1.708780125 6.612694556 5.560289878 -0.264268899 5.932988614 8.282153727 -2.534059457 0.988326036 1.860178971 5.624730772 0.340365689 7.674313508 7.591963196 5.102833664 6.119902942 3.447267824 1.525113613 1.695043529 6.647201340
6.332515626 0.495467196 -18.703150807 0.254330030 0.709973315 0.274638658 -0.596512980 4.746201248 6.220827155 8.914221418 3.854832077 1.700296480 4.588574440 0.306412348 0.868365694 3.835542872 1.849324654 7.074355983 2.284460595 10.013966553 0.938250490 -1.133987724 3.007679099 -0.634589469 2.321051680 5.268716554 3.824993396
5.553138249 -10.023893208 -13.090848354 -0.486034347 -0.349982610 -0.784225710 -0.162088932 2.567806810 0.383359066 3.652469703 3.627120811 10.155719272 2.231618737 5.503532210 5.895642630 10.825977671 7.341877284 2.677539088 6.352921182 1.208508156 3.848519702 3.067393762 7.969001859 6.636912829 1.405660153 9.520743165 3.867322815
7.924240306 1.276258822 -17.278443480 0.912595998 0.359947516 0.153993142 -0.117866201 0.212102278 1.728335657 2.411705302 9.157345920 10.028857812 7.586386514 10.906174875 4.662194796 5.548324215 8.380369041 5.752903513 4.526864655 7.515082510 3.663772971 5.638334331 5.276294979 4.284354242 6.537241692 3.062591331 0.509581595
9.275875991 -3.852455804 -8.294508731 0.584608780 0.121184569 0.730227461 0.332136612 8.008445246 2.319366055 2.799255956 14.036275232 9.202531911 5.654789951 0.366375105 4.014621019 10.788811881 4.468625700 4.047473880 3.473910342 5.932601331 2.015128888 -0.300289285 2.452940900 5.306307134 0.368806036 3.956674776 4.720793278
15.278302325 4.811875942 -12.695196410 0.653308420 0.494152954 0.121251540 -0.560623787 5.823004272 -1.356404854 0.413792743 2.469588075 2.363425539 2.591445015 5.423767996 2.413883685 9.006550235 -2.419586402 8.670372594 3.317040554 3.826645587 8.154289040 8.361683518 6.715844898 3.104754455 4.251316213 10.613357767 3.792804878
7.345934206 -7.979164915 -20.593719327 0.663973404 -0.002027105 -0.656222904 0.358478325 8.176092525 1.874653329 -2.374697674 1.176072922 5.861705020 5.603521619 -1.351230514 6.530403270 1.957475247 2.902870386 0.978108582 4.609269048 3.428393887 6.886120719 3.962869451 4.016402104 0.677285367 1.465224601 3.151796494 1.198923259
13.257976146 -4.291164298 -11.714822668 -0.564851939 0.405453299 0.632956520 0.340464321 5.427957580 2.979837193 8.806681369 1.606647455 5.428084648 7.143914844 3.211482705 6.760806371 5.127275676 9.482311112 1.555669639 1.676692901 5.322934323 2.988504726 3.850896994 4.347627836 1.065129846 3.349083156 6.188256730 4.793862056
10.885491037 -2.652519225 -15.700724054 0.160725003 0.314939497 -0.293620112 -0.888126014 4.003971782 4.240779581 -0.636381593 2.998921506 0.256813473 5.041819220 9.488292516 4.316266773 6.848197701 0.845942063 1.164669485 -1.119997297 3.343195483 3.327472288 2.280802108 2.126763792 5.767541234 6.385751616 3.197093132 3.974508273
7.012992751 -2.693851792 -6.658243198 0.668121624 -0.529549576 0.521594723 -0.033610826 1.937361932 5.141394551 4.981534330 13.096613795 2.816099935 4.112070861 0.056136795 0.370427879 4.044892635 1.396139994 9.103831673 3.969110822 6.438834973 9.098847719 3.651481356 -0.501931132 10.441428591 5.703258468 8.580211643 4.265657255
16.862979472 -3.502155501 -8.919546153 -0.364196015 -0.846278402 -0.250903586 0.297021074 6.449989130 4.509794803 0.903867016 4.587711166 6.536168412 1.931432153 -1.710682147 6.630564955 -1.009318617 5.224705939 1.815502086 6.933389292 3.750693297 6.313378841 6.480605011 2.737877476 -3.696108857 1.653991685 5.343050911 2.849723482
8.046841741 -8.503171638 -17.809151464 -0.197439375 0.442915777 -0.508925183 -0.711223218 4.147899710 2.009090671 3.873081348 9.681648444 3.110959206 -1.329904079 2.927255714 8.278024188 9.048185315 4.585224702 2.988107950 0.467530025 6.987721240 2.854689894 3.241455447 5.263227770 6.987109467 4.038805721 3.127973062 5.868304822
6.904870604 -1.370431041 -11.644379807 0.019508874 0.558326326 -0.704373757 -0.437891228 -2.870342788 1.373278462 4.677916055 4.315078527 3.393537062 0.727069497 2.102986911 8.234532132 8.843286705 2.908720454 4.131270514 1.860075305 -1.321524594 6.922535998 3.741931727 7.339575452 3.518714397 8.482597793 2.567535815 8.064911485
6.423442823 -4.704169140 -5.034221903 0.403215264 0.063341617 -0.866190807 -0.288303272 6.333322876 5.688787047 -3.091004706 4.745553926 1.894346349 3.178515081 5.677183285 3.553450020 2.563367337 0.784532955 4.123481927 0.824900132 7.394549153 3.677561806 3.506137451 -0.263573336 12.343835455 5.914239822 2.936651725 3.049713867
17.119069063 -5.755120142 -9.607578561 0.037824977 0.902967618 -0.352150729 0.243328207 2.019147938 0.551874388 -0.022077011 5.850657280 4.255366066 3.621593764 6.702327371 -2.461191211 2.335243397 5.699414468 4.372076931 1.100218231 1.436688340 7.512831166 4.229554112 4.586085570 -0.959706612 9.450066012 5.203667049 -1.176696858
4.757937598 -1.451596890 -20.591355429 -0.638238293 -0.061499946 -0.625146970 -0.445040339 1.775246827 0.788988300 4.577799259 4.325220927 1.100035758 -0.421373144 6.315142568 -0.188453737 7.163639752 3.340251354 -0.177636066 -1.080451722 3.074625835 4.838912037 6.475727602 4.084535661 -0.645122477 8.836895454 3.859960273 3.908815976
7.931568936 -6.170361407 -22.525790667 0.161841354 0.515396526 0.418164013 0.730282586 1.721231561 5.465614899 6.192642792 4.380039948 5.671189418 4.087140964 3.527862199 6.482509595 7.894955939 9.654514696 5.483768539 4.962260749 3.505291791 3.656378808 4.235389876 5.208986310 3.193955301 5.461348746 -1.903971544 3.581496927
10.822420738 -8.774661314 -17.923829526 -0.712911105 -0.106459534 0.655714664 0.224638385 2.326297348 10.356472462 0.452599626 7.979792745 3.607010584 7.367636870 4.026000352 4.823850802 11.437460602 7.944903532 6.940351475 5.341902746 6.445532544 6.851706764 9.520022112 0.155203397 0.137859380 2.606234763 4.845807686 4.093139436
6.444098383 4.208801657 -6.853122052 -0.497227975 0.537520822 0.436006274 -0.523196173 -1.755874636 -4.796893438 2.510607135 1.368073374 9.644117561 1.309115873 2.771706268 3.652656927 2.577260833 5.612857961 4.614765953 1.513453123 -2.944711811 5.438748734 9.987380560 6.197511504 7.104910272 8.675239007 7.806806645 7.931034289
8.438641428 -5.893896366 -11.757927577 0.587277427 0.309302386 0.419274939 -0.619391462 3.136869645 -1.448982445 5.444315448 4.707619472 2.403591205 5.754324891 0.833062959 3.991365541 0.744022892 7.716769424 5.724275268 7.771533059 6.069464161 2.372598743 2.001558173 2.263361943 2.050251173 3.793639792 3.645573238 4.498200532
3.211242579 -5.711810175 -12.532526321 0.441378013 0.847064829 -0.198813427 -0.219407944 -0.098360104 2.554713754 4.864357067 -0.665610110 4.267941572 2.131748363 -0.367912750 1.172242814 10.892053104 0.178241656 4.302183839 2.842765460 5.617184370 4.922514838 6.106619921 5.280513300 4.432045934 6.795202240 5.020609006 6.969474347
12.627855970 -3.891267861 -19.727353517 -0.141650218 0.892908740 -0.275761955 -0.326503508 -1.395151143 8.473450059 4.467669002 1.134223386 3.464996703 6.727521200 0.759034296 6.433465524 4.746976156 9.022784450 2.304956501 0.897358540 2.942491653 7.645577952 1.001799437 2.841533386 3.875175989 0.894211380 7.653216082 0.074994675
10.307243412 -3.656466748 -19.462268339 0.417321702 -0.346463191 0.719118945 -0.434365971 4.196916649 -2.606978417 -0.313604140 -0.823974768 0.532889791 3.993347452 0.339691784 3.176005034 3.907457694 -0.382799760 -1.761428736 6.026392002 0.873456499 9.414265494 0.367836316 2.522147843 1.305518519 6.765353273 1.629762166 5.027522593
9.476285266 -6.264864088 -8.661704991 -0.676534767 -0.732417749 0.029623056 0.070621697 2.326354623 4.679619071 6.786942151 3.915903043 2.372298039 9.113394554 8.275820490 4.352729049 0.386401022 4.503156162 6.562532358 1.458458094 1.303541704 6.091012899 4.672771216 -1.043702122 6.849654115 3.019175148 3.130899557 2.876823549
8.691126577 1.646399068 -22.373196721 0.893131101 -0.016728632 -0.442746893 -0.077538233 7.980014995 2.572096285 3.022896405 0.685017213 3.265874382 0.443558543 7.568276168 2.970248049 1.495113954 5.838223005 6.295084993 1.824334439 7.404770830 3.572091984 2.892097348 5.415339954 9.573032804 -1.369695416 6.107089739 9.928303696
8.755255826 -4.524344096 -9.224373060 -0.640833681 0.582045179 0.054161235 -0.497616482 1.816717358 5.100254465 0.364163349 5.406808457 1.000723518 -1.243568857 0.504910142 -0.000044613 3.326986452 6.502069663 0.360643751 4.919536378 5.569645727 4.725966272 4.174942243 -0.580985920 4.242874673 3.781259890 6.800741039 2.841238563
15.751307144 -7.075638411 -12.727190367 -0.255991258 -0.501346051 -0.571093501 -0.597472029 1.295930683 1.115989227 2.301550715 5.961469248 9.582268422 7.087205576 1.312995378 2.574289255 9.993243210 5.767242184 3.456088225 4.098298637 5.147807025 7.221704543 7.880179868 1.303670074 2.487275777 4.177287364 5.703969505 -0.101909989
11.632395436 1.775538835 -22.083140175 0.308388814 0.605253505 0.351092879 -0.644436440 5.356438848 0.488311836 3.402281308 8.190376640 2.896944169 1.395643196 7.530215559 6.093664293 -1.932753893 1.651710741 -3.566188143 2.168081029 7.583770859 -1.114949120 9.265370438 -0.720845592 0.067236499 4.125420743 8.818215453 -4.083012719
