3.902024935 -14.588487308 -13.225123236 -0.204839996 -0.761720090 0.533609154 0.305097282 10.262660893 5.401917236 4.071851686 5.248410400 1.388343804 8.827749139 3.023532046 3.340104604 4.985847098 7.818940119 5.727747578 3.213903960 11.734864040 4.333586968 3.378260388 3.491029009 4.209230935 6.695625269 5.358123297 4.458942203
7.807316358 -20.172808790 -10.558157004 -0.290215628 -0.366145618 0.438960114 -0.767480485 2.761094601 7.075834018 3.060865890 3.700426621 8.366525739 5.288107889 -0.138960084 4.270695478 9.006026885 4.100033828 3.143258128 4.200847088 3.937246401 2.989968879 7.475773015 6.895701199 0.285725048 2.727070960 7.727256455 5.428379914
8.234786142 -17.169922696 -13.898519979 -0.554703679 -0.160629189 -0.161416987 -0.800279106 -0.436852061 0.867891704 -0.325030369 9.062399841 2.912400216 -0.396790185 7.060040951 3.862261077 3.269767857 -0.325054527 6.047336016 1.982374012 5.147105023 3.119270544 0.714200711 7.453948029 0.566124412 3.792989773 1.670214380 5.897688005
11.070111795 -14.416187894 -15.279856776 0.820491797 -0.326752323 -0.439873974 -0.162901865 4.356024973 5.061948908 7.510813329 7.586829542 -1.352821750 1.630031518 8.515712172 6.157337810 -3.888151724 -0.408841507 0.442753428 4.480553425 7.656247979 0.022405125 6.963084985 5.429102529 0.020098626 3.300820167 10.579396815 8.246927996
17.396930655 -5.617104050 -7.586496894 -0.590033807 -0.039307533 0.597008766 -0.542121350 2.278934996 8.401209157 6.434317552 4.186733298 6.488174139 6.014961397 7.750846903 0.192839844 4.032839379 2.776023750 5.921872261 6.362977914 7.265908591 3.967251954 6.362875218 4.173173429 4.626327022 -1.219671164 8.684613899 8.846124229
11.046356855 -4.155531731 -15.750566959 -0.459650352 0.006433893 0.321041967 0.828017038 6.572709562 5.358329107 3.395983374 -0.080012961 1.462010883 -3.991248644 5.705265990 2.984246722 8.470028312 7.364288396 4.669723988 3.642835202 4.560480561 4.110107411 1.641471313 3.467943486 3.965521838 2.570340850 7.601122045 0.248486374
7.354934212 -14.476915321 -11.934024650 0.293440891 -0.507490391 0.576799945 0.568900493 1.490169584 6.763615113 7.769693897 4.314359900 2.517132735 0.767736168 5.556105337 4.614562549 4.674210042 6.185450145 3.152147763 1.026724532 3.505847110 5.602623520 -4.550275473 -0.943032986 7.630057776 12.612715852 1.934793621 3.527651597
2.981179601 -17.675185241 -10.196955872 0.069441575 0.480479396 -0.142360971 -0.862583777 3.483463181 0.214094509 6.000540067 6.618216268 -0.162488213 1.423870117 0.337288777 1.965907510 0.167638428 0.032326474 3.678071974 8.173717556 2.653270299 6.152746821 2.743755928 4.068808083 2.908733272 1.768515574 -4.546369275 4.583820776
18.400872490 -15.170509037 -10.502861346 0.788332443 0.196216629 -0.267122603 -0.518340148 3.010824567 2.388504524 2.177005008 2.200049019 6.542418758 7.377389721 7.949264989 7.051520022 2.981189791 5.371544743 4.582407066 1.564420363 6.779877429 -0.036516571 -0.566273569 2.432043208 4.529686060 0.445109385 7.120862305 7.962095721
13.594605011 -9.906517497 -17.397426314 -0.161063842 0.460419666 -0.851403649 0.192831525 2.106606658 -0.573939815 3.584457548 3.062316830 7.584752591 5.499848506 -4.571612658 -0.029677775 7.414589392 8.168861582 2.116506542 8.643615806 -3.237078580 8.681693833 3.450567225 -1.982304154 5.981020609 1.310612972 1.712620996 3.753269563
18.177212712 -11.804919646 -15.236145930 0.115574310 0.966612210 -0.196565890 0.116898530 6.309605756 -2.097474427 1.684398998 7.717032301 3.861312620 3.045276807 6.104673318 1.927039950 3.749694332 4.149602169 1.877924921 1.383074337 1.024886611 1.486787636 6.860034415 1.982249983 1.075622529 2.839594671 4.704569614 7.686007040
14.612547754 -4.883910833 -7.045953164 0.348838722 0.210260884 0.178671624 -0.895644102 2.766666766 3.945591244 -0.698965658 7.741826364 3.518720424 4.789594277 5.105381648 3.346995264 3.419342461 5.280020094 -4.340806994 5.032874260 7.786629456 3.477083680 4.692263396 13.338515647 4.966562570 3.668818613 -1.439520062 0.165810750
8.151728017 -13.836431748 -5.730162034 0.305089506 0.371171750 0.450418569 -0.752512484 2.286459711 4.255868398 3.195031999 5.619724487 4.546050215 7.517129444 7.554533088 9.291089908 6.253555607 0.731442918 7.654716780 4.889905934 1.861888489 6.010782464 3.801819767 7.770217829 4.080254752 8.282661745 2.632360419 4.361727877
5.954404878 -6.188601830 -10.165931439 -0.661411567 0.237759174 -0.690726059 -0.170008314 0.372787666 6.209612775 7.690642443 7.764447003 1.980540685 4.205983539 2.672364249 6.273687267 3.759207763 2.667265357 4.189159538 1.369925202 4.037757559 10.760526370 8.653003074 7.838021792 3.967609215 5.745799127 4.892353522 1.509763826
10.515632150 -16.212489810 -5.095266012 0.195164813 0.606698771 0.086684970 -0.765710790 -3.480906042 0.836501224 5.060769207 4.395792250 4.619790881 0.813967168 7.378081762 3.044314018 2.972736364 4.839080089 7.478247210 6.700443475 1.253700927 3.748530329 3.171239200 3.262306939 8.651882184 6.838577982 3.533796272 3.634248401
10.510580633 -12.707150218 -1.238454369 -0.424340427 -0.784539433 0.102065013 -0.440472262 5.874600670 4.661627877 2.698264361 2.074311233 7.426508731 3.375896884 4.339134662 4.704924682 8.212022921 3.838124911 5.701586551 2.246540491 10.697329761 2.550129664 5.154920255 1.942078206 4.021299850 8.035582312 7.821770444 -0.602220932
10.632323185 -13.841373552 -9.730318347 0.745076404 0.178279877 0.628861078 -0.132707129 1.100061121 5.357785994 4.505506025 2.494148660 1.343102848 0.411028681 7.925733384 6.536569235 9.303274320 3.517392662 5.699406065 2.449786766 1.748006061 8.885914863 3.691759810 1.002225270 2.753431988 2.173564958 8.328675537 6.721585003
8.053322654 -18.509486384 -6.614842009 -0.025100897 0.932581469 0.255102362 0.254134872 3.122660283 6.565532230 7.400725420 4.479086448 6.200553487 5.006240921 7.795941998 10.713761741 2.758492727 10.375758225 4.924390792 6.491942342 8.080084571 2.704825462 6.166484074 2.734291722 4.819446530 7.184040807 4.162034244 8.930044722
4.872713389 -5.211635066 -5.074054342 0.024331672 0.897738252 -0.439047987 0.026662081 1.085099894 6.198659898 4.177230552 3.243547525 2.279393518 6.397958892 8.900798081 4.011986459 6.760659252 0.038555649 5.294668030 3.886681778 -0.556319872 0.352018737 5.584438852 3.265894849 0.657148321 3.351450153 0.311856924 2.766416219
7.169307023 -16.084821847 -4.882256949 0.507779886 0.593284292 -0.479134689 0.400753399 0.316415963 -4.085795192 -1.840313713 7.023364079 4.657023852 7.126279066 2.038511999 1.051476862 9.374366073 1.476550147 4.127335015 5.070103587 6.482353546 5.758797883 8.356556862 0.578631392 2.142838927 2.752541335 1.505274302 3.927699336
9.509762681 -11.278352198 -5.694733158 -0.533420694 -0.465418782 0.644601311 -0.288681261 1.964388111 4.366235571 -1.582488348 6.200703294 4.770352883 1.448897963 5.651546290 4.905282482 1.043319419 6.970644512 -4.936512615 2.682603994 3.380334975 -2.207810825 4.030723559 5.381774452 5.139973759 7.952506380 6.682982573 5.574544612
9.904216470 -13.276826712 -6.174216112 0.688343313 -0.682464978 0.160118085 -0.186513369 7.791077677 4.309811036 1.075417940 2.733306692 4.477821045 2.807113930 3.174132832 6.391272760 3.408668532 -3.603384103 1.615214003 7.585737281 4.212161148 5.416455900 2.055996050 3.914633283 5.389175780 6.101470521 2.469914308 1.343071731
9.019259642 -14.597887703 -2.847128690 -0.099685239 -0.701723936 0.210597373 -0.673271949 3.241536012 4.931934474 7.987548342 0.980936193 -1.795431919 1.460168390 5.135018959 -0.596539463 1.327979375 -0.661088359 3.926579723 4.964762193 1.448152278 3.107689418 9.097279900 0.186913821 7.419453206 3.597672650 5.552396136 2.861190319
17.920855764 -12.439118816 -13.209968480 -0.687082034 -0.544227719 0.228877583 0.423496776 6.835031980 8.991159625 0.977432083 4.947154213 5.481429485 5.737391221 9.797792735 2.803220888 5.394875224 4.397969152 1.938508190 4.007582124 2.764166620 3.947096268 3.612616942 7.626387283 0.548785983 4.371317012 7.536828900 6.136425726
2.776273090 -8.547439776 -7.301507298 0.118299944 -0.700719806 -0.600661159 0.366337343 3.064316242 3.302649928 1.109270263 8.779883334 4.067559937 5.973525521 1.128614255 3.108559370 2.915165766 8.428784214 9.605583252 -0.426408149 3.962613022 2.699639473 4.694473171 -0.670434961 3.481275905 5.406523566 4.053762533 4.835075866
12.760513878 -17.737436660 -4.094599538 -0.368840289 0.181361736 0.910379712 -0.047681670 -0.687814665 -0.045668529 5.428175419 6.828421894 2.856000246 7.466304261 1.709239176 2.453271455 1.631658740 1.274060238 5.395534843 4.842700060 -0.680879391 -0.289381081 4.073182277 4.578270775 4.950544431 -1.294956520 8.018669420 -0.956989619
14.191815805 -10.531880395 -16.583521288 0.327514213 -0.147135522 0.689028803 0.629543395 5.533970320 4.518509019 2.141549869 3.425017460 0.353743294 6.122605580 1.502311110 1.289179387 5.296912430 4.784106497 3.788595994 1.611726360 10.669117145 0.513165353 9.103500672 7.931250653 1.758965779 0.441106707 3.088286358 4.916306360
19.165587888 -10.530644138 -13.241351068 0.836001253 0.046547961 0.169541382 0.519798916 7.511954320 3.825484085 3.045800266 1.921587932 6.106437126 -1.192459722 2.735890504 3.820189187 4.966929508 3.507029336 3.271851343 6.033925019 6.075509643 0.690133664 4.082502897 5.741801036 -1.458080573 6.223966857 0.764310848 7.155750204
7.623811759 -12.180674159 -9.360695501 0.143815965 -0.341143830 -0.899184505 -0.233248971 7.531866823 4.524230644 -2.960576503 3.499603198 -3.072353823 5.390140141 6.062805155 7.558642026 0.965429705 0.325218484 6.432855858 4.395924499 4.723257904 4.952393468 2.123492313 0.858726980 -1.718306527 4.796817943 5.698992512 0.779018314
14.397045647 -10.048683028 -7.736833556 0.442189894 -0.615669367 -0.587469241 -0.283371168 8.149570532 0.974011470 2.903316516 2.476702745 1.306923594 3.221248136 0.423382114 0.892121747 8.220362460 -4.099251684 10.985701993 4.970730424 3.718511150 -0.510571242 5.420681689 5.506753641 7.306629205 -0.111987064 7.748809391 3.519793219
8.065502788 -19.151601734 -15.649909694 0.569498517 -0.762831836 0.069879613 0.298120560 2.156478284 2.453425795 4.619364256 2.672879951 6.747124343 3.655559511 4.143306832 7.408819453 6.684410903 5.006797287 -3.177426520 0.432074006 6.205237225 3.974758083 7.201788374 8.566205767 3.799218142 3.126437257 1.157796175 -2.687146053
11.595694730 -17.217062299 -7.828403451 -0.428319137 0.658293290 0.370013649 0.496268637 3.599003436 2.130758623 3.564981956 0.018862310 3.371553311 7.992427271 6.298479727 6.811531970 1.588265577 4.481563138 2.209528669 -1.111487774 9.185739705 0.921373475 3.397221981 3.193028364 2.315344304 2.413555339 2.290249719 3.705726821
12.181455392 -9.431236902 -4.631561661 0.155890267 -0.365676127 0.415711044 -0.818024158 3.050834908 5.150326918 1.028444158 5.128331301 7.131341940 7.726041934 5.319358977 3.109862053 3.398250825 7.699857331 0.259964364 3.008886520 5.420681432 6.999397038 1.540431338 -1.025258508 7.464915622 2.439291605 7.164762840 5.514662746
11.598679202 -15.570868511 -14.002169834 0.727373940 0.248578542 -0.376412071 -0.517155501 3.880953712 0.971630522 6.178826700 4.457238630 3.182684101 10.610491774 2.898940791 5.591256235 1.731677174 2.826361852 -0.800762165 5.741359792 3.424053964 5.963117617 3.728938442 0.779393754 7.565505235 6.851954541 5.129401376 12.985910908
16.354809398 -4.537294106 -7.340271674 -0.399287010 0.089539692 -0.779740279 -0.473875114 5.077224835 5.401549205 -1.874803687 7.414813871 3.564954761 2.309382366 6.026074203 -2.929914373 6.361653363 3.472159189 2.798297121 4.193165319 2.796253294 9.868267877 -1.676888392 4.699303391 2.474762864 3.109895951 4.448471325 -0.598611201
16.534072679 -10.093977077 -10.147816071 0.055828912 0.307824360 -0.419064533 -0.852356858 6.359239927 3.347831950 3.329375428 10.658984883 0.572841489 1.743421315 5.857060833 1.442622154 4.178083947 2.385770819 3.257120902 1.093997217 6.172924893 6.491327751 8.518879262 0.161904191 2.240703162 4.269120569 4.575038179 8.089529950
15.060068348 -17.063310867 -15.826411896 -0.069639538 -0.816716555 -0.572402112 -0.021914062 2.003005393 8.240350342 6.826317085 1.808361597 2.647581306 3.654120076 1.672779990 -0.378427887 5.157031316 3.723472196 3.135997848 0.639439072 4.138444730 4.282701770 3.010535303 4.211417919 2.871334359 3.086273362 3.217888974 8.226184258
2.052537862 -12.916460769 -6.748051467 -0.580240897 -0.807072089 -0.080829871 -0.073632038 7.227503147 0.003078418 5.895848589 6.100004818 8.181946614 3.082969449 5.548852681 3.226987563 3.320131223 6.619200365 6.561860202 0.899467476 3.309545124 5.946741571 1.624193184 5.896681727 -2.610910433 2.888761509 2.591618103 3.434180629
4.129549071 -16.325986067 -8.587655697 -0.449824785 -0.709217552 0.528588869 -0.123539202 -0.954264770 5.744259136 7.317587461 -1.938872660 1.123625875 11.223516873 3.893798284 4.698893237 8.438776228 5.133394806 3.091155665 5.031951666 8.265987333 2.986626197 4.430292110 3.330276278 0.594090546 3.484480950 6.313182759 -0.251891909
15.632802918 -13.658140329 -5.127333502 0.102593851 0.296747029 -0.713421345 0.626454857 3.757652139 0.014897463 -2.095101015 5.823575436 4.714941493 2.933314510 2.071821505 6.955502597 4.120954333 -0.686989895 7.008311106 5.376662630 -3.423276897 -0.702224465 8.744676515 5.605823835 3.373181726 1.594357780 3.267063163 7.853334115
16.304413489 -9.606464493 -9.172090934 0.145737229 0.885703692 0.056959642 0.437087211 4.876259341 -1.084025901 1.911743199 4.781382452 5.445007506 4.134189959 1.705958101 1.072807257 3.694697264 5.614098942 3.723298719 6.599992593 4.871514987 7.009764752 3.681785174 -0.869375930 3.481715208 8.248044870 8.447692289 5.675057589
11.143628461 -6.557243859 -2.761182316 -0.379858341 0.917366527 -0.111897469 -0.040314423 3.673184289 9.994953647 -1.764473794 7.773152192 4.698611444 6.330021469 6.217199936 9.486761459 10.357892774 5.858974190 5.751683730 5.426562579 9.954055983 2.804085508 2.502022353 -1.215670087 9.620040127 2.551551025 5.800763827 2.033166283
12.130093932 -4.516325345 -15.491650892 0.280987716 -0.940084021 -0.065915371 0.181502342 7.757212162 2.897550719 2.817097233 5.262974609 7.276546221 7.167172490 5.251282647 0.734309545 4.785421630 4.664480540 -0.233137013 5.379819385 1.154562373 9.605912375 7.064771243 4.636048989 6.028705927 5.222005733 3.814122979 10.113701595
10.166633522 -16.220625386 -14.324507491 -0.389960385 -0.636654801 -0.079912965 0.660466109 10.898321770 3.083825273 5.041152981 3.122955862 5.448951331 0.448436214 4.585793572 4.281432688 4.556301746 4.681459049 5.352676112 10.815745520 0.846662129 8.517740605 1.963221923 4.951659328 4.591926568 9.844160696 4.789353207 3.520227804
3.945184961 -11.091221986 -10.989040758 -0.088463908 0.447631627 -0.784308202 -0.420310252 7.103911667 3.369048447 4.251071823 7.312455448 4.364021487 4.076474114 3.890616420 3.653502559 3.481959782 7.337676468 4.870396771 5.861775750 6.459391846 5.624019168 3.410694807 4.620395420 0.854467315 0.247008379 3.915448191 0.927381074
14.888248002 -15.675960429 -1.952502479 0.391887740 0.873567493 -0.202155958 -0.206001949 -1.798891392 3.230392691 -0.355092070 6.182079874 4.034046867 6.409863152 4.486695527 1.568264259 4.217380284 -1.449621575 -0.830585601 3.717571431 3.907694015 5.888199486 4.677820187 11.472950434 0.786518746 -1.101254824 3.169574386 10.231006752
12.720770721 -5.646584160 -4.034153243 0.036485266 -0.833279960 0.522069340 -0.178204765 4.821638037 6.350786979 6.627113814 5.413122786 1.328865123 3.114643777 -0.937776607 10.248157044 1.714339082 9.288679023 0.272991674 6.926572872 1.221501267 1.338158158 -1.154303420 4.564168725 9.082472247 1.942425087 5.807738871 6.163667441
10.354860814 -7.831837596 -5.705832552 0.862480508 -0.465317934 0.187772740 -0.065939296 4.152000478 7.318803861 5.702097588 2.138308757 8.819182519 4.340284734 9.089590941 6.467171285 0.038175922 1.030572262 2.437870680 5.313690397 4.393106497 1.388324518 4.372931539 2.554371857 3.717728552 4.954435635 11.974605979 7.661058745
3.142484674 -15.053412998 -10.386933762 0.529677634 -0.742817263 0.365777707 0.184040175 5.359537383 3.396517568 3.180939149 3.889476281 6.167147748 4.696193443 -0.413531767 1.406918528 6.813074269 0.544984503 2.107826554 4.031105525 7.534607408 11.901890006 5.120129519 0.596440240 4.209008780 4.090122094 6.662508202 -2.845098356
17.864098917 -5.834496494 -8.512954401 -0.421609389 -0.209051113 -0.737596288 -0.484246705 -1.617355103 6.013066916 8.070430040 13.516532767 0.252040155 1.566797536 2.005468876 7.364168489 7.245956983 5.757388370 3.907242344 6.482635159 4.253609494 4.498441298 4.070847198 1.527952909 0.792457239 4.499429666 2.196825267 2.214146827
10.159553015 -16.720893454 -1.348553537 -0.876033817 -0.272522036 0.371818296 -0.141589708 2.694979648 3.259277116 3.545040392 2.398777360 5.779385953 7.582523777 7.036720797 3.693630498 2.046773078 -0.679371595 1.912426702 1.284812453 3.536345509 2.698416904 1.794185603 3.428284697 3.085091090 9.912667113 4.968960703 1.762487333
14.481996830 -11.313928791 -11.812418238 -0.094987083 0.890490420 -0.086445246 -0.436499124 6.580667784 4.512466974 -0.572222773 3.888183081 1.876445934 6.370932031 6.723286664 5.201740762 5.998454324 9.434429168 8.233701343 1.358908458 9.338128938 4.561570885 4.773072186 5.100875997 7.392909333 6.085226446 4.142939450 0.166324266
15.733078591 -11.017824378 -11.996146956 0.894030450 0.181437066 -0.408439910 0.031096379 4.558064151 4.690081233 7.793871244 -1.713666303 3.335047537 2.221829142 1.446000677 -1.376765734 2.201046002 0.484245777 4.375558133 -2.247050248 7.072020277 5.597653237 -0.779403792 3.029903507 5.441301226 3.295911664 0.559628509 4.172515660
9.003767884 -14.265970730 -18.462273116 -0.394349304 -0.786094964 0.472451678 -0.057729940 -0.012693784 5.024446883 5.241506808 2.728858616 6.962593200 -0.519987908 6.561123481 4.052970181 3.483064405 0.804196454 3.133188430 5.347624412 -2.265077689 6.319544613 0.476522802 3.309844219 -0.544955983 3.384440628 2.226592885 4.394663872
17.061968058 -5.894931876 -9.812337352 -0.305151387 -0.671347204 0.646178865 0.196541185 2.590884072 6.542748380 1.977167445 2.836396318 4.847011991 9.140170034 2.519419487 6.438528053 4.324591620 11.148418370 1.102048885 8.395527519 6.074582519 -4.150774359 1.620083575 0.967959738 6.353740747 7.122895801 5.621735539 1.660573601
8.630725270 -11.613414731 -1.295311349 0.086503125 0.983759746 -0.110418628 0.111989727 1.726766038 5.129478214 6.749828376 7.542906505 3.996998726 5.997243284 6.391528140 -4.144336593 5.625821535 3.332564597 2.880768966 7.925023200 -1.015637711 -1.955120851 0.520127612 0.255734001 2.265309186 2.714702306 2.342315794 0.758925009
11.930142491 -12.991564249 -2.087626422 -0.189775039 -0.645004898 0.004413359 -0.740226073 6.768770199 8.935173009 1.936464107 5.902898126 5.737335938 6.146514310 3.317750404 7.982567263 6.665011144 -0.419050367 -0.068496785 7.143631239 7.738204232 5.509103936 -3.347641946 5.101491883 4.252782756 4.556966867 6.491506995 10.493625864
18.928097228 -11.003274892 -10.584055103 0.598261513 0.397716619 0.462782474 0.519362142 -2.343126428 10.681127352 3.622026133 2.013972469 1.322231530 8.450668160 6.564379555 6.690655305 5.710917911 0.145704918 0.991947592 5.616476377 3.997943245 6.401137492 5.579428431 3.242182375 4.206851494 2.984866394 2.573685496 2.872881408
12.714975049 -14.605592236 -0.982619951 0.428301390 0.636652895 0.577207566 0.279396556 6.990249221 2.891912276 4.885777102 4.794305379 3.532498861 1.792623949 4.212711431 6.140127414 3.254050172 0.260770989 6.266913345 -0.028342482 5.584468148 5.160753574 10.227817369 3.346092136 3.950586901 5.209726033 5.103971413 5.994559148
7.969407532 -16.608922070 -17.970933926 -0.155411388 -0.530751205 0.735553062 0.391295479 9.688839402 6.093795979 1.123343142 5.790915041 5.556231932 5.539572003 1.786539958 8.015482487 1.047678280 7.660564793 1.225805698 2.230735504 7.836822526 6.142050890 10.246488237 -1.211365425 1.074813760 3.891253211 4.909133810 2.970216862
11.469098029 -8.107414317 -7.518618570 0.208816986 0.091448463 0.455404137 0.860604275 1.879296204 3.052482641 6.113745085 3.521650959 5.578799665 2.537321578 0.948477559 2.559448978 13.685571106 3.729878145 9.222509093 1.164914280 7.984746399 7.803130384 3.773998836 8.349501887 7.978554694 7.388333118 9.029172413 4.198317461
8.552262621 -5.915576442 -17.147728015 0.151378577 0.710008419 0.314184260 -0.611768601 2.035697246 1.626741195 0.619549664 4.605846022 -4.355872297 1.683905999 7.743668649 6.196710139 2.541129237 6.420195721 1.378568746 6.774678221 4.337035914 1.961380234 7.031028460 4.015448173 1.874831745 3.008954852 6.763212346 3.565085792
14.548217777 -5.605591323 -7.874835548 -0.516723137 -0.032706908 -0.705598702 0.483795338 5.532580868 5.093405776 3.770932214 4.751362037 5.505498744 3.434101114 1.495582304 0.717468941 2.574587015 5.742187962 6.522376273 7.060359417 7.904795789 2.914405951 5.819289776 0.503937283 3.923076916 5.575880610 8.017948695 5.104696355
13.826350076 -2.942299390 -10.856071500 0.390162926 0.653243522 0.642234380 0.092632574 7.631795285 5.840428802 1.676507448 8.239416736 5.176750775 4.093532368 6.374947334 4.528519803 0.661779641 6.316769473 -2.420968566 2.401899883 5.598139846 4.599406773 1.853999165 4.420520515 5.891605604 1.012469672 9.048977615 6.508078271
7.497779048 -13.363889514 -2.603768559 -0.140560090 0.471284053 -0.450195863 0.745290471 8.168453394 6.569494047 5.696816863 3.965387841 0.529435189 0.371032012 8.027297504 1.900120848 4.161851195 1.637576987 2.797132916 2.755531751 12.149562041 4.027457037 -6.675007836 -0.061349319 3.050097609 2.908458052 5.566914751 9.287209697
13.453580364 -11.677770574 -0.467062395 0.643715809 -0.356298878 -0.515056971 -0.439769694 7.321665166 5.207626353 2.368357141 2.635985805 5.979939473 1.829404907 5.923942148 7.880656442 1.115257629 5.057425294 1.602272455 0.620686322 8.015075359 5.180757727 -0.193709216 6.994126907 8.553599877 1.509713858 11.057733851 6.626259277
4.214048102 -8.013835304 -15.441950688 0.178108082 -0.126545330 0.910817759 -0.350249625 7.389215741 4.290012115 0.284633722 4.499341677 3.629358566 3.360521665 3.671278979 3.610223004 1.175180781 5.706048497 9.363575526 4.269068340 1.891174513 8.659897850 7.317086388 2.296675163 6.000911833 4.810756843 7.075647342 2.800132778
6.204790150 -14.275694926 -11.569103843 0.432815161 -0.542429505 0.553664229 -0.460322919 3.912183269 10.614789726 -0.005223670 6.113470027 3.347977693 1.015554834 2.661273773 3.501504215 -0.241457565 3.726812093 3.768739674 1.037037500 0.092478345 4.112413829 2.330117702 6.629463806 -2.982593402 4.280963670 4.154172319 3.340164720
2.751968182 -10.119799958 -7.809254387 0.501493495 0.381549990 -0.496446951 -0.597046317 4.148276667 6.140787663 8.495210456 2.200698014 4.899198406 -0.646162051 0.897135471 2.336913198 2.794074215 -1.263826395 6.395359164 5.439021871 3.166657846 1.295157938 6.516161108 2.098788141 0.456604051 4.324868120 0.379569460 3.014300471
8.989649032 -5.122425262 -3.769127945 0.646033803 -0.541530402 0.536201400 0.043280565 3.699361589 4.576393769 -0.247285813 1.654393331 2.223887577 6.409344867 3.444262053 5.978903225 0.641769569 5.817615036 -3.443424680 -0.981938711 0.545597940 3.798877575 8.457922269 5.734371846 3.581842356 9.614176466 -1.835740496 0.594154788
16.624340571 -6.935370453 -6.806266612 -0.113656894 -0.439030251 -0.407180443 -0.792804286 2.954983806 0.610451215 2.413776787 -4.483048665 9.066361634 1.097995688 4.075559110 7.699432152 4.422841073 5.733699661 2.813640202 5.945432414 2.701920716 7.211512794 3.476517211 7.384299008 3.229769760 3.322624301 -0.496027265 2.787703527
12.448070982 -13.432892430 -5.254026447 0.222006953 0.934303712 0.278376152 0.017210613 -0.241961366 4.535630038 2.305654463 6.151370393 1.486278541 5.489678382 1.486487642 9.634006843 0.164048983 5.364268052 7.672347506 8.587050284 3.860281473 1.899778880 10.349117026 6.117841036 5.566567480 7.008318861 1.176967302 5.117682053
15.447918809 -13.257286543 -16.207621210 0.782331834 -0.459753963 0.367393611 0.203973354 -0.614515443 6.599145637 6.508701652 7.166116261 7.538148500 6.446463660 5.935286729 4.989921961 2.402328329 6.731588259 3.167693369 -0.472825018 9.108099084 3.278427506 8.886689977 0.874930126 -2.336569201 2.702355676 1.837397416 5.174369051
8.070154090 -16.003519964 -5.207231125 -0.375977512 0.654749727 -0.334774790 0.563799206 2.221190603 3.895543958 5.341441152 3.044510500 3.265520166 5.331643045 -1.891259128 -1.339105653 3.844216327 -0.672393362 7.288726609 5.486341729 4.799265776 3.160230167 6.133908590 4.311143249 5.937147947 7.010449335 4.568805849 2.169599543
4.302547053 -14.942225264 -9.369871181 0.748369905 -0.209823406 0.629190384 0.006006998 2.887708665 1.940617727 2.171205974 3.643091851 3.023296877 1.675590650 7.722160839 -1.986649394 -1.398244733 5.452107369 2.096381103 8.393001039 3.313996399 3.634488958 1.666070311 1.465622200 -2.412882084 1.473912532 3.175503861 0.922049838
12.063743582 -12.882741945 -12.717519318 -0.662724813 0.233902796 -0.691354223 0.167674216 5.268262982 -0.437660857 5.382952847 2.583554466 4.796425779 4.809675278 7.793379261 -0.715193005 5.985001860 4.035019854 3.025665022 1.844379946 4.189667942 6.887195333 5.063258173 1.932811983 13.472594656 0.180143267 5.591925482 6.984289299
14.767717945 -14.432030152 -7.418347555 0.622633889 0.562770148 0.133773163 0.526992924 4.349417213 5.981417183 3.330633844 4.674017173 7.384987820 -0.820519957 8.813098277 9.288907220 4.179281970 3.345485931 4.195905584 1.047976544 4.255956085 4.249056981 12.818252707 3.543119634 6.160562826 -3.513362534 2.883074934 7.045035104
19.914828144 -8.383099478 -8.481780180 0.836684251 -0.356091855 0.219965329 -0.353232655 3.783572035 12.607124729 3.787022643 4.287628253 7.056527135 5.769088174 -1.147189960 2.852402476 5.529059930 -2.439400947 1.026510352 0.688039598 4.869690327 5.070835598 3.286546565 3.795413796 9.398090022 0.721490221 0.974000530 3.450932851
17.677277639 -13.678363884 -14.236113192 0.096155656 -0.420355360 0.148633208 0.889923385 1.790538792 2.355330032 1.365176729 4.546317570 1.116122031 4.923688811 0.428522440 0.049887643 6.306803628 5.721779493 2.415459957 9.045581527 6.570929038 1.623360816 5.108893097 6.781162275 -0.900670175 6.701676263 -0.650894507 3.838313795
5.738827299 -15.051983345 -11.081074197 0.067613657 0.709397329 -0.462163989 -0.527814617 5.476135854 -4.239877273 6.831185002 1.040649646 6.384550428 5.470107826 5.576602518 3.214773952 -0.610618499 7.225827624 8.276044440 3.943648401 6.224443928 7.944921513 6.425964611 7.869751977 11.670180890 5.172726345 6.960307734 7.015333282
17.630117777 -8.661383406 -4.771841311 -0.227718636 -0.293386854 0.886646500 0.275547382 5.262950695 8.706518259 0.904248671 2.333447003 1.346179943 3.887629728 7.361105074 8.661071419 5.547833719 2.923067196 6.314694696 2.792485708 4.024724706 3.191197653 2.423897306 7.564648940 4.609644628 -2.817913698 3.827177017 4.095012572
4.157499983 -8.355947903 -5.885150555 0.138327628 0.671073167 0.710910786 -0.158531151 0.608138744 7.308984468 3.938988763 3.083044570 5.293355294 -1.485485221 2.486512937 7.997722827 5.623508338 1.382055771 7.065704489 1.348380103 0.398019361 4.966229812 -2.338976805 2.076927796 0.718462643 8.100418550 2.799463239 1.875092533
18.458917973 -8.311612943 -5.608768553 -0.845594358 -0.361191271 -0.160793485 0.358687192 7.008010133 3.157124877 8.486291389 1.458085926 2.636321986 -1.330557808 3.714649340 3.797295222 -0.084919475 2.512908834 7.770300205 5.819412721 5.088520798 3.026537086 3.840899975 5.932760353 3.216548732 5.834723542 2.027971851 5.526612905
11.511565469 -14.068981495 -17.779853831 0.192185875 0.352332961 -0.261223559 -0.877888562 5.785262861 5.961555862 3.609088088 8.561571163 1.127363680 4.307022967 0.490696481 4.907629470 3.086254653 -1.728139448 5.201324968 6.712568023 7.511140279 8.332591910 2.218335217 2.095121541 5.572322359 6.086943983 0.715636384 2.050480746
6.752010501 -7.056416986 -3.719670523 -0.551277730 0.207648818 0.731832145 0.342631792 5.066648265 6.557362033 2.793208964 1.408342366 1.972846036 -0.454685830 6.083775543 1.750769922 7.115584512 0.520025991 2.965601240 2.562236661 7.418531066 7.765563998 0.985853681 8.481965980 3.130703468 0.935113511 3.346984203 5.907773754
8.644537881 -12.848388149 -5.401165627 0.629377773 -0.549388229 -0.157250733 0.526619787 8.396340218 6.428720623 8.130650005 1.341128777 3.362208142 -1.112671177 3.730950403 2.425771595 3.940209934 3.376024432 3.040785363 9.528627430 9.467160958 4.098679519 5.412062019 2.101950404 7.646631312 7.981423125 3.636627242 3.260045597
17.092583965 -5.212047080 -12.825118881 -0.599324885 -0.263239506 -0.170827018 -0.736432464 2.764100576 0.852740645 3.993869779 4.454737468 7.648312559 -4.882338722 3.899308157 5.887671090 1.826115331 2.927147738 1.892051564 5.497533966 9.602013357 2.386435053 10.778992830 5.815506320 3.486909221 1.734056300 -1.470555987 2.651042819
18.003914946 -9.299833335 -3.533436889 -0.182259279 0.492431647 0.667177891 0.528361893 2.435227628 10.430516721 8.812380965 4.090481338 5.630485875 4.646782954 5.752740631 5.319813816 1.169871524 1.191542330 5.349704345 9.270275084 2.711072598 1.412824451 4.221738344 6.337404434 4.258960865 3.408130860 10.473921110 5.848578972
10.455721252 -18.784387420 -14.816755036 0.066888113 -0.813444900 -0.461827797 0.347200892 3.718665339 1.261373710 6.853137336 4.073923349 1.579007183 4.232935780 8.481338367 4.649192660 5.816898713 9.932965525 6.640705166 4.614655036 8.319722301 1.287996807 3.487952080 4.940587927 4.919661182 7.928009682 0.528530483 0.318319812
15.839050964 -10.304448392 -7.377354508 -0.018148413 0.449200053 -0.758601293 -0.471607916 2.060646805 -3.393518315 6.448380440 0.473233768 8.659525453 6.739440518 3.793560977 6.647079908 7.444209240 8.233199204 1.975223731 4.790139841 2.180811830 6.171869361 -0.931434284 -0.685949529 3.777953815 2.775871605 1.312615028 6.148530702
16.962342086 -11.724342917 -12.644041891 0.206499877 0.119995049 0.966166246 -0.097374403 4.065948089 3.195190349 2.808017336 5.405748593 3.108055806 0.487633767 3.979443422 6.277349200 6.302301894 5.286632070 2.549482568 5.472879840 4.651362777 9.949969491 -3.750237174 7.487364073 3.546243738 3.256546875 5.773168328 7.828077014
16.229001381 -10.091128740 -5.049920841 0.386531086 -0.726628677 -0.552708375 -0.130835540 6.232326960 -0.108324750 8.536014815 4.912410882 3.468123582 -1.464145503 6.380050672 4.955327248 2.483490898 4.655713792 7.183322236 3.948818469 7.384435574 4.088303361 5.422099340 6.189779185 7.943478160 7.451466889 -0.793125033 10.956264402
14.196330533 -20.506508919 -9.928181260 -0.245212165 -0.543340137 -0.557769633 0.577534005 6.090274913 4.074587601 -0.252924496 2.251919298 2.884446738 6.615792227 3.395157503 2.968752778 -1.244125807 1.027494757 2.594811014 2.613679227 -3.348122664 0.378817047 8.338154639 2.993518375 8.572447394 1.894556400 2.138104598 0.947856862
10.088690940 -11.511980208 -3.577140336 -0.315634326 0.602349659 -0.353396773 0.642386628 0.401745510 1.620541454 4.886960181 1.669220571 0.847515330 0.826822501 3.045958120 1.522324966 0.537985774 2.112079995 4.393033501 -1.493342916 5.628902413 2.196556542 6.389549870 4.068035029 8.388402508 0.552170364 -1.503709405 0.010718303
19.086801910 -15.298982987 -7.330437752 0.916008869 -0.183348052 0.170819138 -0.313260381 -0.519361977 -0.924513881 0.300687574 0.140523831 2.433679698 8.110667375 0.748836501 4.088218770 5.790315058 -2.157899442 6.081749057 -2.576022352 1.510127519 3.438106096 3.505641320 7.959219173 2.305923916 3.219448867 2.884393133 3.675941946
5.118172189 -4.036418418 -8.163322031 -0.551757777 0.154286882 0.014850135 0.819474458 1.220968514 0.855229400 2.571690438 0.562486530 5.378286413 5.007667106 4.159931597 5.221062842 3.733209095 2.976931727 3.648939672 4.478201468 3.426395043 -0.731499770 8.024873263 2.565241803 1.710398320 5.390768801 0.434855444 2.240270625
5.014938894 -9.108521065 -6.229650056 0.089263998 -0.150249128 0.716690076 -0.675138855 8.724739425 3.294477878 0.129059422 0.372606678 9.443444108 0.817300909 3.225766125 2.854170219 7.080480197 7.982133190 3.217007751 4.880587896 3.628851437 5.181331224 9.331404508 1.276922520 4.288003998 4.460753355 2.279191280 1.215818636
12.858815083 -16.222946804 -17.350886097 -0.361639929 -0.209704532 -0.907450723 0.042115987 1.760025604 5.382192442 -1.944206020 1.840218055 2.877239144 2.859991413 7.511743146 7.095494593 10.655721360 5.596238376 -2.375513915 1.390159642 6.850194952 8.077614712 6.563811009 4.402917060 2.630190154 2.961038529 -1.479697465 5.272060147
7.021941646 -12.521909493 -16.989693321 0.592463717 -0.634899322 -0.470801927 -0.155676398 3.773963344 -1.970843778 6.842321363 6.726614495 8.286237593 3.443725250 -0.951467092 2.989874630 2.472532619 6.751907370 -0.589900244 3.003449346 6.034833538 5.485276196 1.862379940 5.765512767 1.195914188 2.236453416 -4.165629901 8.771020679
15.823952923 -5.325256268 -6.097270182 -0.959423820 -0.043177033 -0.225824570 -0.163232783 2.173996775 -0.696390510 4.341021678 10.121273909 6.722656216 5.033891753 1.002904571 2.702954860 8.205463198 8.847774116 6.856492614 7.700860653 2.401920023 6.770308290 -0.292111935 3.979345399 2.808709233 6.779971538 4.144667053 2.410618697
4.372771820 -5.278374235 -13.177182526 0.017278600 0.848332622 -0.334163242 0.410326870 5.278805191 3.734082963 0.061772542 0.260141561 2.830105344 4.678305074 5.341917978 7.105744581 0.165098304 7.567129223 0.342465701 6.586381709 2.621336156 9.011226446 4.408718485 2.941622479 9.165156338 3.307188475 2.876396863 5.796227511
17.668406161 -5.486000384 -12.128483179 0.799916147 -0.273448438 0.232973491 -0.480711412 6.154008060 2.288906281 7.183088365 3.830948839 0.319673354 5.546263810 10.538759156 4.216185547 3.140118750 6.380328766 7.909595489 6.133790270 3.600709900 4.599331403 5.111170290 5.101569488 6.950966298 4.009321740 3.093067246 5.169209595
16.437431062 -19.223976012 -8.094568511 0.756755075 -0.166284748 -0.228134591 -0.589597955 2.869469945 7.394683389 5.031392644 4.989186909 0.308687534 2.064212117 5.282939305 6.279128078 4.131501825 3.102220869 1.775097762 3.179206453 0.180614370 -0.920702982 5.278833266 8.261229824 0.222201270 2.224924738 1.597324520 2.741370754
4.651958725 -16.307247331 -10.998266356 -0.435886082 0.568877843 -0.686282121 -0.124089380 1.059838456 2.852692623 2.590027165 8.814708120 -0.790140602 12.247907647 2.068202921 6.267092434 -1.541039692 2.720313805 3.687253109 6.744850907 3.406482714 5.385652524 4.463293141 0.100636983 5.259063750 1.737692806 0.222811093 -1.640663176
10.709735856 -9.005778156 -19.190968849 0.653440794 -0.731408905 0.142732869 0.132979213 8.253415478 -0.694834769 1.282454334 7.511093920 6.474172499 6.083510191 0.352778424 8.422444352 6.055775304 0.374619673 1.107876215 5.993367321 8.626479048 7.357740078 6.561831257 5.735677606 1.089979192 9.085431715 3.714145598 2.150310336
12.874340639 -12.244874329 -9.599671953 0.603022286 -0.202744185 -0.633563058 -0.440291687 2.031707546 4.741273956 5.663610792 -1.130472921 4.648143208 5.932726469 1.836584745 -3.024980369 5.907073631 8.905090419 5.320911264 0.304366511 4.976376182 1.566716765 9.943827142 -1.682129345 6.941647857 4.675809555 6.388007088 4.137272015
10.363909506 -13.158924423 -6.737159790 0.858875880 0.472168009 -0.148781471 -0.131353218 7.008877021 7.188157379 6.967384066 4.623639027 4.815583486 9.231299249 10.465463853 2.284676595 6.442513348 2.531794787 2.994244712 -0.002159445 11.951328395 5.046217945 0.284891913 5.104510518 5.237300393 6.797626946 5.408451174 5.048891237
4.130566965 -17.845735224 -11.168444185 -0.261238621 0.596501367 -0.452379536 0.609338376 8.906797029 2.321354851 0.387568349 3.435586643 5.434701914 4.160612703 5.322779646 1.765605884 1.845160023 6.269996089 -0.392105039 8.910030032 6.013528148 10.363885227 3.280866314 5.692506787 3.895186546 3.713104195 7.138168495 1.845675437
7.979883719 -11.822932138 -2.493042128 -0.274422534 0.130092450 -0.731796956 -0.610115926 8.865647259 3.194936277 2.712328896 -1.977810319 4.528535215 10.785122159 -1.235914126 0.942205363 8.442326138 5.582089438 4.322307565 6.066501341 7.683027741 5.938476537 3.825519108 7.889934941 7.514254805 1.414184614 5.394523444 9.416954062
15.578915734 -18.088408079 -14.619513359 -0.516760094 0.085222907 -0.764202024 0.376419086 3.318089595 6.458858158 1.673860918 -1.733402099 1.798882614 5.309064725 7.946656421 -0.137091274 0.772589631 1.551563898 6.588028331 8.061823325 -2.164696143 4.925579849 3.810615830 6.514610236 9.591931088 4.487863219 7.797493791 5.162681874
8.538034278 -13.883928588 -11.774824672 -0.578939584 -0.133942005 0.186350044 0.782407924 5.583027462 1.156879314 2.694947022 3.112245473 5.058825834 -0.579047721 5.939159091 5.994106791 4.170495203 9.752985710 2.887648821 2.818760467 0.688748880 3.078477501 2.328528406 2.142166243 3.928935384 -1.745214571 4.244769292 0.684512873
9.394310195 -5.761709946 -16.226959205 0.591581389 -0.579067200 -0.453012373 -0.330896402 5.520905003 3.490804623 2.234378887 7.254510583 0.051528722 0.905357970 2.880040844 -1.192822309 5.143711067 4.020642481 3.303077637 5.570502664 11.044328827 0.501435525 3.464646556 9.017625765 3.511819083 4.551757306 7.161725024 4.656502481
2.176708511 -10.122530144 -13.273731832 -0.805791996 0.437961497 -0.393593027 -0.063035822 5.387010388 2.952803008 8.816541493 6.897226801 6.779798587 1.377499783 1.203533940 3.603986085 2.613285923 11.936650374 1.774991469 3.983924842 6.175816864 1.892394390 5.454463128 8.436798733 7.117180178 3.213156269 1.159534598 6.935228745
17.608301680 -11.493166161 -16.139517917 -0.312852405 -0.041503800 -0.368765442 0.874307072 -1.788633635 2.080297012 10.230567763 0.330471535 2.962954076 2.649700295 0.193885632 9.752907210 6.460053689 1.856139037 4.582124381 0.029574181 0.646068730 2.688489342 2.546843379 2.615979344 6.022474894 5.306751753 5.415346292 8.363273285
11.876826922 -5.677879255 -1.964448842 -0.366648291 0.184280163 0.200165312 0.889687417 7.787344399 -0.427190125 2.044823885 -1.588969975 2.173559455 4.560346350 6.693205137 5.379254676 4.490810677 3.772637378 8.434842014 5.617169742 4.055703008 7.496452467 4.169845992 2.559827503 0.890773362 0.094727545 1.587458397 6.402955050
17.045884878 -16.573612144 -12.127170033 0.428048157 -0.601395030 -0.659321425 0.142807742 5.152997921 4.553718121 1.912797476 2.191470724 3.517100397 0.790689226 8.324756061 1.657446147 6.819899884 3.475913782 0.272949632 4.651899902 4.557063216 0.310382057 4.443220776 0.752191052 2.687377530 8.879967942 -1.196745158 5.621871709
7.066659678 -11.289368755 -0.406531073 -0.286737610 0.458717638 0.432991892 0.721025446 -3.923152561 9.610789280 8.601424157 -2.395706042 -1.027800290 -0.617872875 -0.299241622 3.435370246 4.040538900 2.442776930 4.115183743 6.514604384 0.516790467 5.562488163 9.336400475 2.058077373 2.792028809 3.411977957 4.445481191 5.448670007
12.732309805 -20.836033556 -6.845735308 -0.803675111 0.364872955 -0.457110514 0.109654098 5.051856245 3.885513030 2.492875933 4.897285791 2.736523492 9.333536935 2.837794351 2.241277143 6.278594044 2.364537877 3.325521889 5.542817742 1.022137214 1.943736601 -0.671049004 8.539151925 3.487120145 8.561355923 3.342573453 4.223379666
12.906644323 -10.821892781 -7.109119039 0.205952710 -0.031868271 0.965291063 0.157420004 3.903639744 8.071131583 13.075054504 2.756639349 0.994289635 2.156731957 0.804089067 2.586123800 4.880648916 5.330321015 1.167128578 2.934225552 3.231809825 2.825209409 4.429267030 0.487334080 -0.373520273 3.363729843 1.608836587 3.155076274
12.027545376 -9.418971133 -2.678209473 -0.002535843 0.591543318 0.045702574 0.804972886 10.352289952 0.045091369 6.097649831 2.191784944 3.636768421 1.767224141 5.160611919 5.251098895 7.043390688 1.807443459 3.725917355 8.838504624 -1.270407627 7.006906470 -2.033283930 0.903985004 5.368931594 11.335232634 3.699145665 4.298962148
13.714992886 -15.676052408 -7.642968415 0.191404884 0.753790789 -0.390139108 -0.492904751 4.058488484 -2.242642631 2.809163600 2.745341979 2.546247276 4.392906265 4.440024137 5.181172822 1.742598526 -0.511891579 4.400306635 7.371311706 6.053700984 -2.944496018 3.165863005 8.250821072 4.076805335 6.930967717 4.489257781 6.732682658
13.003500507 -7.325693977 -16.157852932 0.525271387 0.763818793 0.138361998 0.348606913 -2.905405759 2.581759451 1.510030414 1.437411778 3.101680721 2.836117595 6.439058991 9.070938505 4.475937006 -2.724076691 8.752907563 2.017461054 7.005204148 6.666271262 2.860153283 3.475460979 -0.350449904 4.738927410 3.747083239 6.216875737
8.668291566 -10.192564216 -4.007867539 0.684662556 -0.509259615 -0.289012118 0.434009015 4.096619691 5.319068851 6.745848786 8.242220754 1.658511101 7.516172488 5.087307692 4.366377131 5.396340352 9.659617077 9.221435791 2.349848140 3.487417860 5.043761873 6.335960539 6.897848476 5.774031322 6.411483061 1.952082391 5.978998183
17.248680511 -14.727101073 -8.981427433 -0.597540972 -0.136758439 -0.762123953 0.208348260 -4.009854777 0.351078614 -2.681295468 7.235478827 2.119837282 8.457385543 4.528629757 0.897909014 4.669445118 7.939521841 7.909949544 5.502728465 2.486495332 9.405332212 0.889838245 2.256532716 2.089040338 6.366203583 5.232626678 6.068002357
13.247803005 -15.289338748 -12.199603077 -0.204065237 0.542439472 0.795486620 0.176968457 5.665030393 3.151807224 1.248614854 7.266227607 -0.666847880 6.759534488 6.492465205 3.041638413 9.056953352 8.549531133 6.243068802 3.604845311 -0.951799450 3.475573123 7.914990730 6.084283310 7.413993395 4.448459702 3.263066464 7.082830298
8.542628013 -10.856739523 -5.681276333 -0.575812783 0.600589179 0.143036696 -0.535978339 6.463440417 -1.455681722 8.983605607 2.664901157 2.755326118 4.783643945 6.087065915 6.204211090 4.009807164 6.657840306 6.419452730 2.988306711 5.114165248 0.765775761 2.775810962 3.774674546 0.033555578 -1.477679564 1.960249019 3.765201911
10.640664549 -19.054790361 -9.650996590 -0.245337659 0.886584343 -0.104900596 0.377853808 5.321324855 4.962457644 4.248164555 1.744182792 3.320632970 4.052167078 -0.198724241 0.255077956 7.574113928 -4.669112376 7.296546482 2.156214481 2.250939850 3.228396372 7.468231149 1.820584289 1.822509272 6.721546925 1.813487557 6.809809999
15.781326234 -14.240116327 -7.943685283 -0.557360717 0.430318113 0.335873683 -0.625591097 4.452518070 4.319636405 5.188223866 4.900939139 3.030556549 2.220769238 1.251776571 4.077017725 8.932130985 7.762085761 -2.847542342 8.357799022 3.479691152 3.530613784 -1.064797613 5.027349929 5.739720367 4.279834023 1.395842360 8.816037520
8.778132909 -5.139621339 -16.264950556 0.198732997 0.336552300 0.843867545 -0.367593949 2.099962037 3.274875202 5.527789544 4.411468248 4.283023738 -0.002132798 5.571305070 3.692341548 3.294631899 4.404326118 4.759700579 6.642005037 3.952193764 1.538369131 8.834643209 4.733816744 7.459666026 -2.225006210 5.811252197 1.623977322
10.284920423 -16.422566294 -13.752111607 0.584737170 0.215333761 -0.100575926 0.775627679 5.790594321 2.434412469 1.266935584 5.128662622 2.760609382 4.437657213 6.635750656 -0.592884375 6.614959223 6.032602746 0.867614077 1.414043114 0.626636198 4.033323354 6.743968652 5.175869719 -1.983002260 2.957529784 2.547786289 6.336865196
10.512702023 -5.330405377 -8.983178061 0.690713767 -0.385735840 0.258738433 0.554235309 3.140356771 4.914938322 1.320175585 6.768948780 2.768340340 7.484649822 10.282772401 3.991954299 4.840285217 6.810499213 2.269099788 1.248542181 3.599676580 3.154761019 6.074089116 5.575385763 4.553351443 7.653111220 2.710790471 3.868445458
16.463348563 -11.621285246 -8.152460351 -0.675263924 0.608929243 0.265515682 0.320507774 2.893860887 0.198059575 6.542367233 4.457117227 7.585237188 2.620598653 6.005620502 2.678762113 4.688124025 8.045078195 0.975813754 4.579734367 3.052707910 4.283760749 7.481823775 7.999310567 0.700635199 2.409246645 8.640946412 4.580400411
8.173673395 -10.003707673 -2.440734280 0.553601807 -0.642009895 0.395560213 -0.353384284 5.776309270 1.038585475 3.112427064 6.855058815 6.463086340 4.189683716 3.075738442 0.894210689 3.530226129 9.072268445 1.530448551 3.631765841 5.002496730 3.253185459 4.954719202 0.509182050 0.319378213 4.991890104 5.940024091 2.919526923
17.223292120 -14.735795733 -5.328868846 -0.391246528 0.725036893 -0.408526801 -0.392878495 -0.625381474 9.245944682 0.087797845 7.038742324 0.398049056 2.305702216 3.559577601 5.603463884 6.659032667 4.527373609 6.169344057 2.631668577 2.545770781 6.284711074 5.644032424 2.178330257 5.274000803 1.639098223 0.808823434 -2.549338008
12.598017170 -5.396416063 -7.825469332 -0.671346434 0.671923255 0.186404036 -0.251130726 5.770661507 4.661771822 5.849057061 0.720346845 2.659731826 -0.371149750 -2.237906860 4.168490500 4.365995483 2.035035809 3.218509988 6.282517696 2.315076027 1.514240977 4.216703367 5.978799185 -1.721068947 6.874346104 5.566608777 1.721419313
1.422370416 -12.281265401 -11.787648482 -0.854866556 -0.297398034 -0.222002873 -0.362591100 9.314135812 -0.633618463 2.448043764 5.242548621 5.518026519 2.333209697 4.325082719 6.060662993 -2.284890968 8.469743456 1.427192771 6.598984556 2.497421381 2.273097003 5.393807102 7.145074611 10.380696162 0.739414546 8.723777405 2.240641469
8.201874830 -17.441231464 -5.622952001 -0.394157658 -0.284803910 -0.395080440 0.779383038 2.216233804 9.797962300 6.006060150 1.937539699 7.632399894 5.056019525 3.945756605 1.075472355 0.713747092 0.717070644 1.626778433 0.153124420 2.197830254 7.362704078 3.315901458 7.242156930 5.354380885 8.046368278 6.046294213 9.304718514
2.292423704 -10.107809258 -6.411214808 -0.674615036 0.158315386 -0.608316285 0.387016909 0.751024468 9.480786520 4.460945591 3.328267201 2.635897303 2.273352612 0.765634971 2.693884539 3.252757474 5.891337648 4.361637262 11.141800682 -0.912760486 3.676995140 1.986290797 0.704445298 5.678307088 8.822405839 0.692947963 6.209065366
11.792905983 -10.306944767 -6.072336306 -0.537241899 -0.627585164 0.561268796 0.049853205 8.833377527 3.445908385 2.417689260 1.589479583 5.985499883 3.458729264 1.327908878 4.866227321 1.561888125 3.652769368 5.318486201 1.158417986 -1.171544447 5.530056792 1.002537125 2.293028470 3.516015186 2.956419062 6.308980526 4.059381223
13.021564828 -11.620750040 -17.243887718 -0.211455159 0.712591636 0.243813589 0.622940454 11.260373699 4.986666809 2.994453249 8.626728214 2.925219441 2.065950954 2.792970182 -0.904030351 5.870901359 3.123721705 8.224170101 3.416881909 5.787216447 7.783745670 6.577907366 -0.267041129 4.749841638 2.653345513 3.884040348 1.634596982
16.887453878 -9.945302319 -3.887162971 -0.413443555 0.150226113 -0.852268415 -0.283081421 2.534210935 4.671767442 7.088294185 0.664861018 5.081000709 6.540268393 8.216565320 3.820276639 1.251473556 2.353694070 0.904179090 2.635100902 1.725200280 3.712147896 6.156130705 -3.998308275 5.104908906 6.383015214 2.823379902 1.208853301
10.682210089 -7.239896767 -0.971858958 0.406905882 0.389528192 -0.762526347 0.318196419 4.213480845 -1.187914493 1.421367874 -4.202694486 3.486650420 1.296147924 4.273152896 12.188538826 1.896660187 3.086058530 4.422856890 4.069867474 7.391213655 -3.311595587 4.276507398 0.376638423 -4.028404047 7.082525730 5.273327267 4.205498267
2.859106483 -13.782857939 -14.164369620 0.014575865 -0.132235978 0.102226862 0.985824964 2.238795409 -1.994978036 2.074226566 -0.260394176 7.790497316 3.232634997 4.520881087 4.049357321 4.263743568 5.042457674 6.827634125 7.189480558 6.843558933 3.270066385 2.209059960 3.224247537 3.186906666 4.351052845 4.179967743 1.929523965
5.660344229 -4.811381700 -4.597587743 0.302908517 0.090425871 0.947932851 0.038638077 7.504344215 5.944020418 4.509365447 4.276654382 -2.131105928 7.109361485 5.463308584 3.829090369 -0.237619164 11.754213370 1.825900805 5.804424900 -1.441349066 6.220392084 8.967011405 4.300730342 5.523157463 3.125654902 -2.510131604 6.220470007
10.271993490 -10.833378312 -9.025303152 -0.277359653 -0.052840837 -0.190308810 0.940245726 3.875890471 -2.052336822 0.309440202 1.459096192 6.041340878 4.259618597 4.895192905 3.569766054 6.176857281 5.275915403 5.090083376 4.086472987 5.796111140 6.105102709 -3.051540263 6.419736024 7.902170580 8.174837038 5.912838315 -0.476612146
6.207953678 -19.198344628 -8.351400307 0.373895520 -0.923915534 -0.032822514 0.074195072 6.252506281 4.886860626 4.470767437 1.302092737 6.283423271 8.453708811 -2.788214027 5.618486941 0.173560007 7.328948540 7.280604398 0.932317128 2.761395709 13.216483004 -4.023917396 5.461871067 7.093396586 1.163455948 8.692579875 7.917122774
5.899398592 -8.302220254 -9.984084398 -0.337282093 -0.371140584 0.485600118 -0.716022334 -1.658371002 5.634995585 7.610447494 8.352533216 6.326263594 3.350593777 3.819809735 5.229516903 2.887823583 2.210313977 8.008110888 2.567775601 5.039114024 4.079141527 0.883356705 13.600289002 2.711632060 6.459115307 8.198515165 7.875677990
11.216273418 -6.465323436 -9.919828198 0.527287864 0.359102044 0.592530117 -0.491854950 3.277016296 4.607715030 1.560775493 1.899195991 2.187050792 0.239206338 9.026528281 5.764777116 0.906157855 4.763740836 1.030197147 0.216816225 2.741782343 4.114526480 7.026092761 5.227753287 3.691173986 1.899906609 4.342677708 10.252366337
4.126010562 -8.472971427 -11.188684659 0.422857373 -0.669653470 -0.419236817 0.443842725 -1.330441169 2.714818163 3.926773019 7.354978697 0.917275846 7.911394747 5.321602535 4.373312767 6.381327625 3.222953070 4.431515100 2.623707715 7.800188877 -0.631213577 3.230156252 6.072768175 2.753268901 2.357766849 -1.564735070 7.614362917
3.866148207 -6.724782124 -12.494657657 -0.039463341 -0.523528645 0.834256479 0.168453347 4.433825977 1.228445192 7.356552053 1.471839593 6.316584527 6.557152763 5.867877568 1.263739467 8.881572475 4.232429353 7.476710828 1.914035864 4.752173306 4.715691208 2.322151443 3.544769821 3.016590547 1.248452122 8.121032964 5.109736446
14.027052879 -9.113187305 -6.698086512 -0.679081190 0.357395397 -0.341736936 0.542524778 4.934696390 1.683447377 1.159943748 1.861982703 4.980072703 6.413442907 5.966320227 2.095472812 -2.085367874 5.238872022 -0.104425039 6.958569786 5.274166339 -0.328354790 -2.131848429 6.135244151 -0.249003304 7.416614049 4.982956615 5.213854526
4.946773726 -4.346299901 -8.822704711 -0.170867814 0.751083990 0.146856024 0.620572589 1.661261019 0.487290412 1.788836949 3.707641341 7.095081033 6.190119172 8.446014899 4.405141927 4.203072944 2.711774782 6.071062177 1.373963981 3.353203550 6.098406305 10.170266171 8.311686917 8.326726801 6.248608266 4.876947134 3.855728737
5.870472610 -16.335231802 -6.250350151 0.734511253 0.445371733 -0.504959736 0.084574843 -2.692895653 2.540024063 6.100029988 3.796101091 3.104852349 2.884040282 5.367722981 5.122635570 2.963960373 0.535106412 10.356490141 6.464843991 2.227482178 2.194676135 6.551060611 10.191371975 2.744170789 4.600476384 6.294632870 6.040894634
19.497049795 -10.593128836 -9.123580351 0.681250747 -0.460444178 0.535600715 -0.192406997 5.283312570 3.899516209 4.674036621 4.510704009 6.898710617 3.353433085 2.930085271 0.806570241 1.656246884 5.515090497 8.532819348 6.837217813 7.063454554 5.581368070 11.737142131 -3.272174507 2.181538351 0.517060709 3.386914027 6.691731508
8.804053812 -3.807539351 -6.450659533 0.022129633 0.868447491 0.482148586 0.113322443 1.249814533 2.963593788 0.861264986 1.277813252 0.918555259 4.058401782 0.338275118 4.182564177 2.303631435 3.968996270 7.215147058 1.899808556 3.561667633 5.335831134 0.545663768 5.352262681 4.889150547 7.568364508 8.200243102 5.241006336
2.884653250 -17.915667083 -10.852516622 0.550191014 0.519718388 -0.072097304 0.649603436 1.469576214 4.204844832 3.370360330 4.874552352 2.538722947 0.079816036 3.682706287 2.126307188 6.566589541 2.348442253 5.480022978 2.011712252 5.185278403 3.288204312 8.323358336 3.353362367 4.077639984 10.772970074 9.768950505 -0.394606953
10.217148991 -6.081032713 -14.138866568 -0.506900692 -0.420257083 0.447397627 -0.605203301 -0.666467379 8.576021731 0.881108073 1.181703544 -1.381021812 2.593402156 2.075651557 8.944394506 4.318617604 -0.001377115 -0.428047134 6.383239598 3.488543533 6.422635452 2.157876970 0.370826239 1.979446990 1.737173467 5.940171986 3.741975457
6.850370001 -15.848004713 -15.300409504 0.224105969 0.257161451 0.939298875 -0.036906990 1.127422550 1.462653361 4.272601952 6.719660259 3.052129937 5.118986432 1.414920889 3.414969191 4.293396381 4.779939955 1.169661739 4.260587968 2.658427736 6.093555643 2.528305280 5.703682099 2.326466721 3.158409735 -0.018681482 8.246354006
13.485167466 -13.722573426 -10.483105173 0.506825918 -0.101969932 -0.326261593 -0.791380436 -1.321632268 6.153476280 5.523963505 2.280146961 4.615697799 0.885829871 2.410230823 1.937119455 6.283197827 0.766026743 -1.675258654 -4.881023031 5.405494981 0.835553684 -0.336350824 5.172953879 5.664954457 5.586272555 3.601540317 1.940234104
15.911146177 -13.020838446 -12.881472033 -0.323614090 -0.733954027 0.377957486 -0.462313256 3.033258968 3.728440411 4.875691384 3.793945624 -1.389127253 4.055222616 5.789268804 1.050287435 8.057525283 4.738871854 0.329762804 4.416335463 2.832373737 2.886521277 1.226843205 3.629487685 4.167264910 7.228177342 7.937896458 -0.213070028
18.232338853 -6.957934157 -13.739273388 -0.223992520 -0.954457935 0.159139449 -0.116241287 5.295552754 3.842653070 3.633605024 -0.138780059 9.672187729 3.075501102 2.420340703 4.480967943 2.246245846 4.166511102 5.886210814 7.804917716 7.398360329 0.211641124 4.371789730 -0.949447837 6.421605760 4.274672593 6.030290004 4.051682559
9.414084028 -14.415379880 -4.577141818 0.013087593 0.057290299 0.837219955 -0.543699627 -1.412062085 4.073393787 6.328578368 1.319958721 3.410778058 3.021021484 2.219669767 10.989850514 6.955910755 6.823649662 3.913783490 4.272134664 2.584953786 7.912611026 -0.726049950 5.746939982 3.427056057 3.242875067 3.383865391 5.156420671
14.984657590 -16.579380612 -3.499295708 0.106587267 0.885158528 0.334430438 -0.305433818 5.459794247 3.483378249 2.025821757 4.440009989 3.959187245 7.232357226 -0.854156128 -0.034111636 6.195669991 -0.824224122 2.448472134 0.132607701 -2.105601309 11.072521972 3.093282568 8.823840534 6.251232910 4.070288422 5.798002401 2.301659922
8.542770869 -14.903140458 -3.798554251 0.407499255 0.635146054 0.439691229 0.487037443 4.648534379 0.337717722 -0.255204377 0.758407462 4.809118637 6.852614136 8.683900460 4.648344219 2.381804585 4.079967798 6.933933315 2.066452099 4.667637326 9.638319279 4.495656580 6.946388206 8.792088119 6.989517469 4.900763107 2.153826502
11.977238519 -3.313117008 -6.069844864 -0.197583047 -0.246265065 -0.088508414 0.944711976 0.419289157 6.841950912 6.578632765 -0.311562931 4.108388702 1.087290490 2.982009797 0.117945509 5.706781650 3.426770770 5.004014801 6.836261959 4.349229117 6.401324988 6.010506040 4.261707455 14.261988638 8.137038512 6.554187919 5.295099687
15.309989390 -16.631313332 -8.487336143 0.914468740 -0.297567853 0.223263214 0.159228870 9.633674924 6.231888038 -1.110220737 7.319321840 5.108906434 -0.252336808 10.343601764 5.677601628 3.237861321 5.529331557 -2.210718188 2.516820041 5.972021653 2.877859499 1.906683366 -3.097286627 2.083806094 4.578655285 -1.849866872 3.168624944
3.173392881 -11.449443346 -11.630227456 0.518418491 -0.173070531 0.531665887 0.647008689 3.237566557 0.924406845 6.232211492 1.972218612 6.496979233 8.988020085 -0.883161099 6.657746999 0.944125028 7.090791081 4.428439258 -0.192479034 -2.232243404 5.883491137 3.248762388 2.921800902 4.176611379 6.645204782 8.039979327 4.555928732
5.415240742 -9.412655781 -7.402109221 -0.094797539 -0.916663437 0.075829461 0.380777445 -0.560867765 3.283129345 -1.874642709 -1.923699520 7.247165285 -1.213402877 2.796077621 7.912647951 5.523759407 1.343586942 2.229473557 -1.311108363 3.151471101 7.397666799 9.242653490 2.136125121 4.913629039 4.935421107 1.836274041 1.724981950
14.727107329 -18.325991803 -7.208490470 0.671231743 -0.180891363 -0.654453922 -0.297348830 2.857880645 0.881269090 8.595635367 7.616038618 9.044606916 3.391721129 3.726499881 1.364659813 5.106005363 -3.023994694 2.933508596 0.784656078 1.858548999 3.069883782 7.897647625 3.237769549 2.020293248 4.501185357 5.720621223 2.278737084
4.031778718 -12.356734623 -4.444094665 -0.327173195 -0.835485823 0.441487837 -0.003103236 2.543155233 5.129323977 5.345063877 5.770421546 1.837943814 5.195500997 2.736082536 8.637473683 7.953786492 6.073039362 4.282109912 0.334644392 3.640703003 3.141925569 8.080204797 9.129290880 6.018500433 5.382359165 3.088336690 5.343434035
16.359224347 -19.759593670 -7.881233503 -0.931551939 -0.294421066 -0.153822504 -0.147871086 -2.032511456 2.387845836 -0.340746173 5.628811034 -1.350054072 4.241727633 2.428005365 4.454470216 -0.354565137 2.339231131 -0.752491239 4.400388069 3.170182237 7.502069060 0.552411387 4.577431690 0.756547773 4.356471141 -0.268613779 5.671399160
5.016678268 -6.163229195 -6.826117640 -0.056573998 -0.881308033 0.455584293 -0.111975377 5.831301678 5.513126823 7.262518395 5.343792580 2.340201816 1.132189682 5.796449506 3.068717260 1.367096230 2.119335026 6.527436484 0.456975285 6.121858046 3.272279294 4.307898334 6.443421399 4.461688590 4.198232296 6.541633684 2.152089981
10.230918033 -17.053301716 -6.960710153 0.697750728 0.377333285 0.555705754 0.248906867 2.997507598 3.245726013 6.543911827 -1.344937304 0.321372834 9.683658165 3.499222791 -1.063656967 3.973363896 3.936186204 -1.444261913 2.428756901 3.201517765 3.615839147 8.360010234 6.041182971 7.174304689 6.322174079 4.949961115 5.717595488
6.446363321 -11.197421825 -7.430521153 0.600189831 -0.589897281 0.510343636 0.177038805 2.290681812 1.090636935 -0.662505972 3.818116299 0.896695798 4.186351635 -0.171186541 7.043145292 7.077286029 0.236567687 2.673962177 3.637999937 1.801058390 -0.507553524 -0.737765353 1.439751231 4.744358242 6.543803744 4.024516037 0.924677030
4.514125388 -6.135113555 -14.200563477 0.776777485 0.473382500 -0.410613196 0.062630275 6.964464384 -1.335108036 5.490621574 6.800885388 5.820669219 1.416571358 9.559448421 2.134335515 3.533728402 1.211134474 4.312536590 2.472618901 -2.760776947 9.349360440 2.431729360 5.908667009 2.379583301 5.028237513 9.508865853 1.530882678
2.581153552 -13.704012660 -11.224635051 -0.842502497 0.441927850 0.010279719 -0.307869526 5.873231600 4.461261362 5.302131926 7.488999727 4.727252905 3.523922899 4.426668660 1.666500153 5.248035624 4.213558872 3.215909327 6.443545133 7.562854380 1.198327589 6.620447172 1.032279251 4.490720012 2.773194586 4.822789654 0.037866935
7.107414264 -11.702396587 -10.060153909 -0.595659279 -0.179733395 -0.778276111 0.084688990 0.582178158 1.724575196 2.544824057 5.775170574 4.301162380 2.004743690 5.659922073 3.958402797 6.579113327 8.284588612 2.034658713 1.808637305 2.966170308 3.165087363 3.305698940 8.333778695 5.624873116 5.330428648 0.312747962 3.730931427
13.599225632 -18.626202543 -16.054448752 -0.485838741 -0.206200217 -0.832808409 0.166950118 1.978966611 7.363529619 2.839655872 2.601997586 5.832978547 0.515833024 6.891451416 6.435030191 1.276507491 4.112495864 7.758214920 3.611850626 5.478320373 2.445353429 0.858846173 -3.350781248 -2.948362714 4.813852939 3.263846581 3.438121599
3.840594023 -12.896516162 -6.158070196 0.392977875 -0.364632378 -0.810846846 -0.234816971 0.032316927 2.249564437 4.557109406 1.415079267 3.639218922 4.710954085 3.865133914 0.881603254 4.293732766 1.695110784 3.735876241 4.672372491 6.359382072 12.038485961 -0.974513451 0.072584412 4.964447857 -0.513775844 -3.628507345 2.757708405
17.177971755 -8.434471453 -7.761638184 0.210607674 -0.205544752 0.390131454 0.872463874 8.441354404 4.569411068 -0.952891477 2.347715570 3.277956130 5.550076694 4.879941451 2.090682835 1.930204281 -3.704439126 0.931694865 3.837128638 2.882469192 3.520236992 6.270220444 3.195965730 7.395631121 3.541931674 5.977569786 -0.541716195
5.371088993 -5.868407917 -3.826199953 -0.756774562 -0.015775826 -0.156444639 -0.634482829 -0.199423336 2.396993875 3.001423899 0.186063972 5.934948122 9.113609733 7.317168488 11.115198013 2.752508945 0.858803358 5.825710186 4.647491656 8.277256554 2.756613058 3.309117848 3.225945924 -3.397143109 3.647397909 4.789785050 2.762388798
7.694729517 -15.749484308 -14.302675950 -0.510226976 0.238221565 -0.546378531 0.619991468 7.684930062 0.954678594 5.816509068 0.219490509 10.125174928 4.635920393 2.083728654 4.955756165 0.724319042 5.662342770 9.073026818 9.070089051 6.257697001 4.621430792 0.897307431 7.256831380 4.604871709 4.129442861 6.571167704 4.935205239
7.571581386 -12.931540470 -17.763261726 0.627498021 0.725612281 -0.220960511 -0.175810987 1.264321062 9.844268998 6.992421526 7.466868064 -4.126805158 2.776847817 8.133311470 8.509403995 7.180191765 8.442019565 3.395293089 -2.496180683 6.078829194 0.551519618 4.818658267 -0.501429831 8.112458875 8.025105504 2.317144948 3.266463261
16.407826090 -15.623403704 -3.512282480 0.798082373 0.229205162 -0.543630668 0.122454957 1.547334310 2.781346882 6.917441822 6.957725562 5.980821005 3.850759188 5.129565759 5.386975273 1.823491032 5.239747900 2.406886727 5.621946520 2.782147135 9.074382666 1.365517164 3.624195916 1.462799885 4.288138644 -3.627781026 5.009961326
5.326097495 -17.309100828 -11.680732306 0.465661768 -0.747069341 0.424450223 -0.211869127 5.592083551 6.749448674 1.884753633 5.325456708 9.049242500 1.764224212 1.381672677 2.460674319 3.675768141 1.154117771 3.828019878 6.278926072 9.598279079 5.146015537 0.910804841 3.972670967 7.970451645 6.266238612 10.813470461 5.967036284
19.148908762 -7.911662248 -10.798800275 0.397901027 0.489359904 0.490615325 0.601247253 3.746836621 6.429158702 3.686614555 4.891513646 5.784663930 4.570336134 4.567226295 6.096772366 -0.849062942 4.156283616 5.448322559 2.564557351 1.688426130 5.919147131 1.622594761 3.651300609 0.897566325 6.671535940 6.754723761 6.473748070
12.815348503 -3.690385226 -7.307805467 -0.129130871 -0.757757699 0.510473796 -0.385415350 2.939358506 3.222017143 3.283220772 9.281491209 3.351741112 -0.350122743 -1.056231830 6.972485069 -0.192665317 4.655579193 4.227516972 9.257232014 6.064203698 7.624436138 1.943310337 5.080388455 -2.801579310 3.928071188 -0.041771093 4.845511321
16.319369749 -14.569068786 -5.361885977 -0.268379138 0.359644758 -0.409777999 0.794172700 2.752643227 4.385723958 4.284546287 -0.006393426 4.395834628 3.367791279 7.037970795 2.209517404 4.717532538 4.732033538 8.276060314 3.488090631 1.381844837 11.920822124 4.416193579 7.081824094 1.865027944 2.117516063 0.793037003 5.099095162
16.270280318 -5.000769421 -10.777076798 0.181710361 -0.027657156 -0.892824848 0.411193650 9.731177519 5.903456147 5.434025440 0.748611076 6.474332369 2.067747342 -2.955271522 1.219902977 4.143848460 2.097734231 5.039272231 4.484024693 3.744412544 0.962787426 0.294459672 0.949004668 3.678173357 2.415489467 2.212960879 5.639213286
5.045180810 -12.778475957 -6.076330249 0.038280485 0.498408466 -0.054128191 0.864403693 5.279394004 5.777558898 -2.688157534 2.833106432 5.493343305 3.154073762 0.181434341 0.544125225 2.886056616 2.317869996 4.970475857 4.756197867 2.633936381 6.335823130 1.800760644 3.037166329 1.254677633 2.213711349 -0.498854661 -0.639506025
4.976165147 -6.993893892 -5.163207671 -0.263741296 0.597865308 -0.109555689 -0.748996097 6.179143758 8.796428280 5.652285426 6.391631506 -0.105152818 2.391485746 0.423481127 5.473123228 4.432175067 2.921973848 2.912745180 1.519009877 4.417089328 4.181159825 5.354515893 7.489183055 0.840719400 -1.002719994 -0.447718760 4.219140659
11.506115922 -14.974030907 -1.953872752 0.616051803 0.146428478 -0.011770745 -0.773886507 6.064021178 5.008221329 2.641097675 3.284969614 8.901359574 4.568217146 -2.899453780 4.210401143 8.223278991 4.853425110 2.561717801 3.447281623 5.484162292 -0.896106189 5.586577832 -1.403587784 7.115178527 3.154079416 3.342160106 2.651638078
7.717146874 -15.247186334 -13.796768694 -0.345389879 0.378268712 0.840420083 -0.176953942 4.318521641 0.814124400 1.330336192 8.544870469 6.654941768 2.560613071 -1.527781737 6.342967931 5.524507533 -1.126204412 4.169781622 6.859842682 -0.528300736 1.678562478 6.254668868 2.902003372 4.748725312 -0.917478647 -1.529436537 -0.283522631
18.846588434 -6.329851605 -9.607092052 -0.735070008 0.569452574 -0.220953963 -0.294236631 6.001321016 6.458462986 4.385753383 7.758285426 7.846552111 6.918794315 9.650685231 1.766423524 6.109693602 0.393838832 2.773594331 5.951416281 -3.358914096 3.051776978 8.811246086 1.048269779 5.536269762 2.455043359 1.692273753 -0.702357569
12.399397736 -15.745854133 -5.421632876 0.001717235 0.953537930 -0.259420891 -0.153177245 3.523951095 5.022135195 4.909638249 -0.280714587 3.202195283 8.088151369 2.449269781 4.500832160 5.621273008 6.998124517 6.062500566 2.775482880 4.327685379 4.749633415 5.933660912 0.288620020 3.054573418 6.632098684 5.434987500 1.389720874
6.139496874 -14.070765933 -11.933257484 -0.338732399 0.430170360 -0.021158335 0.836520262 3.263177670 1.813415765 4.113950115 3.354712923 3.272337218 0.755553879 6.894240899 4.928062587 3.292847324 5.426747600 4.877484292 7.522770145 4.166737502 3.393011300 3.889981276 4.423950576 -1.393544665 3.653640974 4.771474412 1.781659439
7.149650109 -10.920901780 -11.180438769 0.146930937 0.384072173 -0.840081951 -0.353782676 2.901079162 5.266885063 5.555298076 8.117582204 6.364154907 4.136219344 7.286945854 -0.247208397 2.933465087 1.048504154 8.456278872 2.694723790 7.887064988 1.955542945 4.217595440 2.804450839 4.701796527 8.736177879 7.220411570 -3.020147619
12.975483805 -8.914879329 -3.640787808 -0.321786437 -0.261384855 -0.877085918 -0.242593772 7.550773356 4.403602717 9.477155676 3.075864613 3.760836494 9.569994567 9.167229254 10.016669162 4.525993417 4.076779444 5.119425210 4.244983105 2.942905483 6.613510197 6.401430632 9.614745661 1.173450425 1.365816485 -4.508227089 6.952602046
18.924159589 -13.695920816 -10.374658514 0.496321342 -0.435018572 0.317677258 0.680812109 0.685856587 0.915214482 6.567833033 1.639374521 5.243558516 12.663159774 2.888810697 3.062767000 6.216932653 4.709657853 6.387891349 5.350096305 2.925774530 0.967638143 5.936035480 2.112867452 2.407702745 1.322066955 -0.948219800 1.588960248
10.227630055 -14.730261417 -14.920609996 -0.069031035 -0.721687738 -0.194678069 -0.660682960 5.216087540 0.506754365 10.048555689 5.234866994 7.420255834 5.078163367 2.842289747 2.063414764 3.015626046 8.723379984 2.747638544 4.267840158 -2.393863169 5.959054608 1.094240709 5.507176077 4.805272174 8.772526170 5.309829300 11.138189453
