19.056244971 -5.787773037 -2.439645973 -0.441840802 -0.795444189 0.372446627 0.182561655 6.218200567 3.288645866 7.379386609 2.155435599 4.516891334 7.962354569 4.938882540 1.977815309 4.131925753 3.406632014 4.107415554 7.317451262 8.923137410 3.803492877 7.213607975 8.444445870 2.144390389 0.235845514 4.500660145 8.029416325
12.275934178 -17.269493914 -1.274073579 -0.802640826 -0.172701239 -0.102381010 -0.561658362 5.628797369 3.992893768 2.306839792 2.671527564 2.505092661 1.012670030 1.146855697 3.986857499 4.222780137 4.963440167 5.877452306 3.773807960 6.010849735 9.493713934 7.526696479 3.435139973 0.624921674 5.739236799 7.792522479 0.395472683
17.310732885 -9.068839182 -12.419583305 -0.990197401 0.097648867 0.048555758 0.087270529 3.518064825 8.324694082 3.489239146 1.433202744 3.973325118 3.874075285 5.207536408 0.188858300 -2.302651361 1.179513695 5.202732895 8.342748424 4.936311051 7.497659364 6.829867357 0.306581380 6.923612108 9.095377169 -0.970945521 5.077345468
12.090771613 -16.627783291 -8.421900588 0.220813478 -0.822742778 0.249223667 0.460676994 0.170439779 1.296370763 5.505750756 6.096985589 5.209194906 6.413496816 5.613909945 6.168577707 6.322121213 4.093592536 5.980197478 4.307655489 3.290515494 1.050017036 4.651380623 -0.383948042 5.069384001 2.015284678 5.077514005 3.811622069
13.593513042 -13.447367826 -4.130181520 0.140790027 -0.405696866 -0.024240465 -0.902773848 0.590840833 -1.783775695 5.947264208 2.752177778 3.799933804 7.272427255 -0.125515518 4.359504863 1.867189434 4.722131047 6.218726023 4.734001543 1.922842548 2.848031085 1.376214623 1.437032059 1.365600755 7.733696458 1.005610046 6.799226764
22.799558103 -10.956115755 -8.461854710 0.051381648 0.146412723 -0.796553185 -0.584316921 1.087578210 2.189441524 4.138800189 6.821523874 5.106315608 5.840819405 2.597043594 5.325586392 -2.233664281 1.747056575 6.265276767 2.792708919 3.110197800 2.622967303 0.494605498 4.415672610 6.670078555 4.191106372 4.156300722 6.946233061
20.030062649 -2.731720989 -3.080192337 -0.435189549 0.233610696 0.532189924 0.687611798 8.175898659 -0.473615558 2.863088193 1.768461654 7.291706554 -0.376100772 5.286831304 6.088123346 5.210313857 4.768811576 3.522027317 7.997508026 1.306658891 7.042182501 6.722853081 6.071258380 2.800916088 2.420665195 -0.858149330 4.965181009
22.309724708 -12.662518195 -0.952667617 -0.466469789 -0.654483090 0.000189461 -0.595027549 7.582044490 5.233409618 3.938959002 5.642245904 5.607599027 -0.424234142 1.114220006 1.832429331 2.353286823 3.084313879 10.911422395 3.382292561 -1.860354135 3.419181749 3.299437549 3.559128591 6.637959017 1.818587052 1.901094448 3.580766519
22.157634580 -13.817027432 -4.017490016 -0.266964937 0.059446740 -0.772242777 0.573443023 -3.211517941 4.573781386 3.693636528 12.979333576 7.818536181 0.713930319 4.295436205 0.293525987 3.564870956 0.876486479 7.210675720 3.008748297 0.371493993 1.711725616 1.515295196 2.574302481 5.673956710 9.783473809 5.553994377 3.040353919
13.334121147 -11.166376793 -6.059811313 0.081065022 0.011009479 0.987875661 0.131942910 5.256825903 9.095052618 1.052972575 4.880771232 4.855185115 9.710607557 6.244061051 5.278411273 4.315547281 1.512546942 3.800535463 2.686528028 3.989742594 6.041470835 5.865119436 4.699607611 -1.094846417 3.685306344 0.039532111 6.834425274
11.695059455 -10.170923047 -2.489540949 -0.389876685 -0.318682273 0.781072390 -0.369274561 5.562253336 3.664279468 0.848879321 -1.285195043 4.070578247 2.452532101 5.383934990 0.489968049 1.169563526 7.122962148 5.383558333 4.167412022 4.979677100 5.129556516 5.144249639 4.829325282 3.403677097 2.747120213 -1.515700545 4.688900433
6.521738502 -9.836239367 -1.476710759 0.165868760 0.717856819 0.615440800 0.280003149 2.882437341 3.123083223 9.631925262 2.807472491 3.217744611 8.946643707 0.815710356 7.311433146 0.695051026 6.096127295 5.552378683 3.622444641 0.720509686 2.910066066 5.344478398 5.964144392 3.321978899 6.345524236 5.522240708 -0.356503449
18.142324804 -7.738536379 -0.628478500 0.149415677 -0.816905790 -0.547917729 0.100628263 4.344687706 7.404367741 5.825378427 5.917407736 5.167200192 4.861770823 4.818788376 3.908246879 2.038373052 7.187730884 -1.158488772 5.208205208 4.680348683 3.997971916 4.728673782 1.036681628 5.589547370 5.805617387 5.099899283 5.398675731
12.988244102 -15.851122063 -3.964782517 0.156806499 -0.951636172 0.156691503 0.212715985 7.551912263 4.721198478 3.895475498 10.138044049 3.790561985 6.204299205 7.065088411 7.850814969 3.561652548 1.568578647 -0.563582604 4.535699391 5.496695071 1.848387625 0.831503186 10.037829948 5.962673321 5.621704114 1.679632403 5.707396200
22.627151072 -2.347946047 -5.417823598 0.111059381 -0.181302177 0.624915565 0.751182981 6.364590173 3.564519622 7.128821818 3.671620260 1.647710974 4.899593803 3.336762392 1.958876938 2.502566437 1.873313593 4.378386779 0.269148901 -1.872995718 9.524552723 4.088922910 2.901921994 4.325572216 5.996623937 2.135063875 11.346479549
11.508186525 -11.488020033 -7.470453866 0.240195555 -0.318133282 0.914576331 0.068172176 5.883427494 2.822450478 3.612955410 9.700827550 9.651805243 7.239906389 4.829744017 3.650088468 2.789883051 7.738501822 3.734302019 2.657690471 7.160105090 3.989164842 5.025819478 1.237232063 7.293988199 4.771993809 2.151159225 -2.411469207
23.582318451 -7.595946702 -1.739276268 0.220983037 -0.137432784 0.892631542 -0.368086482 6.801843574 2.723463772 7.012229276 2.904751899 6.078171565 6.023069870 4.747885338 4.627122706 0.314054724 -0.371209870 8.220990436 1.983089272 7.468453740 0.296300897 8.670560757 3.974421232 6.230366196 4.676413352 -0.564591611 6.140472813
6.967433608 -7.697896793 -5.682696599 0.104899547 0.609054468 0.741074745 0.262406102 7.473597879 6.197895484 11.755202194 0.322215018 4.089457159 8.004510961 7.504996884 3.174085430 0.765080526 8.403936863 7.065551224 1.321267641 3.932081735 1.264125482 5.002604897 4.059037720 5.089087022 4.428119799 10.050676266 1.609553059
12.297929702 -11.107596891 -8.218482906 0.798813517 -0.244886235 -0.461231189 -0.298652786 1.353435433 7.903582785 2.288580939 3.368653311 3.333189910 1.018209949 5.575527352 7.517050722 1.903149114 7.063632105 2.623715108 4.077703418 4.485434849 8.141491825 6.103296764 0.639057446 1.126074765 0.124705035 4.994928771 0.233405068
11.973950723 -10.128088248 1.946993850 0.699891408 0.496375022 -0.284905655 -0.427308580 4.468483791 0.647949251 0.200281249 7.209840254 2.451030185 7.059366128 3.514217285 4.317393941 1.796380741 9.758769059 5.024619691 -0.149150098 2.190715068 7.341895236 11.112292595 0.624819340 0.666527558 6.023360082 3.531815667 9.068645593
22.195860069 -10.769566439 -11.128778542 0.654442013 0.118186566 -0.736365464 0.124513015 5.148968259 4.867827602 8.357716840 0.232246559 -1.717706977 7.507574272 3.277040631 3.626991364 4.318375603 -1.796646889 7.673813715 2.072276839 1.986166574 5.539823530 4.786465880 5.825814337 2.713736814 0.818491692 4.361176241 6.464148393
19.131056350 -9.156217772 -9.465562173 0.316576540 -0.901809161 -0.212501441 0.203378142 4.287901187 1.818880265 -4.688945163 5.827159154 1.130504450 2.131110099 4.607651417 4.310948127 -0.110692088 1.826688908 -0.160240819 5.201805123 3.845397681 5.782179294 1.747635812 8.059161660 5.408322474 6.569208808 1.740499369 1.256874563
8.251459327 -5.538948093 -7.795633054 0.065942943 -0.578797901 0.543886823 0.604012948 9.459707171 6.124503426 7.307572320 4.289171387 -0.829730299 0.697066716 7.648008537 6.821289424 0.945432027 2.547825274 3.681182584 10.082049112 1.343254642 5.791509213 0.188275470 3.132700279 6.970922611 2.572302143 3.052197408 7.699767739
10.580177673 -6.073910027 -9.810839312 -0.366668089 -0.409099767 0.819913442 0.161039876 -0.880368490 4.948043803 4.818787864 3.511871564 8.097100987 0.657630145 8.669105633 7.496987570 4.979659247 4.488103401 -1.065354407 5.491431694 -2.960670248 4.115156812 5.258004919 6.874892421 2.487621533 6.783622623 3.462628449 6.368716105
17.180203048 -12.063424096 -11.428602602 -0.352707763 -0.215244119 -0.233771352 0.880123945 3.653723995 1.997355027 3.099939367 7.645788048 -0.415971109 -0.241218409 7.883423210 1.555554675 -1.209162925 -0.646189085 9.429949601 6.255039563 -0.978843555 8.346958559 1.662032427 8.961003091 2.493447993 -0.709719974 5.219009830 5.337418766
18.519689102 -13.964186024 1.208507877 0.649549898 -0.723196284 -0.193119800 -0.133329695 4.585050271 4.774941254 6.185333870 1.088258639 2.182571084 12.963787731 6.452164972 3.918306021 5.561689742 3.407072529 6.459285247 4.508093053 0.790905335 3.573153079 9.405671740 0.943838971 -0.418223954 -6.033911890 7.680684889 3.128378841
10.871196806 -9.847839145 -11.107152499 0.353482859 -0.809789209 -0.320478890 0.341444852 3.625303405 3.909055803 3.383754338 -2.157428078 5.430774008 5.959490530 1.374834391 4.522726690 -2.169851636 11.388480955 7.270344490 3.559723878 7.917893102 1.359938475 5.416104098 6.869050454 4.843503438 9.571891820 1.309473233 7.296023362
19.421341051 -3.397782230 -9.081491694 0.541021381 -0.758614431 0.271022693 0.241550637 3.404691187 5.690700253 4.485348071 -1.410815752 6.457536032 5.485929296 1.084099769 6.628384288 5.081917450 8.289944160 4.532177062 3.167271779 6.603294584 7.672849931 4.190946685 9.802162054 7.285474425 5.959750890 1.266311748 1.485378442
21.070653734 -6.937510545 0.636831426 0.075942396 0.433963811 -0.189638818 0.877465260 5.046150398 2.938929822 5.964199980 3.306501926 5.985000649 3.824660831 7.059654650 6.126694683 6.734660236 6.206576365 0.932785919 8.841859244 4.683853194 0.847452828 -3.044874562 5.407846457 2.778222939 3.955571050 1.720775401 9.813727138
13.674208095 -3.867992495 -0.107133068 0.491302822 0.074880229 0.216921062 -0.840214104 2.274085894 3.704670086 7.422102343 0.371614386 3.783058699 4.890369174 2.663576158 5.250230780 1.234356173 6.307021757 2.740443224 5.748142275 4.554931581 9.595951288 3.954084800 4.308336231 4.765500906 3.627363637 6.693906296 3.257399803
19.984542224 -13.789017952 -9.162148619 0.518993455 -0.853893643 -0.002918445 0.038767542 4.884234180 1.347720664 1.443067846 4.002426005 2.684987539 4.203841368 3.206729497 3.933243110 6.213424262 1.157323729 8.477957289 6.209162597 3.651772196 2.446178991 5.168515234 3.032247177 4.789915448 6.702305739 2.074587260 2.312206544
14.914730175 -3.021048957 3.905328801 0.757873978 -0.194964802 -0.601339176 -0.161266718 1.640234072 1.255351084 5.224033135 4.103190957 0.517307548 -0.646456447 4.041256448 6.058347315 1.013050878 9.161664620 2.335656470 5.204671922 2.027732233 6.306754586 3.904268652 0.754144423 3.377202917 2.645716595 3.253360893 4.591207570
13.388905475 -15.974811960 -8.570940819 0.656679260 -0.435012796 -0.021895892 -0.615675877 -0.566146418 -5.068039487 3.634778770 -2.195768758 -0.983148642 1.543170104 8.367998179 2.000651436 1.911094097 11.332320563 5.980336077 2.923223346 2.290110423 8.819583608 0.338893843 8.205904700 6.049049123 2.480242545 5.604515970 2.891993334
6.083738237 -11.093453918 -3.668157971 0.525402245 -0.219251992 0.415912502 -0.709152900 6.788692352 0.612667866 5.791822605 5.439819839 1.466755359 5.146496615 3.595607980 9.737059620 1.843765863 4.123456411 1.974807055 6.024791717 1.811366082 6.145762126 7.418712259 8.974575907 0.654409248 1.376457818 0.004429486 1.296446129
19.004342230 -3.241710573 0.022823368 0.153745284 0.828093913 0.233590148 -0.485858521 2.429067650 4.867090880 -0.729967264 5.864578775 5.819425889 3.349691076 9.006218520 7.602070761 4.216952647 2.218900387 5.069318296 2.444325383 1.302167981 4.239378238 -0.303249829 3.182968225 4.419110968 4.142026383 1.805611408 4.654800364
19.655078397 -10.270310249 -7.533705093 -0.795510883 -0.251363621 -0.460814323 0.302702699 3.500735896 1.651595602 6.866265187 2.727765792 4.997852793 1.199411631 3.087753688 0.896414049 7.782487918 0.690288520 -2.878559662 1.412340500 1.222745229 3.586026461 4.811287570 6.935606377 -0.033997300 2.376289058 2.466963803 5.297939471
16.845799082 -4.658990972 -8.714596750 -0.521853020 -0.028297850 0.305458066 -0.795967353 10.079032101 2.790144151 2.993572771 2.265956112 5.740195565 4.215198809 3.444522254 4.113201380 0.560912280 3.478876087 4.083570570 5.104822526 1.569936389 2.839732577 4.992212801 3.002668953 2.423629946 3.774561372 4.473819395 5.966210807
10.672854933 -15.611590569 0.379866090 -0.160054581 -0.823329332 -0.045067922 0.542660322 3.754241749 4.835054420 5.417816441 4.687934348 5.560306639 6.200582853 6.775912412 1.724213389 3.127201541 12.649657576 2.664970745 2.182591067 4.208688324 5.400076965 5.891966029 6.033452811 -1.589512990 -1.319905895 2.893080457 4.335346156
22.854922026 -6.595931765 1.248472617 -0.517733654 -0.819755063 -0.208993440 -0.127574457 2.440025432 6.130721413 6.637468207 0.564393056 12.046518132 3.702152052 3.640124885 -1.724844569 1.303592101 2.482687855 4.408859608 1.615250360 5.785541129 7.846653608 7.822933128 3.482605861 -0.619175074 9.197414576 7.395483783 5.510864788
14.608340528 -13.078851317 1.184429154 0.043541569 -0.713792664 0.681111569 0.157134322 5.666123284 -3.597584316 8.221481717 4.238982753 6.147543637 17.011619400 2.781988074 3.337595628 2.044091930 1.554809799 8.766649568 7.528979085 6.987016057 3.495125620 2.684956795 4.667544035 5.557408597 4.499097724 5.403278068 -2.030962608
8.766808212 -9.823250389 -5.626545101 0.541804340 0.534522154 -0.531689263 0.371538223 2.349902119 5.075515533 3.291095745 6.315246534 3.377551094 2.501462678 5.243656469 6.547797206 -0.705882969 1.755610820 -3.373046801 0.053946672 2.861494751 3.085847602 3.653580834 6.349203558 8.364312513 0.282074447 1.401254508 8.039160114
13.444624356 -9.661524773 -1.796436344 0.545610608 0.617226580 0.068833285 0.562674322 -0.515826235 4.281397782 10.834301129 6.457295683 4.789085365 10.037468414 5.282534090 4.871789494 2.751782382 7.876108622 3.131000295 3.947486437 1.775636592 2.722158175 5.317403329 6.351239071 5.226949511 0.081499193 5.689833112 1.850768224
7.627632160 -4.277897372 -1.239978045 0.695575969 -0.638415171 -0.243819693 -0.221702726 4.767183386 1.264232984 7.158750405 2.531368262 2.366696817 2.515609967 4.877252176 3.470660756 2.392602604 4.246307918 2.084997744 5.928495931 1.245567891 7.814361543 4.553451745 7.043591777 1.433278867 3.480075762 5.422493957 1.462623569
11.351447353 -13.139620068 -8.800661345 0.724502273 0.139181719 -0.623299682 -0.259272852 2.572473583 5.451608403 2.792822448 6.621343128 4.488365427 4.937622349 4.573521893 1.317650506 -0.445385094 2.868683202 8.012102595 5.308723622 2.793121319 4.418006918 0.968889183 5.911948845 6.609086154 2.539045383 2.447554717 3.760536957
13.014303771 -15.923829573 1.614447305 -0.327269330 0.712591188 -0.050420687 0.618519473 1.189614451 3.792012696 -2.168209258 3.491034106 6.293324980 -1.845588231 1.552756803 -3.444448791 3.359961498 7.427488296 1.043685582 0.993765760 10.180529492 2.097393391 8.436969697 4.017606301 3.473273658 1.452454534 -1.020948998 4.183354084
20.911530597 -3.772556375 -6.983095515 -0.034091624 0.773010465 -0.489198519 -0.402464149 2.860658740 1.074934985 0.913332461 7.221657533 8.751213943 3.344891739 5.084067184 -0.179916174 1.037569342 2.650054187 4.326189216 -1.381177421 5.261633079 0.202634899 2.884101694 8.389447509 0.033431700 8.783640242 5.727836746 5.087203125
17.042759502 -2.887380079 -0.034505762 -0.837524221 -0.125927515 0.394273709 -0.356712324 4.836643437 3.747351672 -0.340105739 6.881766135 4.072324653 12.481825883 -0.124699940 4.191182172 6.073101755 8.819210882 -0.142012718 -1.847118140 -0.812719790 0.832127345 0.942446546 3.130004600 0.664704758 0.154176751 6.068769057 2.230043648
18.905482246 -5.954094520 -8.778780862 -0.236967472 0.318619499 -0.054822553 -0.916145469 9.899402213 7.958516776 4.063017492 -3.292019045 1.810932893 3.480091514 0.635926252 5.266168206 -1.791186456 7.232637288 1.997666327 6.240699611 3.896248746 5.988629939 3.689942401 10.228444668 7.883456013 5.324193634 6.372567806 5.761877949
12.622207087 -13.176458427 -10.951210995 0.413635697 0.353573822 0.837615007 0.047876528 3.772063424 3.422692039 5.349937836 1.972562900 0.564476197 5.767044910 5.521588811 2.594908812 1.859321937 5.482262835 3.523669215 8.856935401 5.896617877 0.391936759 0.915984242 5.146189378 5.587778532 4.575306319 -0.852119250 0.271614629
13.642969277 -2.941929328 -4.434869619 0.004402466 -0.760789684 0.447838689 0.469702228 3.791744150 2.550500403 6.421991553 3.606897315 4.332433146 4.896047829 4.666983420 -4.257064527 5.175480531 2.134550072 8.073346498 1.891563521 -0.639650897 3.857160207 2.004034003 5.221640551 5.910935675 2.103147958 6.303737777 1.485713374
17.998566285 -11.375510952 -3.168881863 0.188817251 -0.834577628 0.391676014 0.338257488 2.070386049 6.936162591 0.686625044 6.595783176 6.911923639 2.832909219 3.616578614 -0.496330501 1.732533920 2.498246253 1.022161587 3.086382911 2.588107639 6.010947557 5.090938579 6.157422065 7.302552210 1.360617780 -0.615365811 1.644102967
11.295513245 -13.823342978 2.491720959 0.344484295 -0.317012136 0.584386552 0.662816893 1.452272696 3.728514746 7.419670742 2.178005461 4.815733495 5.765654291 1.894468336 3.510405980 5.412839313 -6.224012668 5.025483333 -0.985405415 3.938657229 7.409934950 5.813739845 3.993630196 7.619127445 1.588443795 3.175818370 3.940204974
17.846407911 -3.604362197 2.434109725 -0.763666446 -0.509413761 -0.301490912 0.257709932 4.037088826 2.490015347 4.218737853 4.787259841 3.211135136 2.491842232 -0.225478318 -0.980819333 4.831388835 3.881561130 7.230422868 4.242434388 0.161195352 8.556187444 5.988134972 3.436467032 8.358021121 2.940122757 4.350469607 7.396922516
10.541666624 -7.257169501 -9.969334664 -0.237686210 -0.138026638 0.430316056 -0.859815099 7.729696923 3.045165050 3.423623062 7.317039687 0.288385076 3.925514711 -2.480994953 3.674685263 0.652659110 6.331280023 8.525646443 1.476979361 2.170776156 5.472465480 2.432855649 5.115297244 -0.305004179 1.849556959 -0.213651051 4.576595040
16.103339483 -7.993573932 0.561019328 -0.107709491 -0.651285810 0.002923865 -0.751143735 6.487241358 6.195401513 2.088416214 3.490134555 0.487374264 8.398467443 6.969992291 4.641876118 7.959902847 1.569347212 6.019844404 6.086937914 4.675328458 3.341460610 4.011857480 3.521546388 4.014629997 4.148880759 5.935603192 1.572962916
18.107046914 -16.152246088 -1.663585999 -0.020212745 0.569634784 0.804421060 -0.167375076 1.430876154 4.491511312 4.373775721 0.888977777 1.695952494 3.282424278 3.058254010 7.335948890 2.277004339 0.175164580 3.678737124 4.591158239 4.304662677 2.809364163 4.981192749 6.014618700 7.383164017 6.113166145 8.319650188 8.047196523
14.287748528 -7.235338734 -5.527049484 0.767425966 -0.312695296 0.554686089 -0.074849054 3.879018301 5.118321049 2.159975094 0.776642340 -2.666320462 1.523877487 2.434042195 4.180673874 4.294505588 5.191483283 8.035058794 2.361868981 7.713951892 1.972672466 1.392892959 6.308349527 2.176725071 3.938956036 1.562091057 4.803105307
20.448441977 -6.649761962 -3.279243535 -0.488241296 0.488028129 0.181761462 -0.700294048 9.489283704 4.168884257 6.907307367 1.082404191 4.304812096 3.333615162 4.461831607 3.823358207 2.734764917 2.097455610 5.176698105 11.510779447 3.109084065 1.643370461 4.428470843 2.543520518 2.736590368 6.620540746 7.812667912 1.906601032
14.156539716 -3.008305652 -0.842286508 -0.668454901 -0.239307638 0.156150701 -0.686670851 4.529717084 9.344104125 2.964671891 0.970034623 3.189969190 5.617045119 2.377931525 2.106364850 5.738338204 6.737294977 1.906911875 -1.762167718 0.954052971 5.216241385 5.102601504 3.732355864 -0.906909062 0.393497661 3.103945271 3.978831823
19.786978320 -8.590067594 -10.076115279 0.644459405 -0.529355094 -0.499442734 0.234546826 3.442191066 7.368369179 -0.883661910 9.918070265 3.135621033 5.999313998 3.577360858 -0.295848836 9.011503134 6.898265808 6.512772712 5.896733511 3.101587951 7.737684319 7.428085755 4.568888151 1.673467230 2.260320592 1.527362994 8.014555636
22.242738231 -11.213659393 -2.375681249 0.241195053 0.167740051 -0.785827412 0.544209060 6.594796689 10.329436872 7.311808373 1.772710953 7.183941199 1.915177981 -0.907575306 3.700819157 6.575702289 8.390636283 5.594357276 9.624448100 0.644588726 6.499746869 5.335676958 9.133883236 5.265766754 6.198300893 7.241318940 5.761642895
10.378281138 -9.923970983 -1.840772093 0.110476087 0.501993284 0.857368675 -0.026771859 7.166873609 5.856756460 2.884302825 -1.960631108 4.368866462 -0.570198948 8.062076038 1.543102382 6.290588512 6.747595292 -1.069398703 4.360693780 6.858903103 8.638032546 1.203562342 6.701871029 -0.928833482 4.813084147 9.058851160 3.663693477
12.394998222 -15.153076395 -10.593977368 0.213588020 -0.407907231 -0.673503136 0.578260645 2.089931140 3.997211217 2.655669131 2.818320876 3.535453790 11.730157883 9.158918774 -2.342427985 1.335266586 4.404935079 -1.724125259 2.601747644 2.574059096 0.740807618 3.230097938 4.664898922 2.510058682 11.004307208 2.419268392 4.956002036
11.252121797 -11.793195817 -7.957962732 -0.183867687 -0.058612196 -0.376446296 -0.906115594 7.199677410 5.517577798 7.184531518 4.702335612 9.709793331 0.472727504 3.022563269 4.650808111 6.122337146 0.398809149 6.780712333 4.310974453 10.574811842 4.024444941 4.148902185 4.678568043 0.057756205 2.678596616 1.876498936 6.574671470
14.374187911 -1.967966223 -8.965863390 -0.057753709 -0.226115509 0.425886972 0.874160496 8.609325283 9.494169756 -0.259517382 6.364594106 -0.014372582 4.251770744 7.612369640 -0.381503191 9.780029033 -0.308270118 6.877637104 4.022368368 1.213400866 6.453437714 6.972499769 5.085389755 3.661265709 3.590301104 8.398519089 3.141708080
9.043499582 -14.737902788 -7.618036848 0.074377554 -0.705565843 -0.057235198 -0.702402273 4.468876507 -1.180402406 5.861471209 1.330171704 4.980799981 3.965112649 -0.274747942 7.684242728 -1.064120477 4.673263021 9.151980282 0.933370908 11.221317846 -0.792882866 1.065312481 7.746996369 2.281286446 3.467987607 1.938929421 9.457336174
8.950992625 -14.539513058 -8.196276292 0.578827965 0.275834589 0.718893104 -0.268451432 3.862435868 2.229670228 3.542875013 -1.291384882 6.373143684 5.070393691 3.934625032 -1.779864616 -0.582328668 3.014344884 4.683468894 4.127265323 4.120978155 3.073298266 -4.926029092 1.594026356 7.611912032 5.195648478 6.316517765 11.501211244
17.766378890 -8.636752982 5.034476242 0.025586329 -0.678579683 -0.434491992 0.591685442 1.653581585 6.891764001 8.434357380 5.543831508 5.903671994 -0.491406302 -6.398099644 0.093268843 3.188632959 6.264374813 8.609521614 9.040399867 1.842355132 8.750396513 6.911978860 6.130863354 2.725342023 3.382693113 7.055760570 6.281939857
19.225563081 -5.944940191 -12.518410943 -0.379712549 -0.398522708 -0.523737809 -0.650151320 7.735906670 4.418643990 4.936789192 0.268007909 -1.787346789 1.417461847 3.673016998 5.206860409 4.446856083 8.029952528 7.303475020 1.651992421 2.936276281 3.607641761 5.070546942 4.322453722 3.889487401 2.881057518 4.568469808 7.109791603
20.629559613 -7.096699161 3.163083870 0.684409759 0.383949775 -0.615631648 -0.071857687 6.907452601 0.162907063 0.752352956 5.667033311 5.867131563 -1.168944071 1.804261175 4.030206539 -2.546767699 2.737666123 5.556877929 1.331943889 8.489892505 0.311236051 8.128097853 8.532674640 9.213605364 3.391989180 2.495138132 8.412243972
16.057552241 -13.110842102 -7.830047758 0.419048117 0.096513203 0.676783352 -0.597535080 3.305657281 2.501768933 3.055079552 7.235768596 3.564042577 4.046583173 4.586390337 7.546095742 5.745220267 4.162106559 -3.097373346 2.798872222 1.909872624 4.000821294 6.922092712 7.327722989 6.535905331 2.368850746 5.953385499 6.349110954
12.119079730 -6.423400272 4.736459879 0.328172960 -0.001916012 0.457594258 0.826381469 -2.987479369 9.030746101 11.257196937 -1.453525086 7.872599700 0.162589704 4.921473915 5.003062098 3.769230721 2.628214035 3.514677854 4.934631658 1.702693527 -1.167706691 10.159945272 1.768777863 6.236191962 3.052681954 4.709897342 5.787108568
9.712241943 -8.164877233 -5.973831186 -0.075473387 0.758450622 -0.006200554 0.647315977 5.023330401 7.274001386 -0.778712537 0.394525262 1.225322524 7.517957778 5.866502618 4.070664707 1.160102964 7.790178168 3.922949560 6.623286608 -0.231172009 4.739781217 3.428707596 7.099728874 4.818938532 5.954313870 2.052095662 5.687602997
20.351898651 -5.741564354 1.662534687 0.494563371 -0.253084081 -0.710457823 0.431978242 4.607146561 5.595546022 3.036867035 4.306998701 6.034725156 3.839380535 7.077625845 2.881820106 4.307111458 10.122214482 4.239794010 4.537510511 6.390163923 5.359199893 4.527318671 6.267380586 7.321710706 3.191579290 3.816707363 0.830080465
23.653349571 -5.031389543 -7.190753265 0.726257733 0.119662411 0.539894238 -0.408344003 10.719516962 5.248438161 -1.899815432 -0.932592266 2.656184034 5.862453003 -3.478679382 3.621993325 0.369430541 5.350814064 5.262783563 4.519356037 2.622141014 -0.750330318 0.142109457 7.951281835 5.208578844 8.647606406 -0.480632931 -1.015277863
8.487093120 -6.723017509 -1.484707134 -0.203345368 0.819227341 -0.068964427 0.531752887 -0.415749789 4.614406355 6.397290906 4.149117488 -1.562919533 6.657939334 6.233385689 9.337921739 2.983803293 2.876305494 5.409908577 7.252917627 4.859408367 4.774109217 3.382069985 4.602187219 8.037257168 1.983414292 5.671032258 13.722583907
11.796686393 -17.734034707 -2.613182819 0.500246974 -0.514692799 0.189370300 -0.670062070 6.837506495 7.441279051 3.761817885 6.727490085 4.853020228 3.876187849 7.259128128 3.135445935 2.621434443 1.454804694 2.660140145 -1.742240312 2.606576558 2.815320261 4.574525489 -2.748628718 6.783904717 -0.183279203 -1.481925563 7.152105588
10.662662713 -5.575841413 -10.598044673 -0.823988900 0.308091639 -0.294016824 -0.373732446 0.602602248 -0.740702385 5.177508919 2.939229408 4.347565005 7.503081631 -0.773872727 3.243904262 1.403017632 7.060102264 2.391083467 4.310095163 5.206743355 3.432185378 2.553818598 -0.431528191 7.836172945 2.578713713 5.399764829 3.539753518
12.267999259 -9.820326217 -1.279907359 0.160316236 -0.633005380 -0.243529825 0.717144419 5.557375689 -0.056243827 13.179912892 1.294094297 3.954588022 5.923075507 4.752462040 7.134994455 5.707409009 3.041619086 2.089670420 3.136231011 9.245720453 4.514169433 1.314200774 -1.317910763 0.888562900 2.691790767 -1.101941129 2.930135103
17.170814111 -3.895700301 3.701473898 0.029164506 0.476831547 0.042878174 0.877463714 2.628460073 3.016349453 6.329365585 4.557798296 2.197250460 1.808105483 1.631655828 5.768379980 5.784451193 3.860573577 5.963102848 4.450290136 4.756816663 6.516132531 3.442360177 4.697764694 3.844248163 -0.241247844 4.118850380 7.324736676
22.397808207 -13.858226305 -5.032670933 0.104163725 0.495640053 -0.807611516 -0.302083590 9.105174025 2.438736018 4.613475932 2.108309537 0.871091865 1.284825473 1.320817137 8.330291743 3.481514347 4.625741255 0.335625889 0.384885778 7.779199626 1.525402761 11.299545449 5.174777686 5.916474893 4.217440330 4.970407096 3.499737724
16.956106149 -7.593592784 3.733731471 -0.817660234 0.202222387 -0.257998407 -0.473259621 4.442332642 -1.462751968 3.060714533 2.813214092 2.771490498 2.228208213 8.125437049 -1.470240941 7.982377129 6.987138720 -0.632674522 0.321531659 8.259106281 4.433844226 8.062821492 -0.867295011 4.621180209 9.537757768 3.173095719 3.824761307
12.946844621 -6.713538940 4.655844362 -0.179412794 0.493011204 0.697191489 0.488543786 2.738358150 1.427703278 2.735112752 3.213898700 8.217316303 3.626307050 3.256569860 -1.808315351 4.217706469 -2.413186335 4.698678862 4.960152351 2.290838993 3.004079123 6.489120033 -3.164124630 2.372791553 2.856407245 6.856732815 2.465291618
23.336482749 -11.766965580 -3.566532734 -0.226305595 0.084850355 -0.968206451 -0.064517146 5.371104115 2.441914911 3.323054413 6.133579495 1.447151038 3.458661829 0.687946605 6.550335031 3.935214161 0.091652562 7.152520161 2.985960919 3.024176504 -1.499640646 -0.468355209 -1.325494694 1.989839760 -1.428701856 4.580346535 5.046382811
8.010241475 -8.711189276 -1.031168751 -0.421940686 0.627916202 0.053490984 -0.651786787 5.899328973 11.314406191 3.708771436 3.648650553 2.829497058 1.571696971 5.333882417 5.829006983 6.520368767 10.760155949 2.756032738 6.237100733 5.513524499 -2.201476655 2.771586357 2.617672423 -0.564903264 5.566314125 6.852090712 2.067155221
13.448688878 -8.632474978 0.969266777 -0.526239883 -0.182422683 0.080577396 0.826620127 4.710797689 8.516211911 4.191733098 4.442791329 7.774096342 -3.020523281 2.731617333 7.077685877 6.575815760 -1.020506866 3.950026392 8.367457216 1.624059853 2.297151822 -1.861237552 0.358277471 -0.259142425 2.213195800 6.736856553 5.621187622
12.689893550 -16.549937890 -3.444406549 -0.831490188 -0.546659042 -0.077560538 -0.061419228 9.242780353 -0.323432594 4.909232354 4.050058793 4.413956590 0.226301861 1.683626574 1.258512424 4.238948564 0.925270659 4.362854956 4.146122631 1.105364036 0.381152985 9.192941515 3.664362717 5.982183770 6.562107113 2.716050906 3.147462801
11.638330480 -10.650174294 -0.095011441 -0.037259799 -0.320739695 0.066338666 0.944106422 8.276803385 4.772772884 6.458052410 3.513106959 4.972334711 1.560949943 9.727798571 3.024684459 2.693257579 6.750006863 3.799125064 2.775635511 -0.094077037 7.073897979 2.051474728 10.887140493 4.280628958 2.404037572 4.084005577 5.221091225
10.137737343 -4.914354312 -6.840742707 0.564252473 -0.813704234 -0.078236745 -0.115687418 3.600392773 2.841582144 4.798364678 3.526414035 -7.166437684 1.803881051 12.642498551 1.012671240 6.045287171 3.485730286 3.760438646 5.446843880 0.410425968 4.479344092 1.908972978 4.134115023 8.131055935 7.692761296 4.300924931 7.091389293
16.388504086 -12.249183473 4.670649861 -0.393617620 0.390711971 0.095188141 -0.826648984 5.627736385 1.719166955 5.474156929 -2.146381100 8.538687142 5.773141010 10.496909992 5.381258180 1.750619439 8.379274432 8.416722315 0.956040820 3.237980137 6.773810465 3.726450496 8.413359916 3.845153264 9.170630607 0.954528597 6.581587248
21.426718662 -9.124881926 -10.679272121 0.645208655 0.046200561 -0.762515461 0.011894167 -0.607602674 -2.642737227 2.902639629 4.321575891 8.235951600 7.304353601 10.177513691 4.160296205 2.784553577 3.834983431 1.907426534 0.443381584 2.265186686 4.228279667 4.842302021 6.764269350 9.820647231 3.598193074 2.403434853 5.668727537
15.094502187 -13.639675617 -11.028031496 0.308986940 0.645854643 0.257619424 0.648869080 9.813879485 -0.880519883 5.124112338 5.482066753 0.798737495 4.939971423 2.507230995 4.400393608 5.118663494 6.676862075 1.429439448 4.346991150 5.531839059 6.306270325 4.944604739 6.206590518 4.862796933 4.019961095 -2.107335458 8.036353560
17.764650793 -5.815533931 -10.815644265 -0.459610658 -0.588501280 0.346239009 -0.567928548 3.558563584 1.361290949 7.110316169 -0.363160929 8.385540184 5.798678942 1.341675688 -0.345690155 7.076245671 5.402304371 10.155095565 4.218900684 1.865529524 3.632382864 -0.992133816 7.508000146 0.630394135 5.593231027 4.531333453 4.042774365
12.829576518 -9.758449812 -12.754200835 0.145865121 0.160854488 0.593177723 -0.775235055 5.560679838 6.209122205 8.169025986 10.144197837 8.976979262 1.286862959 8.433321201 -2.016072928 4.054963868 -0.512823686 5.882211517 7.418761300 6.130569941 2.160800902 1.571806234 5.122722259 9.327583582 7.935092863 4.081016015 4.811544770
19.842438964 -14.777618349 0.277627844 -0.772804667 -0.157248176 0.579408958 -0.205745513 6.846542214 6.452904465 3.978480099 13.353906312 0.324392046 4.544473124 5.473763886 3.653626192 1.910111395 2.024571837 5.932844481 3.911043177 4.798302764 4.220156494 1.785971730 2.679580760 3.087395552 4.914582699 2.581773680 5.197872386
9.890712153 -4.498814590 -4.278153658 -0.001374226 0.325448980 -0.666376873 -0.670837488 -0.667642203 4.465940648 3.210955950 3.578152497 -2.125430673 7.990357380 4.022399055 1.641319361 8.664698666 2.563935880 -1.898608712 2.574291441 3.289832448 4.233597684 -0.368709772 1.591042966 7.803127512 4.158057558 3.158949207 7.144301555
16.708454935 -0.119144219 -2.872141010 0.417683512 0.465869849 0.047841590 0.778599351 4.997807180 6.304159142 4.791623959 2.582104264 3.160329023 6.309560284 5.177808415 5.644778479 5.610827686 4.565429420 3.989258903 1.356740479 2.768765900 2.289282677 8.416721234 -2.117823220 8.658702579 4.802635770 4.918010594 14.895825648
18.199517342 -7.018497733 3.794859177 0.918577848 0.335138340 -0.204808448 0.044164806 8.776041496 4.102387513 6.215506210 5.121557769 3.237166467 9.149320111 6.031733235 3.757249257 1.779853162 4.687998512 3.633633766 4.708900748 8.839818410 0.309011710 1.879306204 4.100183230 5.905388182 0.794359461 3.853584752 -0.180344890
17.737369353 -13.252243585 -8.770890077 -0.427086623 -0.227196160 -0.872983416 -0.062280628 3.214225001 5.836189804 0.057637662 0.448663353 4.526912287 0.469775978 6.508214166 5.942659805 0.273008636 1.439278551 11.273817500 -2.371484540 4.962705694 5.542592165 6.122855245 2.552484395 1.555844107 5.103901009 -0.947060534 6.831824895
11.657894099 -15.932399545 -5.211761223 0.490917944 0.212335522 -0.031934205 0.844330151 2.733080746 2.526959838 2.819030686 4.968468911 7.321399638 1.667860823 3.091320728 4.523690631 9.205243098 7.364875554 0.776770793 6.788409224 0.496264887 10.482310596 5.773253740 7.165294682 2.140888789 3.623003960 1.951885216 0.865537766
10.169981132 -3.534583144 -1.671349822 -0.076550123 0.297180346 -0.024350899 0.951436259 3.168897790 5.012576591 0.075688885 5.765908275 -1.061996835 4.982091351 4.373717760 2.375469998 0.096844284 2.723451177 2.528536074 3.826430649 0.530249531 1.267402130 4.395858191 1.403515898 8.045029632 4.071464288 2.102390575 8.016078686
17.257600769 -6.443425254 -4.799022737 -0.682358124 0.466535602 -0.022572533 0.562336556 9.634966429 6.803100754 2.728295283 3.883824259 -0.978814277 5.983738250 2.792727938 6.258235360 0.278055484 6.302204775 7.438890784 5.874817621 2.871404056 5.837946969 -0.740529759 3.427271009 5.100334741 0.291667876 10.829420667 8.318521234
9.850421240 -16.521683662 -5.201909153 0.541371742 -0.227674908 -0.214555986 0.780414314 3.729539549 6.086137476 8.675195558 1.103377708 8.561327519 1.645608582 6.419547974 3.089776195 3.122666431 3.569587982 1.369261525 2.411497100 5.902330662 2.012693306 5.616960658 5.027316267 -0.633406527 -1.649827605 7.333604032 11.073887662
7.085569830 -6.038587922 -6.201923647 -0.743389279 0.207621678 -0.631550588 0.073549122 7.609642891 4.800987398 4.210337230 3.947790120 0.230998229 3.460189802 5.073982968 0.194761201 6.159275930 3.041330881 8.063190444 2.455271530 7.118947410 3.647287567 5.109009206 9.140174351 5.528534729 5.759334811 7.692031413 10.621529039
11.316707741 -3.607375580 -5.150534081 0.285234567 0.441688889 0.483353436 -0.699944014 7.122291693 1.270761509 8.284273424 4.963280455 9.773747950 4.520666731 8.765211193 -1.623798476 5.067437045 8.237758593 1.787523972 11.957554183 1.512586681 8.429538162 -3.307684845 4.128501111 5.929312313 5.040052387 9.065170666 1.831255664
16.042908966 -15.108990198 -6.896601678 -0.239630457 0.615865627 -0.508936720 -0.551606915 11.951906052 7.181948441 12.602824826 3.727234334 3.247377814 1.375136124 5.885227162 4.936062594 4.466985704 3.326978436 9.486711825 4.790844313 9.137926508 2.346516216 0.939127065 5.196182099 5.126190526 6.444651405 2.128161582 4.915317170
17.721422718 -2.134967416 -4.781353102 -0.827268718 0.259210048 0.268744323 0.419777450 10.998102187 1.490554121 2.882475062 3.533039414 2.823551850 -1.653529900 6.217810486 4.615780005 4.135459887 4.622932398 2.093221466 -0.277808835 4.562521420 2.436487034 -0.138369264 0.464152747 2.891176723 4.741363306 9.089945267 9.099137349
22.858722917 -8.823249399 -3.980798102 -0.919117757 -0.121632091 -0.362119367 0.096424825 2.433524461 5.786368104 0.149496391 5.756955107 3.796774449 4.929758168 9.428753150 2.621485539 -0.594489473 2.724113837 0.377843699 4.380955276 3.504795769 2.593634119 0.206645459 2.719273196 4.027585154 4.355385509 5.559431243 1.860341882
20.790912556 -12.664385013 2.920848529 0.818378093 0.276853132 0.144792565 0.482332617 6.653577146 2.951761094 1.333959096 3.777903031 5.241747660 3.653380606 6.504176745 5.087286198 3.843163303 1.924397465 2.254361605 6.460673890 5.198187890 5.943858730 6.562430065 2.608613460 2.712212146 3.669718001 7.082113719 2.364301917
13.098592742 -12.224653341 -5.441933509 0.439389662 0.351218972 -0.386808740 -0.730726322 6.470569372 7.632417008 5.050787384 5.090873562 9.214963523 6.644870691 -2.005567481 5.945964277 7.494359562 3.480765263 2.947931610 0.901412793 8.213413456 2.346794892 -2.914479234 9.073644585 8.413499828 4.728926874 5.695639972 -0.787802244
14.082422885 -4.116817126 3.406902596 0.261902836 0.615334565 0.518450458 -0.532897175 4.779473648 3.532688448 2.592278163 3.706264016 1.091631403 3.207242906 5.063010268 6.607402833 2.926693901 8.399787223 6.857752439 2.062390409 7.725543571 5.762684684 8.052903675 4.202726013 -0.136631028 -1.961678091 1.588936494 0.923165321
8.187674268 -15.163284028 -6.424649679 0.417976030 0.764297679 0.484233759 -0.081625749 4.691247226 0.836818435 2.841471665 5.131673197 6.118753197 3.532543264 6.872619347 5.918745392 0.918490937 3.537831825 3.748299824 3.520828913 5.259203484 6.474397244 3.002140843 2.205984342 2.528956239 5.897351297 8.256198590 4.623784424
9.343151839 -6.812512991 -9.366034642 0.045527293 0.070971386 0.990279454 0.110620663 2.577353722 1.965895613 3.893513158 5.922467088 9.097487365 4.208609988 -0.437433068 4.606323976 3.766395431 4.971402081 0.766503275 6.127306713 -0.608255785 1.674957101 3.442119006 1.723599562 3.682231315 6.351669935 4.874462025 5.993963518
11.839618689 -15.287586574 -2.965798287 0.310270790 -0.175683554 -0.863403171 -0.356934574 7.062454785 0.915384195 2.655727887 9.056854585 7.665042713 4.162890168 7.749127730 2.556252444 -0.098475133 2.980499946 7.027771977 5.232155542 5.909022822 -0.283247717 5.630052165 1.981014791 3.221843521 1.386876851 3.989216510 2.351474162
8.969069207 -10.097139641 -6.699533281 0.948438034 0.093980752 0.160326239 0.256765284 7.975284229 5.105999487 3.773204337 -3.500042315 2.335207949 5.062690159 1.371931482 0.386423233 0.976157851 3.592486826 6.130443441 -2.375328164 0.545589091 7.416815409 -0.216892450 3.564657051 -0.308178535 -1.500319776 -1.461748494 8.949576690
19.328762251 -7.674432694 0.574536083 0.375413810 0.616068600 0.315096430 0.616634568 3.107226423 4.392507826 6.894907878 5.494383037 5.711871260 4.489210407 11.663446161 -2.406590515 4.878117178 -0.203627030 5.851532401 -1.605704568 3.018510850 4.864888081 -4.566683580 -1.737637094 4.039466553 4.812277186 2.693251435 4.669889644
13.225820490 -15.676930284 1.772906021 -0.207578501 0.792086778 -0.362600012 -0.445006667 1.298114810 3.153521605 4.176006703 7.507867848 -3.052519131 2.320510091 3.782893195 8.653846859 3.177369132 5.620955007 1.458276251 1.351708195 5.344307624 3.741642185 0.753695587 5.509497070 4.263327503 5.898700819 1.534691499 2.757224065
18.943364067 -13.696732014 -6.167429355 0.375931293 0.057824102 0.841165536 -0.384411990 4.922666138 5.149957150 7.960551054 0.865550977 -0.025991199 4.132747408 8.884815196 7.386265150 2.527522759 1.005824997 4.102003993 9.502480939 3.912431177 4.880487737 2.477774190 7.958990603 2.048651017 1.564208142 -0.027879241 7.762042001
13.040760474 -15.661280871 2.079943155 0.156940871 0.209908347 -0.416674409 -0.870454184 5.505326380 -1.562039832 4.252113311 2.925736019 8.651506516 5.951054992 1.199707073 3.358557040 4.583613040 2.405340713 1.742323950 0.272859253 3.186214146 3.167808884 3.866387397 5.346111278 2.282783097 -1.058096631 3.794279365 8.244573058
8.570973517 -5.889118548 -8.658074420 -0.262803515 0.621931090 -0.698581311 -0.236896989 0.120572090 6.884944431 1.827930336 1.012832792 4.696899853 7.857875303 5.786170599 4.853854128 9.599830548 6.012235994 12.610580163 1.904028353 4.741437427 4.230734510 1.868020046 1.289318161 5.950852598 0.027686901 9.010473969 8.953410180
12.371318224 -14.012482947 0.746119905 0.216673981 -0.584775529 0.692402631 -0.362861630 1.120540765 -1.409437819 2.060199081 5.491318357 4.524163627 2.103992672 9.289152619 1.381047094 6.684675264 9.046726397 5.700864938 6.071918125 -0.828285382 4.737608351 3.506466506 -0.630703579 0.337286456 3.162089316 5.411321604 2.315565319
20.144484580 -8.512351968 -4.171643984 -0.855491309 -0.449043662 -0.049266543 -0.253115028 5.042566445 4.203688631 1.935761818 3.422487590 1.222902760 4.284655744 3.645687435 10.297861459 3.493195565 4.508238726 3.426020211 2.373632592 3.649420744 3.741237125 8.902577389 -0.625274272 7.982340606 8.736666141 2.764662792 7.094181152
21.466998992 -3.227548995 -7.216644040 0.751080053 -0.213308267 0.575259792 0.243832952 2.854789333 5.048116158 3.410510516 2.192907645 -0.788785972 2.738770784 9.994950848 3.944289285 -0.457961520 5.162397969 6.168845746 5.760242363 3.220448588 7.941144740 3.882208461 6.756271703 -4.539303715 6.700717328 4.747209151 2.177614985
21.206311303 -8.307831657 2.428083238 -0.792512456 0.486660582 -0.028994613 -0.366394321 6.138889270 1.452478696 3.627811051 4.428872609 1.677317788 4.384041620 -0.794891898 3.159983701 4.454945927 2.735582482 6.008197030 3.544985001 6.066292302 5.737596974 8.153367856 4.714949550 3.061895857 3.981835401 9.069020129 1.297747271
20.346542129 -11.167242297 3.298430894 0.228984013 0.677540384 -0.660150656 -0.229578879 4.849304038 0.633242256 -0.286552632 -2.057479615 7.340305075 4.098303604 5.530015381 -1.953884786 7.186761590 0.710381738 3.659724773 2.130131099 -1.173197649 5.625418277 4.169629489 4.730560755 8.208120439 8.016286177 -0.770258984 8.819934291
17.248993126 -8.479050438 -6.088791652 -0.551158814 -0.318568114 -0.227359070 0.736916665 6.931573509 2.293853717 5.686083640 3.569666310 5.214739592 5.990368223 7.970518135 5.399896085 5.086968247 5.304935810 2.478769162 4.553289605 9.053815282 4.557323590 6.215620563 2.444394705 4.298686850 0.428350882 2.122501626 1.430349424
17.126881527 -12.016227251 -12.421381747 -0.544746257 0.792103328 0.273664683 -0.030520065 7.176731916 2.646277080 2.542913353 10.960971853 4.048578628 0.984068645 -4.691046224 -0.590483115 1.430776964 8.139470852 3.717149691 2.206948052 7.090120954 1.870600545 3.981717275 0.559553791 -0.538026918 2.192983128 0.637616122 8.855170974
16.987153817 -13.679521505 2.065379755 0.154471300 0.980298651 0.087288338 -0.086798146 6.504929256 5.633196128 7.768541702 8.042136119 8.269961544 3.222476277 3.508126440 3.861186689 5.729531613 -0.263747219 2.933549226 3.801128940 1.941545349 4.975328945 1.783718050 5.000468405 2.340744199 6.815922124 6.800015681 6.035364675
15.434331512 -18.413202727 -7.022400795 -0.049347329 0.814495932 -0.314463139 0.485050670 5.725009878 -5.606451764 5.319799957 1.905089923 2.782449375 3.052642992 2.656889487 6.916581363 3.689954840 6.952491444 1.853440608 2.718375020 7.060299510 5.284436154 3.535736407 3.094772408 4.059056689 7.418712666 3.545694185 2.083362478
21.438850619 -12.600889808 -3.479237458 -0.603510088 -0.476754408 -0.263517620 -0.582270789 -3.075000861 10.237216157 3.329088702 -2.031409330 7.932763875 3.626078001 -0.803103266 6.614037544 6.020020571 -1.318796069 2.466186521 4.732971853 -1.177406773 6.015479761 8.623779426 0.542049437 5.282393596 0.176013906 7.488837389 0.133774893
13.546301286 -17.052334877 -0.657787095 0.975696869 -0.085832996 -0.155550691 0.128266516 9.454140925 -0.479676949 -3.002828132 -0.418765037 4.905585201 -0.856624376 5.495461818 8.025116448 -1.572845607 8.021435249 3.891583029 8.620385044 8.365763669 0.020141806 10.001570766 -2.939474111 5.107339689 0.422816487 3.897661232 6.640444412
17.710243355 -1.505450100 -2.018024686 0.152199008 0.655880965 0.630483008 0.386195285 7.642269059 8.887513487 4.992092026 5.732111800 7.124149712 7.432521434 4.397140963 6.942139615 0.924185022 3.788914153 8.986369503 6.460286893 7.458212693 3.512140421 5.549088453 7.603605541 2.941425384 4.899759941 4.204008739 -1.353222532
9.603443014 -4.470143455 -4.291025132 -0.353423758 -0.279548242 -0.884110240 0.123666933 4.608000301 2.217137016 4.110719637 3.885587054 1.597987480 5.372760650 4.734539017 5.593716791 6.514757559 0.905252775 5.787326995 10.103361247 2.495050015 9.780581893 4.297857995 4.181888290 3.452273841 1.768421532 3.457081240 6.813095430
17.160119624 -4.585840791 2.816976303 0.243357721 0.292234537 -0.909970864 0.165314917 1.778798250 6.678813295 -0.300217349 4.567205350 0.341201856 8.697080083 4.945344806 3.608795032 8.787717042 5.772236337 3.644002051 3.614121333 5.285979222 4.005188302 6.646492062 3.110664196 6.179471695 1.378205093 5.949424168 0.329940391
13.637669071 -4.735029292 -4.181189961 0.393278177 0.357961140 -0.846812347 -0.010244325 3.494594796 6.423888315 7.125984491 3.829525871 3.598968279 6.722012364 7.969853004 6.451607764 7.270122584 -1.456921910 6.162824698 -1.835320794 5.357791067 3.622652400 1.228165138 2.970131380 5.775422950 1.646748722 6.232041081 -0.557371547
11.842602961 -14.272352932 2.297992504 0.545867344 -0.037748431 -0.791989695 0.270843537 -3.394954285 7.598212410 7.170452606 7.590762721 -0.569627055 2.349466538 1.905706748 -0.014730079 0.117325732 5.241989371 3.523084564 5.059670724 0.017329565 2.452606673 3.622429865 4.935529168 6.441463240 6.229701404 5.526236529 5.069241303
9.586224854 -11.073235319 2.032760829 0.045389563 -0.530650013 0.089936594 -0.841582890 0.897968476 6.070116324 6.570583837 3.784402913 4.880948136 3.181768873 6.350084434 1.557033691 8.063750820 6.808768313 9.173235138 -0.165718915 7.249236487 -2.281967348 4.011728204 3.615516778 1.100474004 1.656241138 1.446709333 2.616559524
18.736206271 -17.407298339 -4.514861454 0.675472830 0.503307788 -0.337825802 0.419870759 6.186625841 3.137105068 5.566272439 4.490516044 6.586163865 -1.003186734 2.198938741 2.540813525 5.596868381 0.294860709 7.859000533 3.418207199 3.457576632 4.806131455 5.877967151 -3.237419657 2.460605547 8.465987697 6.731245601 1.785734371
15.914297306 -6.632186683 5.189366271 0.747351644 -0.586205858 0.292655795 0.110366648 6.965820493 6.762144299 5.241770267 -0.264489745 1.946478875 4.559691789 6.250772835 6.718029601 1.502367116 7.522306166 2.060297003 6.425413304 -0.461139951 9.435560710 1.212675267 3.948658710 9.731152208 6.056374222 8.155196044 5.601084983
14.018020239 -17.157224539 -0.264720863 0.646353427 0.651639559 -0.315192631 0.241343610 -0.968039378 5.210886986 9.911564946 6.785093107 4.324261105 1.345467068 4.647262113 3.691341451 -1.927220711 7.630490067 4.505031750 3.803012688 7.446509159 8.318185509 5.285217375 6.741692604 3.147141564 6.566890674 6.014556754 1.967358813
22.860681154 -4.648619279 -5.327302901 -0.611969505 0.745337057 0.204659618 0.167572185 1.164410519 7.220296431 8.228677806 9.774714639 -1.144328849 6.826317826 9.659673813 1.838603306 3.509025308 3.824588853 9.689160473 3.029584608 4.191242400 3.278932426 6.111672432 7.848732754 1.772951388 8.792560278 1.902033217 3.504979738
13.359179840 -7.923826242 -3.406844006 0.428302996 -0.170534158 -0.200438808 -0.864464533 -0.689211072 4.066880801 3.633931272 0.883906243 4.281637215 7.500478830 3.684772931 3.190289267 2.324738157 0.038540077 4.749254749 4.707608703 1.509493583 2.076166305 4.901290167 1.228279879 1.952196581 3.270023502 3.417349469 3.251126407
19.966114496 -8.337122522 -3.146230726 0.606050058 0.596515111 0.522811303 -0.059509582 -1.857049797 6.727587811 7.152040930 -0.194454529 5.516647151 3.613097768 9.924437064 4.565967487 1.273213625 10.375927294 -2.734378179 7.887155216 1.114884624 5.398080247 1.283972905 2.451851568 3.215732001 5.269727495 1.682220757 5.565416269
23.641396972 -9.536121292 1.302264559 -0.116923347 0.275148982 -0.377604467 0.876377108 4.226885380 -1.233778973 1.794954383 1.264633341 6.481771843 5.711598222 4.194466363 2.551643428 3.359769833 -4.861268307 2.408464125 3.577079617 1.674962849 8.386571841 -3.851062173 6.603336668 11.296131207 5.994846701 3.690028272 3.345788672
6.892887670 -7.438000714 -5.713778087 -0.305593643 -0.556081264 -0.765735007 0.105052618 7.632800190 -0.081315732 1.420326390 0.805738461 2.158373367 6.834281879 2.038578838 -0.944111686 4.982137256 3.549555645 5.435259760 2.665508251 4.800010521 2.657608412 5.485413787 5.245464724 -2.192653543 5.475243734 3.247997863 4.966006075
10.012726655 -12.399247195 -1.221870303 0.845764175 -0.364252565 -0.375256575 0.105761678 2.305144609 1.930247693 3.532869419 4.671110208 -2.297675718 3.496330536 4.555285773 1.659834710 -1.907794611 3.379294721 4.856831240 -2.246287973 3.220895338 -0.276139836 8.735286359 2.611716483 -0.814497699 6.119338275 3.862545265 2.319497837
13.487816894 -17.015654764 -1.880282266 0.774513714 0.538809392 -0.021278804 -0.330696475 4.564378754 5.645663376 1.856712206 11.057561964 2.210415012 4.362295066 11.470639593 3.106884217 3.024964899 6.238135486 0.819520889 8.366949307 -0.292047306 0.126932256 5.210638759 6.482374311 -2.179558870 6.396047898 8.155234519 4.822200073
23.382201441 -9.127577659 -7.110231449 -0.047325000 -0.226304000 -0.945561756 -0.229041066 0.215485571 4.749800633 5.800585890 -0.483367357 2.846330849 3.495451861 4.320398269 3.673680109 5.273899315 4.804386510 0.484613207 -2.110423669 4.152783085 2.754267166 0.144912469 8.303806018 -0.094676627 2.768575655 -4.043563651 1.093864003
9.610891183 -10.628811727 -7.681456162 -0.535904574 0.674141113 0.068895949 0.503580575 2.431212136 -2.579418440 2.588484694 1.099050070 1.673029376 4.839922561 5.543076068 3.414068382 -0.237102536 -1.163648047 7.922242574 7.856135950 10.956285229 9.364277555 2.419200035 5.885230832 -1.404440016 4.024062275 -1.886656636 2.918113286
11.430194155 -15.677271467 -2.855131587 0.528415459 0.317295455 -0.598162651 0.512154411 1.717331288 8.555775603 6.817471057 9.765163222 5.164216960 -2.001297242 4.462882698 4.096511271 3.045559065 4.583365505 7.582702152 5.212211272 0.511821332 5.585107396 3.659395021 9.048260252 4.751247013 6.272406533 -0.840697470 2.848090686
18.766994743 -12.843753034 -7.315948756 0.518647476 -0.386105129 -0.269848313 -0.713519105 5.712503166 3.021456616 1.374572958 1.163514300 0.989290683 2.418236178 -2.052033135 0.506356742 -0.441364104 0.058395425 2.447999432 6.239576102 7.094408392 6.534516522 6.692081813 4.472798364 0.636182596 -3.433007268 5.553799933 4.972366379
20.789690628 -3.724103832 0.023309406 -0.528457411 0.149745783 -0.111049436 0.828237278 3.591310966 7.379688205 4.319161273 1.975165981 7.498314114 7.416944296 3.125897957 3.469632414 2.973973615 0.853225472 4.102309597 4.385659619 8.067049890 0.336623067 2.442593195 0.379292046 5.682383586 3.338781579 0.245974652 0.046367465
19.016189086 -6.381520899 -3.195683755 0.582046127 0.252187072 0.023093386 0.772716431 0.642265762 6.438216305 4.969263111 2.942820058 4.656314031 4.679227050 3.006342290 -4.212531384 3.294931547 3.360557507 6.467097073 1.091422421 6.326286536 7.619908242 8.562324566 5.517703494 1.278065399 -0.380897755 0.870164550 5.056275901
17.883186511 -16.601741671 -6.204974388 0.077283127 -0.976771825 0.167186803 -0.109511155 1.847648071 2.803952721 7.386500950 6.687375578 5.489307700 0.679904109 6.513508682 5.227331368 1.735885195 3.924220162 -3.817428067 3.547923938 2.179044844 3.115581880 0.910583378 8.512442218 0.832525640 6.448831704 8.338213003 5.896021578
21.477894333 -9.693674298 0.297364884 -0.503390849 -0.197449014 0.496249854 0.679225752 5.787477558 0.604392900 3.623874176 4.068710711 3.510017481 3.869469403 0.012235866 1.989350997 2.114971782 5.823115210 5.854778941 2.495901428 4.322438616 3.585082167 5.733126257 6.955345312 2.493437986 3.907326266 6.070922345 4.226663033
16.819405909 -3.240371110 -8.095531865 0.784255396 -0.285738868 0.321337206 -0.447257391 4.772242723 0.425606699 3.889867754 5.124446313 4.768338169 6.662049110 5.942254737 7.028248974 9.869965991 6.546624576 6.469911431 6.122117929 5.659223082 0.766099352 2.898889983 9.293337290 4.425275325 9.609826469 4.650609727 3.299948151
20.130157237 -11.015617593 -8.251004896 -0.110694099 0.619817930 0.739213900 -0.239030040 3.013381283 8.006234484 5.395707651 1.993568580 3.775301545 1.876564835 -2.656012255 7.899416092 1.313839326 -0.086344797 3.975135468 6.136328975 3.000829570 3.281472244 1.679663097 7.122820955 1.718016125 4.167035239 3.929410837 0.011920518
13.814888216 -5.919015273 1.835434759 0.161181269 -0.324307619 0.885832189 -0.290080163 3.196572701 5.278760656 3.787352464 6.351100605 13.722094545 0.462834360 5.315648815 5.334032656 2.905272328 5.052307597 5.184003629 4.431466499 4.884836478 1.249564454 5.378836820 -1.473723793 5.233874247 -0.488627386 1.658956960 -0.761925621
11.627265453 -0.869117789 -7.685101572 -0.713833883 -0.437311271 0.040400291 0.545497806 0.166752416 1.148237707 7.700817280 7.072984696 8.346639368 -1.647239240 6.684012286 7.471686662 8.324467331 4.011111406 4.556609246 7.031150917 2.631724123 -0.989879544 0.268578194 1.899408777 5.572317020 8.115068356 1.339556145 2.990983886
13.976186797 -11.022517939 -13.580941155 0.211999868 -0.168882623 0.765317712 -0.583800921 0.352598657 2.044645817 -0.510286279 3.908330040 7.014210518 -1.022039744 5.468696083 3.844628293 7.129256663 1.752521243 5.776057739 0.125528530 4.323870178 2.823247771 3.570252001 7.803005664 8.610785126 0.398330980 2.651535976 3.400941671
19.002150317 -6.811781647 -11.090427781 0.232849494 0.583950359 -0.718226483 -0.298217722 9.985954914 2.031937649 3.668980510 -0.156328491 2.105235001 4.238423562 1.343379251 7.035347408 2.615084501 3.004437538 3.240833003 2.231576454 -2.587379035 2.329330254 1.867203833 -1.227474012 6.140541945 5.861089105 8.510520801 5.384506284
14.905729634 -2.088684639 0.574836149 0.630449695 0.322439029 -0.342657258 0.617375298 -0.752874111 1.810709076 3.106227124 3.096860174 0.377527770 0.016974827 0.659133656 7.315015458 7.420422271 -4.059639246 1.110899941 1.320949346 5.126165542 0.106715930 6.942792439 0.518980856 0.327271895 8.621934745 3.268227109 5.098877443
16.260473432 -15.391955316 1.945764285 0.150378509 0.583597220 0.254770035 -0.756235954 0.693048714 3.785853232 6.388313871 6.068458008 6.202528349 2.661325031 4.308165795 4.001677832 4.925414384 5.352977455 3.339249738 4.296976705 6.507922117 1.946130450 3.091067697 5.464602571 3.313288143 4.083195642 8.602694591 7.027002403
16.382823662 -15.424001766 -8.406925824 0.343810142 -0.880628475 0.132446116 -0.297902839 2.631167003 5.359612590 4.297387593 0.828557489 4.541471976 8.554117755 1.700675689 3.988644618 7.062101749 4.111132242 0.221967751 0.961507775 2.176962484 2.765717165 5.818658658 2.181677581 3.458858633 2.235061545 1.111258861 -3.332267500
18.358948144 -11.572026577 2.508588666 0.510346690 -0.574359315 -0.523177032 -0.368705068 -1.653928600 5.766481938 -2.067084111 5.312955477 5.598202602 4.673971131 2.931318023 7.693224786 3.692604591 5.584207819 5.378098627 6.003941730 6.240170918 -1.781257367 3.792462147 7.439205372 8.545462524 5.863010659 0.879458668 7.306393751
14.378581030 -9.320096917 -8.754638204 0.318169046 -0.428572558 0.095187746 0.840257885 7.641706760 7.030192356 2.706427617 0.563097832 2.822747673 4.561697586 2.702987696 3.196734638 7.070065461 2.732255344 2.431008698 5.207680374 3.368840766 6.484132764 2.861957368 3.877987827 1.312744140 7.165326663 -0.359559780 7.175933973
15.999055604 -6.218154526 5.077480236 0.912696855 0.259209047 0.040671954 -0.313274502 3.407825386 3.044991168 2.371500741 3.125640505 5.552618064 7.812806162 3.961030596 2.053017799 -1.418164528 1.567715451 8.327866370 3.313906607 4.939030617 5.666955195 6.277395035 5.696650422 1.441897169 3.087969547 5.534417599 7.410660689
13.240144340 -10.300208469 -8.952300498 -0.149594272 -0.348513429 0.796618516 -0.470700419 -0.591172043 7.946500742 4.797263812 5.841836915 4.719054667 4.321959918 6.901726244 2.103817713 2.392720969 4.908091409 3.586884573 5.632853130 2.094077502 -1.292329287 -0.000726405 0.741833597 7.477287702 3.385613921 6.442547154 3.805480590
22.986380645 -2.627273386 -2.102116238 0.436610692 -0.035877479 0.072868415 0.895976620 9.440085244 4.224750200 3.990973230 4.579655460 0.205646908 6.162406625 -1.308689841 5.792514512 3.193345418 2.367803751 2.249462561 0.519247946 5.732888262 6.315453738 6.769845477 2.799771835 0.223046801 0.743164867 7.238502384 3.563373477
15.346950570 -2.640683920 0.407792517 0.533046875 -0.408475551 0.710991820 -0.208565064 -1.886738233 6.991505438 4.955729018 1.650046285 3.995151387 1.700731036 8.341285784 6.710410124 7.188610801 0.220132611 2.712568350 6.561168887 5.054611416 7.908938190 4.274978949 -0.482504078 2.138176767 -2.480045453 1.161179934 3.330945737
23.129759766 -6.247472986 -5.969663703 -0.685163471 0.360966443 0.182711157 0.605698670 4.178069026 6.758695294 0.734000640 2.082276851 4.823226880 2.377434587 10.298917648 4.517228413 10.017257487 7.336655717 1.218008625 2.960864625 1.754667641 3.446782638 5.166399347 7.681248178 6.999847917 -3.132843811 0.113298441 4.105602743
16.698250370 -9.522930438 1.538849629 0.540694237 -0.023650587 -0.718290416 -0.437206211 6.739822079 0.231652490 4.589269452 3.017955913 -0.315149822 2.312232560 1.937717729 4.898973544 2.775371575 9.489659722 1.031747633 4.811255032 4.358691111 0.530543964 1.761759363 4.266995130 1.917557822 7.312423308 9.699896829 7.899311310
18.011074869 0.088810583 -1.370874697 -0.349088774 -0.036817855 -0.308559668 0.884065837 2.333550182 5.265735615 5.177236976 4.585536762 10.858794327 4.900797173 7.471260822 5.781739785 4.981532821 -2.248856077 4.056786921 6.366309078 -1.110259391 -0.174219155 7.222036492 0.958148961 7.714836136 1.528529530 6.424225053 2.129952597
20.367745276 -17.567259050 -2.237885121 -0.285598277 0.337224357 0.418458898 -0.793476848 3.807137825 5.049975378 6.478304705 1.967524134 1.248173661 5.951452419 9.298322874 1.042016716 0.900566126 8.592445835 5.144405432 1.721192551 0.469954975 8.346928580 7.849157742 3.563975681 1.363332506 -0.020242339 4.580937751 4.782138383
16.019557330 -7.518157787 -3.248554190 0.288881862 -0.504911338 -0.524366985 -0.621812733 0.574264273 4.564507433 7.745898221 1.738390786 3.972384554 1.253509898 2.317333072 7.360856274 2.377684042 2.966166184 0.594598954 0.702842542 -1.849848082 6.856948777 -1.594244704 4.701020052 2.522603474 8.602342901 3.331036801 -1.531745336
20.253569317 -8.770361296 2.733786990 -0.380085115 0.796949349 0.253085997 -0.395416892 4.528067749 1.675735910 5.037577296 2.386118378 3.204460142 5.132340546 -0.128658400 1.108264778 8.999490099 7.692361661 9.409653293 9.748819863 3.018605557 7.997116660 3.961848789 6.460369388 0.584876874 4.673711106 6.702913389 3.028457817
22.016894921 -14.232352461 -6.036018093 0.040301284 -0.460030895 -0.057615651 0.885114579 5.946754039 3.563700911 2.165614283 -0.869103353 6.148246806 11.131574485 3.396488624 8.475837471 0.728293744 7.312344493 -1.015419404 5.497773374 6.713617364 2.425320830 8.281170345 8.417347790 6.039342184 6.412060170 9.264309890 5.054627209
16.940094723 -2.391139090 -0.960481919 -0.351570415 -0.713638611 -0.233468661 0.559115873 4.729217301 6.775052870 5.557721967 10.100839860 -1.933663415 5.303344050 3.612740721 2.716061729 7.587520576 8.420176696 5.486214368 0.278240727 2.744266543 3.790078014 6.651781099 7.703766951 1.697633084 7.954588876 5.983663388 12.400704432
18.447952151 -10.924056463 0.348945607 0.653642159 0.710519675 -0.233013507 -0.116698012 -1.375595282 1.702540463 6.965125009 0.665688994 8.168001949 5.100606790 6.597565737 2.445407023 3.944639441 3.929701149 2.563719816 0.008125420 1.628338279 2.855453955 9.253187373 4.917202579 4.204960612 4.821335293 4.145037357 0.084056911
14.794989337 -9.594521716 -9.577390765 0.658998035 -0.516111974 -0.215447898 -0.502923676 5.611033390 0.498017331 3.229373168 5.660828695 4.982491402 6.424023267 6.877121946 -0.052995347 9.303448341 6.235250444 9.865453646 4.033227639 5.962186404 6.493431817 -2.647727722 3.390091906 0.255274081 -2.549163685 0.006442083 4.536094869
13.960591291 -15.756569316 -4.174072992 -0.121683235 -0.028728453 0.401138889 -0.907444466 0.175820853 4.720533569 9.935745534 2.533965710 1.590627523 5.510046506 4.515918786 6.437009210 8.979192721 2.989080320 2.996602665 10.051440964 8.357469909 12.004147441 4.393693502 0.588114352 6.240113711 8.324240330 3.867598111 3.140396713
8.010989327 -5.025673457 -3.965478871 -0.280891791 -0.208390029 -0.439870539 -0.827156156 5.421068856 1.560959805 7.200774437 3.830449876 -1.251561413 -2.023484192 5.143194441 5.751449597 3.588300487 3.260103337 -0.714880456 7.166662436 8.802081894 7.877648029 5.441565892 3.589512382 -0.108927221 12.331807987 3.376991889 2.718201516
9.145277629 -8.654280813 2.667884353 0.482290019 -0.012281310 0.520426275 -0.704558017 8.256195979 2.677958387 6.463940494 9.230610631 0.371437595 2.295922072 1.843857938 4.224767552 5.900575956 5.534226157 6.840993954 8.112346228 -0.175276942 4.596983593 2.616881420 -3.881627247 4.830916088 2.670175859 1.409991019 2.717200892
21.880634181 -12.359626550 2.299897336 -0.605431260 -0.052942575 -0.278787224 -0.743591122 4.313581961 3.266515818 4.367001788 6.634667165 3.373464229 2.159649308 4.148507938 0.074724050 6.888566587 4.277629324 3.448171183 -2.069406838 5.347702792 3.880495884 6.761363304 2.560095637 1.090177138 5.604834792 4.504350719 4.056445959
21.009334020 -2.097264777 -5.943631164 0.317077805 -0.442851748 0.837717405 0.039667923 8.286688407 1.633518029 0.602029681 7.528898456 8.654436857 8.786200228 3.018569716 4.456207832 5.460100529 7.945903289 0.465596149 5.493258297 2.391639284 2.423167051 5.579176241 7.965880096 2.457895935 3.278972798 7.638184001 7.258347078
10.080527616 -3.262420512 -3.305766963 0.130449536 -0.822024632 -0.243164027 -0.498126168 4.389804677 4.175978004 6.653495532 3.515032415 1.661750013 6.951773672 4.924829831 7.019756606 5.448093885 6.572129371 5.141328902 5.072489129 2.919104961 3.985822848 8.753928828 5.385847089 0.878222692 7.453791133 1.611202382 1.243177524
18.639923819 -13.789289017 -10.067864321 0.325106253 -0.344624049 0.671267226 0.570035526 5.167256182 4.436034971 5.377725764 6.102099807 -0.439707261 6.523864493 5.541684220 1.043911325 8.143726069 2.756235596 5.162284268 4.824205135 -2.857772587 0.932938142 4.779964040 3.758488838 5.346046351 3.344604794 1.911186193 3.545418633
9.715120085 -1.588860734 -5.750953605 0.109673152 0.777609301 -0.616479830 -0.056992932 1.585613562 2.957710407 5.071840847 2.535056867 10.898980157 -5.188734961 4.366818374 3.555553476 6.825867805 2.000260117 2.778919002 4.442439634 2.562705199 2.539479831 3.130584440 4.692208010 12.439739609 4.091842097 5.617825801 7.677391407
20.417780327 -5.219286831 -2.485048754 0.291652914 -0.573494493 -0.407186734 -0.648260447 0.474413435 1.058403218 4.428076457 3.389606909 0.456818902 3.292370897 2.969050197 3.637456029 1.270635328 4.930046825 -0.976361233 7.943247212 5.547415072 -0.425369202 -1.977773765 5.292543614 4.721504425 -0.763127719 5.782577779 1.420461721
10.698044783 -13.283647370 -2.612912279 0.830253445 -0.342533829 0.133846649 0.418849458 6.012832128 2.934361883 7.795577275 3.260141909 7.698507287 -1.514093679 9.328959603 4.736215907 2.172716865 1.516552113 4.312162345 7.390960274 6.425587600 0.488296535 8.263606155 3.710670384 6.554335954 4.880652113 5.939111967 5.121783660
18.748556292 -18.505251925 -3.253054437 0.326619206 0.064982054 -0.224646227 0.915768147 -1.791739526 4.074151002 -1.366401373 7.433046755 5.035904605 4.514957683 3.521824474 5.039750589 -2.086978857 -1.348056102 4.377789512 7.284203221 4.822206165 3.503076329 1.273328918 3.968089131 2.550902020 -1.211744661 0.679347701 -2.662689406
17.164785959 -7.817440535 -9.474754709 0.536114760 -0.526762827 0.464936166 -0.467906241 1.880688875 0.157547115 2.796456453 8.818594350 5.725582198 7.074960703 -1.852405296 2.937110748 8.468512989 7.192442613 5.771990961 4.439309640 6.754357002 0.536078022 7.720998425 3.411838080 7.215836821 3.356372315 0.914114881 7.895474161
15.446851286 -10.622022178 -3.102209867 0.318267238 -0.401818269 0.009851702 -0.858574975 4.404461765 4.690391982 4.231628318 -0.633782512 3.922513332 6.978372116 8.729584081 3.574263423 3.037403927 3.636608415 2.138618667 6.968082416 7.325996669 3.620615732 7.626438793 4.285491505 5.567159095 1.384558570 1.947846753 1.002485986
11.278762556 -15.529538914 -6.799520050 -0.597188108 0.171578908 0.187229044 -0.760836597 7.888725531 3.962442068 -1.244022963 3.735262508 4.939101899 6.458136843 2.917987996 7.770472487 3.154954171 4.840002219 11.973370110 3.914665033 1.503194693 5.509426678 6.769190133 0.279488523 6.270002064 2.829714667 9.949825407 0.312658072
24.057915433 -14.579711567 -4.271119778 -0.201031463 -0.838788702 -0.479405373 -0.161834336 2.401386516 7.678868625 0.788511170 0.154803487 7.689842764 7.149371617 12.779416616 3.731801657 7.132373988 3.613784666 6.829074095 7.366015529 5.957709722 -0.892598679 2.759117772 2.619030774 4.577750900 2.259068138 6.499931246 5.677184503
16.424335312 -10.305597545 -10.764303205 -0.106544216 0.424656677 0.720518323 0.537743790 3.215758561 -0.777075300 3.240610664 2.095576132 0.487137623 2.299896122 4.738820802 2.407190649 5.902611884 -1.495501496 8.408762299 5.868250211 2.900494883 4.428477112 3.864564208 4.011735895 7.265666310 8.577461706 2.227162086 0.443827166
18.540836974 -6.576513199 4.500394467 0.812136764 0.098185815 -0.050662808 0.572910728 8.026066043 6.233053824 4.986194194 7.552597790 3.632052104 0.667823053 7.187539792 3.164328827 10.575692577 1.020542326 9.230992207 5.873309332 4.899119388 0.878941259 1.855133952 3.083663358 3.083425566 7.702790411 5.064141426 3.384522911
11.044810855 -8.154077909 -5.832977057 -0.235804868 -0.429277029 0.848917613 -0.198635804 2.285243853 7.962313379 2.060004471 6.116417816 4.506049454 1.897954693 -4.265938679 2.470064770 7.510025271 6.400901805 3.865242747 4.350992148 2.495570933 2.971376382 5.511630540 1.614888905 8.193265793 3.412492311 3.897811731 5.105930302
23.735466212 -5.021555728 -6.197607462 0.200578765 0.904123573 0.369554118 -0.075884638 -1.986133255 5.797233122 0.129177289 6.423290488 4.085204941 -1.019877766 2.853604208 2.216654994 -1.752387847 2.364720758 6.576043485 5.067419005 2.298352456 2.021414113 -2.212567223 -1.128150989 8.390412374 2.796571940 6.863317083 7.044196422
14.179572128 -1.351157370 -6.989021967 -0.232163371 -0.790302892 -0.567028664 0.000035242 7.037254848 3.737215795 4.068561643 3.049830466 5.906722839 -1.642479285 3.500862681 6.031670900 3.265125614 8.846174502 6.304254681 -2.076091119 8.876443295 6.317998061 4.080480301 1.619556494 5.068561303 1.652958924 3.815896780 4.909092905
