14.897980015 4.252566672 7.857375290 0.084128412 -0.613723413 -0.137431293 0.772902725 5.110217643 1.006492259 3.812790962 1.805724787 4.560998099 1.732630433 11.603087834 3.266573684 5.246535546 9.070289148 2.751488285 10.988945900 0.678878696 -0.499554272 4.224860213 2.654288244 4.197687561 4.536270397 2.680481434 0.289757784
16.326401719 14.465004841 1.541257872 -0.441278587 -0.246319542 -0.785728318 0.356694411 9.974845461 1.122836188 7.691244489 9.555707396 4.790874966 6.932179962 4.855305389 3.259961588 0.315595435 5.671239328 0.680568157 11.684824872 1.272202763 -1.184890705 -2.661597317 8.880131464 3.006631672 2.561961775 6.737011054 5.930485686
13.783632371 -0.283285886 0.786403045 0.198422950 0.521000338 -0.235876193 0.795958166 3.882569960 3.268871357 2.265641909 3.008753371 6.746148513 2.071521492 2.396545473 10.430819042 -2.309076002 9.466288114 7.928057757 2.288762895 5.817674040 1.595749549 8.054952745 2.750842436 3.134251125 2.917492721 1.880974095 5.081962154
13.286487734 7.307993378 -6.210530931 -0.063595392 -0.857271060 -0.117244450 -0.497288342 7.625701749 10.415454128 6.939706981 6.704218445 0.952275728 8.726562507 0.058281474 3.004999211 3.146034859 5.084800008 3.814980598 3.090537668 1.724488975 5.488199588 -0.727650923 -2.016175673 4.450319761 4.285036420 1.273630025 2.186325139
19.794436367 4.001939046 -5.743216531 0.803233523 -0.294832301 -0.496829391 0.145087487 8.082515996 4.171576309 3.242070687 4.002724529 1.250711668 7.114990919 7.115806531 3.155929642 3.883737697 3.259535413 5.364631318 5.168624670 -0.430900059 3.590819697 2.742974436 3.587265008 1.382764272 10.180039972 5.071152878 2.122519125
18.961377427 4.895960458 1.769840707 -0.672297667 0.356319107 0.478648976 -0.438118362 5.442039058 7.823128133 1.572545400 7.516006480 2.233085431 3.747086681 4.552224548 5.336987165 3.737407746 3.079445867 3.969459669 4.874055957 1.737578859 0.836517038 5.765940693 1.472203817 5.246090941 5.142801633 6.934026630 4.355659753
21.983956682 -0.039977621 -4.078293478 -0.407519949 0.122016970 0.904923399 0.012369002 4.699833832 5.518818418 4.350730244 1.952579581 3.293676519 2.120260938 4.729304389 2.292852598 1.219521887 -1.248580642 6.427159202 9.284454744 1.858072302 6.197802054 4.793000069 7.425213430 1.006460575 7.489822602 6.275553234 4.051106731
8.974947440 5.428210158 0.246994083 0.781012028 -0.584757658 -0.181240876 -0.123411661 -1.115251660 3.128424458 7.493086118 3.979523621 4.718581552 3.475255617 3.237881025 5.484943556 1.416458183 7.638807271 7.203607667 -3.617051084 4.945749575 4.283677485 1.549395897 4.885934127 -1.387473831 -0.296513201 -0.833984735 5.629649521
11.271231344 3.345485657 -1.445137862 0.276731855 -0.798476837 0.231193544 0.482082738 4.611650431 2.283463219 4.578483131 0.237898435 8.182726201 2.770421610 7.467379692 8.278116674 2.526277621 3.391097356 9.073525669 -0.117267351 4.836639713 4.785686083 4.727472911 0.593324104 4.840941533 1.384182960 5.098800410 10.022819810
14.463865838 11.201198456 -1.803829832 0.202274676 0.951781258 -0.148768157 0.176253875 6.173387921 1.884831393 3.093246172 7.118905024 6.130860240 -1.407877641 5.283909414 5.459806217 -3.855817636 -0.177096530 -0.102530321 2.285767276 -0.294916270 7.448180430 3.898173604 2.277818093 5.256288177 2.583676663 5.625911769 5.167668333
11.602925460 10.289526555 2.162911010 -0.607977269 0.543655888 0.493012484 0.302887118 4.706698858 0.966177904 4.820754423 4.250576690 2.186235663 5.624736207 5.584784219 6.653612712 1.741695259 8.159874762 5.764446199 -1.456354996 5.887795325 6.272883684 6.232054984 2.958323290 1.786205590 2.258113032 0.693253122 3.437267373
22.038046442 1.133790550 3.057922098 0.195946528 0.250798215 0.946103601 -0.059943217 5.066134470 8.126170394 3.087880905 2.990106411 7.386871602 5.730538463 3.770449226 3.967929404 4.250525978 10.278740950 5.459360888 1.669063456 3.912483889 3.787637425 6.001658897 -1.939184121 2.803683327 3.594391985 3.593762745 4.237991335
14.853366363 -0.064805349 2.072385815 0.281101407 -0.809512595 0.492413820 0.152315423 1.304637869 4.909674446 5.913107869 2.332241723 10.330166124 2.795617102 2.122280227 5.684996713 -0.602453748 6.550943392 4.687216282 0.584725773 5.538850928 7.130375985 5.145579249 2.743914916 9.483341008 2.248962406 3.491625716 4.080215330
23.189000910 2.061846133 4.006246392 0.316097386 0.096408496 0.829533233 0.450180475 2.387739930 6.701933179 5.623825396 6.368617049 1.660380238 7.789028951 3.038381362 5.550809267 4.650964758 3.320027796 4.891049377 3.373532703 5.086444223 6.430957995 3.454896775 2.845059303 0.992947275 4.370760029 6.124370995 2.186815801
17.923649271 8.902243126 -3.266273944 0.631931548 -0.292423989 -0.358704229 -0.621676769 4.338656531 5.495574167 4.705121086 6.935158386 1.684258253 3.329175406 1.620924013 5.973514034 2.061401574 4.952537254 9.038093040 2.989635104 1.159396095 1.557502057 7.705717473 2.219010691 4.349043509 6.431649468 3.928553226 5.199175239
12.198131365 5.612528743 -7.647559798 0.397908133 -0.730282479 -0.315735102 0.456801888 -0.783675882 1.979118281 5.228451481 5.078627284 1.916797468 1.891639516 9.588300427 -1.930106290 5.248997530 9.931745924 -0.346797229 0.324684382 -2.683474793 1.963976054 3.959237793 6.719666857 2.284513979 6.705378908 7.031805789 8.961251538
15.767723447 0.043529717 -4.765259853 0.880295285 -0.168141756 -0.401812735 -0.188029483 6.616871259 4.503244632 3.085567542 5.381202137 -2.411387594 10.311412187 2.423272975 3.607244682 9.508723549 3.110091156 2.492569514 0.380481566 -2.756679702 5.615140205 4.766225442 2.359676009 6.228041118 1.271561999 8.032581354 4.992133699
21.569511129 6.067668222 -8.737095307 -0.495641904 0.009149162 0.748944234 0.439702093 10.158776318 -0.738514433 6.474040834 5.674032516 7.099170720 8.427688430 4.250477163 1.070534160 7.527372201 8.950271077 3.169927479 1.844905829 2.342145155 6.264031342 3.850574479 6.645120028 1.900328422 7.469581739 4.585902822 3.135243007
23.357918473 4.287974125 1.964708985 -0.100433533 -0.186660171 -0.970090112 -0.118305796 3.637726247 9.695535905 3.101685108 10.711978984 2.186812523 6.526858009 3.128004616 3.231146663 4.373189397 2.926549784 2.523397550 1.200496976 -0.738283516 4.278971079 5.736852628 3.636585867 0.099414450 1.059105844 1.271786352 0.553601037
22.403862987 9.349887162 -6.961327054 -0.922158608 -0.114448688 0.331118335 0.163968435 2.004823504 4.165173681 8.910173081 8.076923659 4.322964886 2.035820651 1.447934574 6.052691081 4.608915768 -3.730111391 -3.688764583 6.145334944 2.623463757 4.131836889 3.656940962 4.975163971 1.811599433 6.229136931 2.626210708 3.073988201
21.281608966 13.799309222 -3.186813553 0.366992203 0.102407082 -0.436479936 0.815055077 4.067733822 1.856873796 5.412980512 4.407879587 4.581124131 2.389729921 3.707828119 4.960981783 6.929671804 0.224194480 2.755006152 5.050983986 2.869697731 6.135587990 -1.028227316 2.866790363 4.529785013 0.587334764 4.156137056 7.525010746
16.213689683 14.418610430 3.644864171 -0.006750878 -0.193121756 -0.233044772 -0.953073212 4.271744245 3.222622342 -1.554380437 4.562354754 4.994419443 5.734310747 6.124023819 -0.236889286 1.816664157 2.561976288 7.003686982 4.827013094 6.134747602 1.798929829 3.691268402 4.119430248 4.360341635 3.528056092 5.826345451 3.891504272
13.304754680 1.680668715 -1.639556164 0.323832576 -0.199609518 0.816469073 -0.434357866 5.686100567 1.584650307 -2.654434747 2.956680779 6.564687456 4.447045913 1.431047307 5.978791303 0.143398294 5.855655121 1.577369596 3.748988746 5.506956377 5.024103213 5.161411214 4.723161619 0.560832021 3.353789180 2.875764739 6.937177393
23.695188989 9.181762721 0.824937362 0.071015413 -0.114582056 0.618807981 -0.773889170 5.206796021 1.859959469 3.144228212 2.578357190 3.131671616 4.050624120 1.820367547 7.728230558 5.055103014 -0.331079915 1.610359964 2.781840738 7.134155768 1.969841797 8.181137746 6.026798507 3.333062051 9.774344876 0.094642683 3.568104315
20.153558927 8.405226884 -10.362218662 -0.662709053 0.022740591 0.741787416 -0.100254708 6.725953083 2.133830720 5.717457962 1.038354074 2.178545689 7.793341091 11.999763878 4.072847485 3.778981488 8.173225923 7.631922709 4.535769554 3.816161452 4.391097566 4.382993873 5.240231994 7.402723928 3.494621302 3.261408536 2.492764199
13.722337286 1.872688925 -8.870234601 0.056758996 0.107002754 0.316119997 -0.940955352 -0.951804147 1.131238850 0.422169609 3.382027831 1.377177792 10.197767478 7.431345565 1.423623193 8.469154485 6.609778461 3.342544402 0.290293603 2.557722032 8.532725257 1.088281111 6.311864196 7.417897454 4.825565546 -1.144788194 -1.085314531
14.963196866 -2.471110728 -5.346703643 -0.573331787 -0.622530280 -0.352720085 0.399168203 4.288282932 3.574177737 4.067377480 8.253933842 2.318048146 2.577625279 -2.096857988 3.871070131 0.484153414 2.230740678 12.902399772 8.393980253 2.100864533 7.583700911 3.092310275 3.715645270 6.539238267 3.877943440 -2.229120636 7.345450992
20.441039404 0.218582030 3.227986430 -0.199195210 -0.248936435 -0.625041501 -0.712513187 3.738380046 2.646213345 5.843470254 0.291897279 11.206538347 0.380297104 3.897200389 9.404074793 5.580519381 0.574075375 6.704628728 6.633138465 2.990193958 7.700978859 6.239169559 6.882042988 8.842235742 2.486835287 2.601408015 0.346856142
18.189883311 -1.445561842 -0.450799205 0.871515845 -0.401972472 -0.276034901 0.051797649 6.965427507 3.519090500 4.327879899 6.798268314 5.714399107 2.212666618 3.299871226 1.034628433 3.655479071 8.859879695 2.004941493 13.077023693 6.651821048 6.069347510 5.176259548 7.142638784 1.732647650 5.096471417 3.663983915 3.886153965
16.875506651 14.607379409 -2.850548675 -0.501945448 -0.465894147 0.674491423 -0.275780224 1.222972533 4.513374717 0.173680175 5.627293337 7.458662302 -2.736042583 0.106160973 4.154846730 2.643367877 -0.174325027 6.383596884 2.648603695 3.075520772 1.094472869 -1.251216991 1.140983003 4.125904573 9.056310096 3.589629623 10.506306171
15.972342706 2.494123572 2.731848640 0.424391136 -0.856336994 -0.083554131 0.282130863 5.767597901 -1.460902804 -0.140810454 3.832780593 -0.788181788 2.045452585 -0.464703343 2.260438928 4.223577044 4.224360653 1.717212881 2.060478529 7.274198916 3.864086165 -1.064015780 4.312450114 4.623450891 -1.384378152 6.289863817 5.602475002
17.477715652 -2.696669187 -3.597901737 -0.084309875 0.603554782 0.203336693 0.766333909 0.459951028 4.162962942 4.603962019 1.879974100 -0.280165866 2.857756626 1.126518974 6.139207847 -4.515680972 1.491024245 4.635490352 6.955294855 4.540521541 0.670968648 -0.373574163 2.508105938 7.307109683 6.712323537 10.177264917 1.797711996
9.646837394 5.784359634 -0.159317753 0.137961413 0.287563983 0.919941234 -0.227995023 2.071612909 3.154521330 2.169884938 0.476897183 3.222772492 6.875993760 5.494221794 5.514520031 4.723804445 0.142652532 2.295520035 2.106638912 6.394835750 3.612670241 8.572797732 3.776961968 0.545706824 9.438590915 6.012802259 2.897880144
20.141883173 14.518446507 -2.448091425 -0.258825353 -0.140944588 -0.915084557 0.275253181 6.081565320 2.449509847 4.332153027 6.022223976 -1.158895819 3.833471422 3.864221428 8.110388989 6.658899960 6.201623248 -0.126062196 6.615174944 6.446902058 9.962673722 3.261312922 3.493019090 -0.530783566 3.440035360 2.496465440 6.490154979
11.271314545 6.018076779 -2.189265744 0.011820865 0.285262914 0.017449218 0.958217544 2.157474014 -1.942541801 9.642819745 -0.475496305 -0.779087511 8.054628801 -3.207147810 5.562443147 6.385267234 -6.551392186 8.134049724 3.483381280 3.320187243 2.564878287 4.311714240 0.666414955 5.990915247 1.612801193 5.724161187 3.370994226
8.264497465 8.132169596 -5.508173370 -0.007702110 -0.757494206 0.342731072 -0.555588533 7.863175271 1.680744593 6.773080826 3.182166074 -0.145176421 5.196623840 3.550313521 7.406604288 7.958853787 6.890412470 -0.203241245 3.673918132 10.780965766 7.768788336 4.451397254 8.073458687 -0.604730487 0.035379123 -1.482150941 3.211609421
21.252930474 12.197045674 -2.274985951 -0.199556803 -0.841885620 -0.485750797 -0.124305465 4.568192172 4.801470104 8.030624388 6.115479751 4.960056885 8.769454205 5.161335309 5.060076140 6.245163331 2.754999977 3.710546954 7.129517640 1.401386846 4.931357031 2.751501306 2.594055197 3.769516855 8.431348126 1.734726353 7.320915935
18.352865153 4.590077312 -10.291241712 0.239521976 -0.507323153 -0.074304101 0.824458212 5.345889870 5.622263794 5.924441994 8.650241466 6.583239457 5.172886390 0.831339569 2.761366166 5.244484330 4.813997740 4.447618615 5.114474780 4.519849661 1.889792598 6.149290330 3.871367871 10.891773410 1.668876234 3.826476955 4.079238117
12.791077684 10.927223965 4.346077110 0.133764300 -0.247624628 0.335544812 -0.898998796 1.153577826 -1.142509489 8.013709419 8.927774180 2.699539139 2.779244593 3.305473269 5.206894805 4.416961956 5.870060353 5.417631996 6.040957840 6.908686147 5.966980394 2.996715270 6.890899239 7.537065556 7.498478655 -0.820255152 3.236031910
16.828235556 6.774288440 -3.457251786 -0.666436098 0.422118684 -0.163432176 0.592426086 3.609136289 2.086776145 2.610150109 7.808582765 5.821470359 8.124582983 6.451225879 8.956723923 5.617376457 9.053089084 0.610813372 3.417609679 8.269755253 5.352730844 5.651140641 7.395703418 2.973452599 2.741258839 7.946815326 -0.974033859
20.296329890 3.634480018 -5.073107863 -0.394711485 -0.690204082 -0.461684052 -0.393279805 7.002685522 5.345427284 1.750495821 -0.778267418 -1.053492790 5.342249464 4.562817795 4.841796834 6.251750073 10.095586187 6.823265240 -1.800210915 4.506224157 3.196130472 5.560294568 3.638612254 8.112947136 4.699569171 3.482949226 0.743582153
10.530239520 10.115233972 0.838203629 -0.213441117 -0.436029677 0.578404463 0.655567912 2.658975950 2.852100306 5.456629235 6.313315299 -0.189412113 5.326953966 6.572676781 1.871352271 2.279701998 3.429379094 0.912709666 5.930986415 0.450493753 12.125984418 2.883747792 2.705614373 5.635931455 8.024035783 3.350796251 2.138063838
20.469873162 -0.580279310 2.449105381 0.057042805 -0.659111921 0.268763545 -0.700059819 1.651310119 7.656046346 1.424247055 0.304390397 4.062690165 0.835744879 7.870776944 2.985001695 6.074886942 7.895561884 8.934015072 4.856438713 2.689767504 -4.276243462 4.490304159 4.225546782 4.676306145 8.478265988 3.866652587 4.256402804
21.836294732 5.527227916 2.393862451 -0.413959635 -0.805618796 -0.382541627 0.182421708 0.925616456 5.613097551 0.838453992 1.896200331 5.190342069 4.442602151 3.359744406 0.201666040 -1.312865865 8.482976509 2.518080272 7.748626835 1.174311543 0.260747232 5.888275275 0.604429724 4.962159148 3.117930545 5.970360504 -0.247352699
13.326011240 -0.066819211 -6.805420848 -0.046154720 0.438354310 0.305255929 0.844117325 5.199106761 5.339049356 4.414503933 3.766859784 -0.900735693 2.070674437 7.056990908 7.814475506 1.528717506 4.443877392 0.759033616 0.580269862 2.266727321 5.519792824 5.491425177 2.276693417 2.576587362 2.092248495 6.055657785 7.579041792
13.210066818 13.779422569 0.070239102 0.634314373 -0.565197474 -0.011829382 -0.527311253 6.926626313 1.996182364 7.422127689 7.482186212 1.403817227 6.106475824 1.457755995 7.658283043 0.370498882 11.533740636 -0.454575313 4.175431130 2.500294754 7.413535227 5.893425245 0.847514996 2.941824013 6.164270397 8.123251123 2.765911249
19.415346667 6.331645280 -5.723843524 -0.593996099 -0.113255554 -0.103572188 0.789692735 0.668059232 2.265083679 5.035519555 4.227600242 3.566318154 -1.728173205 1.464204061 3.629933283 2.251470976 5.853109723 1.143949974 5.349154977 3.104601558 5.372297201 8.122051826 7.710152805 7.293436772 2.750568802 3.413018581 0.628128361
18.455170525 4.117045560 -2.538245193 0.237523248 0.209844076 0.740650499 0.592439878 3.526716375 -1.365134503 7.176281297 6.477921778 -0.384174585 4.118709527 4.457037462 3.686399643 -4.412307929 4.762565955 2.237768346 5.273779873 -1.938889358 5.105401072 10.423880281 5.123295979 6.144886471 0.440453501 1.348534090 5.644031532
10.157007575 4.583056990 -1.040582709 -0.646383281 0.006390443 0.154471617 -0.747185610 3.394492061 6.696176522 8.250960153 2.699758831 0.665212840 5.157162588 2.078856496 3.414030047 4.789096106 0.556295788 0.463057013 5.057257950 0.328243972 2.520942973 7.284616460 9.532955129 5.319722153 7.061376346 4.603473957 7.605860966
16.721859718 9.312492481 1.404449636 -0.336269280 -0.574985082 -0.080291519 0.741531118 0.076709454 0.307274955 9.666082429 4.922949059 3.857494363 0.534445479 6.907822862 7.629518880 -1.004808044 8.088503095 8.414039454 0.042405545 7.407105829 7.281270426 2.854199056 6.937943148 6.954095723 3.421553987 4.257573770 2.594449206
11.206092488 1.513121956 1.407778544 -0.378408479 0.171071423 -0.062625833 -0.907534901 2.072225983 -0.224049593 5.281532681 4.781245991 1.252325701 2.879212857 1.136613972 2.429710890 3.340346291 4.104435373 -0.163707265 3.257990802 0.199365413 4.514507418 5.160732235 -3.443063585 5.443611379 0.099007330 -0.073252013 6.176349203
21.130343855 4.648770059 6.068707137 0.599419313 0.012848347 -0.069755121 0.797286417 3.007944862 1.093923152 5.250369598 0.229701119 0.100403179 7.286440529 7.165063781 2.392473177 4.790103004 -0.473122210 2.270614705 2.583847117 8.012114532 1.600408589 3.209542701 4.457712701 6.664161545 2.546404289 1.936672611 -0.726314852
22.308304428 9.693346684 -0.433837060 -0.470947496 0.436582726 0.761843095 -0.084847385 3.943379275 1.762529629 11.500833505 0.811995011 1.167251779 1.510727009 7.382290723 5.198430219 3.784320952 3.927023843 6.336879641 5.833561323 -0.432107718 6.457588908 4.579332366 0.168630385 3.207992795 7.533341247 3.349433201 3.023112213
17.899215823 11.436352650 1.670506460 -0.144277015 0.411646081 0.894661798 0.096498257 5.152271080 9.878365050 1.683272594 9.971693681 2.023986266 2.115635554 12.624694851 3.455645526 2.929501491 6.382501898 2.907615388 2.802121551 7.470064217 5.686146671 2.938757168 4.699053035 -1.376977801 3.165966022 0.105465972 2.964140103
10.482226075 -1.692217940 0.095819841 -0.545791991 -0.213646463 0.709663616 -0.390952483 1.703225373 1.863178250 6.690809343 5.636752587 9.153877387 4.348395426 5.236207455 6.231920285 6.999366542 9.206682195 5.287889361 -2.093170018 6.174376053 2.776462084 -2.498268306 3.484793205 4.117416605 -0.363159593 4.429527664 4.737456165
10.867421112 1.771473500 3.181086651 0.425293665 0.550324942 -0.034156115 -0.717705452 5.206896850 7.369802222 4.268837343 7.631845611 1.371447648 3.014269296 7.244459117 0.790343306 5.459716683 3.045833973 3.423913984 6.323688476 6.946118859 0.826324089 6.268467882 0.491324030 -1.385683883 4.857069615 2.246874022 5.051964785
14.503794092 -1.908894874 2.106596769 0.647551778 0.506620385 -0.472909579 -0.316810685 5.640545945 4.934083218 5.384968868 5.019250338 3.857415067 3.744530476 2.725798026 0.206563107 1.289816011 2.740790542 4.106598119 2.789110935 6.168983103 6.361524149 6.695094692 7.481656839 7.131924759 6.755498945 4.112690365 7.051098346
8.543055925 9.022212427 1.465542737 0.370701458 -0.040074240 -0.927508214 -0.026514107 11.969090720 3.665887704 10.052044397 6.488483309 5.101947428 7.631601024 4.298454866 -0.398831514 3.464709969 2.794151419 4.475064139 1.068649792 3.033129459 0.232220277 6.706084090 7.064869320 3.248049755 1.146602313 1.714305147 8.365626321
11.419782283 10.009359006 -1.050068325 -0.149176227 -0.366997037 0.655257618 -0.643192881 7.230988102 7.953959193 -0.102402487 3.835318122 4.371325621 11.046312087 -0.152737205 1.057464512 8.977085038 2.525178231 5.936869206 1.725030904 6.414168436 9.833871024 5.827746501 3.499477993 4.238258123 2.227289355 5.977934187 7.619851613
18.393686306 10.130077968 2.473611577 0.456140561 0.059610272 -0.501158093 0.732954958 3.717236690 2.232731034 4.315855255 9.082437486 3.064584179 5.226843656 0.559956106 4.414760673 1.128652387 2.298309506 7.652366904 1.533606741 6.598190691 -0.847978315 3.278977682 -0.918063362 4.500624629 6.413032707 3.235437719 1.894121071
21.701618087 7.253703861 -2.586922528 -0.658545464 -0.014437126 0.178597041 0.730898446 8.936187996 6.788831280 8.793317182 5.347736080 3.941827863 6.011601686 9.051838327 5.950843274 1.026095628 4.352713760 -1.548516555 3.484930585 1.401184112 5.624931595 2.956271380 4.252469985 3.801849227 7.019250368 6.387565718 2.535231121
15.000040038 8.561166951 -8.490231451 0.234489151 0.669693357 -0.152310254 0.687987814 6.397509277 4.779175348 3.240797794 2.733639763 9.947884713 4.053459371 5.234385968 7.373757239 -0.865391059 -4.669168434 2.357611437 -2.517217309 2.420054120 7.024387766 10.248928418 7.477442177 1.680434114 10.218014298 -0.346455176 0.936792105
10.719320788 8.449665846 -3.709821406 -0.915536891 -0.362350984 -0.115048133 -0.131369302 4.034340936 3.861550141 3.207231212 -0.983270211 3.539007317 -1.349819742 1.757379045 1.684665553 -2.181820448 7.049837960 -3.192031865 3.698686778 2.231455943 6.799343374 3.784262869 0.801694292 0.936790114 9.511255502 3.960164002 -0.264428199
19.869559044 0.460557644 5.225529478 -0.603687482 0.412662480 -0.396042928 0.555356732 2.469402221 2.688719644 1.743666781 2.528300128 6.966242415 -1.728409620 12.774400132 7.354835372 6.904111384 4.237922249 1.906547206 3.461006336 -0.897222300 3.696210469 -2.093298988 4.682990072 1.565507708 7.954207250 5.280606015 -2.125730821
11.869706662 9.185062456 5.610470124 -0.154992005 -0.595739067 -0.704373694 0.353454583 0.732353549 4.689456652 4.911746512 7.642705207 5.455292001 6.611263928 6.205832805 2.822042960 3.431525614 -0.015092675 6.029988091 2.761982922 5.738296757 7.561851804 8.357582323 6.705766856 6.482217231 8.469951443 4.139174924 6.058338699
20.889201394 7.610483017 -9.553794663 -0.629589517 0.328476227 0.647742458 0.275953106 2.324568434 6.877414644 4.399176888 6.710866795 4.425102626 7.296463267 0.540135421 3.726582598 7.752522195 0.496556871 3.627718200 7.044629983 -1.586681222 4.184811671 3.580852902 5.540061841 2.363621063 1.460191868 6.185553984 3.880566061
9.279027318 4.535933039 -7.286570192 0.573619398 0.215453493 -0.743330855 0.268327818 4.036243651 4.233492079 6.535068538 1.455853006 2.502150363 3.270267723 6.045500237 1.572391400 3.447657050 0.013591908 1.579907690 0.674879840 6.295462530 2.702705229 1.092054150 5.302261511 1.962312298 0.971957921 6.665554048 0.730609513
18.894915966 12.990764734 -3.784529930 0.447444143 -0.573716579 0.652785122 -0.210984860 2.771715023 2.642818029 4.413500999 6.114485155 3.451380239 7.647650146 3.849483067 5.151918043 -2.423178737 9.443323342 2.473227666 6.257076111 -0.884796696 3.736571986 5.267582908 7.818683943 6.229605255 7.730303259 1.568871225 1.736764751
12.552955269 3.892084299 -7.256565627 0.253339264 -0.572740852 -0.258572532 0.735477654 6.728996891 5.094195768 6.661871991 8.736941312 4.458835409 4.134136618 5.953194701 7.900720295 1.502881735 3.248123054 1.997901743 4.342952227 1.852270729 1.239755464 3.392639917 1.632720725 0.182908031 1.807473337 4.196514787 3.065086928
10.383325757 4.886519951 -6.429539855 0.049507053 0.966217934 0.241024455 -0.076675728 5.405714951 1.253558110 4.182511187 5.528343896 6.456837322 -0.173485111 1.408886972 6.828893343 4.191491400 4.118202960 5.865357654 1.782977415 2.675174779 5.534813553 5.078646257 1.733995464 6.198809281 3.809705721 6.878496281 1.806182929
20.630776402 4.974860457 4.484440133 0.238872283 0.391987850 -0.771898890 -0.439838222 0.712731415 -0.959202673 2.052810102 0.865973425 -1.789576616 4.421614321 5.213421792 8.962741689 4.931398839 8.646805244 5.696161375 -5.724268324 3.291536061 5.341719605 1.566881346 4.233086210 1.509391240 0.784309613 2.957141879 2.392778770
18.545467023 1.314632062 -1.453649616 -0.593007933 0.359854769 0.708626672 -0.129206715 8.887093481 2.096811091 3.450429891 -0.164226655 4.772528710 8.945034087 2.838443185 3.925325695 0.171885037 4.764703843 10.822974323 7.395485624 1.687971915 5.251219822 -2.016854177 5.502114359 2.654825944 9.707636353 6.257158790 4.307940629
21.693356134 13.935748285 -1.005139583 0.472769077 -0.874314392 0.107978138 -0.020111340 8.213503057 11.123878748 2.737945669 4.962383014 1.317039114 6.884303823 8.807577847 -0.135219057 4.533712700 3.236813364 3.861558027 4.028437030 -2.599540478 3.404410544 2.316169971 5.777027006 4.552541658 -1.646085716 -0.810029963 8.606545215
21.553737876 -2.337134490 -1.722102029 0.040227789 0.028508112 -0.977341756 0.205844853 8.801092263 6.548290916 1.400410069 1.034059749 3.839369337 7.936058251 5.500922028 1.692237961 6.023610301 4.842462814 3.569766210 4.357378737 4.515407643 3.602235426 1.571951267 9.209382052 6.196814660 9.049415707 8.735497972 3.120704091
19.678145311 -2.968510992 -2.709796387 0.336742775 -0.175035811 0.571992087 0.727180735 11.700009151 1.679474448 3.970750896 5.017795080 1.360965462 3.962598544 9.102790569 7.165725313 3.895746112 4.298532586 6.403384476 -1.143122625 4.321438578 -0.459945582 3.027851029 6.274384850 3.560418561 6.979036304 4.862421738 2.559493653
15.613345925 10.692349477 1.825663759 -0.321858202 0.360600437 -0.832980330 0.269292392 3.909273585 -2.433296311 3.666904019 4.497778881 6.152846840 5.982759299 4.745165822 3.411115634 -1.029710844 6.910642916 3.434140736 7.365371865 -0.095226155 6.305163579 9.003583837 4.949575912 7.905052382 3.525652648 3.078936238 5.491287802
9.225636506 7.998272964 3.558367143 0.480269970 0.229849333 -0.803440787 -0.266445006 5.778701917 2.123415096 1.280688881 2.134560800 6.381213406 1.276108898 2.832084769 -0.225683579 6.439659674 1.665333822 3.190415437 4.507253137 3.906752813 3.195448050 3.700554101 -0.167837686 5.322303394 6.512390184 5.703690372 3.425222553
20.400484787 13.158951296 -1.565660120 -0.606268001 -0.030981437 -0.764995165 0.215085235 1.522528546 2.564422394 2.402199612 2.804952464 0.185428601 5.970636550 -0.732198065 -0.666375678 2.396536354 5.146306767 2.167617628 -0.759156727 1.646985273 0.598709107 0.349533314 10.817728247 5.529140165 3.547517980 1.660402447 0.060981564
12.022199634 -2.719376906 -1.246882116 -0.066735149 0.924978301 -0.217046690 -0.304716748 1.677024385 5.600883018 5.199706570 8.669458986 7.105781512 9.429640921 4.094535417 6.873328439 2.485741366 4.000762722 0.599024949 5.361437228 4.944914797 9.738330593 7.041355323 4.395350041 2.800888195 3.985604488 5.230886760 -2.981037200
15.741573611 3.131919440 -1.035018439 -0.226158495 0.431372510 -0.808348648 -0.330669861 0.960342887 -0.570106299 2.098717700 1.228218669 7.715577551 7.377801839 1.437070359 9.075824605 -0.915725040 7.092912028 0.670209964 2.625451624 5.347159042 12.903247960 -1.149971207 6.346996775 -0.026819165 8.597633237 3.836897443 3.504924741
18.811825545 0.471554615 -9.140646969 0.752597987 0.156134744 -0.061191209 0.636768284 2.738847831 6.084413500 1.299321008 7.468285150 9.408448866 3.167522037 5.479148021 -0.663257748 7.039523823 4.311238803 4.064896531 2.255825715 5.554177862 4.113316618 6.766122387 4.942676633 5.820332607 3.928263199 11.090106812 6.148045438
22.353440320 7.183302294 -5.183765185 0.334398372 0.374240304 0.182927083 0.845375423 3.056982880 1.763407351 -0.130261541 4.486086299 4.032266276 3.959830275 7.656314142 -1.979752037 8.193497800 2.480100467 6.870240398 5.831677488 8.371576906 5.437810054 4.965520843 4.146031407 1.678545051 4.525052452 7.611532734 2.879486581
12.579276858 2.168912078 3.018097054 -0.459171275 0.607703476 0.425722884 0.488485671 4.161006987 3.172686531 0.017287464 1.168898906 0.389521950 6.655950928 4.453699836 3.384675970 2.623552878 5.975058996 3.699805441 6.195302125 5.761999984 4.034151555 10.773040594 1.747912147 0.996555149 5.441394956 8.592444793 6.399223435
14.543082923 7.370983418 3.623170730 0.109116570 -0.110952639 0.559244856 0.814265483 3.192666396 4.826512796 2.164889156 11.881904534 5.434748464 5.733898941 7.510650393 8.683731875 8.007693395 6.772916431 2.740236434 3.226542230 0.354192140 5.831963704 10.692636319 9.601426852 -1.873814255 8.671607870 -1.615958439 7.013328114
8.442338323 3.071129153 1.684686128 0.811303490 0.443254778 -0.328752159 -0.192960792 7.269307618 6.331437109 4.682654953 4.502928818 5.649470261 -1.737279287 6.534482192 5.489618680 2.489405893 3.030878967 10.587441106 7.310149352 5.191804408 4.311995401 5.362068266 3.175860304 6.927045816 5.453732177 -0.267023851 4.183907073
18.063100758 -0.510236103 -8.848863939 -0.551856846 0.804896445 0.052000498 -0.211876575 5.498168859 3.033824706 3.171077533 3.400297744 4.073543249 2.894721800 4.987958327 9.638928689 1.407757668 1.589809001 10.855505893 5.119740424 5.104585898 8.295884851 0.382059221 6.104748491 2.279117668 4.623145607 3.003743830 4.152627373
17.990076099 10.278393403 -9.448508506 -0.439078132 -0.143720360 0.055697552 -0.885128598 4.258246243 4.214994328 4.536895943 5.096506011 3.522484827 7.462211863 6.061688446 1.375444908 2.539011639 9.093448844 5.706738473 6.635952848 -1.335797878 2.120330312 3.720829153 8.410030761 1.615957621 2.283898369 3.138018692 0.862492557
25.025445193 1.754893772 -2.352842057 -0.524185704 0.012731017 0.462663649 -0.714849366 4.283505638 3.466743140 0.511218681 3.871830851 0.716240037 4.229654257 3.595259308 4.213809731 8.094491924 3.758626267 3.862671624 4.085281881 0.679869138 9.266376978 -0.047484594 4.615809579 4.574084935 3.525820579 4.961338872 7.136987244
12.944664334 4.881768147 -0.820255917 -0.471378275 0.139180598 -0.327172370 -0.807087061 -0.238389330 10.056757768 5.686477633 7.169447395 0.403703345 9.576783808 1.754401789 1.217937552 4.522016981 8.848959261 2.927594073 9.593679680 3.916038264 7.061487661 -2.146251827 3.931090586 3.269537423 5.566631293 7.617729261 1.938636231
19.194943929 8.080308894 -3.166606792 0.232189649 0.381710748 -0.386001004 0.807086176 6.029116649 6.650967093 7.560245567 2.029655840 2.949624271 4.393647342 6.578401285 2.080614596 2.411441176 2.920445234 1.073817576 -1.150415881 5.663369234 6.487851989 3.482253626 -3.165920730 6.340119151 2.713416395 2.529034443 4.005332566
18.606122294 2.271522425 -2.621570210 0.182086525 -0.382174247 0.905204566 0.037309999 7.095264633 5.691844262 4.077978253 3.815083178 1.296828334 4.543094181 3.055072211 5.136346537 0.558415773 8.207314342 4.010579182 1.012870946 4.865377342 2.725070785 7.158108568 3.581107995 -1.068279177 2.756601955 3.251416948 3.995348379
17.606958141 8.413919489 -9.554791848 0.167678485 -0.291225600 -0.937376286 -0.091636642 0.343974684 6.058853893 0.218342472 5.141854338 7.632678966 1.464062046 5.097420757 -0.887978873 2.963375975 2.853847374 0.462434468 1.697101949 2.086815668 -0.993331472 5.689222213 5.897266370 6.752889135 6.747312380 3.020424656 0.293913428
10.744213387 -0.294000478 -3.566471291 -0.139123505 0.212464373 -0.228997367 0.939714716 3.935470384 3.801656478 6.096453106 7.282614596 0.390350700 4.784384803 1.413866051 1.660191792 3.023322253 1.955401928 3.883001227 6.210433064 6.667583540 1.810415492 3.226428153 0.356080565 5.098300283 0.228578524 0.146657756 1.495364527
17.348076390 -1.273425823 0.899437409 0.539056185 0.533278344 -0.577131778 0.303235136 -0.280119147 4.634687964 2.264191974 8.074513953 3.793507910 0.469331135 4.263090858 3.388574332 6.393805729 2.633680586 5.219530510 0.939937476 0.289775955 5.872525185 -0.672333828 3.656559191 6.275471502 2.779778103 1.368181252 0.684678921
20.864708923 2.665470719 -5.414400302 -0.105064545 0.059194624 -0.921122159 0.370123502 2.159972462 3.426483178 6.359233893 3.070947010 5.184016532 3.086196233 2.783914589 0.466676002 3.142004494 4.981399696 2.637419046 7.607813143 2.779774022 7.201732483 2.885217719 3.154676965 5.671091988 4.452687856 0.106900034 4.578148748
20.058024094 -2.769229319 -4.838575894 -0.588080243 -0.221182976 0.430752130 -0.647836647 8.596445154 -0.383897095 5.460923873 3.531654060 4.528855812 6.356878625 5.196358979 5.564722831 8.083986730 7.225160054 3.659336944 4.300363617 4.856106522 1.441644964 0.900913002 4.401394359 6.422929797 7.528488532 2.419582195 -0.562972053
18.092865321 -2.288957426 2.092029369 0.598443024 0.545397512 0.550216960 -0.204129365 1.843644615 1.548340437 3.951541476 8.826397047 3.569932890 4.379282426 7.403192291 9.708339735 3.534059802 7.338170823 2.554749306 3.414671312 -0.557325892 6.520478421 2.212090519 -3.505565334 1.205338717 10.059463476 5.732722949 2.382908056
13.704135275 14.104803305 -6.096990121 0.213970289 0.935304250 0.021346830 0.281010655 9.537135862 6.661309255 7.203588884 -0.800277120 9.603775117 9.891653345 2.888183228 9.519852582 -0.449663597 2.373714586 10.369909410 1.456567154 5.232766741 3.855142089 7.558354611 5.380389222 7.917752195 7.408540879 6.724322950 0.834031268
17.175629677 4.413760898 -11.191286326 0.795285703 -0.507630276 -0.210085905 -0.256312439 7.309600320 3.081069509 0.233035018 0.455628333 5.540948438 1.790041008 6.614951175 8.722783594 3.232995192 6.806908725 3.981969440 5.970281556 2.164877064 6.476626064 2.806570628 10.312024392 8.580561479 2.065703730 12.622621606 3.023403851
14.907660849 0.830892866 -2.413147121 -0.204758053 0.233013229 -0.851881221 0.421992133 5.968243672 0.057705529 6.588838803 2.431184004 4.856622931 4.810133278 2.788198962 5.396567393 5.009361761 2.725355691 -0.841109002 -0.498060310 4.049103813 5.905591518 6.183971548 4.694879317 6.687520307 5.979298066 7.168627431 2.332285697
19.268458471 9.054432079 -7.339855541 0.307323214 0.856348253 0.268631998 0.316317817 4.285389647 -0.979954939 7.794844751 -1.226878410 3.940590510 3.432590259 4.323663253 2.234462715 4.495624705 4.481166033 8.813069050 4.423120353 3.484362902 3.345059646 4.520760965 2.584796484 1.445803439 2.965180216 4.464442672 9.075684524
18.475216111 7.201661215 7.149722890 0.756560473 0.643889362 0.094794333 -0.063535615 9.679116973 9.474652328 5.286907293 3.773889527 5.869874039 6.353866168 1.585329959 2.734718387 2.803952921 2.031225237 -0.364502158 2.971475502 6.302274134 0.449407394 -0.135296275 1.605091916 3.720904848 2.336975593 2.005241750 1.919692818
12.443987870 13.300473465 -1.386610607 0.153790998 0.452784165 0.871771041 -0.106536759 1.710309292 2.053567261 5.885887402 6.149795159 -4.125508483 1.525859385 7.954001116 8.646680209 5.511201139 5.218532629 4.749895109 9.298106962 3.703175479 4.344482308 2.661436954 3.096135116 1.937065848 6.382761343 4.431862457 -0.206541607
19.583475122 13.513439668 -6.148024785 -0.302892062 -0.111130794 -0.418812773 -0.848824014 8.850003500 3.656000967 -0.094843156 -5.123462315 10.769578449 4.705130426 3.385032855 3.705270923 3.591020087 4.391161611 3.132862315 4.601106026 2.692030516 1.259219314 3.663511539 11.700181443 1.197073529 0.645786421 4.026117842 4.752140820
20.884836267 6.768096603 0.994724782 -0.725275991 0.001602345 0.439193553 0.530170908 6.544578765 9.739552391 1.222753758 4.788663232 -0.040093883 3.800522701 5.191211404 8.067856787 6.201218109 4.012681014 3.297787689 7.455001336 8.495391015 1.845870161 4.364269198 6.400544374 4.876335034 0.655742286 2.836576779 5.277488619
17.377400996 6.182893968 -5.044388870 -0.674382032 0.205777949 -0.051444417 -0.707260760 2.742319524 3.524113870 6.358612559 0.705148492 0.141906496 6.014613752 4.062429706 3.513980465 3.357719518 1.802617388 0.101281788 2.459981940 2.520241059 3.706675507 -1.873925440 5.167987199 2.208366218 4.434225469 8.761342600 2.315214165
11.708928875 9.639842451 -5.539483419 0.608148481 -0.281284157 0.665417633 -0.329019790 0.387892392 8.862928440 8.344650036 3.797776040 0.847991195 3.290891107 0.933871154 3.024563799 5.352084095 2.581256371 6.345333724 7.835112099 7.286719729 8.192357295 2.168724743 3.512659097 1.013972531 2.343889228 4.580991401 -3.700600771
16.821781196 4.240395340 4.405078929 0.447371564 0.410425867 0.627900566 0.486980668 1.561377603 8.102057376 3.006589627 8.604542254 5.110545666 -1.001335093 3.075335004 4.861198999 9.346881548 3.643922373 5.079446043 1.547680613 5.265657802 0.673710191 6.237182073 0.747460321 6.059261935 3.826882434 4.816230494 3.503203569
8.154908473 5.211976796 -2.962056138 -0.526496988 0.165425879 -0.830796341 0.072198613 6.877962051 1.665760989 2.211557548 4.123759654 3.776513995 9.803247161 3.803319212 3.150553849 4.039796829 7.987337744 6.439215106 3.706643303 7.082422526 1.059995181 4.159962206 3.790573202 3.124679850 1.980745153 2.583821959 7.612883597
20.007118818 12.308746655 -4.701520291 0.546546519 0.110465652 -0.639952179 0.528720580 9.663654865 4.594888731 1.353121374 -1.255702928 7.418852593 7.017415440 2.088387876 5.248291098 3.994529133 1.428834615 8.681467137 1.909661348 6.464959987 5.172656538 1.943767724 2.120457328 9.081638655 3.168040605 3.871298226 -2.509355575
24.897047923 3.493116500 0.632268258 0.682533773 -0.047557354 -0.286872450 0.670514835 5.315469243 4.230188022 1.990018634 4.169207023 3.470189929 5.123440764 -0.804098769 -0.280015640 6.764420380 9.720684006 5.298510179 3.693741971 3.991645418 10.591609453 6.886875472 3.749682933 0.774320195 3.111123893 5.787719855 2.844592189
14.744962120 12.436424628 -6.854929515 -0.326360426 0.188375703 -0.556008657 0.740849405 2.724046400 0.220687690 4.019788256 3.492751718 0.666329115 11.168965838 2.975809916 4.388226062 6.394828720 -2.209034615 6.995143576 3.565134633 6.346264346 5.540993726 1.856620045 1.143821533 3.161970716 2.200046030 -2.900281025 5.329567354
11.896356121 4.364728337 -3.530089035 0.291053501 -0.121763083 -0.564601610 0.762683836 3.372028072 2.728951481 6.931842683 3.236381064 2.960526906 3.497854090 5.061397267 8.025993857 4.726978570 7.696388764 -2.274197335 2.286265697 8.039536702 8.102092658 4.941446958 -0.350105870 0.972275177 4.321636880 2.617222821 6.230823864
12.537718050 9.607565088 6.267044409 0.037250195 -0.556756037 0.768351028 -0.313483389 3.899807207 2.627620111 3.621518275 3.509262910 7.312242625 9.183815304 4.707382726 5.283943399 2.273108085 6.252761363 5.488894572 3.258991154 -3.018190662 3.619741061 5.764816017 8.568595347 4.861506894 1.663964457 2.965254644 -1.841790086
12.584485052 6.506541137 -3.099573314 -0.062972525 -0.692795154 0.523665892 -0.491775730 3.589171459 1.389929657 2.525656066 2.154193369 7.203448086 2.257524303 3.803089639 2.515437220 -0.454254748 3.633629402 4.065226562 6.279483848 0.287640426 -2.146935550 2.678013337 7.887160866 3.198892825 3.286504742 2.168753511 9.419424727
25.441047718 8.131199534 1.009315076 -0.170103925 -0.068631303 -0.700230934 0.689950026 7.138778874 2.996738809 8.760073926 3.551388584 5.196750364 1.120846738 3.677260668 2.691631118 3.849577576 2.615271562 3.092238959 7.044878298 5.735427142 3.394174064 1.811709348 4.699533749 1.756490356 6.607743938 5.411901158 0.960873248
20.428011814 5.949433564 -3.274573979 0.202022680 0.242204005 -0.623979970 -0.714963674 0.090396991 1.880721913 0.946164585 2.442213308 4.529213201 0.805853442 2.981719906 0.436297703 7.087796400 2.936894897 4.775807421 6.880829843 0.599805465 0.339781059 8.083191062 8.486553057 3.621029623 1.717200921 4.029922854 3.533181171
9.524297751 2.393870828 2.074600848 0.299932481 -0.053298639 -0.509312541 0.804860545 6.106420951 3.451967188 2.985742430 1.073293558 6.153891753 2.431195331 3.206991077 1.574102876 3.904668697 -0.093807256 4.392232254 4.009843314 0.857006809 -3.985714729 2.984161584 -0.639750739 7.070076008 2.763777351 6.823019662 -2.824181717
15.896130864 11.943649646 -2.980439972 0.753860484 -0.296890621 -0.452997596 0.371945573 0.507296229 -1.422200340 7.274768470 6.697458945 1.966663665 5.463262578 2.324847866 6.099889669 4.235516251 4.762209499 11.455793955 2.529007193 -1.973098896 3.453329107 2.208829175 1.352164508 4.680900091 -5.453017802 10.476460442 -0.687420430
18.725210725 10.942990912 -5.616458553 -0.390611702 -0.813669547 -0.088725099 -0.421298259 3.174690082 3.934274649 0.824046595 4.457000517 8.101387493 4.696013272 2.908508319 1.780011627 -0.980467839 0.222362646 7.797492129 5.443690770 3.706236177 5.457450953 14.800922943 1.506292386 -0.690305289 0.148339484 5.767085039 3.735139851
23.840433596 9.278097003 -2.519614360 0.796647972 -0.214515664 -0.455276440 -0.334751254 2.193766943 3.727705755 2.107031940 1.846091729 3.657364374 9.954044885 8.321803041 3.042326262 4.500113509 9.044494108 3.916404042 1.914334703 0.921523007 3.302881592 3.967739303 5.177409747 8.885117297 6.757859095 3.110055736 5.380008713
10.185493458 13.359110654 -3.556330914 -0.221522267 0.425066135 -0.857505496 0.186898343 1.120673155 1.668322657 4.164984915 5.131026339 1.959312421 6.742017083 2.524344102 -2.213819919 6.809091774 2.010927556 9.439598101 4.798100519 6.197991569 6.647402272 3.888661710 3.052878191 9.320178520 8.589722616 0.810447267 5.371082740
19.137882558 12.543915644 -1.721404356 -0.096392632 -0.344774509 -0.249772611 0.899695860 3.165001814 5.514979049 5.103024838 -2.548361784 -2.038892926 8.917994546 0.107357446 1.367197530 -0.631670914 5.506459175 7.571808364 4.335636637 -0.651755534 4.185309053 -1.649716423 2.953867697 5.320417011 6.844188610 4.486153680 5.869154562
11.061272903 0.140179518 0.198994653 -0.063394957 -0.486043798 -0.124652904 0.862672684 4.833612323 2.156334169 2.672786506 1.452164752 3.183124680 1.956811071 3.759079833 2.233648978 3.929230738 3.912012013 7.027823494 8.206255550 -0.626473926 1.473295030 2.068118349 4.853093849 11.100797376 -1.080664691 2.038943836 -1.504485163
7.681038199 8.397657332 2.090025362 -0.679521752 -0.485831535 -0.019082077 -0.549412215 4.161748200 4.875537691 4.960772078 0.638473054 9.491751808 3.268810197 3.668456328 5.347678705 1.994487886 7.509852956 7.467279636 3.704284586 -0.238860854 3.196560255 5.867334433 2.176638607 3.323775210 4.602189458 2.768596009 -0.212335389
21.261666868 11.752744747 -5.513293671 -0.647583078 -0.375981936 0.377466414 0.544786974 4.937753029 4.679108426 0.392155360 -1.454321272 2.755435016 8.895584448 4.404261319 -1.690014344 4.164433700 7.841509747 6.811612144 1.295501596 5.678421413 3.509888089 2.763523227 9.010409462 6.354795145 9.752451701 4.873107492 4.105714429
25.930680487 4.361714274 0.504856466 -0.341719245 0.870525168 -0.270541789 0.228519210 6.453446051 2.839885836 2.052620609 3.475084809 7.235102329 11.623204917 3.268134478 6.599209529 2.449025267 2.537337214 3.604515505 -1.558168521 -1.245281420 1.753739524 3.021422171 2.873697507 -2.389543108 6.131904470 1.966396652 -0.805434124
20.462102335 14.123515361 -5.668259309 -0.241751536 0.435729959 0.323744926 -0.804291503 0.861417071 1.020851689 3.836346871 4.362533942 2.607600556 3.479316751 4.380922890 5.195907784 5.638003476 2.785194006 5.613726266 6.316476191 6.654901263 3.564007557 2.109614548 6.999945381 4.549596512 5.455230388 2.644752079 0.756624022
19.377150337 6.680284395 0.807280901 0.602869149 0.774335195 0.188178365 0.039277188 8.105749283 5.348339121 0.612192281 7.201568856 4.594897274 -6.449774007 4.838145920 0.349196293 2.651864735 8.139229158 4.862299866 1.090369960 1.629897116 -1.347107388 6.703034094 0.538146730 0.745560192 -0.183098390 -0.909598547 0.845644196
17.782003593 5.594821779 7.062978084 0.231652676 -0.460972895 -0.323805817 -0.793089416 -1.867087694 3.018340669 6.839422715 5.439619214 4.057423454 3.252833310 5.645123244 2.637068396 5.443378103 1.604851974 2.805384219 0.661549440 11.028035226 4.263805639 5.175318584 1.372909886 3.999077603 1.519094121 6.573071082 1.820999515
13.181244292 3.674575960 -3.248591190 0.400983609 -0.720527887 -0.273761686 -0.495082063 7.156332075 4.345624621 4.953170358 3.281851680 5.096359718 -4.889537209 1.803958440 6.787877333 5.661064994 0.986914934 6.552080109 2.362740459 3.013882017 5.099315799 4.544920409 6.912033894 1.212599426 1.008100310 1.941930583 0.372997719
7.986359761 5.065443076 -4.683608403 0.567633243 0.294740086 0.356259048 0.681175655 2.031788438 4.127940123 4.961620313 5.616908395 9.627247673 4.832271164 2.897076024 7.253179177 -0.824297290 4.637015268 4.695550564 4.611972242 4.822316047 -1.059195225 9.548516243 2.344934103 6.091087876 3.123372561 3.419367047 0.054906658
14.887412793 12.018070631 -3.735057920 0.825077206 -0.498113487 0.252441311 0.086046165 3.529335653 2.246984263 7.667940614 0.344299234 7.201455112 3.714557187 1.041735346 6.334090786 0.381886456 1.203745737 2.509624385 7.862983252 0.239611914 3.353467589 7.644640444 4.500052974 0.697729087 3.216270938 2.924738814 1.765881069
9.004930654 6.882064084 0.047065278 0.505658021 0.629457210 -0.086867007 0.583564657 5.210725261 3.459281283 1.977901042 7.693198103 3.312548094 5.168901257 1.217889771 4.315471111 8.233469446 8.308084201 1.878311159 7.813116662 4.687854236 3.434087747 1.287940145 -1.028988449 -0.753346261 1.529029312 2.801260455 5.447905231
19.615730762 0.255223216 -6.417376310 0.744654675 0.214517411 0.466556503 -0.426376272 6.628503535 5.664758629 1.081958600 4.046990413 6.044904015 1.206131608 10.060015251 2.292961152 4.738855477 5.919315652 -1.919623210 -2.590880546 -1.048179902 1.545341309 1.849242938 7.608406186 8.089803526 7.795551028 3.636034119 2.328602894
20.705056604 0.831540499 4.174166518 -0.602345810 0.302803271 0.319980333 0.665659290 0.296698172 5.269569885 9.402715971 1.633346117 -3.463874214 4.675307892 0.925032777 0.801859343 -1.289644367 3.779238379 3.852019768 3.368307141 4.756055412 3.342485434 5.451222034 0.062239962 3.455930050 4.561498610 8.803505809 0.510237342
14.094421036 7.019482236 -6.300199943 -0.634515209 -0.271828337 -0.250531437 -0.678773750 3.784515620 4.082464314 10.887698945 7.347204620 6.128685856 3.375842669 6.168803814 1.983356819 5.433040753 -4.590879351 8.668217136 5.956889135 5.426254128 -1.606489356 2.903852747 2.318401655 1.693961146 2.770009485 -1.868908072 7.435370982
16.622165708 7.134061374 -6.330403555 -0.087287820 -0.507535099 -0.825093307 0.232400504 10.375962311 6.392783664 -0.688716520 5.848374602 5.028278090 2.115077522 2.769783754 8.090894715 5.300290953 1.844149227 3.733403708 3.947895736 2.266982081 3.557037510 -1.042775840 5.182351594 -1.094451723 5.996109802 3.710055127 3.861493267
10.842447769 1.177775236 2.076535670 -0.105691661 0.831368904 -0.260266292 -0.479496064 -0.621825960 4.435256258 7.168058883 3.294291201 2.133246480 7.488891858 4.742288828 9.151725567 1.535212950 4.643260480 2.815491369 3.913270985 5.587710262 6.280630318 5.377523895 9.361412641 3.236071658 1.482669161 8.360249445 4.442544394
16.937832639 -1.354602818 -1.106466954 -0.393323714 0.879379981 -0.060684611 -0.261351644 6.069697246 1.592387603 2.944738699 5.833595721 4.931383492 6.920277256 -2.233823957 2.308698694 8.823112817 6.989689630 2.631702128 1.612220042 0.038100225 10.281961811 3.476634285 2.657527915 8.706112973 1.821895237 1.562362909 0.155091508
10.707910798 6.835606851 -4.508832173 0.517534260 -0.293335314 -0.797739920 0.098608842 -2.214262599 4.061330366 3.793485733 6.499684727 5.295979876 4.582005824 1.821674143 3.775217198 3.217666675 4.881298372 2.973325651 7.157538496 1.441043025 10.321229429 5.168850090 4.283783622 -4.804160248 3.649332573 1.581106476 10.956334566
16.001063137 13.398078825 -1.844367978 -0.025081676 0.524684987 -0.528708178 -0.666741507 6.741790492 3.729824503 6.641405513 5.918411130 4.511320536 4.053296463 5.539596375 4.589741476 3.783728777 5.468472746 1.801878608 -2.513876369 3.439732270 4.014693139 3.986534167 8.291175647 3.250279940 5.006423771 7.643515430 3.686222772
18.963149590 -0.176526910 -7.357727779 -0.105676144 0.537744328 0.366473129 -0.751904939 2.012098169 6.279992241 5.697199654 2.877303520 10.331987103 4.977126375 4.664496050 2.276684893 4.496153634 4.950083139 3.932943485 3.459263120 5.046225571 -0.037068049 1.302318257 -2.752885809 2.387933094 1.381222770 8.807209752 4.457846754
11.967999378 5.340999515 3.824003979 -0.071249063 0.837905454 0.443509264 -0.310060565 2.262153019 -0.929192465 6.994106413 6.397769076 5.649832357 9.498837385 4.061524383 6.360674714 0.900002254 3.044052856 2.708395061 5.740855042 7.065286357 5.290617392 12.897701690 8.395083668 4.597372977 4.468910030 3.183334379 1.962444275
19.428038430 2.568824105 -1.052627748 -0.773618648 -0.115189522 -0.171462397 0.599037734 6.447581195 -1.126917278 7.943609726 0.227498857 3.073406410 4.657119394 2.986288996 4.687432273 3.310062596 3.566906216 4.202827758 3.139806951 6.755092986 9.926871605 -0.347639964 2.645600630 8.014656669 4.507314717 2.513501518 2.991718030
22.771960305 6.271980994 -2.549508399 -0.015143358 0.833892691 -0.547167113 -0.070723468 1.082941528 3.485130255 2.932639942 7.020908436 1.934502239 5.628831290 4.415866556 1.102772039 3.827230326 6.652096482 -0.654646034 3.545801980 8.205400884 -0.316782572 8.382838961 4.796581172 5.224000567 3.171922146 6.502206791 13.713468632
12.876574680 7.877362971 -2.300485128 0.312087714 0.665473730 0.464328001 -0.494110799 3.481784579 0.950008840 0.733788245 3.983212056 11.052303854 0.530116624 -0.007823902 4.532177679 0.346164656 1.472272381 5.804622970 -1.381643388 2.220926698 7.432878688 0.689417790 5.804204106 6.280463776 6.830674579 4.361277456 5.493247993
21.557498250 12.212365756 -2.363048447 0.595851843 0.259383664 0.706144489 -0.281141703 8.464807541 5.837248589 6.086619703 5.024311805 2.453549110 4.619735163 6.355876698 3.801701157 4.411767943 3.487663801 3.293911248 2.333723858 4.396769949 7.987919288 3.134233714 1.541547856 7.298465557 4.832161973 -1.786477981 4.124684904
13.934125753 8.149463044 -2.121784342 -0.105691473 -0.143934980 0.963651997 -0.198713014 2.089280991 5.179141945 7.317224250 6.605228358 8.939611334 9.436737589 1.994784642 5.326018206 4.464878760 1.547689381 3.787441229 5.006553754 4.699289595 1.423971921 4.060226626 -0.395491491 6.662299988 7.207242226 0.459104798 6.209169864
22.089808492 4.572366461 -9.669205350 0.075978921 -0.871434820 -0.334271774 -0.350843183 3.599035064 7.093301501 7.591810482 2.888267631 6.547341765 4.794733108 4.029061706 7.175620771 3.739294077 -0.122095020 7.125834281 2.391560580 2.319988673 2.053066762 2.942144423 4.336080034 4.745240131 5.449467788 2.040274295 1.157129831
24.461555728 4.116609879 -4.381647397 0.905481912 -0.322149382 -0.027809572 0.274861619 2.598525043 2.725671726 4.745659684 1.435377705 3.955250746 6.565029253 7.948683955 1.345156395 -1.132297457 5.273261210 6.622806501 4.801336967 2.348796575 1.965004602 4.404560980 0.697794579 2.982749846 -0.925937072 -2.568039398 6.233187077
19.983499554 10.954388420 -1.458164427 -0.135686847 0.731416687 0.529857037 -0.407271691 5.863050226 7.198771653 5.357492407 2.798957134 8.293153507 7.181108976 2.955287857 2.498275089 2.292773259 4.135086559 3.046775912 4.450934372 0.479190791 3.535724770 6.648895366 5.243758869 4.743743681 2.276824106 1.021031152 0.782903636
21.490320901 3.448855043 -8.550773899 0.779275485 0.425054808 0.298427951 0.350711971 4.153839714 4.023006369 9.251282034 6.819959163 6.192116208 2.616514788 1.924092470 7.168656539 5.683097183 4.398011711 2.535536174 -0.659602914 4.723260800 4.092029793 3.714283646 -1.328103778 0.698791799 8.493616497 1.465818367 7.570631562
15.595518318 10.831293552 -5.010956776 0.898103955 0.365562275 -0.000901411 0.244484553 5.311496939 2.065476139 1.322014561 5.731818256 8.557243762 8.231730236 -1.462714687 1.617544831 0.732314259 6.386992556 5.562980942 2.171704942 9.178644302 4.495442244 4.967877786 5.485250986 2.802545441 4.434967193 4.432998445 1.540464557
21.410748345 11.459966393 1.909531213 0.451149993 0.247307097 0.827577739 -0.224539460 4.841262707 3.978250355 3.137300636 1.780203094 7.509480303 2.434157299 5.381075540 8.674090185 0.192019144 1.392879006 -0.444528868 5.783043385 3.357758856 1.270852089 2.643052324 8.195366896 7.614966843 1.113608221 7.618276045 5.398595069
22.227731074 7.835970116 -7.233396023 -0.099596111 -0.494811862 0.706265662 -0.496417819 8.944456921 5.078446045 0.277913410 1.850474404 4.756797748 2.129820056 8.591781023 4.251862967 6.100440506 5.691588727 3.384476053 7.453770649 11.220369368 2.915640819 5.612941047 -2.203547699 2.476798239 10.563115833 9.971071396 5.073017854
18.094767412 10.561652916 2.371518653 0.665411534 0.237243430 0.449486893 0.546721664 6.855221276 8.250535060 5.555228748 4.620462510 3.704414905 3.474900974 6.352576333 4.838017687 6.806194043 3.530476180 5.708397966 7.061787151 4.650912573 8.264373341 0.332581887 5.594388641 3.250492453 2.646384161 2.393087492 1.498982086
23.763561955 0.734836314 0.606569909 -0.770762339 0.165042082 -0.190004496 -0.585307458 2.408037255 5.500775638 0.509190549 -0.794322995 8.519264125 2.486679889 1.193772597 9.615900313 5.089474216 2.900743086 1.480945998 -1.101650286 3.553701647 2.167307783 2.711676339 2.028627744 2.488050867 8.212194522 8.062827780 0.441417334
15.740125416 0.067585566 -4.983136461 -0.696923641 -0.710040193 -0.074871481 -0.067339620 -0.425057134 4.130887023 6.776418624 0.675769418 6.476831674 6.347047787 2.284259569 1.752375060 7.168430204 5.266633559 3.365692495 7.997693001 5.058830757 3.970460585 6.463332146 1.119042618 3.106776275 2.634670489 0.844831340 7.780923958
24.094409810 -0.359016581 -2.598421793 -0.372861988 -0.044089865 0.000182268 -0.926838707 5.992784847 4.626980198 3.471927538 5.544402131 5.956305861 4.848671143 4.238540128 3.769787115 7.521685479 -2.005586609 1.717430061 3.832051251 3.406485647 4.453808006 4.742550715 3.631928044 6.449515369 3.437305647 2.339126848 8.997550115
15.786060332 -1.160807880 0.609017113 0.223881011 0.019831276 -0.377119053 -0.898479401 4.631703245 5.813389578 2.262302442 1.453769819 3.794194723 6.427050722 9.293096392 7.306788515 8.927770458 6.308536765 -0.768474089 6.379253790 8.938196897 7.493807635 2.595761582 1.161280969 0.654554011 9.366157579 3.795479563 -2.299129410
22.970627407 5.697446143 2.051187441 -0.646761050 0.151963869 -0.350055655 -0.660354575 2.432537643 4.943357357 7.026298333 7.436417514 6.662684704 2.943244624 2.776460066 6.162849696 4.867501930 5.909674753 6.954426973 -3.309434466 0.841435544 3.570430675 7.274797215 2.827396979 0.226836522 1.187502124 1.923877584 5.606208392
9.309427244 1.962863528 -6.983290934 0.599378301 -0.781349266 -0.153316179 -0.082055628 6.168754962 5.002842820 6.777454183 8.841992213 5.788969103 6.541367521 4.443058951 6.638186876 0.587701134 3.491764395 3.546094981 1.891490310 2.112768574 4.912179450 4.332622222 3.255875079 7.644105288 4.512213344 2.881313350 3.098180562
16.078957514 2.595570368 -8.761650101 -0.968302327 -0.239110410 0.065279360 0.030909866 7.342347656 0.123525383 8.228738726 -0.483953449 -1.841330572 1.153099695 -0.879801551 1.986397311 0.951080149 2.386741139 5.507201549 3.101666311 -0.638605161 -1.480442147 2.935906729 6.037605416 5.989166257 9.197635937 4.000043695 3.623410312
10.184567592 8.873615530 2.756735345 0.270946334 0.829203292 0.228239185 0.432338824 5.973507423 3.188366335 1.475883581 5.373681303 2.679650282 2.825811250 10.259972783 3.745600917 1.086894560 5.095549590 5.084955393 10.271216406 3.340414039 4.643076129 2.193411570 4.065335334 3.037370615 7.334329757 5.817232872 3.824147298
14.727193528 3.670922136 -9.116445866 -0.140246069 0.069050584 0.075182293 0.984840434 -0.151181304 9.891235289 5.758426352 6.919063483 0.461424996 -3.849187868 0.790851361 -0.808714811 5.172589741 4.181453689 2.552208865 4.641376219 0.734362456 3.362654049 0.513727293 5.581904351 4.720631891 8.275800072 2.531192619 4.378518211
14.821600894 -0.036250809 4.123649899 -0.009978309 -0.677386880 0.723982309 -0.129988706 -0.920763765 6.319061426 0.367571494 4.185075507 6.375614397 5.035100095 1.433627185 5.153752987 4.586551838 6.093622442 5.824825541 6.229517335 9.216455600 4.791671601 3.505828043 9.860311545 3.272748915 3.676315280 4.898653677 -0.990374030
22.883845023 11.734174837 -3.300772848 0.023798661 -0.853435443 0.394946117 -0.339262631 3.933301352 -0.938466187 3.381853062 10.751594971 7.335740859 4.660441102 7.985262052 -2.541122528 3.730055921 1.629730232 -0.508659915 0.772081593 7.446581328 7.100127710 3.341628949 3.082094589 5.557534604 3.400410328 1.032705005 5.837945322
18.174759169 2.644888027 0.593532837 0.578124695 -0.524631564 -0.169390562 0.601531708 4.032133393 4.184705098 7.902486228 1.375755180 4.104154531 9.332839758 6.201343328 -0.685320839 6.518582440 7.101199769 4.226882544 -0.745983306 5.230567980 -0.283858752 -0.792089064 3.911564117 3.842343436 7.108784516 0.822518695 7.632793569
18.211246860 12.367721812 -7.119738410 0.159197998 0.030516354 -0.875665999 -0.454899777 3.328938092 5.718651480 10.104823018 3.215932443 2.040969995 6.873934762 4.041671901 1.654540555 0.153781279 2.468316973 3.944379257 2.585343608 4.323185779 8.665315900 8.976151406 4.219684640 6.219618785 1.185522423 -0.191262247 6.522113723
11.409528156 9.350421701 6.304014714 0.316838140 -0.092509596 0.253989995 0.909145010 5.828613637 4.872277036 -3.459834036 6.991643027 6.459894196 1.663526588 10.638256161 -4.864048564 4.165919073 0.397038941 4.993651902 8.252645983 1.092875310 5.371027237 9.258666227 6.191323742 2.706163032 7.175852665 5.963827710 0.202955926
23.340076867 1.869364870 2.622154323 -0.526749190 -0.609090688 -0.107849843 0.583019927 9.069463970 5.023584791 7.126891299 0.413177612 -0.822488447 4.390668051 4.195642594 4.435787315 -2.213246194 3.059106546 2.601847639 3.134925761 6.388475251 3.522416979 4.075029658 1.556284111 4.781504234 5.936988163 4.058956835 2.656179557
16.537832124 11.510245859 -5.730958563 0.532050444 0.345099405 0.079916584 0.769052706 10.956510347 4.000424779 3.375338512 5.778101212 9.149992227 0.822645843 4.172365071 5.286674314 3.197641491 1.071793780 3.573438043 -2.978458687 5.199653141 6.093597832 2.212002666 2.230822095 5.030772613 3.190267366 0.002349960 6.814852438
22.202866952 11.566865176 2.059827837 -0.915248674 0.220752013 0.237131298 -0.239493551 2.202384319 6.547098250 6.417045787 10.297485990 7.395804245 1.978872435 -0.131189761 4.960469044 3.598875474 2.948057579 4.537099622 0.249227259 1.341746454 6.643960174 3.582544812 5.286338195 4.796095258 11.715466857 4.429756109 5.459258493
9.864005024 2.643041285 -1.666661687 0.432038633 0.154974163 0.719801105 0.520780181 6.045073171 1.968699467 8.596911367 4.454075441 8.460354514 7.397968192 7.729305148 0.410968612 5.318752674 2.882659198 0.555312432 -0.035248099 6.511670163 6.331646841 1.404118900 8.086751615 -0.055977671 3.143075819 4.240791565 3.678574592
20.393935640 5.788493886 1.854842009 -0.548262624 0.810536578 -0.046031386 0.200797565 3.750318523 2.942801892 6.585584609 0.785230453 3.800168107 7.212137133 5.953483699 9.550480930 5.025810066 4.401518138 0.402763632 4.548879545 5.197482397 7.232646623 2.020368884 3.596527788 8.137248839 6.599020062 6.125041757 4.526552305
14.706371495 10.186134714 -4.830592644 0.411042065 0.058292631 0.473002904 0.777119452 3.054880490 4.974710867 0.887303682 1.752293001 1.553379195 5.664379765 2.099424165 1.779411282 -0.364707061 -0.342721880 6.431975372 3.977607115 2.373912995 8.281905857 1.459774860 6.413646909 2.922114971 2.843439979 2.415737913 0.956147929
11.072483887 4.478723714 5.253144478 0.760156851 -0.133309067 -0.586635023 -0.245457949 0.246702258 -0.496507176 5.762799052 5.827799876 7.078166485 1.310031239 1.238987218 1.489536868 5.274648783 2.638064938 0.543063258 5.446597747 9.545445117 3.314469628 7.228955440 -2.695845782 3.049875354 8.517416234 2.514613719 5.912015213
11.347559943 2.220342796 -1.672288065 0.529453656 -0.123015901 0.300928406 0.783573870 3.965481627 7.760512742 0.238699913 2.904607631 0.539246969 3.287530262 14.060337717 10.225560218 2.884979343 -0.474610444 7.075091275 1.302337359 0.611745735 3.497961043 4.674701798 -0.168323343 4.217855238 4.446247778 4.178742475 7.757217139
14.329592895 14.216232719 -4.238781515 -0.778479809 -0.215966091 0.341886921 0.480042882 4.377810930 3.109547874 2.621523600 4.862230037 3.912606673 6.096809620 0.949995537 2.319527001 6.667738116 3.739295193 1.645172816 -1.841344864 5.545904543 5.410216905 6.864663818 0.838853844 1.903688987 2.639221011 6.187575237 2.361479663
13.130409242 14.214669066 2.272794613 0.304329043 0.378039251 0.856986912 -0.173330873 1.126093176 5.618936284 2.823921565 4.660858031 2.500253561 1.063079499 3.020129196 -0.483252697 3.364103779 4.727134414 0.688374201 2.005352731 -2.061896572 2.725433529 1.154435112 1.789390098 2.468641548 6.523808438 6.892485562 2.235337696
20.291195761 3.097449386 -10.055895870 -0.244299763 -0.275724014 -0.634669906 0.679329084 10.232899387 3.578123660 2.610846849 0.761627855 2.456352283 3.157359011 5.951639762 -0.475191230 1.948364052 2.926180667 3.494345426 2.819743029 2.092181257 5.601418506 2.762462225 10.261456866 5.648512764 6.895753876 8.029773800 6.035065978
18.109881909 7.130071293 7.855066130 -0.537322047 0.215498763 0.812352743 -0.070202008 1.787162768 3.709423373 4.984531380 7.262387089 2.070417211 4.032056084 1.469924422 1.383511205 5.909403554 1.325792366 -0.753499024 -0.480958749 6.037523255 1.610522231 9.976565163 0.279911256 5.212413960 3.594217677 2.090364923 2.675468373
20.234255840 8.035270304 7.206039269 -0.609207610 -0.331565437 -0.703118508 -0.156699753 3.728090613 2.724819867 3.653557379 3.684386926 3.393723137 10.008065641 5.377421491 2.548695364 4.214798943 5.882549718 3.587528818 3.596995024 2.026080819 0.027630639 -0.410294248 4.965456909 5.480901845 9.034577031 2.658838519 2.952733413
16.945974342 -0.799039145 -4.246750101 0.373185287 -0.076660119 0.030769240 -0.924072087 4.030324765 5.207329389 1.682493588 0.129244211 4.662681816 4.805030880 5.127887034 -0.841814698 5.685919144 5.363717260 4.788468777 -0.086310950 5.388509036 5.555737753 5.449035550 7.196262810 6.291322643 4.643297286 5.890526734 7.497353950
10.798791334 0.718386064 2.480202231 0.131665387 0.655662636 0.735884340 0.106042314 7.387545852 1.914467708 0.434243365 6.904742845 4.194899141 0.276385174 4.522915187 2.693866071 3.277672449 4.992009001 7.476111814 3.656961424 5.018141450 7.447103148 7.946451540 4.247662693 6.133042753 2.685695515 -0.668895016 8.930583033
13.403482424 11.591699108 -1.788078830 0.524890443 -0.475888649 -0.654288348 -0.264436712 1.350265213 0.482875531 7.964496610 3.460254130 -0.960801890 5.056963948 0.796631977 -1.252670710 2.096864078 2.548807354 4.433447066 -1.441768505 6.285859026 1.998616622 -1.036384935 5.382422151 -1.680496013 5.060753658 11.804915338 4.159696123
18.891823404 6.212702534 -8.398156124 -0.391951525 -0.233111482 0.190256831 0.869387932 2.550213064 4.144331598 3.137981086 4.427121745 4.884666803 6.423666907 3.466167461 4.047287445 1.247379255 8.369116662 -0.889923842 4.094920316 0.521012608 5.552448322 4.632089611 6.475374668 -0.336472852 4.151046277 1.654828695 -1.126978242
18.867312079 3.703405759 1.957493899 0.884821290 0.082259555 -0.068648544 0.453444625 7.171850726 2.959457761 3.866211400 1.744254933 4.587265543 2.483484573 1.807577944 3.572599723 8.001533422 6.237408385 5.269847906 5.246353183 6.051932289 6.581485808 2.925046521 1.777596588 5.623511086 1.145196323 1.646323374 3.507845654
15.255294894 8.003683408 -4.709116339 0.482354053 0.467624942 -0.739039034 -0.049827574 3.506157600 1.146765085 2.547526469 5.222458989 1.443941833 5.741809898 7.662976661 7.260989708 7.086721402 6.067858389 8.966256628 2.790635905 1.187640352 2.557855203 3.467409396 5.555597644 3.988340521 5.649461894 1.598130507 1.614743467
23.597721651 8.612936518 1.445939093 -0.776741711 0.529247853 0.224559210 0.257181230 5.291661518 3.522803909 0.329793658 0.579930692 6.233410909 6.955037118 1.453243160 6.069272325 3.260232454 5.847406179 7.555319912 2.479424818 4.114850646 -0.858110718 3.173546394 8.292462825 6.109824537 4.696011074 -0.849888975 1.779767591
17.858948326 13.335304165 -3.409894715 0.496181158 -0.522153337 -0.303507416 -0.623733437 7.616535075 1.920212354 -0.390338800 1.355406954 5.183253975 6.543672089 -0.935293638 2.738698964 5.545085739 2.319634185 3.803476911 1.026522950 8.406162418 1.427766441 1.621472931 5.378816955 2.980581443 1.178433363 -2.964243676 2.670343837
9.932148721 12.067739735 -2.724268856 0.325967236 0.662981214 0.571041817 -0.357928085 8.677934069 0.097114270 0.892952208 -0.311390347 2.446514654 1.611227533 4.915832670 3.541902779 -2.120599867 9.062975251 1.885239312 -1.121946780 5.291073536 4.620698923 0.458435698 1.696274677 5.978639776 2.568486785 8.219335512 -0.244975220
13.807335726 2.984351350 -4.219039510 0.051856102 -0.455047006 -0.152978079 0.875694510 5.067485138 3.486741529 7.786077082 4.878679887 5.320680869 8.181673555 10.103925244 5.342863258 8.856316632 2.806063977 7.350953756 -0.592512419 3.966348623 3.721722654 3.857211071 3.772018242 4.541634757 3.512841817 9.305170873 3.514817480
12.944194232 0.747152216 -1.111022865 -0.190201123 -0.319375996 0.530028814 -0.762162688 3.203762004 2.551600116 2.062790232 3.551475046 11.046452563 0.906678502 0.829546018 1.471623991 10.356712058 2.928746811 4.363976213 7.063672253 5.128463220 5.962921614 5.232769902 3.408935220 8.295183183 5.388463519 5.209471498 5.000009627
20.051403551 0.558026075 -3.952503118 -0.061593226 0.943807523 -0.179414853 0.270636184 4.933990039 4.830126565 6.401830449 3.446433769 5.723190940 3.482148518 8.456183036 -0.209947965 1.501601097 4.724988319 -3.911143719 4.607562639 7.763624322 13.075632353 1.884098028 2.676105604 3.506543330 -1.044689525 8.842084338 6.954258850
13.872105795 -1.555886909 3.382975186 -0.153375807 -0.044193375 0.919817288 -0.358411724 5.461893293 -1.635549668 4.747603984 4.316621930 4.218267008 0.792322670 4.512468183 4.629386410 3.963481487 1.709156210 2.744864057 2.270055359 1.387936242 3.103087589 0.932845448 1.497980496 9.393078178 6.129349467 4.249715325 5.511454925
8.119612664 7.411795930 -3.395024882 -0.344321864 0.422977705 -0.811801223 0.208593121 2.393728048 1.655732071 2.467773812 6.451409837 10.144856331 5.939565554 9.702950516 3.914204157 8.894380895 7.267311723 7.234823843 5.498595743 3.763247470 3.606585029 4.018238291 4.777248183 4.039419956 0.647597615 6.637047758 8.144735058
11.788757427 0.117204188 -1.858429636 -0.202680337 -0.829625265 0.467049068 0.229145737 1.871479697 -2.346857378 5.622602442 3.656745411 3.375609474 4.156715110 5.156685286 1.210191144 4.320267830 3.455934912 4.123650310 4.570839322 4.698213233 5.490619963 4.074222981 5.003556770 3.335616956 6.133422800 4.538441197 6.980095113
18.511460389 7.103121388 2.469084138 0.915941210 -0.097015339 0.357929475 -0.153382578 11.791687783 5.584254738 2.646367057 -2.398199186 6.596004603 8.646759311 7.259665554 5.636267839 1.982040289 7.861789363 1.558495305 6.460029354 3.580139332 7.993890984 -1.174288524 10.638399499 4.805806535 -1.831039134 2.073736955 2.318967235
