18.147165493 -16.112558620 -2.011164132 0.478015813 -0.803988306 0.316499199 -0.157898522 -1.492869757 -0.515822527 1.677909997 2.716604237 9.935302777 -0.873260358 -0.294846859 3.457766742 5.777731464 6.896595675 3.029902301 4.441100166 4.064069617 3.221583586 8.327990130 5.040421821 4.522129429 10.070630670 7.386006651 8.572144478
13.859699267 -5.945771306 -2.371414091 0.125311442 0.343179478 0.328074599 0.871144044 3.589555669 2.393002510 -3.080867703 4.019861229 6.125914299 6.711928074 7.252882517 3.356679171 5.711993297 2.738469699 4.697568255 3.309414272 2.939536967 0.795174242 6.100457511 5.335740374 4.453549273 3.528485118 2.104390383 8.778897212
18.328299464 -11.864628415 -11.848439091 0.236636833 0.557709271 0.795428904 -0.016007391 6.656432950 10.922803716 2.950553213 5.644997158 2.658396062 9.059875851 6.281087619 5.419621774 8.206701718 5.816001418 1.930372459 -2.422776826 5.421984245 4.169085331 2.660986007 4.736317014 6.540803770 3.105608621 5.505780086 3.280796906
16.522077468 -11.568291174 -11.740509861 -0.759116102 0.565007365 0.238211875 -0.218550963 7.458153699 -1.442361658 4.974108345 -0.256689895 2.134745291 -0.851509660 3.545922802 7.350189768 7.916168052 3.693250815 1.698338137 5.700529136 6.632378911 6.350423951 4.923958075 9.580651902 4.412321637 1.641265742 -0.986603042 7.012003855
7.003641567 -7.880398986 -3.935867654 -0.446995313 -0.497921654 -0.731268805 0.132344821 5.784520005 8.163096676 2.501094033 3.084767304 7.882573606 2.989383959 4.644867164 7.768926855 7.045899396 4.893032660 1.584078307 5.302803579 0.255358971 8.513679470 12.144428938 4.838652471 7.921001901 9.701872039 6.987825456 4.084787758
17.276812945 -15.436298996 -8.103665898 0.940669871 -0.118009640 0.292312976 0.125566885 3.436646554 1.795094508 7.665042686 9.537943604 1.843550533 0.872629303 2.470407420 7.164044627 7.303841178 11.330343768 3.557666773 4.092461461 3.158512030 7.468516333 -0.911792544 1.008783155 10.233785954 3.821549377 4.347967682 6.268200822
19.490716902 -9.772213182 -11.494324729 0.478368864 0.663306866 -0.283671154 0.500717393 6.380206151 -1.338477321 3.861798748 7.611403000 0.947573248 3.349069464 0.111969367 5.157629908 7.215069321 -2.381816491 -2.582932277 13.918726184 5.418920367 9.409649978 6.493551727 5.194271680 8.601140752 5.248773381 5.696765603 5.074561907
8.291951902 -11.035186602 -4.248707673 -0.648815917 -0.092273576 0.631957603 -0.413706517 0.625951845 2.036346885 2.197130532 1.132759472 3.018868862 2.427665120 1.992129050 8.336621445 6.232600641 0.042973038 5.471510631 0.568461259 4.277891481 4.605279887 4.847561049 -0.425195604 2.937291996 9.279956299 4.973983972 3.628837098
3.234809099 -17.317060356 -9.001452111 -0.567595300 -0.559725812 0.382322816 -0.467302745 2.321635540 0.853757585 1.126707134 4.931087648 6.601153997 -2.861272512 6.577135289 3.528552734 8.548783834 1.359040294 4.148440732 5.183841787 5.632120504 -2.044239438 2.942678783 1.248047651 4.112760451 5.279265015 3.582928693 10.139497691
7.763655058 -8.626943972 -14.139435236 0.291982028 -0.040951079 -0.789285110 -0.538607946 7.425494035 4.545742056 6.505110274 10.758622067 8.927055351 3.395083056 3.362807278 7.113460315 5.579943744 6.049967474 6.717872823 7.781865262 9.092333158 6.647601548 0.907669551 -1.704705454 5.671817631 1.072545067 11.333114505 4.666395827
16.896470826 -17.668184094 -4.081844759 0.877692988 0.022892467 0.478369256 0.017140852 3.359280582 5.301758745 6.138490941 5.237428366 3.243723730 2.989169000 -0.292846078 4.602635899 1.503335240 1.817278603 -0.526391410 8.912783454 4.690228868 5.763335823 3.738524795 5.777438724 5.721250352 2.300378031 -0.899759997 0.068981109
16.545057376 -12.023826603 -1.785657909 -0.470302907 -0.664073543 -0.260281499 -0.519687451 6.125898681 4.176899612 9.295884785 -2.206396560 7.591891269 3.992175740 3.236264764 4.400779650 6.666466402 -0.365892730 5.565496197 5.899135001 1.844022948 2.798516794 3.429830991 0.680253180 4.009060900 2.144183840 4.727088042 1.896958478
12.459047569 -16.394156743 -4.088600166 -0.906472680 -0.050711263 -0.279213420 0.312690765 7.271517934 9.311761995 1.833922668 4.092117678 7.396381652 7.929842832 5.175104272 4.504523674 2.371010712 3.117850245 3.711649437 1.073352078 2.792422888 3.615499366 2.019139010 5.140111658 1.552605720 4.885947488 1.933191237 1.231097618
14.593615803 -11.965402385 -5.211024822 -0.005169489 -0.402952476 0.526790471 0.748394534 5.953694562 2.819575749 7.894488656 3.350474587 5.719400866 7.107537402 6.822109387 6.525925637 7.383233372 3.705031429 9.262876740 4.503191307 7.366020718 4.036834494 3.523369828 3.743885527 0.845984633 2.799554676 4.313502752 4.038278001
7.390256671 -19.929482057 -3.461302247 0.325438887 0.561991010 0.496856553 -0.575664139 3.919147189 0.451277928 3.871780367 7.517646795 4.377531470 7.584661061 7.008358831 8.268757492 2.854791523 1.874047713 7.297052523 6.919402973 12.221877535 4.429512754 3.844751859 2.408102572 4.346821229 6.183526412 3.194776992 3.645687407
14.009297311 -15.161935034 -3.337932877 -0.588302450 -0.764224194 -0.097523266 0.245664040 8.615363862 -0.668173412 5.970460703 6.453240469 -3.046868177 5.083310285 -0.542382667 8.123764141 9.081893365 2.655199087 5.360179817 7.492028562 7.845346712 3.802048619 4.321496191 2.085406950 5.546002663 2.590688025 5.490978410 1.042118144
12.400313636 -19.148299865 -15.006212619 -0.389803209 -0.145201078 0.661015663 -0.624522536 1.726537524 -1.120368925 6.943636092 -0.142740258 6.933968895 1.653948437 -2.035328298 0.128863650 1.644435656 -2.031761715 3.981394169 10.087417892 -1.492841435 3.211206340 1.837962329 1.171569164 4.224116602 3.765753323 8.838836230 9.628860531
8.024531231 -19.085028805 -11.403537439 -0.486690550 -0.738838507 0.272462116 0.378172400 6.951266860 3.278189264 4.627268342 4.898348445 6.206849155 1.630779001 6.198665702 4.543698727 1.803513072 5.862380774 6.883484365 7.607266719 -2.333855920 4.715530324 1.895560994 8.837639512 4.242829545 4.363029652 1.544701234 -1.154320629
12.104128743 -13.271369274 -16.763184744 0.725076161 -0.477592004 -0.429141399 -0.249014253 5.707040543 2.940346674 1.057930523 1.500277592 0.181247698 5.442515444 1.632550616 7.657992320 -4.876549081 3.256289886 5.120614833 7.609794768 3.891805438 5.964811674 9.185302373 4.187622692 5.525374061 1.111358658 5.232630005 3.310384652
5.229526260 -19.821687592 -3.496848601 -0.056509654 0.775947095 -0.504089064 0.374975973 2.757820713 -2.159628594 3.581532358 4.405754315 7.171825100 2.621238864 3.767264609 7.204155601 2.778394987 6.995874303 0.689819900 0.624016486 4.086061762 2.161431842 0.583893349 6.281585210 2.805683445 4.068610556 0.493370709 5.135392626
10.519436442 -17.163398968 -15.794256370 0.409355748 0.875126524 0.248863894 -0.068177718 9.773500130 2.566003415 1.652446112 2.285988584 1.783727910 2.401970332 4.221108238 0.175065740 5.429813003 6.588010074 3.312297398 2.287726605 3.251599793 6.140023700 2.232309684 1.790271992 10.100820555 2.097648252 7.068239357 2.584213032
10.868171180 -6.305085087 -10.045063733 -0.452395216 0.485651948 -0.747654492 -0.022215182 9.234271836 -0.667838425 2.022319621 1.536876069 4.683912648 1.404052737 6.824090187 1.025697855 3.940589805 2.131636003 6.764130636 5.791409549 6.930975916 -0.562709265 4.292402992 8.677378266 3.295930931 0.431335654 4.687935148 -1.106504692
10.830699147 -8.017955599 -9.849911082 -0.198929117 -0.187604162 0.917780762 -0.287941588 0.138736321 4.804923372 3.195450016 5.788386395 4.468716494 1.017049999 7.057574450 2.739482132 1.518196749 2.215218007 3.556812830 1.783798125 7.399363043 12.517787392 0.191225202 1.666381047 5.669415779 2.716530657 1.989781766 3.990505945
18.986873990 -16.065806438 -6.640857887 -0.439898042 -0.803615439 -0.195101928 -0.350181633 4.124175562 5.648466123 -3.343202011 6.206682029 4.450908196 5.101977828 2.128010995 -0.963134355 7.659829379 2.225903535 -0.651506429 4.177167665 7.863156977 2.953051846 1.141662629 1.245476425 2.354722123 7.774358342 6.113295016 4.282629442
5.701113507 -9.819768209 -10.277614553 -0.753040064 0.551845248 -0.353263856 -0.060017771 5.930704624 7.460754363 -0.912061865 4.255594758 9.141236370 5.514113057 7.026542718 0.704405545 6.464056773 -0.957953759 0.124969133 5.585398183 7.311014873 8.988654362 7.653417524 6.016944151 1.818899593 -0.839301985 3.176452470 3.686299243
5.880089100 -20.344062654 -5.519260808 -0.351488785 -0.065253330 -0.868800330 -0.342612936 7.493902083 4.748082940 5.131542759 5.021446623 10.688641268 5.849616666 4.158218417 3.578680594 0.708975170 6.977389061 3.340226233 7.847632677 4.975309309 4.628220346 2.228743981 8.183713954 2.919292660 0.601978314 4.669742675 1.048753388
10.397654343 -15.026947586 -1.027208836 -0.405367070 0.190915997 0.893353628 0.033880910 5.325338502 6.342927716 4.999693520 2.496682207 6.303613960 5.716865162 3.222486019 6.581912795 6.591077325 5.052758254 7.569883990 8.611310577 1.122058648 5.742717319 9.710081793 2.892119330 -3.427096559 2.144781780 6.849818896 5.892865684
11.798706348 -5.154185333 -8.607333218 0.761981405 0.282135637 -0.022239425 0.582485389 7.029657340 6.594780513 5.386166187 1.391250369 0.908170609 8.171776536 7.023921708 -1.784824365 4.955886299 1.271055933 2.549141117 4.707763155 -2.182337557 3.481797688 7.107187525 6.828265740 3.183964823 7.403853928 3.397506595 3.576679987
9.472958272 -13.916305325 -4.026210628 -0.036897946 -0.543879540 0.825726999 -0.144943129 -1.250519700 1.884674966 5.401633537 8.507234662 8.397808199 0.004070641 7.321795276 7.003843127 6.173039791 4.160768196 4.446006819 3.637609239 2.834754321 2.066535593 2.229662344 2.101277699 6.768148864 10.838651501 10.397431655 0.625818507
6.835562036 -15.552177498 -3.364365204 -0.497016149 -0.295529593 0.652869388 0.489283936 5.608709069 2.356468690 1.421608854 6.149914204 7.510178536 4.251476049 6.008102913 6.283867709 3.695446326 6.151666910 4.780002030 3.607226715 3.297823666 4.431430489 1.054748608 6.710220464 4.196931467 4.281478069 -3.163354173 3.476254636
8.564414410 -20.309311120 -3.436557251 0.861820663 0.303504534 -0.404277425 -0.041351004 1.321167251 5.950182065 1.206938264 -0.975590153 2.420215823 8.525234268 6.843682460 8.830984382 -2.327512471 0.168253185 -1.147440684 8.811764632 8.170813143 -0.005963172 3.813004395 -1.783310529 6.417021059 1.793746619 7.407929279 2.174826861
12.936996304 -20.483431471 -12.356450948 0.803444204 -0.170554658 -0.287976649 0.492400212 4.292850607 1.777315318 7.375614154 7.877868098 3.352946189 2.069862605 0.560683893 7.272990808 7.217094499 5.861273770 4.208964218 -5.012216251 9.207110454 1.315220600 3.595803209 2.128975343 1.946224002 1.242007131 2.567507879 0.441245968
14.539339143 -9.584562977 -1.757614135 0.668147983 -0.171707932 0.489060822 0.533773521 2.694677078 -0.614567262 2.888040813 5.112470176 -4.523081928 4.757565357 4.113188461 -0.225512396 -0.552613709 0.073203302 7.377954509 3.672541400 7.129837210 8.231561096 -1.692532168 4.331380726 -0.501782951 3.265844955 1.144788537 5.816936162
11.551088414 -14.950328133 -9.421486100 -0.564072672 -0.333821058 -0.730694534 0.190973876 2.190372907 7.811910387 4.419804654 3.533839276 3.742763257 4.078149290 5.678761804 9.659667334 5.806845098 7.516678037 1.134605111 7.383707376 2.721708839 1.606050557 4.453031099 2.844217274 0.407512234 3.868835870 7.215164408 1.204431533
9.892351143 -16.529308573 -1.408284678 0.393055337 0.801939621 -0.128764322 -0.431068552 0.566982508 6.452396549 2.465386702 6.832543659 5.555770850 9.596666400 4.377516599 1.031551238 3.240679873 5.676343698 3.365161386 2.943625030 0.315217298 2.666247428 3.889916255 2.897514398 3.385844990 4.543788568 -1.558386899 7.338498768
4.694694641 -19.086188018 -4.377969772 -0.052706993 0.977740461 0.201707555 0.023656426 6.608522017 7.143909001 2.930581404 3.346476865 -2.224847831 1.265783988 3.625712053 4.950010853 5.821402694 5.775757981 6.534197514 2.655482440 7.615930364 3.183754202 3.811876144 0.786494057 4.217759627 1.806118080 3.502359370 4.261554097
3.193010929 -13.610696184 -6.596072453 -0.524414292 -0.279009934 -0.237132061 0.768707677 4.072433581 8.040082375 -0.829710816 7.413098193 7.104875191 0.513195968 -1.341937285 -2.055991109 -0.110780189 7.664220532 0.852000100 8.670693473 -3.461485870 3.294266821 -2.313887552 3.450139266 0.776718129 0.813276133 6.085400657 2.595610838
5.707664866 -15.499779071 -7.025498658 0.758744275 -0.002271689 -0.329054027 -0.562161375 6.202090482 2.287818697 7.175222243 3.592235218 1.688066103 1.441295667 3.321886091 9.405291398 4.917368665 -4.415236363 3.303751310 4.048583104 6.272547506 -0.883639953 6.412844922 5.303201557 -0.168679457 8.155470876 3.295228560 2.304579711
17.373835665 -16.967145722 -13.159253343 -0.517954831 0.292592373 -0.471794445 -0.650786062 3.735196920 4.671565234 2.184988957 -1.067392593 5.603557433 7.948718560 3.531265534 7.416754434 4.864736124 2.229449279 2.417031890 -0.196735707 1.208506338 -0.055728904 5.923837637 -0.411033833 3.602180423 5.598431770 5.784906343 5.585219070
21.318544056 -13.286429363 -7.684841315 -0.036475468 0.898123543 0.427352772 -0.097021903 3.308476923 2.050837636 7.741472779 3.403211813 4.215607210 3.474673027 -4.572087594 10.034080398 2.313937879 6.203604667 -0.001422614 2.299329387 4.434185630 3.918053774 7.790512238 1.245287658 2.076796787 2.548130552 5.279972858 4.478981898
12.605365381 -17.860756665 -2.588475884 -0.763877425 0.625472677 0.004751633 -0.158910770 -0.430144828 2.019742803 1.237159301 1.344674703 3.416210499 1.070138446 3.476698837 6.930120645 4.043236597 -0.631685637 1.519495307 3.183391187 5.040326118 6.626248394 9.830048102 2.760785170 1.349186324 2.103885965 1.676992528 6.789100709
16.164835823 -9.759935425 -0.464407318 -0.019978770 -0.548555537 0.130097163 0.825689046 1.902663635 7.775295339 -2.307149921 3.295151687 6.356614133 2.860944299 4.263468697 7.477217426 5.250786015 0.087372407 -0.353826596 2.899879282 0.123392047 -2.221943720 7.976604584 3.820846646 8.286518464 6.961164654 -1.952364017 3.327205600
16.805808348 -8.739005966 -2.523053007 -0.706637271 0.098759864 0.400165960 0.575132559 0.913265850 4.067188032 2.813034452 -0.144372266 -1.891448816 5.292465096 3.196624467 0.842658685 6.215903981 4.860869904 2.912205753 2.735963259 0.087533467 2.856455639 6.143647450 3.387982741 -0.882622189 3.096187648 2.688998599 4.577617015
11.599079013 -14.180008512 -4.672963224 0.203316744 -0.706772599 -0.659970919 0.153535601 8.538029010 2.650673771 3.670875093 0.122237801 0.978070242 2.480660029 8.111284795 -0.508576562 2.389170521 5.130958161 4.672116300 5.292354428 0.918444776 5.145610274 -1.706640373 4.911026395 5.190999900 5.422849429 1.998860117 6.392540607
4.600548889 -11.110981067 -12.319585811 -0.321224827 0.232209594 0.184916433 -0.899277059 2.248178833 3.721154444 0.941543307 -2.502491679 3.252779895 7.472352104 6.127211987 3.518036244 1.232869811 -0.834252356 5.834858539 -1.441112749 6.225710930 0.731219297 6.242447477 6.937133344 6.608644137 3.747893446 -0.231488832 5.025539229
9.119901806 -18.422534177 -4.023484168 0.566862944 -0.319587719 -0.300231595 -0.697417437 -1.573279125 1.585043606 4.991535023 5.503180984 5.508691319 4.808751133 1.543632406 8.332798106 4.176394030 -2.545018154 4.278222580 4.663671031 3.025101274 -0.209826662 8.238276330 4.476765655 5.453043483 2.613378503 4.731756911 0.237389977
11.957217784 -12.050509674 -2.682524204 -0.196242954 -0.073160445 -0.375497466 -0.902849880 3.575028567 3.973591244 1.134487736 1.139729563 4.676133518 3.436561332 4.921617591 5.460920746 5.936781797 2.507334735 8.159650031 4.498150177 2.854648099 4.093082437 4.348154102 4.647864104 7.205701134 3.882377123 2.769707775 6.869158795
11.115470754 -16.844895295 -8.967579601 0.491668027 -0.170965585 0.692228958 -0.499852368 5.808115318 5.227081973 5.003812866 8.629867997 0.356645012 5.365695519 8.954964977 0.293881513 4.023217261 12.061350960 8.541269365 5.865632265 2.326575567 5.291389884 5.546905258 2.692015863 4.542889086 5.202170469 7.543036724 -2.190812542
14.096467812 -15.886217186 0.616228606 0.508183053 0.437325992 0.733554719 -0.111325807 9.789058030 3.563023999 0.807219261 -0.037230299 7.901073563 -0.434281550 1.299047340 1.761819696 3.482718923 7.289426784 0.687343485 2.871065434 2.702976767 -2.426921449 2.270177488 3.915720745 1.355718562 -1.612593102 9.281662767 7.015079285
8.608102803 -17.890671099 -11.578167199 0.043177964 0.250307877 -0.389328903 -0.885383892 3.700401790 6.830716125 7.491483419 -5.025360997 1.748510566 6.313480180 4.652108262 2.087310816 4.869191052 0.799827497 5.090289694 5.171489061 1.314780212 1.214428321 5.542668635 -3.549406173 3.505683544 8.132910063 8.724962987 2.283822841
14.754900897 -17.583736714 -7.905253495 0.316799686 -0.070526563 0.403160654 -0.855643296 0.844107623 -1.812320609 9.772019521 2.498371796 4.226668271 4.521670084 4.432377454 3.339771585 8.832261245 1.483805976 4.927349148 11.242840505 2.988454520 5.019752071 7.670505598 5.719334959 -0.236811402 0.005709240 5.732036266 1.339867676
6.995275514 -15.962624820 -7.387997500 0.314450588 0.201302455 -0.927500646 0.018458083 3.487669095 3.665226278 -0.758045727 0.401224023 3.073314825 0.681264859 5.653242905 4.915807047 -0.839507602 5.858167107 3.688116226 5.748716484 -0.215239264 3.068417328 2.622047858 5.636299861 7.181105523 0.549170322 -4.494606935 6.399930681
11.881016700 -13.310207561 -15.356877645 -0.025227243 0.954724729 0.261005348 0.140500844 4.843129538 -0.233984431 8.303400321 4.648286214 4.961286001 6.052815134 4.300790525 4.170162769 5.402651267 1.357343799 -0.337364755 5.217865768 5.092099375 1.287576326 1.734991815 0.255366570 -0.274575700 2.744169574 7.626769430 -0.160541141
10.085942467 -20.083302609 -2.754467317 -0.897500743 -0.326013219 0.186125192 0.231441590 1.457633809 6.040424915 4.870263711 3.084130088 5.863537339 1.875618231 2.930925196 8.475722925 6.066384832 0.212908770 2.602931535 4.431003247 5.499136761 5.075473534 5.489582028 2.382219334 4.336671219 10.016613012 3.102400457 0.605953011
15.707429428 -8.235711223 -10.639405793 -0.031247595 0.875664071 -0.467924408 0.115250904 1.274808001 4.931818353 3.162980010 11.004500373 3.061224180 2.591451310 0.220096938 1.992557247 2.519072002 -0.381952751 1.789587820 0.994300223 4.517705922 4.242694805 -1.739535843 -1.165154788 4.426764046 3.672681702 2.119923291 5.922641020
14.860976581 -18.285573441 -8.592880267 -0.393672054 -0.147729149 -0.464221482 0.779549119 1.503193459 8.515049156 4.503886498 7.824774297 3.764241732 0.475327272 1.351214551 3.186071715 6.949258695 6.167420762 4.586753663 1.917662882 3.265111247 1.580070045 9.641601833 -0.652567061 0.743085422 -1.352069324 3.405836369 6.459159033
18.545452906 -12.041518270 -9.225844385 -0.648440020 -0.092208406 0.587089151 0.475761999 5.094167355 7.039071477 8.431559777 7.081370624 0.041586105 1.246547475 6.836361141 4.769557066 0.057627389 4.896683741 2.022091298 4.953216459 2.491149295 1.952904422 5.406184360 -1.335345458 4.148555852 3.690069765 7.004623303 0.199215082
21.048482824 -10.855832297 -6.121783789 -0.291283760 -0.048717766 0.560138758 0.773967003 4.226051761 4.601116578 3.604438415 -1.486703132 -0.076949490 -4.154996196 3.383108813 5.334451704 5.718723836 8.328511682 10.459276795 2.080009878 11.612547411 7.232866862 6.153949185 2.603579319 8.434618962 -0.212529040 -1.182785475 1.678967776
14.866468952 -17.051438071 -3.770779015 -0.224513500 0.128427105 0.121161972 -0.958342289 7.860447105 3.068235555 1.322116859 3.983141295 -1.233418806 3.125408362 6.929719474 2.460032452 1.271321388 0.007211570 6.259404417 5.741715337 6.520514388 4.463525347 3.664818521 7.765741652 3.990627543 0.060920556 7.281308128 2.948574963
4.915084143 -15.843253164 -6.443023928 -0.823491060 0.449488065 -0.327648005 -0.111667980 6.138632583 6.095703045 3.913599175 0.558653543 6.567550474 5.563996018 2.298899613 10.613732820 2.226993534 4.907973711 3.473752085 0.962069606 4.554628490 6.867861934 -1.831351452 4.937335078 -0.641940937 0.774217582 7.318191325 0.009441234
18.517073976 -17.392708811 -6.345633975 0.816078926 -0.353980759 0.058607595 0.453076108 2.313931895 3.376891078 1.440972218 3.224823263 3.016476085 -0.195197559 7.339646859 -0.934795493 3.989178520 7.223932921 7.448854510 7.255247171 3.351675677 3.599872955 2.357433492 4.701611509 2.021779898 8.980537814 5.675180150 1.226994893
13.746968997 -10.493728463 -5.834538025 0.148888365 0.687082667 -0.708177030 0.065076551 0.628763954 1.841693597 5.383862447 2.239650218 6.359038106 -1.909042572 -0.086219496 1.770098202 6.093046625 0.458487935 2.577890617 8.091233369 6.487575121 1.343164427 6.896367793 3.742656726 1.069014334 4.298006082 1.454724673 11.723958486
4.882258918 -16.713253686 -12.461022528 0.321832102 0.049963121 -0.492122167 0.807306359 2.174259185 5.348433235 5.052389364 0.301061928 2.495952847 5.574380723 5.246542059 1.211427876 4.239713736 2.616266782 3.181924762 9.981343775 1.861558660 3.780791423 2.774433609 0.803213170 5.745186463 4.685776135 3.487466582 6.206855599
10.886520257 -21.524202387 -7.457237613 -0.419550868 -0.498400088 -0.059669741 -0.756316034 3.780722241 -5.307292760 -3.179948812 -5.994020971 -0.329383358 8.242576397 0.803150111 2.273702479 4.585843894 4.235373424 4.764451396 5.404991990 1.522864713 7.349635758 3.454960399 1.165327359 2.125778102 5.188659579 4.000802648 3.827029526
11.455805374 -4.244523041 -8.271502107 0.611799639 -0.522235261 0.299604633 -0.513038593 4.155811996 8.082672917 -0.250464658 5.223290067 7.711881643 3.740423712 7.972293109 3.257558304 2.808341107 4.732215363 5.390990175 8.833363802 5.383249059 6.727945633 3.002719062 6.787174942 0.022240537 1.912443585 4.265999408 7.174445986
18.412037293 -18.859077756 -12.291902693 0.004355462 0.056169137 -0.627489503 0.776584176 2.039029336 3.791648934 4.690918862 4.450850533 0.270581218 8.019571575 6.523326340 2.126804620 7.748118727 6.268915304 5.793660327 3.330752512 3.141673633 3.785347251 5.662285022 0.188687865 6.009303202 6.969771363 4.932599762 4.187914147
11.371420648 -10.174236184 -11.161249474 0.253641274 -0.229351002 -0.619752511 -0.706378827 1.796987618 3.660950356 1.957927094 5.011642326 -1.862333398 5.462537946 4.591259034 5.332524752 6.122750250 2.616338119 1.864709005 6.425293356 3.209636980 6.772123396 7.676364874 6.016074522 9.162989816 7.140232740 7.212781004 6.434073746
8.614294073 -20.577392228 -5.474365874 -0.377839714 0.321659200 0.001896305 -0.868198660 7.739466228 0.999786805 0.646689217 2.923781991 6.278919254 1.316247864 4.086304565 -2.903627995 -0.358037520 9.311342941 1.279767963 6.104940392 3.399882142 8.690064609 5.757607167 4.314862720 3.488598106 6.295494619 8.355686605 5.867988092
9.933133744 -15.702446314 -12.258276219 0.200659970 -0.017989313 -0.979494933 -0.001279700 6.190458425 3.045530237 5.029124581 -0.074217414 6.091286130 5.061834401 2.296555411 5.617615388 6.435213785 3.774284601 -1.711131696 2.361538065 -1.074515174 6.668441699 3.821472366 3.563900356 3.636407789 8.592863137 6.324179913 4.974346662
11.682352974 -12.727968683 -0.680552144 0.634588748 -0.330025612 -0.098628527 -0.691847259 8.194873388 7.518670016 3.551426504 1.918124481 13.882075654 5.855693899 2.389447466 9.012763750 1.312953225 3.435481334 4.693588816 3.104572347 5.784371513 2.251627890 0.646531704 9.769451662 1.173750666 4.879408367 -0.263219917 1.279477822
7.406958867 -10.787128346 -5.615677861 -0.080361038 -0.041178660 -0.447727248 -0.889599198 3.086610098 5.893214771 3.440376266 2.413735331 5.044910417 5.571521778 6.731428432 1.290117227 6.777338896 6.655833041 3.307473299 1.807500239 5.629875503 8.632703235 3.348955282 3.618462851 3.190255731 -0.005319359 -0.375511455 10.074603597
18.953752634 -9.943810911 -4.193662049 -0.571082660 -0.588268572 -0.369406552 0.437428259 1.153600762 1.247941190 1.081399386 -0.244453290 5.990758844 -1.637588471 1.293815396 0.814555575 5.874292468 1.826682056 5.661052570 0.474885832 6.790106281 6.911893511 3.066449603 1.588590972 3.027625251 6.593865925 1.464892300 5.936516546
2.563351947 -13.236631026 -7.476187115 0.962564323 -0.092495382 -0.079793355 -0.241966008 1.931026634 3.553104025 6.776995362 7.669125294 2.789479668 -0.322716381 3.548355780 8.565957885 3.725680935 3.915746370 5.873473198 6.714884742 0.804214782 5.709621838 2.503741753 4.086116114 3.764285788 5.042469707 2.378274522 7.591365639
7.480747874 -12.973841115 -15.502252441 -0.002210582 -0.109589034 0.797320234 0.593519841 8.296076069 2.750828925 3.834380262 -3.975947135 5.947295174 5.515161003 3.695949743 6.961822507 5.984398437 2.781201167 2.249060099 3.937320264 0.801205255 5.737036523 0.389045713 4.313828776 -2.935671816 7.670167364 4.787562178 9.464327316
20.124627047 -12.386187580 -3.291879345 0.398403648 -0.040188527 0.507984911 0.762634084 4.034266964 3.546944232 6.214998872 -0.501524444 6.472579614 2.769963357 4.916203403 -0.170107744 -2.274010839 0.555028887 2.111328332 -2.337236312 -1.137270629 4.669862661 3.364967517 0.220166252 5.815452408 1.180679678 7.318051625 -0.078298551
8.190910613 -7.310628071 -4.077301093 0.475891005 0.252796544 0.606004911 0.585132213 2.700892471 3.817865297 2.595287441 5.711398284 -3.094410984 9.680196956 4.220984888 2.130053078 7.240824957 -3.146995074 5.111331050 4.717223669 7.159769482 6.915368903 4.502719724 7.694180675 0.953413191 0.999884124 1.504645841 1.660038219
10.894602448 -7.790716841 -8.027322170 0.367948626 0.047649605 0.557116880 -0.742942869 3.794886263 5.761711246 6.409050796 8.893804559 5.610595024 4.130196011 -0.388161918 3.389557528 4.514449494 6.135098970 4.985279498 0.959130416 -0.998152285 5.505652176 1.577552355 6.911036991 2.801794035 5.237213000 5.888960306 0.176070366
4.148236309 -8.607652068 -6.955401172 0.561857173 0.131011134 0.479325633 0.661361881 2.463574862 5.220589979 -1.519292243 3.438081985 -0.004451719 8.248404681 4.025513963 4.179093936 0.417437991 4.236692560 1.807067257 3.493228457 6.415482261 -1.593848199 2.230668778 0.286142163 7.263252898 5.911639854 3.715942697 2.553508374
10.704311707 -14.207424942 -12.512796187 0.653398852 0.558348654 -0.201064927 -0.469988953 -2.875838405 5.796201115 10.933372120 7.717152254 2.088065586 7.881429796 4.349625496 5.062187085 0.500529460 5.525054229 7.102694042 6.173575910 0.185808322 5.858643486 6.728687591 -1.143359099 4.604839100 3.652449259 3.300885607 5.399326340
14.789549690 -12.518882529 -2.472595020 0.692107346 -0.650088679 0.133939117 -0.283606142 -0.082876123 9.466283395 8.487604319 2.400131871 6.119071462 13.998966601 6.602527037 1.382822765 6.579660685 6.586689539 2.366567846 2.235138129 2.418031933 1.707913639 3.412324979 7.972986660 6.107815303 6.938540999 6.784091364 3.173238089
7.585631587 -14.946696831 -9.668200523 0.440487343 -0.556536153 -0.673354292 -0.206959917 9.176702291 2.859462260 7.409756060 3.867431549 2.350483780 3.446137294 3.917412806 0.837912204 6.585081657 7.177327493 9.361843902 5.691938501 1.046032215 2.883713120 11.205495826 1.337411496 0.471052684 5.492282944 3.208347802 6.753742965
12.569058988 -17.470105467 -12.865321390 0.105872222 -0.656030970 0.126970926 -0.736405339 1.261566205 1.943499101 -0.043560977 5.690127415 1.918798425 1.522878638 3.122115695 3.197475853 1.454278527 6.113024517 7.183590557 2.944440739 -0.570640635 4.105333358 5.080343406 5.201734879 6.234919988 3.798798475 3.362589389 5.137420441
4.761308594 -11.158892787 -4.357765097 0.757785374 -0.603765318 -0.151954632 0.195290958 4.224933749 3.739078945 2.192398682 5.053373641 7.470112111 6.306267703 3.802868170 2.002889502 3.781684468 4.301526538 1.777131618 8.263870683 9.403442585 -2.102082362 3.894477609 2.443179056 4.012934289 6.144764884 5.923932028 0.226186574
7.087582665 -7.954130227 -9.473266666 -0.693539631 0.318728479 0.010376156 -0.645993245 6.981090075 0.530212287 4.453983073 3.449432288 5.124753808 2.293807490 6.646448473 1.832596696 5.320801548 9.160109405 3.295681314 0.034150957 1.347733994 4.067762734 8.496571467 0.380278554 7.121755391 -1.977117406 -0.500652459 2.888227261
12.608992462 -10.280662965 -9.656872049 -0.760004481 -0.238211399 -0.195992471 -0.572044990 1.002126843 5.374936145 5.789068710 0.716229891 2.344779763 -0.909020956 5.250757514 2.047324253 2.980969494 4.081917309 1.280022246 0.442663567 5.644834005 4.644332562 1.410831232 -0.263583719 2.215293985 1.110043859 7.192741892 4.374300241
16.433930851 -11.943571466 -12.414077657 -0.708843009 -0.474052997 -0.368706754 -0.369960367 -2.564030080 4.345632294 0.855964614 1.107516626 2.283228007 5.410136725 3.070939136 10.921782437 7.025857381 3.102187838 -1.556773780 4.139689768 1.471123565 7.017720689 5.606494989 -3.282543812 0.589464991 3.755141008 4.132447967 2.925097698
4.778870223 -11.760101586 -9.958787762 0.088746725 -0.165065035 -0.386277189 0.903143115 2.833918243 8.877460734 3.465937274 2.899055186 4.770058554 1.733344633 -2.875235534 5.221839730 6.446763660 4.949680564 2.523541731 0.325983563 1.070596651 5.515216448 5.372338702 3.594298222 3.234810663 -0.408459071 2.996797058 5.832275786
17.104277013 -17.737545715 -9.697279801 0.434302266 0.875357255 -0.209303402 0.036377253 1.693761542 2.565334635 4.890817987 3.453624610 4.051739827 -1.466375073 2.186616832 1.228783770 -2.373395911 4.863605684 3.858284597 4.337747328 -1.476742603 0.397689010 -1.492633357 3.941644430 10.023769769 -0.742396090 -0.885475658 5.879820945
10.357856177 -16.256075847 -7.553600423 -0.998465348 0.033226467 0.000284845 0.044304292 5.653777826 2.137536129 3.008641341 2.671214646 9.707923293 0.103644394 5.751419031 4.461875678 3.005186150 7.099558536 6.425764400 -0.414388089 5.764373243 5.537343153 3.709675157 3.780744919 2.741423208 9.443934183 1.741782066 7.856012938
13.657044971 -10.724127982 0.510638868 0.758227010 -0.470400511 0.441220663 -0.095600664 3.803954016 -3.526928535 3.612037442 1.907608997 5.006523417 3.977405883 -3.588230985 4.743905300 1.403847441 5.620248019 1.190676633 3.281641615 0.955419231 3.218080324 2.104204965 4.883667173 8.897135915 -0.473256943 3.717370547 7.364500183
17.680281051 -18.029065071 -2.590573452 0.667798435 0.583117322 -0.457641972 0.067699805 5.476627364 2.996269126 7.121561524 6.294059455 4.990740605 3.527347259 2.687830088 5.988963336 2.690092954 9.279266213 3.886677657 3.820490203 4.157814009 5.475365556 7.911994645 -0.978906049 6.201616563 2.080938949 2.290252138 2.758377374
8.489785491 -6.761818005 -2.483817106 -0.689779164 -0.150309078 -0.351879273 0.614648569 1.663451833 3.437812590 6.202219367 3.772113714 6.824600176 5.012778440 2.697077491 0.465237016 8.559608095 7.573925255 1.131964863 4.400441320 8.605481760 0.567529792 10.014146622 7.308575611 2.118466072 5.599067780 4.837734314 5.029292558
12.387728276 -6.237444329 -5.676534714 0.447590154 0.502996611 -0.497433916 0.547007278 7.054495474 4.199715602 2.859028162 4.863984091 5.813559457 3.910250830 -1.201036512 6.004337145 8.152174240 -0.385398185 2.034474558 5.599705303 1.452052661 4.804662782 0.657642690 0.085443036 3.461456595 1.127589952 5.587460556 1.028978139
20.536430783 -16.261786237 -11.748396315 0.115350206 0.557338706 0.513333345 -0.642305825 4.669069858 1.767331009 5.491069723 -0.557034411 7.835550152 4.444763714 1.586994954 4.881668295 -0.814350919 4.737818376 1.587649146 3.438395041 10.663241847 -1.000285349 2.076567865 3.749619042 -0.273918825 11.499811119 3.990111616 -1.679466703
17.277158318 -21.473894291 -5.368198675 0.326744166 0.368998606 0.850934893 -0.181626226 2.944823675 3.894343274 3.874704486 6.052331240 1.027999436 3.708065707 0.763451994 4.482169323 1.291542166 5.844846089 8.635254941 -3.372120488 9.832193359 4.757560170 1.698109424 -1.188135317 4.781660352 -1.969224337 7.107151485 8.170915624
6.464479664 -10.418864439 -8.391023467 0.438971686 -0.312774746 0.088540802 -0.837637358 2.459042885 0.589546206 9.228164360 11.403589766 8.259030725 5.058751829 2.747254977 7.038738299 3.216935925 5.121802737 5.629272966 3.249113378 5.763883829 4.021337544 6.317677448 8.272666729 5.740879727 6.756626355 1.771646386 8.022351643
14.520119637 -6.008762913 -1.778810755 0.060070840 0.244525136 0.323037418 0.912275057 9.762482189 3.510364365 4.959187580 2.521728269 -1.731145015 2.009011941 7.429138895 5.268813904 6.607810290 -3.591377755 4.051479131 5.022576849 -1.394451174 1.610389943 7.226151708 3.735292443 -1.046012538 3.792426283 5.755518284 2.332402176
16.821486348 -13.791839093 -10.470093183 0.315861921 -0.252232975 0.790876592 0.459482307 9.241686562 2.357093618 2.477232566 7.334091016 9.362056330 3.079087192 1.866629713 -0.435542533 3.134495880 9.075274162 -2.079653470 3.308434766 3.364362088 3.320090234 4.808552656 4.647323150 1.794875979 5.146431747 4.113775867 7.542725160
5.662862114 -15.302840121 -11.209171099 -0.107660792 0.716858171 0.063098133 -0.685960744 3.639471255 4.692501842 7.637869032 -0.407085054 11.193696273 5.740186845 3.470538564 -1.347650943 8.340740838 -0.426057876 2.367735896 8.230468544 7.847117684 2.195155806 9.426415708 4.077663152 4.627626101 2.782931448 7.128049356 4.242643174
10.328948442 -11.592874141 -14.726454337 -0.168611799 -0.468533838 -0.425301855 0.755754216 9.281339421 5.074941861 5.406527397 8.760200595 4.856471815 2.183457148 2.433978838 1.065189427 2.844474068 4.966096080 4.722694149 4.654603689 3.173413744 5.545265696 4.824969892 1.844304876 0.426290230 4.741467778 6.013087798 4.953691319
13.492375299 -6.464714562 -3.874797161 0.003776583 0.813785236 0.568704561 -0.119643008 3.510492445 2.751627152 -0.950684036 -0.462775156 5.586643148 3.234894751 3.486243664 6.356722677 4.241523186 5.030005217 -0.106677953 9.334671330 1.727458620 6.145273713 4.375185758 9.254139851 1.636205664 5.591738131 8.395884115 8.338600484
13.386804174 -6.921532677 -5.718541695 -0.081360027 0.556462417 0.803391438 0.195684242 4.040024264 3.018740369 2.038211229 -2.590333959 0.909637601 2.582428846 4.215611853 5.617230583 6.090707287 5.414748575 -4.158957031 1.014086666 -1.451845151 7.067292283 5.842722642 5.414738050 0.439349077 4.277285541 6.537076055 5.430544437
9.850288829 -15.124499145 -9.463764734 -0.609055182 -0.745142827 0.137914719 0.234080077 6.390709958 1.796820827 -2.573340692 10.790528626 1.607487498 8.008251175 5.856081380 2.747560723 5.777269487 6.761413024 2.453065986 0.660563514 5.050057434 0.754088367 7.049179340 0.583255547 3.712581188 4.743693393 1.346254046 3.555499875
19.368933890 -13.217141531 -13.599388191 -0.415214596 0.632901168 0.183426094 0.627206360 8.360111080 6.061292114 5.268999703 4.305081584 1.190083833 3.156977156 4.724815990 5.568625730 4.492321869 5.732460596 1.782650481 5.460050864 0.133330985 1.404071048 3.379242542 -1.899591857 7.310651813 6.908042856 5.578963179 4.116542703
19.602233806 -11.261724859 -4.439260532 0.171133855 0.386640235 0.528330948 0.736266896 4.279185600 3.429556525 2.838684495 4.212799277 4.508120143 7.513833048 5.061515584 6.257663432 1.160513726 4.208959097 8.748864190 1.612340437 7.756406249 2.802467656 2.366823187 -0.897152681 5.723779079 -0.085134694 5.587269844 4.969753852
14.399899497 -21.092522444 -8.315660655 0.045809854 0.552421798 -0.671216951 -0.492137602 7.855703119 6.677514332 4.503100037 6.713357155 -0.231088310 -1.006623752 7.720907977 7.912031506 7.357933226 5.524897853 6.178902476 1.993122706 -0.902975490 4.191176672 -1.531267167 -0.543304159 10.102838860 5.439577494 -0.818981661 -1.389877612
5.035718265 -14.066141398 -5.666454321 -0.327811180 0.555764153 -0.432499516 -0.629769962 7.458783750 7.594001726 1.509038774 5.713824708 4.585373912 4.720107781 3.168892938 4.151527857 -1.220433506 2.255390172 8.626170829 3.785105295 1.874958935 6.220672452 8.578284632 3.292352751 1.198010564 3.829310656 2.522771781 3.482694353
11.085794059 -15.570412309 -2.287401034 -0.461927307 -0.170828419 0.866496073 -0.081396379 6.044337420 5.337528264 3.652096104 4.382274080 1.819224640 4.503770256 2.149336559 4.068905835 4.853281328 4.958378036 1.148488950 -0.283485934 9.145798380 7.273980391 4.638740166 4.746620277 3.994691630 -2.593845982 2.379542258 4.792291240
17.541812098 -8.956427972 -10.957553966 0.029584018 0.446628747 0.803551730 -0.392367385 5.717800550 -2.863042267 3.321915750 2.548637366 -0.165902598 6.802977158 4.289988844 5.698905171 6.405965664 4.907943909 2.934286189 3.810818263 -1.849707684 5.789019482 6.645884460 0.548250423 4.770020051 5.687757813 5.672030496 6.753487872
15.092662606 -21.180440916 -3.121189977 0.136794311 0.676431312 -0.534601026 -0.487780422 1.235632747 4.631845014 2.644544532 8.762145340 7.277873496 4.664597870 7.767076787 4.431991743 6.663265058 6.166263973 4.573956238 7.494840574 1.214810324 1.416075824 1.637305687 6.258301981 1.310663465 4.700091627 3.510422661 2.416886425
11.070548132 -21.124836441 -11.035609254 -0.044451041 -0.293281446 -0.022335283 0.954730974 0.926380450 3.297480420 4.292054028 -0.046282723 3.231764354 4.879978434 -0.979759965 4.404746581 4.257021167 7.660324429 3.835561543 10.927423372 5.829932007 5.996819796 5.875278859 1.116605219 6.390340414 2.825294615 2.268482113 5.111980199
12.967611507 -21.100595773 -6.881363327 -0.301442561 0.099643593 0.903198457 0.288853049 3.109509918 4.455158501 3.633218556 1.940764123 6.287535022 2.532495978 4.187967822 5.230529406 4.542323496 4.425239825 7.438673811 4.654667258 3.373326670 8.745609171 1.147950785 4.136193388 5.955151147 1.818923503 -1.306992883 0.568729842
10.420137116 -16.667619285 -4.871372985 -0.136486080 0.621607858 0.515592207 -0.573707153 1.387578636 9.299101866 4.540121596 0.435198812 -2.128250298 4.706355985 -2.191056319 3.957426439 1.346844628 5.063012081 6.340093510 7.116239417 4.679505957 6.184580388 3.905431143 5.730305318 1.702121593 7.614908771 9.272530430 2.666737522
12.656431948 -20.713878320 -4.438237293 0.437936500 -0.568086263 -0.688904124 -0.104406551 -0.919474227 1.361251436 8.506846203 8.286983603 6.242261915 4.160191757 -2.848553155 5.853756733 2.957175896 3.422412555 0.989083488 5.416393096 2.248662383 11.565666944 -4.013576573 0.701968205 11.226694272 9.076110239 -0.000874056 2.315546926
13.715781399 -12.484171997 -5.410173060 0.853102169 -0.408009535 0.031685730 -0.323637025 4.569086796 5.898302408 9.545602117 5.901637379 5.163031934 1.666849352 2.805858387 -0.414541633 5.199481797 4.177613050 2.729696546 2.522433144 5.323549111 4.482697458 2.089681573 1.680023673 -1.737513532 5.265120190 2.024700144 5.156265198
7.384446916 -18.785870649 -7.147718335 0.012206888 -0.898936712 -0.301209019 0.317863032 2.533292894 1.853632992 4.730880088 2.349623160 5.570514535 0.861886523 1.858432006 3.000584860 3.108856903 6.157763424 1.881829475 3.147492886 2.962721093 4.240138074 6.881399768 2.373666034 4.055884690 2.373487562 1.252953374 7.231609966
19.992312229 -16.477565897 -5.162097650 0.381590214 -0.610536707 0.539623836 -0.436394264 3.699601403 1.184168208 7.912165514 8.000536860 4.922154872 -1.717111504 5.671496801 1.357776052 1.373047306 3.158440014 5.894911401 1.533297570 1.571983278 -1.894555885 1.613970319 6.373328438 3.783292021 2.402537380 6.603326470 6.705639385
18.748680068 -13.043049198 -14.347216738 0.246315480 -0.923112353 -0.270481044 0.118457895 5.719626680 3.584539088 2.701000245 -0.457419324 -1.235263879 6.013919412 5.996231795 6.582883605 4.059482365 7.633170858 4.596035067 2.640510557 3.418766771 6.586753094 3.739887107 8.351097734 3.402958676 8.674096188 -4.997524799 4.373718394
3.481223843 -11.134830675 -3.656966594 0.362663783 0.804172118 -0.229416162 0.411278992 5.729792333 1.227043665 7.530616310 -1.738200917 1.067097635 12.085871288 7.642655343 1.551912029 7.316714697 1.072901864 1.330341649 2.765952567 5.413849154 7.304544592 1.959713404 6.027807744 5.792871392 1.848064582 3.645322582 6.100325011
13.804412136 -15.759722394 -9.144013628 -0.842974826 -0.019197968 -0.519364178 0.138873076 3.997284514 5.400918888 -0.259462670 6.727894116 2.886153270 5.630630990 0.473082709 3.803135719 -4.181547381 0.785661159 3.498705234 -4.356931550 5.290650112 0.487993358 3.295418929 8.022554960 1.406582033 4.096361847 5.973513687 3.784286446
15.915494961 -19.479575453 -13.186321495 0.641949530 0.524933590 0.252876761 0.498396299 2.923369397 5.303577450 3.065838867 3.245701655 5.613537653 1.627845340 0.066627298 5.993517722 -2.323855463 2.304056479 6.373863194 3.590946701 5.700202301 2.461924354 5.857459633 6.133210652 -4.976379149 1.836458921 9.708376238 7.587008381
8.866133890 -16.745101300 1.571448046 0.088076093 -0.637560976 0.490541395 0.587475739 -2.663870445 2.394477338 2.896912702 0.379632627 1.675637978 4.776339914 4.355580033 -5.240780694 3.599350177 5.358357989 6.343574531 8.671649657 1.249355561 9.742018267 5.158819609 8.227500092 12.131300520 5.467789259 5.292216723 5.368328849
10.736822936 -18.735073404 -6.766845527 0.530109181 0.238788153 0.714615102 0.388959805 5.681728682 2.261760019 1.739122846 0.449352820 5.470757585 1.594259510 2.075324288 4.079830009 6.815050308 1.307441986 -1.761665258 8.809433942 8.420378930 -0.330039799 1.089671358 2.073527977 9.251618465 8.944111936 4.191428050 -1.593136638
5.855717811 -8.755963166 -5.432194847 0.664721877 0.201881110 0.389953647 0.604421208 3.195985326 5.400816995 6.733650359 6.071035651 2.513868875 1.706389711 0.572845480 1.825140869 -2.789900830 2.621226145 0.845979579 6.897270494 2.670110006 4.867344586 5.691413846 6.574017776 3.520373029 2.483016990 0.278067586 6.992172712
21.217007761 -15.597490846 -6.698040494 0.579778487 -0.810036873 -0.082338212 0.030291747 4.275314262 9.413804869 9.750464574 9.232434576 3.589078370 -0.257804160 2.902784106 2.491362006 5.734309750 5.543469295 1.745989781 -1.258385572 -0.362351974 1.013966660 -1.457500590 4.620695913 0.553080786 0.390228712 -0.813326551 3.832006943
5.230305892 -11.223142584 -5.011516037 -0.095164909 -0.791930187 0.495807795 -0.343460114 -0.640227626 5.068405854 2.897935136 3.476282144 4.826963567 1.127543183 3.243028021 -3.204511035 7.167149510 11.271105342 1.209154787 3.987458390 -1.129144434 1.549152686 7.176661813 4.113722396 1.636206842 7.914631860 4.969293892 1.132868215
20.321245896 -9.509456437 -3.302995444 0.203895798 0.653456556 -0.088797925 0.723557850 4.588729887 3.043249027 -0.893359134 6.958083265 -1.663234820 5.312725038 5.105163909 4.870056040 4.868495695 4.912073582 4.486760291 7.481166070 5.273203654 -4.231244348 4.441595922 -0.699007907 4.060936784 3.890337998 -5.369156833 3.979483721
8.497323193 -11.322180976 -4.167183427 0.779919712 -0.423647024 -0.074453392 0.454648364 -0.723428177 11.658886572 8.102337262 5.322183098 3.890677771 4.224548687 8.809807564 0.419640945 6.842295803 2.470263574 2.176706081 9.020903758 5.994048207 7.966136588 1.941671763 4.634963957 4.587948027 5.947009554 1.513131748 0.017875683
3.676867511 -13.193150231 -2.733655482 -0.340624026 -0.221027941 0.066861182 -0.911400848 0.265157709 0.369333448 4.447656900 6.805678187 5.268485051 3.457130015 0.205739169 7.469112585 1.265479973 4.722872993 3.856587101 0.874432174 4.249854941 0.950589883 5.927999352 5.291924549 -0.049895500 9.766307711 2.612274468 7.545530720
13.186483541 -4.654858698 -5.984103825 -0.800901097 0.037472291 0.437638410 0.406971598 4.987741352 2.482528984 4.578598643 2.700530354 3.535992080 2.345790449 9.673619106 0.788572900 1.760750896 3.134292961 11.287320970 4.561136401 -0.875031361 1.025359284 5.333505788 1.768645909 11.356227926 7.608346648 5.414151038 3.851227950
7.780899841 -14.544385038 -13.379939123 0.499841006 -0.683501090 0.527204599 0.070996759 6.452156361 5.524480604 5.422252746 4.757813847 1.461845305 5.762587398 2.701631807 10.062507393 -1.825184892 6.566961571 7.386003064 1.009018238 6.853940123 10.963253078 5.897379460 7.330837699 0.979742878 3.240203931 2.410609470 2.518455883
9.698686563 -21.878337517 -10.058002337 0.171532327 0.401096818 0.472544260 -0.765767541 8.696841300 6.324453975 3.328100448 9.445232375 0.042133388 2.316542876 3.724033383 2.990864720 6.228736358 4.547943536 4.108001277 6.210282508 5.105513766 5.771928260 5.449301873 2.758129052 1.652469870 9.243160795 1.575254472 1.770006006
17.847009630 -16.432159710 -4.822718215 -0.337942400 0.150267567 0.216332327 -0.903556814 8.808102201 4.100731955 1.500936226 -2.365818761 1.723654986 10.150503495 2.649432183 5.890084527 12.615623245 1.292533237 0.908790759 6.407211597 2.127211485 6.404346508 9.416735337 0.692972367 1.563063004 4.878250260 1.810056027 5.548458032
8.318056175 -13.028882493 -0.922528446 0.618575956 -0.213861161 -0.068241019 0.752974338 3.283711051 6.300872740 2.982041715 4.936476404 1.906667900 3.468421377 4.350499499 6.779231522 3.513235813 2.692187096 6.525033690 3.003358496 4.322797179 5.646949715 4.682165340 4.528164480 5.663817241 4.966421451 3.853503607 3.032930399
15.656550404 -16.556348093 0.382461805 -0.860321025 0.302382108 -0.408763762 -0.036400308 3.827040015 0.418398376 2.324055391 7.237644688 1.891914864 1.159453585 4.882630645 7.174983929 4.108633365 5.222976813 1.843079608 2.134830236 7.334482592 4.599082298 5.709573306 4.830486592 2.709044057 10.615279654 1.001639111 1.857007544
15.444373930 -11.632152240 -1.242078403 0.138862790 -0.106027585 0.971663758 -0.159200561 3.102133145 7.769357344 3.988377949 14.431782530 4.888250693 7.258523344 1.525504525 6.652856635 9.240661790 10.608812267 0.214456169 3.925008375 5.417401221 3.047940103 4.932725076 5.253169633 6.750419615 2.937151349 4.117897614 6.847930714
19.298630845 -9.449117758 -2.209894564 -0.773801595 -0.066915930 0.616607136 0.128642880 4.658692292 -4.263728429 2.766038499 2.736600151 0.045300114 4.014180456 3.187997485 6.929176428 0.745906084 -1.219666595 1.839009510 5.486583829 -0.802078388 6.842075391 8.157744428 2.819623081 2.677836920 3.170355282 1.045368870 5.177147377
8.720137460 -7.547714003 -3.814455917 0.081939890 -0.958252874 0.231145111 -0.147000754 6.970169073 0.789076950 3.466000873 -0.148332897 5.866118030 3.358174497 3.163374758 -1.004908918 7.064912642 0.047348429 3.831128617 0.817250423 8.416266651 4.950028631 7.685783672 2.331023756 1.826920608 7.575528088 4.440871342 3.926381377
10.777767589 -8.850025461 -11.981278047 0.306081631 -0.776585542 -0.187409748 -0.517790032 1.378491090 5.865438176 4.720942206 8.049543778 7.297818286 3.084667619 3.716912177 -3.233921041 5.206126111 3.980588628 6.087902503 1.005184338 5.848573270 7.723175285 6.805383309 -1.408147918 -1.634248627 4.113010309 2.741626430 10.634440878
6.527884216 -17.517333420 -7.884549468 0.596968070 0.075485989 -0.612046981 0.513156391 7.505330950 9.107704885 4.348220296 4.953813479 10.299601479 11.396799372 2.093412697 8.929382934 2.123707896 4.503877649 5.784303001 0.825812657 0.236848901 -0.791598945 1.639180944 3.189600893 5.297294343 3.622796607 6.107453452 5.718363190
17.121774733 -16.986149308 -8.422479751 0.629809218 0.539233635 -0.559072480 -0.002323406 1.702160721 5.665510748 3.284861293 1.821569948 0.950639045 -5.054227997 0.605439841 2.942479329 5.887480173 6.390807706 4.723169221 3.240050052 -1.963266756 4.553947447 -2.245253852 3.467522411 -1.323284492 2.120182072 2.235858049 4.249612686
20.176467891 -14.337961394 -6.953223250 0.163001252 0.502220478 0.492595872 0.691776330 6.258997944 4.653629280 3.141727132 6.896897380 2.263489057 3.201888660 5.438026842 9.186312693 4.906022965 3.137707800 8.738393501 1.578315260 4.059735831 -2.112904331 6.024222633 3.972703081 1.854108727 8.820805197 1.399993507 3.671935523
12.137163685 -14.116047675 -1.905518162 0.086554379 -0.266516188 -0.921124614 -0.270197903 3.346796455 -1.390581769 6.701245973 1.740385525 3.996347940 4.498740333 7.217297885 1.574637746 10.648395728 7.195586432 1.633415649 4.639203038 3.727216809 -1.286517660 2.476602217 4.482501138 2.075257217 1.361972969 8.455444439 1.607409436
15.833053811 -10.790933828 -9.522129505 -0.264675335 0.019369966 -0.953330687 -0.143987404 -4.175487866 1.205527407 2.344624013 6.681582623 4.374470816 9.704522214 2.998215259 4.139348725 2.242453977 2.707943513 -3.659416675 2.502461484 -0.050678761 3.169039601 1.298014485 3.076372835 3.052025502 4.163127657 -1.165119821 2.173864840
15.815200896 -9.380724328 0.838592997 0.302263917 0.466725109 -0.809819636 0.187073127 3.233553492 4.421383285 10.622092369 -0.145606377 8.226775546 11.534371026 -1.674649923 3.431824202 0.079149254 3.529845165 6.764778124 4.545199592 2.562080745 1.412698495 9.011046540 3.699382404 1.359727314 2.545245388 0.094533533 1.009711592
7.906160768 -15.515546673 -3.114769265 0.185838759 0.977555254 0.094444404 -0.030494849 6.809274938 6.764313266 2.788392420 0.747403787 7.746825035 3.808607608 2.326086528 -0.485723688 3.227373428 2.633336744 1.590746140 6.517824703 0.724245071 3.369826319 4.363244716 2.399371192 3.549915792 1.814255263 6.430522426 2.127291340
7.643529834 -20.653353066 -1.621854595 -0.078327248 -0.484636397 -0.282888016 -0.823994403 -1.622577596 4.793239354 2.535625890 6.060267040 6.019252291 1.861774575 2.524254431 4.918322805 5.465069680 9.280779375 9.197047450 10.688653028 3.941564641 5.050357916 5.327616483 2.072890971 -0.699813811 3.385965145 8.628059077 4.783157247
9.154544144 -9.686760824 1.006513142 0.110760758 -0.064031681 -0.838103682 -0.530296347 -0.270786312 -2.471367719 8.392488636 -1.494771651 5.652542693 7.049236181 4.526399978 8.462306662 8.271622124 4.175250831 7.788474685 -1.093374912 6.832399863 -2.136977958 0.685196608 7.399120092 7.144512139 8.510014446 1.646189510 1.179742370
12.255107363 -19.624950072 -5.353248690 0.198296950 -0.799224495 0.064586239 -0.563690646 6.940048025 1.190732482 4.945079735 4.711355593 4.819732420 -1.434804048 6.104399323 6.838354005 1.701396518 3.999750465 -1.463889854 3.768530244 4.688577028 6.241667677 -0.247800931 5.390840495 5.887693242 0.362541787 0.497173906 10.817572558
14.417505450 -14.988983415 1.171186440 0.113304816 -0.869604060 0.162539797 -0.452251713 2.556171322 6.223897178 7.551893068 1.674808105 2.585198467 9.771023118 2.087206545 5.549724346 3.954538922 4.917436305 7.103811218 3.933220664 0.461721076 -3.974484134 3.278866641 4.874079880 2.761432289 0.861706428 3.694401045 1.804105153
12.852651630 -20.949524861 -5.167353848 0.823289802 0.511165536 -0.120846419 -0.215173975 5.721174388 4.873230262 3.297206965 4.456763855 -1.795378213 5.139220440 1.484007254 2.578009369 1.736636880 2.766682957 8.665305487 4.408688789 5.942784428 3.490581558 1.246105110 6.223710097 1.288077956 2.878731417 3.567515939 10.368447176
4.557013388 -8.690035573 -4.860750453 0.315404836 -0.502947717 0.183212737 -0.783579272 0.404759938 4.153954598 14.527481674 1.586029773 7.966538705 5.133138130 1.977953187 2.536961554 -2.023629368 8.374603394 2.105212081 2.845089250 1.812326855 -2.565719736 0.334013143 5.479412483 2.814526236 5.292854752 4.311889576 2.888324036
12.680733334 -16.306762414 -11.056747967 -0.416344924 0.387990907 0.680059393 0.462211188 -1.408574404 -0.283658080 4.067317095 -1.088314454 4.919845124 7.921422692 6.928939209 -0.110562836 2.588145153 7.083752350 2.848245868 -0.027372302 7.558665818 1.766527536 4.322274302 9.927723871 0.435392373 5.990332365 1.397249228 8.002592068
6.465682749 -9.640911817 -3.095737408 0.575363480 -0.736902682 0.353432539 -0.031886415 3.125689121 3.931959477 0.666820254 2.529649223 -2.030054768 2.769601138 6.226311541 4.732215007 6.753516885 5.065194002 5.405080704 0.535559422 0.521006463 4.034559958 0.669171165 5.138563894 7.891650894 1.877817326 5.314923391 3.567284370
7.018524588 -21.826174348 -9.358201729 -0.051668337 -0.315897922 0.212954746 0.923140922 4.207393554 6.812748445 6.225390118 2.070225631 1.965483079 -1.920866484 0.832135240 4.225629299 0.991866935 5.112380790 6.793839215 8.544554498 5.968881144 5.553895591 0.146065895 1.250688984 3.119329281 3.127851210 6.647664379 6.420437948
13.466531290 -16.539417485 -9.017756872 0.778673375 -0.321042628 0.514788952 0.159974190 -2.693663037 8.433721422 4.687520506 -0.934566329 8.242123292 2.911761585 1.355787805 3.296364165 3.981166922 1.952118048 2.835886467 6.389706480 -0.817005689 7.522556701 2.912518522 2.284376943 3.933900394 6.392734371 0.342968934 2.561207650
12.035598583 -18.150531877 -0.531873540 0.618032590 -0.605202675 0.468677367 0.179184167 10.976133662 2.614558297 5.502948486 6.065663477 7.283243575 2.957818754 6.410925011 0.304811285 6.290088310 3.250109309 3.159217145 1.385625989 4.334797766 3.952690803 4.599681128 6.076176934 3.649757515 2.587411918 10.177362966 3.407115471
15.327202421 -11.748251370 -7.772303857 -0.703048086 -0.523017625 0.443563462 -0.188221697 3.247487424 4.385924088 -3.311806977 4.676859242 5.033175439 7.443345249 3.399655902 1.046375144 2.703943936 5.060497941 8.144185757 8.924521061 11.258386935 3.180624339 5.357106922 8.673732826 2.990737084 3.218468715 5.231203196 6.952755262
6.287189261 -20.772185670 -7.821164450 -0.514681598 -0.269293601 -0.064099658 0.811464752 7.313279456 7.037909373 3.060260637 -0.315332541 11.555188764 6.358842188 4.172285016 11.680465020 0.474515047 2.371919666 -0.495404342 6.992562069 3.931545990 2.268127448 1.461381517 0.386611742 9.697821657 5.807052426 6.462263791 -1.179956146
8.070880134 -9.782977227 -9.776718834 0.287286563 0.792059896 -0.524725641 -0.121534162 0.805993529 5.500366956 7.652706590 2.165559440 7.303184219 8.129907841 4.849696403 -1.765843714 6.735297120 3.626121646 -1.759417319 -1.499199093 7.028867801 1.615172544 3.894097515 3.456141327 -0.848127779 4.056694950 -4.517862688 -1.029876713
19.422083476 -12.091784699 -2.510158862 -0.703031118 -0.356559339 0.237644306 0.567571906 6.245047536 6.423459213 4.038008423 5.880706153 7.097077473 6.293568342 8.106301212 8.253865887 3.593723812 1.947228988 8.469924489 0.624410407 2.400496400 1.559168952 0.624189683 4.480577090 2.589105450 3.424900688 3.770539238 2.689497128
7.823534377 -18.208314212 -8.574355030 0.405726939 0.239264442 -0.688283372 -0.551728355 -2.290121371 -0.367850597 6.334781554 2.042286583 5.529610702 1.651281690 10.666427529 7.200732961 2.754420303 3.557274553 3.446332759 2.185060996 4.351388474 0.336654404 6.692133035 2.529929053 3.997892855 6.521567213 6.822342577 6.032083907
12.925188956 -6.625463571 -6.153708419 -0.965804415 -0.143687139 -0.204901694 -0.067757898 1.620896860 9.680061444 3.736396787 3.178062381 0.098391365 2.594047891 4.419148102 3.902934070 2.556313981 4.904032786 1.876736304 6.303358706 -1.686391488 7.906684078 1.500317199 4.178604347 1.080933113 8.517634052 3.534699546 3.270991759
14.418469683 -16.706381917 -8.837139780 -0.503618013 -0.118440284 -0.464553808 -0.718700602 3.505849570 4.176939907 4.017743267 4.774593195 -0.043784874 -0.501995916 5.632158033 5.498390171 5.311410778 5.177493930 2.907132932 5.464985249 3.421651883 3.303779025 2.560934631 2.598422428 2.332832784 -0.876699911 7.777209291 -0.518283085
13.300287497 -13.120272067 1.163129883 -0.170439013 0.764648835 -0.435119857 -0.443771802 3.705931540 1.982717200 5.330760664 4.528752509 -1.585151508 3.606625044 5.991346839 1.206298542 1.251415386 1.738843552 -1.004570048 1.366618801 3.476977743 0.178329002 4.626695976 -1.597822755 -0.018887010 -0.357920114 4.241557050 8.735534908
3.970280366 -14.455987993 -12.350307455 0.324604607 0.043401514 0.598548121 -0.731087071 7.844482474 3.587099221 4.495995457 -0.942629039 5.005370172 3.569329545 9.025291366 5.494591988 10.120544363 13.047168195 7.164041310 -0.022394396 3.073186428 3.576558701 -0.338716483 -5.769459725 6.317155900 7.060528806 4.678770292 3.076792092
8.116493453 -10.429931858 1.078337573 -0.809679682 0.185899768 0.002042071 -0.556647032 5.945500859 6.044548727 7.483815977 5.226890668 3.244368781 2.888504362 3.593321568 8.432872403 3.726884097 3.641491158 3.495152455 3.210593730 5.134813669 7.995425071 4.112006624 -1.137345724 11.564983977 1.800127585 3.228392836 4.797665676
12.665462537 -11.354929766 1.866845195 -0.075395572 0.934125783 -0.208415582 0.279798991 0.902343877 1.707536771 1.185838689 4.647912367 8.554200673 0.007935768 1.425266633 8.883224137 3.572002354 4.770129554 2.517212951 4.963510278 5.342650593 2.942066953 3.446584922 2.357876246 5.249002827 5.679957749 8.183352089 6.784521501
18.820661898 -10.919310810 -7.757941526 -0.682156248 -0.160226263 0.569331505 0.429944222 4.677696579 6.498358882 8.359201231 6.814918020 5.372946138 1.100648589 6.266981541 6.456654109 1.909048669 3.544034378 5.212793631 4.081847261 4.777707597 1.639228990 6.862085878 6.611880273 5.150814289 4.220776183 -0.493070437 3.816744452
8.445104586 -18.951461912 -4.292680503 -0.187923029 -0.247669382 -0.702718509 0.639946489 4.131089252 -0.192386584 3.191772671 6.001998616 3.837784016 2.597521357 2.026638884 1.537119788 5.870520488 3.580775882 2.360802303 4.335182132 1.614866818 -0.044145061 8.103192456 5.208722315 4.035014203 -0.166999665 3.357319829 -0.619402825
7.970648476 -21.731451364 -10.163310386 -0.266706340 0.682205793 0.067836608 -0.677392928 4.160806950 10.034808204 6.963854117 -1.591806412 2.601121984 -0.055762281 0.863296313 5.988859551 2.328803682 -0.599409830 9.461784768 7.686716133 8.129803723 3.864024149 0.303180620 6.920306913 4.810695039 7.900075998 1.289992741 7.747404170
11.685997317 -22.096716702 -12.257295689 0.536027555 -0.702454522 0.348955321 0.312189509 1.179500049 -0.535941161 7.957163829 9.174565348 1.734702370 2.514743122 4.522227440 1.211640891 4.587525177 2.548305268 3.512674814 -2.469909952 0.603922855 8.419881651 6.815593463 5.409893567 5.517264589 1.552067968 3.692028756 3.181820996
12.261203132 -5.644434102 -4.414777146 0.450427293 -0.589173647 0.057957249 -0.668304291 1.790409853 4.898528821 5.302928292 2.991798509 7.314981606 2.142140391 3.707739199 5.160363746 7.747070831 6.222148112 -0.669748250 -0.563998292 3.255376047 4.757302444 3.054736704 9.428571731 5.016215558 -0.771502985 5.916773750 6.667378994
21.370319567 -11.558102235 -7.722843523 -0.775165830 -0.289961300 -0.545234282 0.133266494 6.193696345 4.798162773 0.213480379 4.770490505 4.536088935 2.551401016 -1.445981270 2.938778418 7.690458576 3.777133127 4.953909685 7.492710902 3.412678267 9.417881613 3.677616658 6.494831265 8.928738308 5.474082395 3.323346751 3.775292094
11.065934850 -20.401051211 -12.511386211 -0.987852027 0.067661462 -0.130100366 0.051421737 4.100054216 4.548320230 7.895730748 3.455428070 1.787754944 -0.309021422 3.473807635 2.223212234 1.629288151 5.152161352 5.283615014 6.975002521 7.765581904 4.765741978 4.261495733 -0.203579778 6.807048978 4.616191999 4.120093723 4.449586958
7.406814829 -17.062290239 -0.965217466 -0.476390626 0.480324563 -0.735088617 -0.044553448 8.391072388 2.828389600 8.265518945 4.235141743 3.949466808 7.391578247 2.686246021 -1.863083888 7.918624326 3.803748023 6.609206096 4.956844877 5.054927466 3.285895610 1.985252714 8.216874373 2.181612750 3.831007339 5.538172030 5.045551233
8.584509948 -14.029604004 -5.748291423 -0.403220322 0.502284237 -0.761873732 0.068354470 -1.124581666 5.356622948 3.166737238 3.646433804 6.261577920 4.673756273 5.448209736 3.607401183 -2.145164365 7.566179019 -2.099659369 6.304083813 1.709693341 -4.130983548 4.076408940 8.557672508 5.329248422 1.142593949 4.371824065 -0.774028485
7.227234949 -13.888832517 -10.364501329 -0.554590329 -0.086193960 0.221584560 0.797433666 6.314200184 3.088938439 1.670740756 3.301868290 -1.310721536 1.191867564 3.921402054 1.282645968 10.659508358 3.541033094 1.267754525 -0.540599062 4.965369190 2.713397784 1.163053715 1.597263336 3.972382636 2.105638680 2.624761503 6.245943818
10.321321951 -10.371832076 -3.698220537 -0.503638943 0.343353991 0.784757521 -0.112300874 6.000200539 3.704535402 10.441377228 1.487792988 5.519196753 3.591062257 1.123318288 4.050390301 -2.228873689 8.758742249 5.365101722 6.019314514 5.374005245 5.532993962 2.484837741 3.041628344 6.079633645 1.991007140 1.970783241 1.711148957
7.580558946 -21.204572178 -8.883959207 0.272686680 -0.152991161 -0.047911877 0.948651744 4.185002278 10.161178863 1.547151551 1.506335862 1.508121824 5.410262587 4.578992346 4.467810326 2.794352560 -2.326497352 5.764014231 3.859887193 1.033575465 4.019859928 11.972421516 -2.002077515 3.420518240 6.382954146 3.554786247 2.860755245
8.249335546 -14.663308066 -6.227904838 0.478419042 0.609072424 0.344636777 0.530444620 2.935969555 6.610566776 0.582856531 1.821556441 7.547076409 3.106282554 6.276122574 2.317287736 7.669007276 3.325116868 6.174348362 6.283474051 4.313514961 5.359940209 6.693070564 3.896978305 4.065390682 5.305193843 0.476120552 5.033164055
13.068852254 -14.674697146 -5.985173376 0.366123015 -0.415737661 0.694040725 -0.459808229 5.075157514 5.806146442 2.229605433 2.807441769 1.730747953 8.879850103 4.876937713 5.150742352 5.819198697 -1.505196240 -0.538886687 5.090558896 3.234201271 6.846228956 4.912163864 4.490690985 5.529662881 5.404485309 3.914429433 4.219464203
15.782992972 -6.551675767 -5.617475255 0.393250038 0.086432562 -0.560238144 0.723890214 4.778062313 5.120534044 9.481279956 4.408069791 3.818507999 7.144933605 7.289183078 1.411104099 5.745208211 0.325824686 1.703284433 -0.269694686 7.356345204 5.036812749 8.939276241 2.937106776 4.254343304 0.971468424 -0.835488625 5.864102935
13.898950554 -6.746876739 -4.453136864 0.409292122 0.544268161 0.663445070 0.309988334 2.713223135 5.347072541 10.952421056 5.576062481 3.967426546 4.100049705 5.635854020 4.333174991 2.803513835 0.518930079 1.439305203 9.540661112 0.625461666 4.723224652 4.368805547 5.365033174 4.568402801 3.442765745 -0.597049909 -1.348774310
10.721331158 -17.705755130 -14.013556563 -0.134499737 -0.115928872 0.885758331 0.428838544 8.651294370 -3.012481858 4.586362633 8.835740890 5.600940179 5.689344633 6.534787138 6.255531492 2.591131471 2.673285059 4.676563081 9.604437942 3.563752420 0.685913547 3.243796129 -1.746394883 4.430936066 1.098148616 2.195926174 5.773133216
7.166263107 -21.395093491 -4.409802594 0.843806034 0.314892947 -0.309488765 0.305041822 1.842184141 -1.953529537 2.538450566 3.555025342 6.725051366 4.921801074 2.524327656 1.886691076 3.637478397 3.101342499 -1.498299913 8.481373027 6.890346740 4.062235562 5.553128916 2.177543476 0.151649869 7.450982305 8.718567545 3.507731046
5.213600596 -11.948732936 -12.541770782 0.406563856 0.547696653 -0.708431485 -0.181270623 1.473533837 5.935150419 6.986218395 6.542118905 4.063964220 6.598399624 0.946416625 3.820793137 3.169864807 3.144485020 -1.119537299 3.156022870 1.126545095 9.935120300 5.503628578 -1.029681420 4.187682372 1.797159406 6.959754699 1.900793152
19.483422156 -16.033139744 -12.484705803 0.767100853 0.615260395 -0.172285070 -0.057695606 4.894796275 -1.094950236 4.848762724 1.240014425 0.897523703 2.145056141 3.890410342 5.769380324 7.312900259 3.096537519 2.578210957 3.826177480 -0.061256122 2.385449259 10.027664633 -1.328604524 2.750558667 9.567983285 4.953817736 3.075199707
10.149288513 -17.935559797 -3.665069879 0.256191056 -0.852126313 0.032337908 0.455193529 2.822798394 -0.225046989 -2.662180086 4.103911834 3.066807287 6.588705858 3.192893751 3.349995838 1.133752657 -0.227351992 4.237034240 2.156379274 5.645031580 8.194908336 8.402249531 1.671934034 0.123423757 -0.090329619 0.526113268 4.566475102
14.403972816 -4.749937476 -4.377522459 -0.041036163 -0.355701170 0.413324002 0.837231139 3.045982824 11.177997510 1.607934807 5.172012971 -0.091657236 4.622004797 0.109695130 7.562716146 -3.125400409 5.476103479 3.777753162 7.050307587 1.731333083 2.129241220 9.234110699 4.072430644 -0.103419435 7.158765761 0.646776321 6.454723916
17.273893307 -8.268578373 -6.185136748 0.308196372 0.208021473 0.338535749 -0.864370065 4.496400050 6.176017889 6.347110100 4.771702696 4.661096859 3.230526018 4.074804478 1.870533246 11.661241300 0.029663344 4.441899796 -0.610741081 2.811563918 8.770531740 2.191899657 0.163388938 3.988971314 7.592257712 -0.902236495 3.864377177
17.176595085 -16.313080895 -5.391838331 0.181558313 -0.842901576 0.339428522 -0.375954507 5.548510480 -3.160903642 6.566251510 2.701345068 10.049632937 0.419895435 5.207106410 6.477160370 2.921425000 -0.794645694 -0.364358914 0.079576484 1.169977437 6.811084688 2.134647407 4.478761864 1.620171247 10.194696010 5.127702423 4.313799326
8.752124295 -18.684235040 -7.516721483 0.740720407 0.368232538 -0.335262467 -0.450929212 0.940244945 3.316209293 9.680867098 4.693219306 2.065388381 3.280783467 3.111725351 1.899074702 4.170183775 10.654145857 4.988227549 2.706675257 2.239011995 3.887615786 -0.137757308 2.491307132 1.271204698 4.562094447 2.319618756 4.463206514
14.443629810 -13.440214577 -11.004162332 0.149004667 -0.751985026 0.138263236 -0.627056144 1.772959740 4.336833797 6.075456474 2.733312037 8.230334470 3.850385667 -0.379737880 9.207112159 6.796089466 3.082943645 5.309041003 3.622587344 3.693312503 3.445133999 4.872787001 5.786294031 8.011110480 5.638354114 8.209341266 1.006792567
19.975046920 -14.629321596 -1.321498115 -0.645849802 0.416604749 -0.049465969 -0.637864903 5.336040909 3.235214081 4.353068249 2.971164758 3.612248142 1.422809752 3.331688966 1.292866364 5.040285440 5.051785284 8.340490414 8.486268699 2.446864290 7.838825065 1.801586161 -1.567383219 3.821049093 -1.505408059 -0.447990655 7.646398084
9.372512446 -6.924008424 -10.248295473 -0.848643832 -0.145077551 0.135209329 0.490382084 9.526110060 4.460297650 -2.371789102 1.105658658 2.782780434 5.113886645 5.431297739 3.974990594 4.989924191 0.026459121 3.956890316 5.442762351 12.502566678 0.435989034 6.164049223 7.882450148 5.647572837 3.130326904 2.211150456 7.510633570
13.273467276 -22.394616206 -4.397706655 -0.960295503 -0.215256930 0.175820699 -0.024167799 0.619900448 0.570184824 0.891814546 6.634641252 5.788383163 1.767640686 3.576430323 2.514986556 2.734939093 4.302906032 5.602312674 5.864998897 3.603387957 1.895899630 9.333404241 2.229284704 4.708657343 5.773232677 5.937551183 5.249434244
3.649237107 -12.417094643 -3.290679191 0.310070802 0.875641291 0.184965286 -0.320774484 5.545021559 -0.491264951 4.823332308 5.225841985 0.392576049 3.407120369 3.669202890 8.179109055 -0.585799169 5.146356369 7.478597580 11.480881682 5.041818907 8.421177010 5.726175793 -2.283003311 11.113280557 -0.064034799 3.222190741 -0.332351916
15.877931100 -9.481776512 -7.489791128 0.116332206 -0.122060053 -0.385101156 0.907339661 8.426995635 -0.305056961 3.650883398 2.639288890 6.890471791 4.738996802 0.891861681 4.836613309 9.199901761 2.897573268 7.603580108 -3.661971376 3.465742695 5.260937059 4.133236905 2.108159750 7.765682828 3.467116969 0.317609881 4.395506257
4.443910927 -17.681824819 -6.978367917 -0.249622207 -0.743470305 0.226604149 0.577573562 3.924284605 6.589880633 4.590306408 -0.154868346 5.292611972 3.142135194 7.683325759 -5.048760044 8.033327562 3.610810671 1.408383352 3.755629715 4.642235337 5.790463647 5.988497706 5.245754427 3.668518070 5.976496910 3.794959095 6.281577208
