17.725095660 -12.296201902 -1.370020609 0.453586793 -0.101721744 0.787045211 0.405550914 1.162699158 2.249169144 8.248667544 3.424855926 9.608659467 3.456602920 6.777484847 3.352728789 7.902171629 6.342012830 5.743624722 0.353813229 5.360877387 1.054300765 0.944525439 8.513833799 3.454216143 5.745890615 -3.413701996 8.648293531
7.496606156 -9.779776803 -11.372386692 0.253705869 -0.901290093 0.351030667 -0.009325805 0.868770219 3.456630214 11.093320325 -0.460777200 -2.196762134 2.313472932 3.269607415 4.672736710 8.600910878 7.485889918 0.794972281 4.463264221 4.917018460 4.851538087 1.375806509 6.574097203 2.209744681 1.763838404 -0.092249147 3.487156037
18.000071525 -12.879145873 -5.503398487 -0.041825063 0.692127567 -0.463311461 -0.551862832 3.535562768 0.248749007 3.370745330 -0.218813583 -0.327627272 1.664527981 1.018758162 0.447858760 -4.815006507 6.191437926 -0.601434700 3.841715122 3.816299902 2.526860225 6.096854430 0.583356582 4.707461980 1.003875515 6.593403396 1.651738233
18.972401333 -15.907802018 -11.317894695 0.030408375 0.801646167 -0.596787595 -0.016832113 4.771256774 3.640495592 1.512257903 2.906446696 -0.808296284 7.060521749 3.919508510 3.726893658 5.763513354 4.734191945 0.757688308 1.123902965 0.202569291 2.328486279 0.319672072 8.103025056 3.944322934 6.137197724 2.928345916 -0.599515139
8.696253439 -11.585094440 -3.042617519 0.281384355 -0.948848447 -0.112630850 -0.088452027 11.048891815 8.489062625 -0.279288747 -3.122702157 4.915919757 8.600535740 5.735417096 2.419400961 3.966252656 1.292036319 -2.867557714 3.728547413 7.458646616 3.713767921 6.517064900 5.317527799 5.975245528 2.097015236 2.822749981 14.525185771
17.242660748 -5.736672657 -16.772386895 0.689784008 -0.228263238 -0.126635882 -0.675320124 4.279624180 5.160093354 4.276855073 7.832266905 8.684708600 5.658065479 4.607654288 8.748675083 0.082843474 0.929355012 7.991719742 1.674359755 10.370524275 2.641044654 5.901552271 4.497231671 -0.600027022 3.507948647 5.795182009 0.108619148
6.797546728 -9.660248318 -7.036082486 0.119589516 -0.187357952 0.864931368 -0.449987859 2.275504575 2.730242151 2.135498871 3.181334020 4.904876287 7.463951324 -0.157732987 5.249625248 5.692860068 4.257649385 7.337001086 -0.269963018 -2.518870820 4.931496454 7.759158680 3.169502083 3.333943907 0.779498463 5.327879069 1.434492502
10.235425960 -4.137545600 -9.023132636 -0.051796650 0.306382544 0.797669648 -0.516884876 4.499223864 9.293622048 3.721603617 9.134371251 6.126496961 1.485326446 2.932362294 4.257981554 0.677287292 8.812550143 12.281670190 6.218428533 3.647592968 2.783869587 4.790066163 6.041046583 4.208570876 6.634910623 6.181464898 5.662423345
4.842472661 -14.819748125 -10.061666688 0.022366753 -0.542236067 0.182678909 -0.819822049 2.268528487 3.927582889 -2.764124905 0.186214145 -2.150830955 5.540586807 8.739620616 2.279986814 3.378612877 5.679039776 6.527884137 9.276644345 4.039015011 9.088811793 3.723374374 -0.728165387 10.670152479 1.785460013 4.933838547 9.165952754
10.306423694 -6.635299454 -2.383573097 0.034714224 -0.588836095 -0.620586277 -0.516662026 7.393109973 1.494743429 4.834461774 4.071722072 7.768656193 6.534102873 4.319282130 -1.110506901 3.318292519 5.407188876 -1.403540995 2.914043909 7.265335727 4.936868978 -1.661912477 -2.674149450 2.289809888 8.384475986 7.614462015 3.472609999
16.359977809 -7.740532141 -13.190070762 -0.314350056 0.017074163 0.689972456 -0.651790246 6.231535063 -0.248612316 0.037893964 5.467992645 6.102084458 2.129515762 4.784625036 1.882081583 5.487886301 6.956334555 -0.200342656 -1.173942370 3.792629457 4.449629305 2.221701031 4.974206851 0.465218687 4.162926773 4.891616612 0.585554755
6.678222410 -4.500626331 -6.554176167 -0.053311931 0.578080134 -0.805186832 -0.121059332 4.321905414 -0.829076998 0.550921804 8.127813898 5.054982086 3.479893416 5.594145762 3.777396204 3.903861048 2.128626840 0.757085285 4.493341992 -0.917268057 4.326510201 4.771560091 -3.807496355 4.483769683 0.929538030 5.486787163 8.067754523
11.314247917 -16.450201388 -11.322467612 -0.162546722 -0.074633515 -0.983424413 -0.029746013 2.737765885 3.019398542 2.042607315 8.879293837 4.254698641 8.625517418 6.525231458 1.686340886 -0.736652224 -0.568109143 3.419894053 -2.167300078 9.169096478 0.146114999 0.275238605 6.914021994 4.289403942 5.775591220 1.953197695 7.873051162
9.857451148 -14.500244869 -9.162592296 -0.700636194 -0.027458459 0.648974161 0.295275287 3.432280879 6.028245969 -1.212464365 4.556558568 6.871038911 8.751946494 8.991081699 6.889946825 4.807101138 12.976151017 2.210163967 -2.281897800 5.102241582 3.868392818 1.866410696 1.658008052 12.071963919 5.991324159 3.096175425 5.021710726
19.402423742 -9.152447394 -10.452462604 0.474868483 -0.711933150 0.073814699 0.512057129 1.035612029 3.016912489 5.177880861 6.356861573 1.431532964 3.056200381 1.580511548 2.782099928 7.414428162 4.454807557 3.274298867 2.190115417 6.584613279 7.070663600 5.050791313 5.947966519 3.130926502 -1.796599855 3.130516665 6.748173716
14.783831028 -5.015989923 -5.974106934 -0.435996253 0.457126842 -0.330576999 -0.701185543 4.243373369 7.424561340 3.358485803 6.629905501 -0.467239165 0.208790449 5.619353908 -1.839915588 5.573574240 2.933771494 4.490173184 9.754252186 2.636784336 7.381303215 2.831250606 5.154404007 2.050433368 4.401123165 0.565902597 4.606854843
17.998159642 -10.239052600 -13.653597502 -0.025540738 0.762621441 0.442123082 0.471469393 3.911151131 -0.163799512 8.085753685 1.055148629 2.543549084 7.687935882 9.487044296 6.247282100 5.847723065 5.888420872 5.837852432 2.604334027 5.116409521 8.352404816 6.959224939 -1.893996782 3.926188506 -0.487951586 0.439820937 4.785376106
12.770337829 -4.976654726 -3.304568592 0.122336611 0.364360706 0.548580650 -0.742518889 5.653838590 7.398111660 3.078930071 3.901659518 0.450098064 3.422464056 1.518099680 6.756567866 2.079277300 7.590465716 4.337749479 5.696963242 2.721176327 6.063301952 2.683463989 5.360080704 10.716598163 -0.310873822 4.135226768 1.726560649
20.035234079 -10.231706937 -11.660166178 0.689629110 0.090940122 0.379601101 0.609954579 4.246051059 7.222478682 2.162737677 1.074272201 2.470096440 3.157375807 3.529064947 3.037356745 6.229085436 3.219840975 2.456273490 -0.821179719 8.471884101 -0.455043569 2.878682596 -2.321718103 0.847883974 6.947097854 4.638413066 6.383249147
13.312915396 -7.063332742 -15.293192431 -0.340895329 0.729414117 0.530012062 0.266144010 -0.262507246 4.128563798 5.669733437 1.586025579 5.326198833 7.467744185 0.731270985 0.720315354 1.106115220 8.076932651 1.114372838 1.757013230 3.348409509 10.318729727 5.167640612 5.107467013 1.857328693 5.902519232 3.727392967 6.054411041
11.570035758 -5.718060453 -4.223759388 -0.085338921 -0.221581367 -0.149534346 -0.959822091 1.270663610 7.704646511 -0.281630705 1.784261676 0.760764019 2.392680387 2.246546241 5.925921272 4.927724987 1.543813886 -2.711854185 8.368055234 -0.285043165 1.373665890 9.003749868 7.756253884 4.946015205 5.167917436 4.350058656 4.769626607
18.105166226 -5.783082770 -8.097009134 -0.538063450 0.668680187 0.112388722 -0.500722783 2.659447160 2.792443301 3.170040920 10.647551026 6.412582323 6.676002295 3.348900549 6.648970889 6.959583307 5.163098550 -3.381288311 4.311135564 0.697319123 11.618339139 -5.602612487 7.872045059 6.150238963 5.756375613 7.969510523 4.102577392
14.440963111 -9.132989823 -12.724629922 -0.478714987 -0.825964147 -0.173167600 0.242132548 4.945828633 3.160630462 3.399643914 4.967100592 9.737909410 2.604623389 4.979537761 4.408428723 1.336465272 5.245440096 9.351213905 3.400988687 11.177595092 4.120174461 -0.657192106 4.257289401 3.830893387 3.267955628 3.497167588 4.175834259
16.594390115 -8.782037292 -13.361681767 0.954499646 -0.057402997 0.273530973 0.104000620 -1.111309771 4.660478721 3.223162642 10.232646192 3.922070723 7.498573539 3.184178239 3.430984864 7.023965602 3.936612058 7.765695995 0.290078386 7.364042274 1.855361490 2.506510140 4.173439442 4.439944769 3.761629536 4.918857686 3.217711489
15.293922847 -17.707094403 -8.484194334 0.949980775 0.304674829 0.058296518 -0.036211754 3.523100632 4.144240673 8.047282890 9.662124769 4.930797329 10.442741746 6.961933285 5.754243257 4.502196435 -4.453553838 7.624706487 7.060733571 6.977985447 9.015213050 5.252703943 7.130363997 0.128863120 8.069071068 0.315250668 1.759379737
7.400388009 -13.900304267 -6.106444570 0.893501128 0.088539812 0.135587004 -0.418846750 0.503204141 3.716904688 -3.949139914 1.588471280 1.933235360 -2.032230803 4.490424419 0.190169104 5.932325816 6.966238964 6.327576011 4.300554843 4.804405597 8.113297467 3.940039530 2.539073981 4.044308185 0.622164468 -0.281423660 3.506667949
4.603661915 -8.777580014 -7.199581388 0.436697583 -0.584357194 0.200496610 0.653928896 -1.144826642 -0.586150420 7.694266223 0.415208607 7.207728303 5.506278868 3.334508107 -0.170321273 3.825744753 2.131609726 -2.318670940 4.145282033 7.012742673 7.646310551 5.535862983 3.204597511 6.118642869 2.239597531 3.691782982 4.593368352
14.644486394 -11.591476973 -11.644129220 -0.351805077 0.219865221 0.615972817 0.669678999 1.026164347 -2.282707070 3.048643490 0.779251187 2.243018328 8.053604631 4.196655635 -1.327359729 -0.476424819 6.226769526 7.566565202 4.795432810 4.418518264 4.144740408 0.578692863 0.766543253 12.768559995 7.213474775 6.851788114 5.314296455
8.771474937 -11.130724227 -13.296023592 -0.423454107 0.733887338 0.484379734 0.217881316 4.987689612 3.821575876 -0.995660020 3.528067773 6.285474108 6.294241083 6.958994000 3.956490101 2.538317345 7.402419011 6.211512105 6.156746156 -0.869015439 -3.995072555 8.609387456 0.270337177 4.989369804 6.169469137 4.622263186 9.663442821
17.595130520 -14.226576449 -4.655038908 -0.262126902 -0.950231513 -0.102460114 0.133609446 3.672188659 3.860320094 2.247511003 9.730017674 4.933489198 0.913508056 6.341872757 5.022257795 4.015154758 1.189243725 2.987055941 6.730635352 0.094263171 7.750986593 5.955942618 0.974189903 -0.434569757 4.115635694 7.932638505 4.599418132
16.294371951 -2.193875612 -4.635508447 0.495575251 -0.804759572 0.002279061 -0.326744561 7.119241697 3.018514390 9.149208111 3.112395556 7.132646293 7.288703515 4.867802466 1.840091212 -2.305112774 -1.807508503 -2.596083624 1.689630992 -0.190675200 2.763236235 5.617676345 10.171015178 7.058235330 5.273825791 3.226050375 3.461349737
12.671482772 -15.749812454 -6.161691722 0.855225852 0.091734855 -0.506454200 -0.060643234 4.465147680 3.490949124 5.439009989 3.247711293 7.895552732 7.310190275 5.162927909 8.335203951 2.457223484 -0.720813741 4.325650725 2.990055752 5.825275346 6.783441224 8.213282947 7.597188790 6.192224998 1.798129275 7.137942666 2.179084959
9.461859118 -4.096255511 -5.795949488 0.345568505 0.592060923 -0.417379885 0.596523514 5.629317373 3.076739723 2.744841946 3.539717872 5.376581651 5.478163816 0.758425848 3.394580299 2.601596221 4.007427360 3.663860230 7.001598311 6.125320013 -1.194667078 0.488274502 3.026142904 -0.735192262 2.093702759 4.238935398 1.719929564
12.552125522 -4.551089004 -0.588694906 -0.170694416 -0.340618712 -0.693989875 0.610917640 3.545679458 1.350305471 8.213093428 1.714088191 1.035812536 1.623012025 4.794718882 3.709302978 4.410024547 8.185739771 6.177826861 8.464117819 -0.152317101 3.654495736 8.398004767 6.724525366 2.285349201 8.801079113 2.289679944 3.471605588
14.969497407 -2.109091566 -5.663547540 -0.802910379 0.316769007 -0.350856880 0.363169064 0.093696188 6.006549411 10.048176345 1.851503828 5.404474572 6.050528281 0.773527660 3.277330584 3.803987873 8.339322290 7.033736540 12.931811328 4.316392254 3.175507052 5.585781191 2.919062516 3.180141001 -0.532088462 1.706240088 6.705841494
9.322146132 -2.257274356 -9.050071067 -0.043866181 -0.569762099 0.763827551 0.300023969 6.243683673 3.646479864 4.930303870 0.564211874 2.829717970 9.607636538 9.114298779 3.212104814 5.503051462 4.205556071 6.487433173 -2.582047532 0.610554181 1.813787324 -1.011610532 6.812095704 -1.040918146 2.764202492 -1.198453604 2.878532529
15.789385879 -3.355156973 -14.930167212 0.375514171 0.496837155 -0.704254437 -0.340833736 1.989010469 5.343117396 1.042809785 3.245562792 5.132036577 3.440084799 4.509277639 5.974462947 4.538326016 1.002785562 1.112493159 6.197054465 10.197478643 4.406922971 -0.781140397 9.457721688 5.660846016 4.854899028 5.827441789 1.700493077
14.526953834 -10.499675544 -6.899134944 0.228911358 -0.725340376 0.380152287 0.526274803 6.668019583 8.129815714 5.584445289 6.194910436 8.617333079 1.443906845 6.269286656 0.141474316 4.604726274 2.543606832 0.874937868 2.452364846 1.095806587 0.881045799 8.492493972 6.129828618 4.198425328 3.830715010 5.219527933 3.313236189
13.986113765 -16.911843993 -7.435553963 0.760126284 0.533443503 0.058860333 -0.366307962 3.845002991 1.232089529 6.364697164 6.044296213 6.256576114 2.422256963 7.617721659 -1.671847614 2.985991521 4.366808502 0.160914571 7.309512133 2.959798731 1.799098868 3.735548873 -1.938219231 7.370154570 8.291421885 2.692574020 8.530701417
10.432479970 -8.831947188 -8.753534122 -0.015205017 -0.901847408 -0.066775938 0.426592351 1.979694549 9.269515366 -0.929232659 4.467610015 7.195413179 2.682206281 2.287153844 1.476074102 2.638398968 1.203826459 2.670006574 6.495805910 3.701251933 5.016777289 10.394657401 6.174169784 4.056228276 10.277371504 6.252414420 1.701216003
10.169623510 -15.651632944 -7.428884618 -0.661942348 -0.711479341 -0.025022156 0.234527969 6.508635381 0.121599542 3.340043856 3.991504519 4.298258066 2.359938623 1.969506181 2.230369870 0.138825886 5.181021422 8.466550677 8.583473064 9.037460212 0.748588994 6.517472881 5.337223996 3.111026842 3.252445298 3.848302330 5.955636880
16.139922473 -8.797165237 -16.750251493 0.059720679 -0.556659219 0.825897648 0.066760981 2.928354163 0.752171454 6.320894849 5.284166303 -0.249698437 3.564414554 8.186203588 -0.235377162 3.117866086 2.630528758 5.423506503 3.949260094 0.377363806 3.671318310 8.754289909 3.545568868 2.932803542 3.526743888 4.621817131 7.407440401
5.739840943 -5.314109811 -5.391443580 -0.704589126 0.003796105 0.148826539 -0.693823043 -1.052725821 1.761193981 8.323985841 5.280613233 2.275062033 2.890011627 7.657130118 4.895552342 4.809249731 0.367256224 3.920158712 3.061253313 6.271293386 3.608259428 0.238212755 6.870673423 5.890402336 3.346949334 5.422416319 3.612112189
16.597912587 -14.328870206 -3.974502541 0.335115109 -0.025870890 0.874070104 0.350756347 4.307432869 7.962553954 7.792601974 7.484056950 4.768323450 -1.101783704 3.979787117 0.132658411 2.956532016 2.225462176 4.064722860 4.621223437 1.080324436 2.508500421 4.301142992 2.518323483 4.345428177 5.374561476 6.449439425 0.164546945
7.019271671 -5.248630961 -14.422834370 -0.544493026 0.403126914 -0.393077215 0.621696340 10.344354501 3.451981579 4.451930632 4.837662625 -0.174032593 3.202335311 0.328592744 3.109403033 6.725402265 8.106980382 7.620901891 1.264697714 7.373905538 3.710711234 2.630492455 4.246284871 5.578434016 4.738874052 2.780223849 6.512206084
6.870042732 -13.370543960 -2.075020686 0.715558678 0.164932594 0.589257726 0.336969362 0.453962901 1.817247927 7.095264846 6.827798517 4.232211085 1.212718306 4.782002542 0.206830762 7.429557789 6.090030022 1.473708187 5.438468760 3.846575680 6.870172379 11.613429885 6.616718326 6.710769673 0.765355484 4.578115153 -0.393689643
8.988439610 -10.690492696 -3.527560217 0.382354647 -0.705304815 -0.445746281 -0.397064598 7.741949721 8.398079821 5.277344707 1.783551068 6.826072310 3.993447235 5.622211369 4.447352376 0.896948129 3.647448509 4.307444500 4.990770713 6.688555773 3.568437568 5.551367967 5.231361808 5.547051810 6.823604727 10.389881714 4.004256002
10.464931092 -11.748586959 -1.499725916 0.508828044 -0.220064934 -0.502976085 0.663084085 1.761119198 -2.789739821 9.382307914 3.854408874 3.676338294 2.325549781 4.491794075 9.464618895 0.985201749 -3.652873979 1.647362777 4.071930033 5.905419086 2.377403398 6.432327104 3.275891771 -0.654384073 2.641389535 1.089746905 4.378175211
14.368827872 -14.510053260 -15.182316601 0.637127218 0.667908924 0.247406056 -0.294545107 6.475524623 5.112367652 1.586495752 7.714228847 9.182910582 2.925276005 2.982937273 3.885874222 9.934698162 3.752432321 0.971001471 3.639299439 3.573174481 -1.528993372 2.965040780 4.852766802 2.984404516 5.667730610 1.641182142 2.905433956
17.237406927 -12.146307993 -14.751517999 0.507170563 -0.765958561 0.298503466 0.258807231 4.190324252 4.712095735 1.995178347 3.370615017 2.502811521 -1.758456907 1.321755235 4.171116004 1.011462850 6.967160308 7.629837142 1.378715880 7.724938744 1.576832099 -0.258158620 2.796647210 0.407660231 1.191971538 10.304331804 0.862916045
8.136346892 -9.535768827 -16.519129614 0.363941931 0.654044792 -0.464495981 -0.473302402 6.539294970 3.226052052 7.811909226 6.724154148 7.811561527 3.744539226 4.013730319 7.299269069 4.371049960 2.170462995 2.420781181 4.970483058 6.262301568 4.651009506 2.307652749 10.984580704 3.430412815 3.695985289 6.398851185 2.210921952
12.430257176 -12.318606290 -17.434971619 0.055655340 0.127706244 -0.973797213 -0.179757022 3.742195099 2.034940673 2.455643978 7.164348042 5.358993648 5.812360811 0.973835584 5.608340291 9.207128964 6.629913801 0.612588165 1.834067012 2.749043031 3.160355400 3.186723162 0.071973732 7.253458044 -0.190476460 -1.346489391 4.147546538
9.429347758 -15.185483223 -2.111175985 -0.021313070 -0.328194132 0.715363050 -0.616514454 5.136301639 1.086321127 7.722564779 1.602053886 2.835770612 0.490229435 2.446182198 3.537088102 6.709502748 3.048986562 5.327348846 2.523243783 -1.932378664 5.140412030 9.670806554 5.896263914 3.604975816 2.412175917 2.416109168 3.727883742
15.851718840 -9.916468786 -3.275384873 0.430955839 -0.171711987 0.620475581 -0.632299068 1.003039815 1.739728000 5.506788329 1.744558766 -2.264135261 5.127162744 7.797919676 -0.387236110 2.649323198 4.753386123 5.702623270 10.539746375 3.737433190 3.807334021 1.533530131 4.881994384 3.382076527 1.899131131 4.391166072 5.266020508
11.395631563 -9.166469990 -13.164813459 0.615281150 -0.561074231 0.472487799 0.288756116 6.093226112 6.807924113 8.972376357 4.945388048 8.273229296 3.096141891 5.779552283 -4.689960684 5.252594147 4.621880660 1.519520509 6.760916201 5.058695141 3.478096837 1.811396538 6.727835417 -0.567956318 1.953760463 7.417591739 -2.599089577
12.606159609 -12.659686199 -16.056910019 -0.582107596 -0.091716138 -0.735548624 0.334226150 5.981670826 0.264390412 -0.259787659 5.478228797 8.042334658 -1.496908802 0.275519401 1.904939695 1.943293621 8.016109563 4.374506863 5.573826552 2.457074514 3.736427953 5.805104598 -0.293174933 2.644507343 10.319625400 5.179212323 3.759104047
9.500145979 -3.953113301 -10.193733566 0.712607340 -0.654176076 -0.095676813 0.234713417 5.116681904 10.661484389 5.075347572 -0.276840539 -1.970059207 0.591952192 3.987338659 1.634609202 1.278644769 3.367014384 5.461989733 4.717963210 7.002306223 5.740638636 2.798627417 9.218706604 3.623012641 5.462435206 2.181431959 4.319389607
18.156717727 -15.667090527 -7.376912154 0.818419959 -0.158166662 0.551214870 0.036527316 2.877298948 2.198220294 0.388012553 4.189453937 5.545149139 -0.332667935 -0.081538084 6.753781840 1.593049552 3.518285308 6.570189788 2.726904365 6.723663664 7.311564528 2.571263061 -0.623361654 5.455768947 -1.184148101 5.121012012 3.272887189
6.663360158 -13.815122146 -9.397928522 -0.476842133 0.188991971 0.456976432 0.726688486 4.763086164 5.266556847 1.753579977 10.959229792 8.028753111 8.036118907 2.258775330 -1.825370633 2.568439641 1.331630943 0.838598233 0.005193134 4.796532127 2.076814067 5.589227803 0.352577449 6.348112630 3.285420250 3.868731946 -2.156877979
15.868274407 -9.073482772 -9.465057859 -0.799997905 -0.096385420 0.034877791 0.591182495 8.481993234 3.372174085 2.371959650 -0.484254046 7.477656295 5.047733816 -1.778601807 1.851726435 9.930340531 1.881162469 6.108343246 1.174943326 9.303540586 7.897106833 5.976407033 7.016905818 2.777438645 0.225500705 4.221480051 1.977423035
16.464062991 -8.421755636 -7.256002621 -0.650610560 -0.745547660 -0.120712916 0.079328292 2.696177847 4.173356242 2.674296269 10.065293593 2.290040171 7.794588167 1.772722744 5.512679571 6.765515690 5.637704957 5.290991776 0.000272337 -2.707327543 2.167838251 -0.438682501 7.951807164 2.584176428 4.479619090 0.783425567 7.308428543
14.745837873 -6.343967662 -3.823027872 -0.430753385 -0.048703666 0.357985987 -0.826997889 5.944954360 -0.422256621 1.141193318 7.520198267 0.858826983 0.146324891 -0.221590700 6.108179600 -1.228011440 5.332772227 5.705242488 -1.325376943 4.081683101 3.509873161 1.488988588 2.555038721 -2.603297479 4.489569569 5.242756725 2.197863066
14.505691728 -17.463652829 -9.195268695 0.718749660 0.399945726 -0.477986684 -0.308173770 7.320015333 -0.598414350 6.625213659 0.151776298 5.428736051 6.152531199 4.881351975 1.225005140 4.328961938 5.331283642 1.222868103 5.089157353 6.200697414 2.645431025 -1.257155308 3.719411391 5.121902632 -3.627136669 2.740402100 3.598628449
9.507138914 -8.516473345 -7.405912095 0.464597380 -0.106460112 -0.304309334 -0.824749264 7.826888796 5.236014992 2.717157067 4.809281041 3.444086681 2.294913641 2.121555355 2.037191215 4.489682654 5.905233495 3.555445301 6.875509783 6.039788176 7.043115916 7.187526603 6.433356366 6.293957937 7.891788284 3.968018168 0.451034645
13.221149015 -11.019976717 -9.010906512 0.725835224 -0.409192626 0.487013805 0.261805609 3.447011734 4.547119292 4.641600461 2.414938065 -1.322895266 6.076974911 4.842671495 2.733954532 4.467536578 3.551216686 1.554793289 2.242477486 4.942167846 2.339403499 6.692778623 1.751772474 4.805260215 9.165671121 5.746155210 4.105272859
17.857225539 -13.826486361 -6.660533657 0.551213821 0.429570668 -0.281009496 0.657773538 3.603693728 7.395938230 1.129677952 0.694056876 3.794660805 2.077882693 1.256383384 1.491685685 1.594284506 2.885983826 2.628706099 6.244102177 -3.521908821 3.769341228 5.881939097 0.218738294 7.857462921 6.344815905 6.009899141 3.310557032
11.850270122 -16.115509548 -8.825425312 -0.744767456 -0.243689023 0.080291393 0.616027913 -1.255311257 0.591730534 2.791095550 5.205087776 1.366809695 1.831310187 5.696624096 4.606063740 2.687110325 3.873552474 4.643859952 2.711101840 5.372124198 -0.204641693 4.755779039 1.171840182 3.984770817 1.574288039 4.065204486 2.526391523
8.423065231 -3.252159044 -8.811560476 -0.292274310 0.914946884 -0.231216252 0.154877283 2.274729508 7.645638921 8.514114220 0.622671163 8.012706668 1.108421405 5.740610389 7.069627588 7.365561677 6.291802656 2.827770730 12.529437258 -1.404873772 4.819631626 5.571907135 11.475146105 2.970565454 3.163284458 0.739591244 4.687421454
5.219945918 -3.886499539 -8.590336003 0.358268213 0.400600772 -0.777532768 -0.326505288 6.246457613 7.545198045 6.078799615 4.304891673 -0.246051411 4.627737073 2.280240871 6.786230815 4.090690110 2.132555112 3.682344368 3.173850544 5.141867182 1.768367637 0.592153583 5.049221319 2.303137004 4.460491204 4.275572995 10.391724473
10.678688519 -15.527419402 -4.548005575 0.050073869 -0.335173044 0.718650335 -0.607201230 5.222341295 6.791027873 2.686398887 1.780155290 4.136530028 2.513500404 2.006674838 0.965873737 5.990355291 1.362577429 5.334074139 -0.246203384 2.746837803 2.738386452 1.220281823 4.008758051 0.075745330 -1.907322460 0.315889087 7.434486571
9.327083881 -17.034653351 -12.149323527 0.659814895 0.651455846 0.124671824 -0.353138105 2.477649327 1.652764169 4.722783068 3.170974348 4.076876507 1.193504477 5.351562388 4.794890418 1.999685866 1.376086308 3.645024440 5.783504101 5.113602328 -0.143534341 4.489946543 4.000109543 2.525762350 0.494011303 2.397906126 -1.567136469
12.046017213 -19.095408339 -6.980543177 -0.689785792 0.458854974 -0.090187693 -0.552733077 8.336975484 0.325749459 0.987101238 4.124154271 3.440900250 6.981167355 6.399915695 4.273053429 1.723872589 5.112167580 5.868767122 3.966388538 2.601902580 1.563608059 2.837593519 4.082870501 3.857900345 5.497403200 -0.397794863 7.292585120
14.982478908 -10.675230080 -0.969066323 0.415686652 0.584931945 -0.696446591 -0.004623102 3.528752364 -0.061915861 0.115277357 -0.082584008 1.452235580 3.008030016 0.098038159 2.385257781 1.718697417 3.092539659 -1.463813666 6.990492456 3.650784061 2.340099499 1.257713900 3.808567714 2.333766076 7.574469228 7.883703012 4.642293342
7.468867086 -16.170520060 -7.927676015 -0.235610406 0.103202460 0.073038316 0.963588290 10.430686805 5.151531553 2.302300250 5.123754777 1.317498173 7.296452953 6.888583116 2.678497084 2.732176712 5.151298041 9.719952791 5.138560368 8.292138898 3.947588001 5.171482149 5.721436236 2.115210489 2.821727008 5.275754352 7.790132074
11.973983205 -7.748391681 -15.575790677 0.034601373 -0.913388586 -0.294570965 -0.278840426 7.128906467 7.401709995 1.867770221 5.169018176 3.021670604 1.662402637 6.080105064 4.661471832 3.957488141 1.003561360 4.522123178 5.634344319 3.275282238 3.368024921 4.529549987 2.510583218 1.832239890 5.187457472 8.876272677 6.001612655
11.059702492 -7.464000439 -17.689402495 -0.017971981 -0.688836010 0.263213485 0.675204133 7.478736212 1.606492671 -2.819058804 4.097030307 0.151588749 0.292001241 8.472304514 -1.716512593 4.461929036 11.030200658 3.918989217 6.405310797 -0.039567220 8.493979451 -1.570669520 2.452763969 6.509378020 8.267922429 1.604422942 8.509887291
17.596671985 -6.156663704 -3.160646841 -0.408401323 0.315789281 -0.848149978 0.118857496 3.099464705 1.453907666 5.664208087 7.628099390 4.643557065 3.251484141 4.128324975 7.856855008 1.504524505 3.494892218 -0.469654764 11.464453830 1.876420586 2.726179837 2.517667731 7.825256806 8.342847061 5.401459493 3.937610458 4.589883015
14.576646708 -16.425836545 -11.871353835 0.713937877 0.477443445 0.374532535 0.349379228 3.003051874 8.081338838 12.026771691 3.396622856 4.116680136 5.059575920 6.366051052 2.187899372 8.109028840 0.664822615 2.673010823 -5.349821640 8.635625171 4.355724821 3.741846699 2.364679740 8.133602131 2.203780160 2.189528004 3.689226430
13.320273341 -3.258146491 -15.988166405 -0.284790076 -0.184640949 0.934080259 0.110889144 3.753698084 0.555031392 3.394742703 2.619807251 3.714603428 5.765075487 3.308269075 2.918567510 1.735327521 1.916496862 10.533021805 0.728786440 1.010343364 -0.401775698 2.609055427 9.594248799 6.545413718 4.132643920 9.682890152 2.750485558
19.462102999 -14.831706366 -4.900832969 0.041142366 0.263317171 -0.956425266 -0.119256377 6.956598979 6.668062659 1.871914634 -0.160726525 1.829232472 5.550459685 4.755130699 2.869214310 -0.884120589 2.343627418 2.840593198 -1.495078804 6.548903008 5.225064369 5.719074311 3.890512557 2.405948019 2.014723943 8.577197589 1.486826514
14.966673241 -12.213533345 -3.271067207 -0.558802101 -0.350185918 0.715859975 0.229465751 5.065080518 3.711067258 0.526434492 3.804928641 6.737965491 3.701624366 6.519117114 4.537998146 6.715261246 6.328419500 4.022918799 1.986931508 1.760434193 3.925503091 2.851700249 7.613400385 -2.444804474 7.678934618 2.980762196 1.634340157
7.365126006 -9.131772078 -2.009183884 -0.536446227 0.616828163 -0.342702186 0.462929448 3.204783472 6.064790283 1.049070794 2.591966627 3.443524206 2.271525711 8.156198899 2.329061075 7.186917438 2.583441648 4.101827691 4.527677586 6.368776458 4.748616608 9.988415846 7.335860799 5.733776840 3.627121034 6.689316480 3.106033609
9.999494059 -10.051040140 -17.046334751 -0.894842862 0.318997368 -0.120206690 0.288179257 -0.331627713 3.821265345 6.199041289 0.306532185 2.734387955 7.587262391 0.676800386 4.738942807 6.361989072 4.920139003 9.026947755 -1.497996142 1.925227777 2.311442637 7.844545318 1.452384524 4.465023988 6.604748607 7.145486475 4.351227613
10.293189302 -1.287226047 -11.237470537 0.203279720 0.645315926 -0.729336116 -0.101555604 5.419575079 5.447868996 -1.621738479 -0.388193761 2.358029399 9.992178931 -0.304602341 -0.048888151 4.277554811 3.297146754 6.862885816 2.161941469 5.738984792 4.533896327 0.568898601 4.011400602 -2.261225397 0.688647203 8.395801519 1.542089474
10.365164834 -9.633921690 -7.711266284 0.587540240 -0.795027369 0.029275687 0.147888077 2.581278533 8.801754593 2.450148837 3.485158342 6.113884653 1.891093419 10.583208002 2.471838620 4.915242751 2.136515215 -0.765086747 9.044513968 7.395497851 5.860054893 9.170858453 6.544900646 7.453234098 5.581819660 7.903309352 6.460899835
5.523451595 -7.757907057 -11.837766558 0.019597857 0.523090927 -0.396653319 0.754094126 4.454982744 -2.794075916 4.952931547 8.641611168 1.233392610 7.283484269 1.307554924 0.236427353 7.341994536 3.002896249 2.164073795 1.774556353 2.918732044 5.048070861 2.505013534 3.079658516 -3.129779875 -1.714204692 7.274085405 4.553168838
11.982681550 -5.971307367 -15.536426050 0.807298603 0.124458852 0.352464559 -0.456670225 2.294470879 6.237066102 5.391848824 3.125263562 2.940841687 7.772491836 3.499037258 7.315060148 3.606804346 2.838352997 3.220350911 3.469807549 5.844176070 -1.050202435 10.786362827 2.319092327 5.902501561 2.641338760 0.163283575 3.101092930
11.054784813 -7.016355221 -13.599622747 0.765796584 -0.463657394 -0.286249139 -0.341524294 1.422946510 6.913043069 5.478559235 4.535900347 6.612830296 8.009084234 3.975312936 5.410332481 5.239868532 4.596924328 4.964916381 4.376743649 7.424015985 3.306694155 8.066076102 7.303514454 3.312168896 1.621722261 0.485147419 5.399789200
19.870783248 -10.737236190 -12.326902426 0.169306624 0.924635172 0.313657410 0.134179338 5.015628154 7.086427631 3.922631614 -0.803416419 6.448881217 1.779711552 3.157599798 4.166300961 -1.354859307 3.455738726 6.386981654 1.298029235 -2.313017845 5.637320913 -1.176023531 0.209778500 -1.001824899 8.965620550 5.920161253 -0.445325215
10.717859653 -5.428273944 -15.364602859 0.418153432 -0.631768702 0.492312192 -0.428537886 7.445854717 6.826467383 2.786165901 4.963050705 4.000112503 2.053523840 -0.313997482 6.148077310 5.077939178 6.251450674 5.867416890 5.701626335 5.943257750 1.622885991 7.718983838 2.731659867 3.448646077 4.073081997 2.535372047 4.703228476
6.994994004 -10.061632597 -3.514539719 0.153931012 0.341988627 0.926699302 -0.024029705 4.380469392 1.451412283 6.515939418 0.007131240 -2.337156450 4.199201503 2.534782945 3.105730074 1.570536970 7.777475683 3.259416221 2.395911534 1.694642264 5.136933238 5.560876009 1.653070161 5.899255933 2.646890357 1.240059752 9.049862688
19.017498855 -12.696472935 -4.925332078 -0.442705149 -0.831060251 0.223187038 0.252068554 0.675738046 2.315990212 3.374541771 2.737609918 1.221568765 5.118207531 4.456583764 8.313305957 7.576954736 5.596008117 8.121470212 4.039910465 1.154306253 4.803766155 6.706006243 7.696414868 6.160751223 6.744436777 3.730252651 6.905963169
5.047879462 -14.300964106 -9.465967324 0.783439545 -0.015882429 -0.621235644 -0.006041733 3.869208994 4.504363160 4.181119518 3.317481726 2.725917819 -1.640099427 0.093839581 4.970529817 7.104652896 4.265180457 1.968054393 7.934467725 -2.356933723 1.436431882 0.984882157 5.041134906 3.465151743 1.535934628 1.746453690 8.575994525
8.706886068 -14.788442405 -2.867767448 0.681422195 -0.664088644 0.190994695 0.241186838 -1.007487579 11.940719805 3.125890151 7.456122801 0.985471015 5.137467327 5.035055508 7.353271942 2.711503034 2.075696622 4.895031169 6.362243937 6.911308985 0.253517823 3.078300311 2.278815518 -2.122010161 4.786671507 4.795234234 5.489663872
12.372278607 -4.018875815 -3.634288735 -0.600161293 0.020537705 0.061159421 -0.797272946 4.258665880 2.032171205 4.803365159 3.089159099 4.510564305 3.309301523 7.464591983 7.686562258 3.324930160 4.916437029 1.833370209 5.113347611 0.430415066 0.517261832 3.972604899 -0.446371719 0.670040768 0.597422571 6.183515637 4.840988632
5.397329865 -5.803741190 -10.309551342 0.881955455 0.087384299 -0.443095530 -0.134851441 3.917333475 4.134768072 8.633137007 1.244363976 2.632381404 4.315894219 1.881531010 6.159301018 6.671986936 8.981511232 1.793828748 1.170757282 1.220320426 9.307454619 3.406295030 2.729010343 1.978959399 3.421036692 -3.770991601 -3.717286399
16.619331901 -8.957919536 -15.947029601 0.392064729 -0.640156897 -0.659293039 -0.042627275 5.435358649 7.242349289 2.873765331 3.419181302 5.109693086 2.451822870 8.640868663 2.385526131 6.695364704 -0.774023079 -2.684446805 5.631637448 2.472755928 3.855053360 4.931499694 10.811699852 1.328670691 5.443138141 3.342849625 3.110908301
19.054887513 -2.936480849 -11.541883922 -0.156689608 -0.956719202 -0.234893301 -0.070440558 6.261126131 3.787020101 3.125307013 0.368273157 -2.458819185 1.092365434 6.808994987 0.068263395 7.153444994 3.745483217 8.605695440 2.400184193 5.613787843 2.490764281 5.244538425 6.983256832 3.968925718 1.153445386 -0.659196064 8.009018122
17.378952677 -16.650345470 -8.453450852 0.249822325 -0.952249003 -0.127999683 -0.120111299 5.143341331 8.784107540 4.397215820 -1.104963648 9.952737140 0.802459875 2.396333183 3.883388667 4.479256773 1.764834330 1.564494714 4.435441134 3.870763939 5.549311525 1.324369604 2.965631095 1.657335632 4.422467035 4.603623302 5.251240897
11.542807912 -5.373682269 -5.804718462 -0.914659188 -0.271034714 -0.115285667 0.276853697 0.626248587 0.070376952 1.579558906 2.891628509 -1.095242942 6.517519225 1.199626860 1.477794021 3.119808821 5.994893410 3.467482606 4.501660752 2.370278004 -1.180430482 1.143965005 2.278275075 -1.576428306 3.931027193 7.030038664 4.136048628
14.174601796 -1.631232815 -13.268116103 -0.508642654 -0.383183091 0.430568125 0.639581472 10.381408412 1.509068906 -1.220352712 2.485183126 1.956923932 6.435025860 3.497351689 4.703414383 2.879565207 4.955518290 2.767134202 6.955124281 2.425911617 6.654209294 4.810138694 6.231834142 4.069448795 2.696886389 -0.577307862 3.641939238
14.597058147 -10.715758308 -14.468519788 -0.022313471 -0.001403367 -0.610977211 -0.791332413 3.123640678 2.667688274 2.241366926 1.186863133 7.586721123 2.153795979 5.075015049 5.624404174 4.229292987 5.466334024 7.166292350 3.555331558 2.309067592 5.753110053 2.171321219 4.191611627 5.016248188 1.093813540 0.729422020 3.820789653
7.941145231 -3.144181207 -14.102577067 -0.422039552 -0.891969513 -0.075542426 -0.143409713 1.019332730 2.311145340 5.116714171 6.370100470 3.105627380 5.698730503 0.655722057 1.412034238 8.290082808 -1.041422672 5.324092666 8.285844321 0.379056513 1.189632074 2.256292134 1.072959169 1.269690044 1.007653873 4.178105420 7.107473203
17.464078818 -4.001946041 -4.685992858 -0.263570084 -0.949717376 0.151138750 -0.075662378 5.073954894 5.840685442 1.792363212 2.292576332 4.031612146 4.666882583 5.613860253 6.176420375 3.090488532 2.688479696 3.231358883 1.853546098 6.319463450 9.819501696 7.250191691 2.942645824 5.424204707 3.201335683 4.973562008 2.820826453
16.447704733 -15.592625831 -1.498872745 -0.100905691 0.629581575 0.049687183 -0.768749807 4.437444166 1.334399068 2.158470924 7.498070085 4.137971924 6.769569783 3.842865903 3.897946644 4.447180414 4.598527334 0.721291440 2.870789636 -0.088231509 4.793770045 4.791978881 3.568351896 -1.215489520 2.618926760 -0.207905604 4.190474050
7.682002908 -16.574826790 -12.935398652 -0.479775338 -0.828574850 -0.046567362 -0.284799622 2.601114222 0.511458401 1.963208199 5.157715880 3.372135358 6.856967989 7.849035769 3.807943978 3.127517807 5.658778752 0.584395327 5.318921063 8.215715189 1.264380132 3.375547583 -0.052770477 9.672314421 3.058236925 1.377558710 9.831867740
20.140373800 -10.666803922 -13.584510538 0.115013641 -0.502704389 -0.854177811 -0.066636529 3.074045109 3.790540774 7.871387197 2.256363112 1.506753276 -0.763377746 11.687097244 -2.251067755 8.149318354 5.271796325 9.211170683 1.758683106 2.344304255 6.787908558 3.571203996 8.020953082 -0.396790550 2.809773118 4.074828865 0.376875080
10.377595510 -16.009966004 -11.374384771 0.221541535 0.695928525 0.656474460 -0.188796503 6.288039108 6.049077283 4.251643129 13.035586280 4.310399887 4.460100951 2.398572764 5.000975674 9.100605278 0.702479823 -0.744212557 4.857638203 5.027598768 0.149235196 6.105545797 3.664575828 5.826089759 4.136592559 4.915283222 3.686125953
8.593430579 -11.194547345 -4.696515104 0.340420860 0.356693085 0.865730025 -0.085995375 1.091976081 2.769214697 12.569734564 3.548097623 0.083933415 5.657103831 4.990758561 0.496519233 2.393723927 0.288362347 2.259706228 0.928542748 4.358432683 3.914928415 3.925829899 3.413223081 -0.892439561 1.132010130 3.185580431 5.198144941
12.438104217 -7.452419694 -3.981449778 0.032666627 0.034397046 -0.240718627 -0.969435030 4.400260002 4.707892217 -1.911667380 5.322047213 3.589863936 9.919796910 6.467240032 7.692647505 2.579989072 3.681096649 8.904934801 -0.216028995 6.060479736 3.495955742 2.709074178 8.144310693 3.383194037 1.736347741 6.660133228 1.708822300
10.243322192 -17.619059145 -6.322713232 -0.027350662 0.308959497 0.347571990 0.884867042 2.854765456 9.086580024 -0.080731661 3.760320313 5.693187204 6.153863246 -2.738448726 0.996069645 6.464896806 4.688389316 6.562981713 5.528138831 4.964545870 8.112228698 -3.180156241 6.591409265 4.583341783 1.578977531 -3.190681614 0.922332194
7.875707233 -7.886642748 -8.566736110 -0.696209950 0.260015075 0.246766454 -0.621924580 4.382891997 4.253218775 5.805390115 2.116435987 5.206349532 5.783848064 6.682466721 1.314203782 4.602421654 8.563303841 8.662175100 -0.635757832 6.698019598 2.948564389 -0.925950188 3.136232089 4.704548849 1.690539445 3.095025033 4.992203457
11.955427872 -4.619341766 -4.989881383 -0.660263168 -0.588977616 0.406783112 0.227344270 4.815056321 0.447964152 9.093856532 4.947514451 -0.201229258 6.908952045 7.366701981 6.676436386 5.507970495 1.325848585 3.100466830 1.510314122 4.336472833 4.224403947 7.519533425 -2.528386011 3.550432328 4.273205234 1.751211034 -1.230420805
11.980451115 -18.201854801 -5.939462168 0.060923767 0.338516605 0.532414429 0.773453088 4.314624665 1.246287721 7.553788603 0.068557867 -0.509160155 4.506980189 6.173311425 0.873973734 3.487435259 1.818418423 1.221380759 1.071819002 1.055340820 7.056239724 6.284023156 6.023126964 7.993176737 4.360026803 6.926396418 1.613143354
19.481743984 -3.717785076 -5.340829324 -0.823682440 0.244888892 0.100051390 0.501563943 6.824502695 6.797377015 6.339051847 0.492711939 -1.093824195 6.139689266 -0.489219416 6.305718633 1.522174775 5.759862976 1.916394816 5.041147489 9.358836897 0.811444887 7.867306139 1.098545295 5.959401591 5.499972555 5.119000265 3.397722902
9.368260561 -4.672945967 -1.798034348 -0.673542154 0.082881343 -0.647181082 -0.347315846 6.757279122 4.695976741 8.790119039 -2.564399377 4.341138851 4.777232688 3.190871812 2.424921079 0.984330677 -0.521600117 6.330193139 -4.623964929 3.256147786 0.368517097 6.665989494 7.022436554 7.148766882 3.401437449 2.161110192 7.534156257
13.164066180 -10.552296523 -9.673286262 0.185949531 -0.277936959 0.838074111 0.431051741 5.828978514 8.795036135 9.031470818 3.988659793 2.082570961 3.971589787 8.582454456 2.499773971 7.811586947 -0.410524576 0.762468619 5.823177487 -1.712579387 3.312647216 4.630485985 6.957633883 -1.518858321 6.102485401 4.420257146 6.986398908
8.774288492 -9.983909612 -14.423640020 0.324507724 -0.904832837 0.038741017 0.272894500 6.473756796 7.344582635 8.665933133 4.710938813 6.672724928 -0.666209266 4.092138503 6.060908673 3.793089928 5.503415362 1.632221263 -1.278674954 3.565391329 4.042114823 5.255658421 6.187630768 7.324192114 6.445384874 7.547447182 0.830737900
11.536238889 -2.623170036 -2.192096974 0.553834455 -0.540529913 -0.591385570 -0.226622854 5.329851084 14.128084759 2.963844030 -0.075762797 0.716968695 4.047059881 7.449070873 2.410628692 6.742371928 2.838702818 -0.478986774 6.378586849 8.545551029 -1.408930575 6.165751161 2.634146222 2.390940858 4.225454324 0.887364449 5.840586908
18.430731160 -11.807156648 -4.090823464 -0.030788128 0.118183102 -0.937296595 0.326435199 6.652265547 6.316130950 1.845257378 4.587826200 5.899311371 1.480217889 3.625387088 8.792725058 6.463321469 -0.168844604 1.783358010 4.590258554 2.912392313 -0.760345977 4.425220149 3.979791497 4.898466502 1.326102661 4.913805640 8.513094037
18.169747153 -15.690109068 -14.178030553 -0.143778623 -0.349813625 -0.639011751 0.669792593 -0.903521039 9.880722084 1.827382243 4.169577276 -0.381330066 3.683419680 1.601107697 1.962052118 4.207522560 2.966408508 -0.447434831 1.366442005 3.508851506 3.239657921 7.459771346 6.929802442 4.299413540 3.649058234 6.679320811 2.840002769
7.153696433 -5.959924245 -8.286451809 -0.704067603 -0.657868198 -0.061412760 -0.260243574 -0.926354706 5.543401071 5.350891265 -0.840904599 1.608560674 -0.380860384 4.031066215 -0.050921705 4.534338226 5.435740443 2.154863244 1.524745067 5.278205588 0.299144869 5.582883513 9.237521138 3.049034545 1.527307013 1.289752673 4.748905450
16.295679300 -10.810710614 -15.934646168 0.532517146 -0.427356190 -0.613057617 -0.397432427 0.864548380 4.740905756 2.638087818 -0.918827189 4.480756453 7.442663326 3.140119644 0.597738562 6.353379376 -1.529298120 3.276492945 3.776075646 6.626182416 8.923108298 6.603714540 3.217175245 2.622424241 2.674071974 1.323915219 6.133367087
19.566953496 -8.468541300 -2.470426640 0.570566076 0.522513733 -0.582975838 -0.248138920 3.387514655 -0.401413692 2.592599896 2.582468035 5.665396958 7.424601249 7.199563521 5.198769853 9.854331163 5.582010573 2.659949090 7.725421885 7.081019102 6.724896273 1.181347737 2.948407886 3.121481359 1.782755693 1.174994543 3.321791425
17.091685539 -10.350959240 -16.567008604 -0.074305491 -0.304865157 0.408362021 0.857190988 7.203322669 7.005177889 -0.375052124 8.335308304 2.283814990 1.289567035 2.074456211 5.259249777 2.125399426 7.486474161 3.212237109 0.903699337 5.336790650 4.807045696 7.044908404 2.362006612 3.239854637 3.976560210 0.104829595 2.991474048
12.288034656 -3.461296949 -12.312658147 0.114962829 -0.036054940 0.286416907 -0.950499313 2.097028982 7.948256455 6.718882404 5.594463061 1.485128828 7.136220837 5.447089178 6.529306969 -2.278498382 -0.520947135 3.440754221 2.977167875 0.960189524 6.875131977 6.035516885 5.039390652 4.490565755 5.511667072 3.295205829 2.243323793
18.789903173 -14.229610438 -14.930127537 -0.082863856 0.474586911 0.533305648 -0.695331526 5.749989179 3.169161378 7.201345655 2.463948132 0.137999500 10.575873202 0.682978693 3.628974416 1.212910245 2.001386404 7.000803021 0.195313320 8.133710172 6.771669099 4.446540907 8.290311818 7.052668950 8.681475535 4.692098963 4.458023174
15.401764663 -6.263943148 -17.862721314 -0.049765033 -0.454494545 -0.013076036 -0.889262148 1.865545236 3.256132933 5.075458935 1.894345635 8.013304540 1.621482461 9.030681532 6.949605583 3.246163968 3.107459110 4.864605246 5.261739458 5.824321429 8.413073296 11.551273378 4.938147346 1.263212312 2.746303486 6.599906377 9.301955668
14.593519028 -10.712036385 -15.288543528 0.544746415 -0.225324974 -0.443164872 0.675340578 6.072258617 3.982339734 -1.182203586 1.608107026 -1.703008806 4.203653675 2.704549763 -0.241534659 6.180629301 -0.776795434 5.920580042 1.991029693 5.373700975 6.452751655 5.620621576 7.660938901 2.826515002 2.370622504 6.174018936 1.832325163
13.660802214 -4.673881927 -2.468575296 0.571580448 0.585622394 -0.420339947 -0.391990474 10.261906452 5.603392614 6.948352421 13.899059875 1.361291654 0.709347848 7.140098801 3.561514009 1.523085359 1.793602927 3.196183602 -1.928394864 8.611801641 3.636665087 4.104920026 4.582590699 -0.296780141 2.725094590 3.745490317 5.647835383
8.572757387 -5.021876994 -7.365597135 0.227564605 0.765949695 0.594530614 0.089826304 5.781761913 10.408554683 3.456441324 6.535807199 1.865895176 3.496473260 6.127106270 5.252025818 1.761368130 5.491315034 6.367769647 8.799738151 1.067460165 6.519783833 2.978592205 3.315777436 2.754407940 1.386509699 6.904429625 5.102537767
10.283088386 -6.835773798 -0.389621515 -0.200861251 0.687257108 -0.474442789 -0.512090290 -0.185581544 5.405342613 -0.356837092 3.171880635 2.358429245 0.733975051 0.975643638 2.928231311 -0.231631559 7.880264808 1.178090029 4.818233344 2.711980679 5.424996029 2.699530805 4.413161340 1.779969360 0.279502587 5.996960035 2.791358707
11.759561705 -2.549029372 -9.914200144 -0.221472777 -0.562443837 0.294239130 0.740290533 7.636232715 3.423607395 1.786571763 8.498958938 8.468853650 6.206334819 3.410998004 1.363779732 5.577739284 6.839125873 5.985254499 3.890391178 -0.708948355 0.628165772 6.900909033 2.223724667 0.739729413 3.963031472 7.021039372 7.092061671
14.646792356 -15.969697643 -2.651840382 0.557154512 -0.829975286 -0.020091123 0.017782593 5.523717494 7.107085642 6.309566267 5.828641829 7.889893808 2.891971652 8.819880219 3.770372368 2.643085950 2.149443817 5.265790956 3.579344552 2.326192470 4.643972804 2.702501094 2.922579545 2.710950272 4.067601555 -0.583595147 6.872601097
5.641185086 -7.930656267 -3.011559743 0.583971971 0.670926097 0.456978265 -0.002403130 0.296154511 9.368733831 1.328369443 3.617489834 3.745773742 3.774905697 -1.333204545 -1.976863844 2.091689538 5.721418912 6.103938656 3.696889858 3.282948746 1.366523499 -1.071560024 10.686203960 3.264393243 1.777347131 9.100253832 9.182679463
9.479371064 -3.830521657 -10.666018842 -0.807090613 0.115191280 0.289369200 0.501598621 4.742147889 1.404369409 5.911040641 3.494966949 4.467345992 4.260069633 5.873719981 7.108692336 2.887812630 7.398731191 1.653998726 -0.090824125 -1.892112647 0.829475592 0.939655079 3.344592235 5.390322070 -1.989621518 5.296454784 2.055479334
6.123720151 -13.234016478 -13.685313005 0.772422130 0.390003907 0.398574107 -0.303973167 2.409158001 2.777964147 4.075657571 0.949370765 3.742055680 -0.503039700 9.309461377 2.279350247 3.387241383 2.529560639 2.112689242 11.106654695 5.972815182 6.017146507 2.766334491 3.417190146 5.044594432 6.096835616 8.338533330 4.425158649
14.665490543 -18.786486734 -8.404122025 0.158104118 -0.587265284 0.440090330 -0.660638384 2.158696210 5.533610956 1.588660685 8.942609378 4.081964855 3.717261704 7.149003351 3.211979015 0.971605876 4.416322053 -2.310611433 5.621433030 5.305180853 4.257728333 4.505959006 3.649380363 6.688563752 -0.644731247 -0.672458850 -1.572724231
12.115862648 -10.549691251 -7.389112972 -0.599284324 -0.143539018 -0.621709974 0.483457917 12.785291497 4.468875232 8.302066740 3.766243039 2.025284439 4.121023648 4.442185123 2.571389989 6.216421618 9.682803644 6.153116712 2.716792765 6.419592639 8.098333178 4.094509711 2.321685231 3.036400158 2.294162300 8.488091562 9.493399805
9.343890812 -10.282477861 -12.720957741 0.352362963 0.809031097 0.015941029 -0.470164769 5.376368367 5.290137495 -2.461351757 5.758928281 7.887410308 8.331815394 3.206641980 1.202710261 0.077214090 1.915760949 7.510188250 -1.350981552 4.769670240 3.592001286 5.440717461 5.909653156 1.669945460 8.192235503 1.419307186 3.583135004
17.439008476 -9.046042195 -12.090037919 0.886892477 0.357375016 0.288215668 -0.051347452 5.885907097 5.334181732 5.505906881 1.738709979 1.267387931 4.992184616 3.806595987 3.675799278 -2.081023224 4.282134824 2.345350198 7.427841155 3.136560276 5.419419437 6.253950947 2.691069779 6.867179386 5.373126524 1.813097283 5.814674807
9.831371114 -5.055670026 -16.825656658 -0.562311182 0.786748028 -0.029904723 -0.252862378 4.136381791 6.617019781 3.994080054 6.465515436 6.157007326 4.736339394 1.432429498 10.130771716 4.999710302 6.555456843 6.028525287 6.196118121 3.016620076 0.609923824 -1.181392930 3.929499616 -0.790669602 0.675620645 -3.163598791 4.310933658
20.108558497 -6.093119074 -14.180790522 -0.619882481 -0.417495356 -0.398259100 0.531820483 -1.736083616 4.701247774 3.861980171 0.798617113 0.547988435 5.099071379 5.399147892 1.733252562 3.687255364 0.793294080 8.707440794 6.534810053 -1.335376435 1.790730687 -0.899581490 6.788605149 2.267628337 3.936301847 2.331427478 0.371868667
12.127350444 -6.407414013 -12.116161408 -0.008677520 -0.213938633 -0.969464898 0.119552392 9.585839803 7.071987900 9.430766967 6.460384102 3.433376180 2.440466842 3.528783040 -0.820357497 6.559735694 6.167099488 1.539130368 4.929118326 3.251359306 2.176885470 1.169935935 2.408682406 6.521696181 3.280452624 3.621736019 8.011805328
8.090417806 -5.895674556 -5.741711336 -0.810871406 -0.405720838 -0.112401870 0.406502133 -0.542034659 -1.432617886 -1.181962668 -1.160979729 8.694054777 7.012726580 5.181677516 1.369356572 4.104910003 0.290769020 10.167608878 4.814175400 7.470607891 4.129118893 6.991976597 -0.669541780 9.467163392 7.567553669 6.174732697 -3.205096040
11.599634245 -6.649961296 -9.343141621 -0.143384782 0.863696982 -0.393803434 -0.279977111 2.074819492 2.893529230 6.269669859 0.833608441 6.718572575 1.314647898 4.373277896 8.435438437 -2.280501330 3.012339751 8.968636728 2.693572002 4.443476188 5.666203437 1.957630317 8.311064779 8.272385970 2.376477823 3.122430404 3.606996501
19.818225089 -5.554095075 -14.720409531 -0.536924761 -0.572404910 -0.268896960 0.558353691 1.161232711 4.040807985 4.096929855 6.323252556 1.948848280 5.752970800 10.452149803 1.163326949 1.909231450 7.937318630 6.175641486 4.150921355 1.596368331 -0.040592774 7.709272847 2.303156898 8.750255203 4.394654643 4.823615488 3.964806290
17.103750492 -16.350781858 -14.740588311 -0.539821883 0.406622333 -0.578330071 0.456929908 -0.536746824 7.946617516 1.883088678 2.793562237 5.958911529 8.631106137 4.573817539 7.366156017 8.141768260 6.507439685 6.137500521 6.915288049 4.009292633 7.664495711 4.223166711 1.845916313 5.874992783 4.499118389 3.590338202 4.622723300
16.711196377 -12.350451149 -1.568135181 -0.534269246 -0.322346332 -0.686158773 -0.373945655 8.835509135 5.235396716 3.489697595 3.967220225 5.302177247 2.118103245 7.348298299 4.022383335 4.521080706 6.481750733 4.533707002 -1.893600074 5.388105614 4.409127805 -0.879189322 1.913877461 3.340706518 6.297893193 7.422189939 7.797240175
15.647739691 -3.518126018 -13.712718236 0.763114178 0.170000131 -0.348336690 -0.517124992 8.506709294 0.765808925 12.730537649 7.888180736 4.269809017 7.117536634 1.661353429 2.728083860 1.661349060 2.320402748 6.048889360 6.928705407 2.922047217 3.351197599 1.414133089 6.732923627 6.268368078 2.450371371 1.456155970 10.129908359
15.737665097 -14.179255119 -0.885277370 0.181199242 -0.925863079 0.108834145 -0.313208432 7.094237250 0.758526964 8.175895799 0.250191505 0.573488532 4.851583680 4.261860085 3.958197788 5.347248758 4.930750717 3.915623688 -2.440597726 2.899247760 3.723460412 2.677561110 -2.429797444 4.322054661 -0.355889008 3.488310047 4.236473481
8.830121964 -5.782115725 -12.995955122 0.721105662 -0.330350760 0.596926341 0.120639728 1.815835169 7.617421446 2.790824129 4.838797579 1.707211066 1.861356303 5.285694131 -0.378275190 7.019296955 3.831254525 6.894856852 3.901328875 -0.809580600 3.852020745 -0.491426588 2.093985890 1.435379375 5.920212546 5.447916476 4.277841458
12.037383312 -6.638384618 -11.818845247 -0.172536770 -0.033262074 -0.438638095 0.881317944 6.326334163 5.677498002 1.796237018 5.826216195 5.624595025 0.355089570 4.202687640 1.472135893 4.376469569 6.577034771 2.480349712 2.439847122 8.477226363 3.084827144 1.254665697 1.075637095 4.329872090 2.956551966 6.935285986 7.564118268
19.411486514 -4.901298794 -3.830615499 0.556944104 0.430059717 -0.607805830 0.368013555 1.360363147 3.484903059 6.334203668 1.315388345 6.015125619 2.526521479 4.569996865 5.035506400 0.749321009 7.405471898 3.755126734 4.329894134 3.659764346 -0.272627444 1.142334010 2.810275452 8.870935689 7.090728516 8.591422181 1.899528928
15.939774844 -10.405508502 0.398955855 -0.897227405 -0.005861258 0.298752800 -0.325108280 2.221833885 5.976907766 8.368654377 5.593176401 3.300665462 6.376023381 -0.439455323 7.087768082 6.563453669 6.433466440 0.314197026 5.664281647 1.966612280 3.629181852 -2.359022618 2.098696387 2.256288440 -2.312479382 8.765655164 1.784470328
20.080254851 -11.220940424 -9.313063664 -0.153575178 -0.968688694 0.168344610 0.098574698 -0.922328153 -2.699796965 5.354456284 4.665775477 2.590539342 5.999703360 1.768114842 3.217364130 0.795582670 -1.209263091 3.072212952 8.805768978 6.634178252 6.882843462 -1.757538739 7.725535861 5.191816044 1.494189507 6.699580622 8.722833523
12.153528160 -10.354832706 -2.677604965 -0.782623716 0.120548129 -0.495363650 0.357187797 9.477476264 11.649671427 1.429136258 8.250773915 5.014564489 7.610317457 5.251519847 2.157822995 -0.666043683 3.901211643 10.092647471 6.161176724 4.292577188 -1.463224451 2.959995651 2.866592029 -2.131653687 1.553538520 4.015894887 2.415049035
15.428155839 -1.283541802 -9.239993787 -0.504921545 -0.167306688 -0.846325488 -0.028211233 5.249156211 0.362888618 0.617689009 -2.988511052 6.249442957 9.974675938 1.194533600 11.774535906 8.723624922 3.399157716 3.494081686 5.331056438 8.912364920 -1.853416762 0.751240025 8.596468575 8.404227357 8.440618077 2.679358055 7.428260637
17.658764483 -4.936364199 -13.458752046 -0.093103325 -0.792638356 -0.187681140 0.572566151 -0.098618652 2.921910312 5.831245037 5.795042676 0.967785064 2.019184011 5.317054431 2.759839163 5.881203491 7.141737107 2.281278782 4.812966937 3.082763625 4.381620017 2.955425411 6.156950283 3.336995732 3.199077407 6.525297321 0.969799496
16.269544727 -13.612649512 -13.051927865 0.482931407 0.230508730 0.833439079 -0.137921292 5.313380075 7.564729289 8.779318424 4.431880994 3.853795738 4.398728985 6.746658252 6.862655154 1.691686871 5.229464106 4.243962318 4.070185076 8.657652083 4.536708684 5.511674233 2.467906951 -0.759457902 2.774117933 4.733077416 11.171270665
9.869134988 -3.916182165 -8.145606513 0.268522237 0.496024191 0.437574677 -0.700274384 3.408698956 5.757790452 7.810667082 5.828632306 6.178921352 5.990639349 1.699780059 2.122202576 4.166505989 2.607877957 9.174108844 5.319106712 0.959397935 8.621864002 6.225745693 5.063868279 3.201318948 6.074448078 0.816950706 6.536558629
7.871209958 -7.247770665 -8.864620648 -0.227098812 -0.945581766 -0.159389906 0.169988561 5.952856362 9.482419768 8.907675830 -2.084132667 4.917389739 2.525454353 4.387304062 2.805784480 5.859278737 5.409338557 0.474782554 -0.457082722 0.437253056 4.589664294 2.675849339 1.906877896 7.763103075 8.150128406 6.498014691 8.767763923
12.001354281 -3.190495887 -7.069788197 0.125190029 0.109341445 0.936918587 -0.307498727 5.571637234 2.384609150 0.862430881 -0.024646086 1.350862392 -0.907175595 7.109280305 3.729271360 0.430107172 -0.070501640 0.328339542 5.346070746 8.570703007 7.624556615 1.435576612 8.389564126 6.128743573 6.974926060 2.692711975 -2.159540693
16.684281465 -13.522649383 -6.995809256 -0.390747493 -0.191653178 -0.824756127 0.361057872 1.634722261 4.115279434 4.858046494 2.028721843 0.647598087 -2.389152562 5.580386253 0.652235542 4.636347914 1.783143470 0.218365221 3.050444099 1.830685351 0.699713196 2.962784966 6.596046518 0.538569498 6.536361623 1.098433693 2.659631661
16.481865920 -6.076557823 -9.634996460 0.126494681 -0.757290006 -0.546968479 0.333671133 2.310417324 5.954534900 4.460003717 9.347249555 4.266974870 0.413207229 3.996930382 5.099263144 9.737411751 6.575806219 2.780282850 7.956370523 4.091937991 6.591477637 -0.038841459 5.375230387 5.367170357 6.627651836 5.809459076 7.094975137
14.184926270 -15.346827277 -9.373500174 -0.498103961 -0.242241130 0.335414858 -0.762042356 4.733207268 5.244989230 9.058348476 0.288059862 7.934013914 3.539638584 4.392724714 1.471949768 7.467747470 5.547290182 3.834823805 12.100626726 3.111070944 2.092378945 13.433770408 10.007489854 0.956204264 5.350243187 -1.127884134 0.628777349
8.244487752 -15.688273850 -10.474943641 -0.154677879 0.207833045 -0.610384626 0.748539102 2.721304520 4.328291146 9.057535940 -0.445021325 6.735508532 8.657083259 2.292362780 6.298780796 7.467090218 1.422179753 4.382336176 1.871106762 4.785773444 2.966408000 4.367987477 3.455087869 7.693898689 5.946344941 0.315310072 4.714420393
5.835647773 -14.116644123 -11.129082594 -0.463751736 -0.067607841 -0.874842486 0.122532166 2.764861096 11.526797716 5.006745451 1.313738370 4.338312027 1.465865236 -1.956293690 6.061577650 9.826065678 6.342920271 0.394193828 5.611756200 -1.835842491 1.866910263 5.143750826 0.499718001 9.841426392 5.980867015 10.898407180 1.571629236
11.669495960 -12.582993837 -2.831402099 0.689608641 0.198401998 -0.598359017 -0.356430998 2.751343689 5.279273751 7.718121607 8.532770066 6.986741631 8.510103248 5.128953144 2.800730679 6.802478133 3.783714630 9.786764048 -1.334139414 4.538904521 6.939234230 5.970740121 7.899435664 2.232694180 0.348866930 5.617466537 2.072107210
9.529447068 -2.558536094 -3.202094705 -0.299752630 0.043494760 -0.586319655 -0.751322719 7.157622630 1.437574418 1.445359087 1.808568213 5.475011097 1.017523011 0.329420791 5.382573028 8.680452835 -0.825646869 3.893597503 3.191839085 -0.410937187 2.951073666 2.166336538 0.705184236 4.095094976 8.466109427 8.068963023 2.498818309
13.100786402 -15.449044768 -15.074829216 -0.427778627 -0.568623751 -0.613316016 0.342805982 0.662987160 6.087677844 8.007077447 5.694076138 7.083881157 5.101948280 4.101185533 -3.257792194 7.707245019 3.945027559 8.495716824 3.290668116 1.040693309 3.526114217 5.542382490 4.575686372 4.006164512 4.009510048 4.094338961 3.039696446
16.918220301 -10.300199081 -14.995050252 -0.905922682 -0.403749008 0.077706716 -0.101254620 3.385555953 -2.148188207 4.972168355 3.199481711 3.174685111 8.196325627 9.232815423 1.564842651 8.631927027 3.378193068 -2.209197289 5.912120339 6.069361908 8.043729157 1.471957650 6.060086581 3.598039526 9.545023334 -2.213093611 3.216697426
18.837227340 -7.930156842 -1.413534644 0.783643911 -0.511465101 0.073314800 0.344863178 5.284588893 1.778708433 2.727562530 6.488406467 1.370796891 6.159853153 0.083394216 3.868915937 6.854060502 3.473114602 3.928867238 6.932331313 0.321305891 2.026653462 4.492885275 0.189067182 5.612175005 4.190972226 0.194287559 8.897169301
22.057071530 -6.807537589 -10.991772775 0.456867674 -0.585757134 -0.669262688 -0.015746815 1.814291035 3.798582886 0.980355078 5.734394890 4.452617342 7.229221535 3.939527666 3.264110870 3.209358276 8.892274144 3.644988173 1.604640657 7.187067675 3.442706562 5.219300492 5.272843548 7.916837382 2.802085614 1.625941072 7.552611727
16.761017876 -17.146484096 -11.881332140 0.202383022 -0.919437066 0.184161540 -0.282420115 0.064200188 4.799842367 0.150575079 -0.893676531 9.793576806 -2.000201272 4.139409028 6.121806356 -0.762292126 4.524926746 7.605593450 2.370568871 4.885994577 8.859389135 6.109216350 0.497619108 6.426984170 4.382857328 5.049205791 7.014405126
10.223184445 -3.986935665 -15.439299451 0.545139593 0.117708805 0.335422223 0.759249230 3.886049188 4.522197425 1.999233671 8.122678783 2.629486025 3.697205791 0.416776384 6.487981480 7.865521658 1.808360032 4.099394745 3.416815921 8.396723946 4.903095599 7.128797982 8.893249633 2.362077934 5.440118550 1.092206211 5.874362327
18.949152565 -4.946784220 -15.035900352 0.798240601 0.415976644 0.408012766 -0.152646511 3.215175797 4.932723859 0.478764292 0.387751412 6.591605919 4.692794329 5.884189846 3.361447543 -1.944780493 10.702072225 7.515339036 6.164498472 -4.448862169 2.517057417 9.440130227 2.252006537 4.021816348 -1.687690020 -0.626005589 1.249698243
12.289343896 -16.334142245 -4.576763425 -0.698891763 -0.055612204 -0.144077581 -0.698354664 7.834700812 2.836498654 1.661574081 0.914395516 2.594885869 -0.372503952 1.334554455 2.495720484 3.947068143 1.989845378 6.453219804 3.493141928 7.041599840 5.158879554 8.782559003 8.238642677 6.110051095 -2.847107228 1.745208006 5.128059108
12.796483074 -11.354365894 -18.094769107 -0.382400882 -0.865032621 0.186345023 0.266014402 -0.006889314 9.676463665 0.270142520 0.358270239 -0.790522441 5.168323659 6.522358888 1.052429375 5.897215175 2.988161407 2.299817254 6.362996243 2.101177038 -1.096995021 5.041885812 3.704384474 3.879165741 4.516570431 4.235871402 7.245151789
15.298668517 -18.349678583 -11.474659928 -0.638530533 -0.471063530 0.185720550 0.579556543 2.016798866 -2.815994071 -0.356701724 2.388193243 4.006684386 -1.475703007 2.675577467 0.479021346 2.478661084 4.317584574 6.848621269 3.076115351 5.902974349 5.257266520 1.053399261 6.548849518 5.038867625 4.668260329 6.854308772 5.141159424
11.584786640 -2.738513957 -2.865119296 0.327048710 0.361261773 0.290097590 0.823633693 3.657283139 1.355225294 -1.874948266 8.618898989 7.795284876 6.853921771 4.147891160 2.020508246 8.752522860 1.100044862 7.497984686 4.375510243 3.475382452 1.424061749 -4.628022002 4.736774074 8.406358463 1.748098172 9.052276018 5.452785297
18.605182745 -16.603347362 -4.189360115 0.753836503 0.602951709 0.017735087 -0.260509558 4.895910404 3.136317124 7.990349624 5.786612628 1.112938048 1.844012896 0.264457537 4.899495399 8.342376687 2.754595141 3.982871419 6.093191916 3.845001181 4.200391869 2.309367240 2.328441391 1.375451509 2.763516212 3.239848790 2.366629391
17.521547040 -11.798163471 -1.392218623 0.345500156 -0.908725806 -0.071083247 -0.223146195 12.100019060 3.462500601 3.454541609 2.096551053 0.391106180 5.925865360 3.445616535 10.525734412 -3.099206866 3.175540607 0.112296629 2.981269803 4.981981729 1.455441755 3.207583988 -1.484382327 3.432677361 6.903570308 3.506038789 7.482429521
11.569972068 -11.691893187 -12.951385496 0.863228502 0.150077890 -0.188897192 0.443430977 6.750895032 5.173205278 4.679009351 3.812683038 2.919628470 10.407396147 8.429590249 8.214060882 8.968762131 5.027587512 0.808555199 4.946964323 10.398636501 -1.719917112 1.693606368 3.075424316 7.520131529 9.579517165 0.673969859 5.092564046
18.468796576 -17.721949643 -9.040001434 0.482691351 0.655407317 -0.245953067 -0.526267420 2.531373859 4.779623800 7.169689396 4.742570722 11.574636662 4.108527480 7.139099528 4.976670412 6.184012825 7.616223593 -1.065271872 3.051527468 1.450015676 4.435692667 4.547869452 4.291702315 11.304848759 1.163627839 3.471648926 6.818046246
6.272447337 -11.121008640 -15.744430574 -0.096327489 0.344728415 0.929976115 0.083831735 2.036373756 5.671909679 5.633759662 3.675693250 7.213124841 0.534243936 4.577975170 0.726807353 4.394068187 2.720242672 3.098144410 0.001163191 3.595783087 4.960074064 3.361918167 6.723805235 5.226833231 4.933681832 6.421273522 5.995270000
7.824599799 -9.819700528 -1.264023919 -0.022850919 0.565245130 -0.311897625 0.763345040 7.682592423 7.565137899 4.953568362 9.264716522 3.002396546 7.767278138 4.242152750 2.872550574 5.576176676 -0.130058524 9.765749579 8.997868273 1.442748026 3.993104942 0.528677166 1.242819418 3.743324865 4.889449314 3.095832711 7.847457197
14.184474474 -3.052811020 -11.520686370 0.564728050 0.515408694 0.578645588 0.283910888 4.822585676 0.867832864 3.440568787 9.300888521 7.815905926 6.754335209 -1.550354224 4.208973110 3.409379449 5.263163808 4.558993399 6.770126780 6.548361563 -5.003831178 6.457592318 7.850849120 3.991574083 1.542276556 7.799849655 3.466550659
12.400678387 -5.401223903 -7.310886685 0.138160056 -0.681495699 0.646074921 0.314742130 0.834445310 3.313269346 3.197741649 2.619538697 2.756393675 3.766898964 3.538211987 7.577478237 1.916803123 1.953649138 3.626375558 0.482461562 5.702254528 4.827507478 0.977310208 6.376559149 2.992011432 3.104297419 2.532903265 1.394794078
11.094040038 -6.571141936 -8.425690681 0.213356233 -0.728351226 -0.649589812 0.044907523 2.331204984 3.183491848 5.885573760 3.379418138 10.120799610 2.366983488 3.854049613 1.127651070 2.603100203 0.582808200 3.823833194 6.152815550 8.349300408 4.518752285 -1.621652829 10.556166847 3.139765594 1.820773723 4.953141553 3.649570392
12.180514321 -10.403689873 -16.175905811 0.510810648 -0.100724123 0.563733761 0.641195274 1.777312377 4.222010827 8.561611086 5.050305063 6.508210416 5.847768246 0.106309602 1.851214438 4.337266513 1.136420657 4.870360232 5.260277049 6.017733365 9.119476009 3.089221757 3.950228823 7.005647073 4.871960327 5.260175558 0.299136712
20.686913581 -11.785997554 -5.339994272 -0.148678828 0.146007098 0.470406239 0.857493151 0.018513373 -1.785686217 7.315781102 4.291879244 0.252221874 3.868410638 3.688360371 5.505452468 8.571583559 5.728854792 2.898519999 5.580899491 6.727808388 1.936925314 2.716468269 -1.247675538 3.806301325 9.404956906 3.266527344 3.169455798
9.642698739 -4.820208589 -5.442046258 0.617715491 0.144787812 0.698211649 -0.331609040 0.063786493 6.952623354 2.449158000 0.990704481 5.694992808 5.273557814 4.646321837 3.170200657 4.568536255 1.762744562 7.320163397 10.370025578 4.803946441 2.340092037 1.954750300 -0.853308091 3.205664193 1.953889811 6.814101088 2.785617523
10.284881373 -17.106639133 -13.741625166 0.367235947 0.015930108 -0.655738535 -0.659462633 5.196582615 3.209877912 7.372144576 4.878002636 6.200479348 2.443377689 5.395983255 6.097351429 1.199418774 7.061532873 8.486249620 -0.442361641 9.142192746 8.693111097 5.034545895 7.033071880 3.348310444 3.307658681 9.164631479 4.505562391
6.684413979 -5.301208174 -9.025344783 0.365499145 -0.023850386 0.352250135 0.861255697 -2.297712104 5.068725706 1.739782063 10.053983663 3.722204135 3.472469027 4.215112926 3.986237011 2.106816540 4.563158077 1.232473671 11.182175151 0.140542354 5.263559490 2.151881049 9.502330226 5.087912823 4.812689742 2.355134959 3.997384797
14.407073070 -4.642115475 -8.509669422 0.669733986 -0.085357014 0.727442841 0.122464203 9.108905736 10.344554202 5.171450129 1.410912619 5.436587359 4.748365528 2.617655015 13.761535253 5.110776229 11.592658606 5.565636165 4.952539971 7.302060268 3.038920055 -3.565889092 4.592032462 10.008671581 5.055436316 -0.130831333 0.415919072
10.734950175 -12.147865056 -0.587616513 0.865534697 -0.324200513 -0.286080190 0.252788134 3.249845134 4.460681106 1.727216849 -0.695985585 6.377368177 9.764080851 3.788779568 6.558763207 1.180200906 7.051905389 3.222490348 8.371224317 5.498010443 1.729983995 7.967166221 6.133660539 4.476994317 4.168126030 7.631750633 3.555303475
9.484621737 -6.599572928 -4.856400005 0.038672064 0.611753313 0.436470749 0.658601276 3.094094219 2.214820556 1.864782040 2.064747238 3.395033327 -3.592385812 1.066157848 2.110076187 0.837240415 8.331744091 2.709237206 3.939642799 7.910676478 4.640473893 8.330179083 0.936398761 1.441053920 3.252947517 1.655299865 5.538363623
9.207370558 -11.747211796 -13.830589074 -0.360206614 0.027153344 -0.564924256 0.741872278 1.621915685 8.322000132 3.957643589 8.375823027 4.626879757 1.566918185 4.429348728 2.698459331 0.112970309 5.927558204 2.489899992 6.358291159 4.122163079 8.929247489 6.043667755 1.286009684 1.427034187 3.710753709 1.253347013 4.474600388
11.022457656 -5.760429084 -16.920373684 -0.106926305 -0.076003658 0.494405582 0.859274886 4.489461491 4.691160693 3.077519846 5.575881241 6.055699598 2.583896320 6.943247475 5.723249908 1.422560817 6.459534442 7.005917682 -1.272450737 4.104429211 2.760043441 5.468650389 5.275666605 3.878497245 0.589002573 3.774081999 -0.925513286
