-1.033271163 -10.185212610 -13.525807751 0.666466411 0.573847536 -0.371149168 -0.297942653 3.651148756 3.776990397 9.388026430 0.586758985 0.858561648 -2.875820089 0.670866960 9.281618877 0.001750542 3.682088168 1.044839652 2.985333970 4.619593730 6.730061753 8.067917658 1.169003368 1.921647613 3.993267696 3.361850218 3.263205536
6.775797012 -0.522337718 -11.570253386 0.504341696 0.755641634 -0.058671050 0.413766701 5.789042998 5.951862671 0.215359149 5.246532761 4.651355835 2.399277825 5.724286715 1.736673468 1.860914723 2.145589205 4.759961782 1.779570968 6.575133422 3.525811451 8.254147582 7.457283013 -1.703404804 7.852367069 5.570419694 3.189609045
4.165570299 -2.195986356 -8.360447577 -0.930694155 -0.185368214 0.076276864 0.305988326 4.489826896 4.611995506 8.214968057 7.273246762 2.440137685 2.950525434 2.611396621 4.613356475 5.033416678 0.207810824 1.176716243 2.166489670 4.771891211 1.743548103 0.891916212 3.980699978 3.139703060 7.488503528 5.344151985 3.251531491
8.243268264 -16.667728559 -9.582470622 -0.158782791 0.509805065 -0.402471709 -0.743574707 3.079817313 6.484043534 1.250975054 0.661266693 3.417465139 8.235276236 2.916613610 7.121654091 4.508545549 9.302084638 1.471510890 7.679372231 6.515968836 3.092317972 4.502945801 4.359332272 2.890978866 1.924692643 1.397046466 7.832850788
4.798718937 -5.530430335 -9.123148486 0.654240422 -0.512717489 -0.439614056 0.340337668 4.594232900 5.591874433 5.936997182 4.337799578 7.943250292 7.558608347 2.847547692 9.393696122 9.165993192 3.641320188 4.756087156 7.269083531 5.105585765 5.418759468 8.379276606 6.280977307 4.722926259 2.358470756 6.288689346 -0.164358432
3.926747321 -5.526634560 -15.935253739 -0.714876455 -0.398447548 -0.118764967 -0.562215340 2.758827635 0.070080071 9.047051642 1.930814295 2.926464196 8.379136021 2.708761654 4.721794904 5.863564139 5.385321854 3.649018225 6.634812305 4.068382212 3.422007265 8.829526203 1.095218067 5.591840353 2.531574647 -0.289435424 9.299043463
15.521652792 -15.552498213 -8.975818079 -0.269376632 0.807999471 -0.518011571 -0.078975299 6.311585820 6.932607427 7.417891032 5.083751727 4.584507703 0.630192820 2.260786755 4.366673290 5.238081506 10.366890576 -2.737292770 6.025923516 5.145729465 6.633918770 3.152875826 7.886625601 -7.705187327 4.701047894 0.968120761 3.417263797
7.565583329 -3.817106034 -11.579889365 0.366874096 -0.891732884 0.219573467 -0.148335272 9.683705821 3.828456595 4.594928768 4.024587745 6.523987735 2.342428636 5.807771357 6.677089771 6.951247839 5.339008951 0.774220305 0.601827690 -0.420573326 8.461083288 5.462058983 4.167233941 2.212504228 8.782498255 4.442870657 5.025063957
13.458617370 -14.215690357 -6.464336900 0.678883654 -0.120791143 -0.608061709 0.393430352 1.076172602 2.958274438 9.500388534 7.735204360 3.229163197 1.297129950 -5.184513595 9.432733303 6.480188961 6.453476832 9.582689702 4.137979654 6.172248239 4.980945193 6.661912182 4.033710399 0.399656328 7.845757448 6.693387481 4.154725734
7.127645852 -13.552828031 -6.920882765 -0.634091234 0.370763820 0.642746345 0.217576729 1.303684471 7.285520121 6.681936972 0.708318816 6.433233608 1.655359868 9.366788130 3.888695838 -0.463886616 10.980740903 5.321427947 0.619718724 2.081889870 2.193408871 5.881654363 5.155416122 1.211336876 4.349106039 3.334225290 8.418000857
4.188529463 -14.423146649 -8.548567801 -0.454513951 0.512834210 0.487002060 0.541522977 7.346727751 1.447847690 7.746800138 8.628116349 2.708124034 2.546597806 6.687340909 8.323364473 3.915316515 4.555909125 4.218950743 -0.904808158 -0.068792810 5.367592271 3.157163571 -0.278236150 7.542509526 -2.442047003 6.243953280 2.543024475
15.353695801 -8.260431960 -18.653419812 -0.483548087 -0.287105372 0.816649415 0.129751628 2.154550295 -0.704858900 3.793640476 -0.206601487 4.696364299 2.312051072 1.100392622 4.343466381 2.330520104 7.094824607 1.676628194 -2.082834750 5.529120833 3.573374814 2.507599265 2.183444226 3.173148950 7.872379702 7.953181913 0.358685611
11.685191464 -15.230089527 -6.963126572 -0.527331220 -0.803378545 -0.276593838 0.000739021 6.774586213 8.942350975 3.405885453 -0.857300895 1.345339805 1.160247896 4.186383459 3.758976823 1.707970346 10.117749753 2.458942843 1.453178037 2.319598620 4.421834412 3.417498015 6.473241700 10.433098055 4.360897078 2.297507849 2.076557803
13.622827979 -10.435967453 -7.667767287 0.423039917 -0.055029390 0.739088000 0.521304060 -1.006099906 -2.727928545 3.158296254 5.916379647 4.458464270 2.845843436 6.569830156 5.891672817 3.831858491 -4.325018587 2.702046867 5.624426596 5.204956438 1.828707580 9.612196527 6.435433325 3.261627358 1.630505895 6.125176840 3.638558345
9.016048860 -5.915108036 -15.205353451 0.792876750 -0.113349155 -0.586703036 -0.119490485 5.512356678 -1.268368079 2.081284771 3.288601158 11.100234800 3.345930652 3.451501987 4.114704960 2.534349562 6.868928693 4.463270491 7.022757279 -0.752488794 -1.463734809 7.982211075 3.867619127 4.932219199 3.723504620 4.257781889 6.766770848
11.728173636 -10.619920273 -12.138217552 -0.278551510 0.567076552 -0.030890028 -0.774518590 5.994914262 -0.046480927 3.987030389 3.738935702 9.920410655 1.893525950 4.400927441 3.580957725 3.634046120 3.319665834 4.916571710 2.255974389 2.995453697 2.260267977 8.591760798 7.008748802 1.924030384 4.428624441 1.246350896 8.121849919
8.589912813 -5.749308764 -15.160984164 -0.429778128 0.094310639 -0.525072084 0.728488552 3.165133763 1.465481747 6.135697453 1.715798753 5.313804563 5.019264366 0.602939231 8.808808841 7.143169286 4.770351834 3.889794759 1.803924550 2.528889567 3.751948664 0.616844070 5.230847489 5.779992570 4.848860519 6.522781079 5.463435079
7.175064808 -13.594989386 -15.202417051 0.833830623 0.531382419 -0.143362948 -0.042500373 7.312451332 2.308381776 1.240959937 7.069033683 1.565447353 6.522962174 7.672884542 5.802656751 5.043364226 4.535156752 5.339910306 2.755879336 5.913590532 5.964933747 5.896042600 4.868122685 2.523996100 0.726709674 3.215345012 8.336390648
4.986246381 -11.388850355 -17.088568540 -0.300610173 0.650527235 -0.217023806 -0.662833695 5.384239218 4.745126992 5.700398001 1.312638461 -0.672998734 3.716878058 12.483754278 2.066247850 -0.678465142 2.115644096 2.478775380 4.450511012 0.688838775 1.314162065 5.679016460 2.171129553 2.117141127 7.612493679 5.938523907 4.113069528
1.695976370 -16.482402376 -9.319343985 0.729497923 0.374386674 -0.517703887 -0.244233667 3.850602692 3.038266890 5.735651050 6.964505236 5.898140487 3.732520054 3.077886344 5.103300382 3.301168919 -1.141466527 5.504284408 4.750890324 2.628660330 4.505369106 6.364701274 1.923257080 2.649874336 4.163079113 4.615882148 1.931708756
4.038149475 -15.187096950 -15.083486296 -0.442678200 -0.485484537 -0.425876073 0.622069406 0.520986482 4.462051360 2.375941014 0.520342627 6.417997894 9.413963879 6.499404335 2.821254543 9.121891949 1.476732849 3.592877412 5.410381604 6.303654526 0.818724996 3.000502701 2.409664360 3.005522427 1.947354754 5.065524841 3.671481099
11.544299991 -11.930815396 -7.357400315 -0.384959682 0.026274936 -0.511346930 -0.767880191 -1.152360794 4.759178248 7.933038382 6.827063183 4.480749144 2.333208181 8.677669155 3.959301106 7.924394178 4.049419539 0.344389553 1.349883752 0.643490109 1.999079231 6.243687620 4.055084581 7.745675512 2.660146900 4.988814064 -2.980114827
7.176906481 -5.580817700 -20.350973779 0.521387634 0.582183056 0.178415972 -0.597817335 2.897692860 3.956578800 -0.005961596 -1.687515104 -0.417834886 3.893824472 1.939877033 3.685103930 2.855363984 6.713468392 3.281556042 3.847794919 3.031781875 1.462571231 6.688121536 2.110491109 6.293612882 2.437823785 3.256126618 7.849455245
16.663731598 -13.955825443 -8.387010432 0.576817345 0.739988521 -0.061183830 0.340522065 1.359208079 0.124332062 6.163734925 -0.590093300 -0.590123609 3.317968821 6.858942245 4.980383377 5.592396394 -0.000381124 4.322384496 2.505777817 11.772950319 6.317540648 2.451830111 1.425540041 3.542169576 8.896279107 8.149917804 0.466329104
8.028932271 -14.453769806 -3.464615509 0.637822906 0.668478609 0.162026799 -0.346504842 8.539592623 -1.352297840 4.964041581 9.072374312 2.939505616 7.145369454 2.992301839 5.602862571 0.464713362 -0.951023012 6.111421406 5.226247545 5.384505068 6.716887509 2.500301950 6.126524237 4.383446709 5.714208867 4.740077904 0.649483850
7.807391548 -5.508129804 -18.465232343 -0.175474423 -0.834395043 -0.522140215 -0.019058702 6.103695065 3.159376392 3.898349786 5.880492677 2.905572357 4.471110909 7.709854279 3.435500539 -1.298191419 9.680738544 2.037789623 1.682638168 11.467443053 5.844048860 4.277321438 -0.685079380 10.016037186 6.469315328 4.282845379 5.468494271
2.975938430 -15.671939824 -11.924619232 0.058710841 0.963764027 -0.212109119 0.150737052 3.578183225 4.487287203 4.110347574 2.928539933 8.619559113 11.488166812 1.007012348 9.556740772 9.445761743 4.622736498 5.061038259 5.714388065 4.131116107 5.958642545 -1.721124469 10.502069201 2.044054589 6.306492486 -1.108312051 3.936372589
8.010148986 -12.428636635 -20.098770356 0.055956695 -0.166551289 -0.968396380 -0.177025330 5.354982429 5.589970581 3.220753704 -0.118282981 2.959556807 5.837156027 7.667615257 1.334141584 1.994728933 4.429723510 1.877480655 4.204632419 1.188202414 6.453759584 6.074099586 1.262299498 1.187471378 10.319986587 3.392959363 0.865342500
4.607023891 -8.937274802 -9.518744421 0.809631413 -0.180700273 -0.298041282 -0.472245466 2.565123027 3.175203035 2.980752793 3.907424843 -1.807158919 7.566412756 9.212866328 3.923710249 -2.295694832 0.626697423 3.928660631 3.755334983 0.112629247 6.045532120 6.859229030 10.039733795 2.987533049 5.011527529 4.472933091 1.632403176
9.096742915 -8.619498559 -19.785234665 0.054729620 0.520043941 -0.606559679 0.598869204 1.913317719 9.988387347 -0.428557667 2.791048666 -0.567188225 3.058062448 2.751045646 6.603197495 2.733673197 5.700220079 2.504791175 9.425521977 4.248372713 3.432907807 3.200154423 5.546148968 -0.774450814 2.679105708 4.958577531 4.330634394
5.018167744 -5.512864299 -18.732839957 -0.066514581 -0.424399292 -0.524929678 -0.734785605 7.429893401 8.388880891 3.428183602 4.703887527 5.053552341 5.367388516 4.479628088 -2.317264712 4.220948069 2.635185263 1.678936841 -1.215876382 6.981340953 -0.651214341 -1.205605630 3.531760199 9.799953684 4.769746645 3.696834519 6.274190519
10.786461043 -13.736422769 -14.124673479 -0.319252215 0.344065654 -0.171216466 0.866245791 2.818744184 6.172805902 1.281162111 3.544683277 4.049540703 5.128667356 4.636725777 1.790139151 2.528762317 9.195244609 5.344575785 2.728499559 3.102215994 4.076440045 2.543689087 2.517251135 5.618469613 2.219244826 9.308046142 -0.228691096
9.648257981 -5.956751658 -10.606691689 -0.881106100 0.156376439 -0.445725891 0.022953862 -0.602872771 4.362757831 11.284004576 6.285299103 3.475449366 3.549619194 4.481581724 1.193781783 4.738088910 5.411467569 5.868102236 1.990471935 -1.499437554 2.631896834 4.043593952 4.516777042 4.996022966 5.894916139 7.900150631 3.510758745
4.989979890 -5.148654662 -14.694531314 0.105713791 0.219639452 -0.913678070 -0.325231440 0.054119429 1.759384008 5.615577657 7.103686910 10.787642447 5.853121071 10.399786810 6.262020416 4.234889846 8.714882709 -2.244220771 6.910425984 1.902924824 0.302513847 7.565956519 5.577216628 5.512999288 4.493817055 2.716605553 0.817357507
4.609089762 -8.747765683 -20.643719252 -0.151580100 -0.384672963 -0.904373110 -0.105638360 -0.612037375 4.765062800 4.509140538 -3.979937885 4.311508738 6.671646134 8.417911637 2.280611652 7.561441399 3.873250610 2.503760992 3.913983172 4.371995560 8.711046075 1.797866194 6.457827961 8.550250283 0.837624855 1.230964412 8.636826703
2.511384331 -9.658927865 -16.275330062 -0.968489910 0.135751645 0.208618183 -0.008788522 3.993220753 0.682120612 4.969565626 3.704693635 2.649874903 2.406061767 6.445356154 5.046443147 4.847306603 10.394745359 1.801484495 -1.183431820 -1.841187355 6.694840437 2.787456750 4.180099202 3.534531703 2.821191860 3.473807710 2.224149533
11.607877782 -6.690460583 -12.989459106 0.182602397 -0.182550744 -0.319846723 0.911608285 10.193825450 6.260486290 5.483884365 8.806795679 -3.576378062 4.275335793 1.805448508 2.483142738 3.053096438 4.036293748 5.982072227 1.624368554 6.019514437 6.430710511 7.032358845 1.510727200 5.832876360 5.800729224 3.393733723 5.070751498
10.897872112 -17.468527223 -9.793348706 0.263223326 0.112374543 -0.863496999 -0.415281080 2.673848547 9.103532554 2.194140435 9.796480096 4.142663403 5.300188384 1.317698505 5.332159393 1.190693542 8.487015930 4.882169648 3.267868676 4.596906978 4.464114584 -0.218531514 9.693320230 6.237724790 2.720734297 7.052433931 2.059040322
1.722716920 -11.419591100 -16.174292503 -0.048030060 -0.710821534 -0.479297002 -0.512542920 8.302245977 -0.045389998 1.162432963 3.688713228 5.743603394 0.012763336 -0.557088407 4.002949600 8.467530970 6.512974647 7.509249824 9.415748579 2.497180574 1.771734874 0.483208976 1.570725017 4.432252038 6.070022840 4.796430982 0.968867930
12.518356652 -6.284354119 -19.494961494 0.351682123 0.577481711 -0.264275061 -0.687745047 2.326471366 0.710021613 2.498478973 3.479833412 2.983378493 1.822008605 4.381811975 9.152620570 -1.011536070 8.550599537 -0.658651733 5.146034589 2.685610354 2.176062117 0.732875824 4.576855881 6.037580903 2.531113696 -1.781211716 2.977164846
12.440857577 -7.478365280 -12.395324760 0.422416478 0.072170893 0.304515546 0.850662074 -1.897012919 4.352711931 6.457348181 2.224468815 3.963410964 2.430381427 5.660341529 2.657300812 0.395386497 0.803288044 4.520485527 2.088222395 4.502264721 5.618870139 2.697433046 2.502078936 4.984324542 1.108505544 1.982618411 7.900579257
8.405375863 -10.941114497 -21.262287823 0.148262364 -0.383320167 -0.097092149 0.906452997 6.115039481 8.873996633 4.302590055 3.112613170 3.438211413 1.402726721 3.823049033 3.848305929 0.986221887 7.328601192 1.035498929 4.129766517 7.791841714 3.025728757 10.204546638 0.599656141 11.241456501 0.230857262 2.477104641 0.707787316
13.276351584 -18.074540411 -8.529864089 0.026341772 -0.655565776 0.743852485 -0.127369956 5.738554313 0.476250215 1.346052964 2.081649591 9.075848666 5.242720125 8.998259099 0.259499095 3.939739361 3.846831742 7.612838757 2.326397823 4.397320586 5.836693813 4.197728180 -3.160058240 4.202685345 2.902236894 -0.513432074 6.555100239
7.722773434 -18.250342809 -15.319548286 -0.590620367 0.366056876 -0.076562776 -0.715058101 5.153928393 10.805281219 -0.181242822 5.078004065 4.196671102 3.588508328 3.745284420 4.823871050 4.903105458 4.783428149 2.791958233 4.594445754 7.592117234 4.778059002 4.012923503 2.421401743 2.611055192 6.286137040 6.750152621 5.275854808
0.473951078 -9.381324711 -9.430275757 -0.403363639 -0.774886842 0.319475994 0.367128377 8.209825546 7.045100701 4.957448632 5.087810684 0.540675291 7.340359447 -0.621525657 3.369120409 6.100612700 4.161334707 0.435850349 5.709477738 3.691295617 0.678257603 11.669477250 2.186927890 2.757295466 6.500632207 2.822648050 0.252252148
2.579928717 -15.321235438 -6.709190433 0.042257358 0.421544404 -0.409062434 0.808197102 2.910745713 6.771073558 1.796283727 2.539496356 4.833054859 4.170898903 3.249399043 7.648876127 1.872727459 5.299112149 4.657901787 3.824021456 3.015451875 2.859046723 -6.344072670 3.254618788 6.459843184 3.885393578 -1.588504959 3.823334097
7.343552210 -3.519506114 -11.820614402 -0.329682724 0.487609675 -0.560887331 -0.582195420 4.042290697 2.442644358 2.635495890 -3.407441025 4.170739453 8.449483463 1.842844367 4.519007151 1.453646028 5.321664850 3.825953132 4.976452012 6.857370093 6.087715293 6.253794792 4.522886703 1.221660112 3.011623214 2.268273807 8.089294026
6.622761556 -12.682011314 -6.975236966 0.120563548 0.545361015 0.742579130 0.369624174 -1.242137771 2.738286430 1.021073250 2.908518262 6.735062482 6.922296274 5.446754397 5.816651965 -4.817557383 9.943809644 1.490234872 8.639845691 6.630947081 3.279630101 2.675156507 0.661241574 2.044471820 -0.143018728 3.417487444 2.265203587
13.018705647 -8.166119302 -7.434044527 0.273235331 0.703648545 0.603880701 -0.256025932 9.201772270 4.392914077 2.053460100 8.431887847 7.988380813 3.234042670 2.381942279 5.411240274 4.595177022 9.610184442 2.247362038 1.717515563 2.780779936 2.867514626 6.862609243 1.693045430 2.879159315 5.606040706 1.767601284 -4.179717067
12.477692940 -4.927169646 -12.610254654 -0.415389172 -0.005950797 0.878198547 -0.237031088 2.119196109 8.991541025 4.740237414 -1.272743585 6.805121583 3.750021061 2.195785564 6.277374383 1.560082620 7.028592069 4.483301455 3.062480310 5.351089055 1.366762749 2.626960892 7.743871486 1.112976503 6.213736306 2.435627989 2.828773843
7.892030696 -9.247453687 -14.358889530 -0.079547910 -0.306617040 -0.846969419 0.426967123 0.612290739 2.153088075 7.951859680 1.202434074 3.853115630 9.775174290 11.487571302 5.895328630 1.938601210 3.076492770 4.869890698 -0.627181353 6.081541583 9.368562567 2.901868001 3.982038330 6.909072222 3.782387720 5.747706425 7.227234843
15.779719393 -15.893427007 -12.299023384 -0.326958919 -0.426056185 -0.550445502 0.639205555 5.390238222 7.119992963 3.739345853 2.821758963 8.287068287 -4.890632324 4.545858506 3.927931610 3.973277294 9.293836970 -4.822425739 1.732731050 0.105687754 0.406110479 1.413095590 10.159585087 2.146342713 7.370222524 6.703820886 7.337947629
1.180137397 -8.981738307 -10.658891727 -0.146079839 0.981129200 -0.120259280 -0.039797968 2.969706574 9.907552159 0.360532298 1.932086415 6.669197754 5.814994755 -1.313554163 4.172514867 5.972748686 2.450464170 1.211729056 5.942546253 -0.725333110 2.696015837 1.502082738 7.100463437 9.032206561 1.881309202 3.280671064 10.493625904
8.624970565 -3.822302300 -4.913382000 -0.137257573 -0.417051595 -0.898333910 0.014983716 6.013315537 2.136059950 2.426844461 2.956973068 6.778675314 6.335905555 8.578582433 5.419517458 5.970594566 -2.310561772 2.563648278 2.894788537 2.284011881 0.031883151 5.603508635 -0.708787893 1.110929041 -2.670529354 9.177974525 7.760419706
10.335359400 -2.536948442 -9.324277471 -0.071083935 0.076553629 0.321267303 -0.941208763 10.040167747 4.116447248 3.591759857 3.387118166 6.540271006 2.791701914 8.360957684 5.721363515 6.494180980 8.586073866 5.661338203 0.232300194 3.951900603 6.173379759 4.869661351 2.278349013 5.932328807 -0.545193130 3.337587221 2.102338531
3.571118667 -17.839483167 -12.109554319 0.827731519 -0.291181272 -0.140561387 -0.458602765 7.164649047 4.587566848 2.355747706 5.399822914 9.211505741 1.611613033 1.703908858 9.616442656 4.849338787 4.748786011 -0.300664486 9.180287602 4.266616240 2.539116280 2.928926122 4.770457464 4.171045362 1.296545760 1.878861485 3.723206399
6.751067388 -9.758809323 -10.143003266 -0.512523500 -0.317991798 -0.318425738 0.731304264 1.964975719 -1.188683347 1.721421331 7.102568328 4.863286406 5.560104590 3.807311384 1.033334572 7.559542782 4.305094389 0.567702575 6.057348486 4.015985920 8.079347349 0.052328630 3.138692372 1.537020526 6.085719131 2.585941532 4.686947875
7.868528531 -10.135591999 -14.447169897 -0.243410148 -0.056414924 -0.013860167 0.968182189 1.313438090 1.278718008 7.345924791 8.080371887 1.043496304 4.109653585 7.087933458 4.015415490 5.805954096 3.144368354 1.278082882 4.909429275 5.785590244 4.797811755 0.082327985 2.656976592 1.354357721 1.379879297 6.418767929 6.375286983
8.630821485 -7.980877247 -5.336388140 0.748130001 -0.377330459 0.232149788 -0.493993625 3.789738593 4.786917764 3.538918426 7.976048616 0.051808941 2.022907683 4.371754506 3.479702461 2.456723681 6.391222724 0.427494164 3.938604439 7.873524494 2.150171355 0.804137310 4.604307737 4.021740055 3.846888748 3.085052351 7.142047011
10.001097160 -15.067325081 -18.683250377 -0.012891824 -0.062371360 0.042293211 -0.997073166 -0.237873365 9.571542211 2.147164672 1.059850344 2.158973680 2.405118152 0.428318607 5.451024398 4.759174796 1.326792594 2.921026624 7.036419948 1.155064916 -1.731001029 5.325516392 4.294553337 3.912186779 1.863232285 4.151062567 -2.367404591
7.493856577 -9.771933824 -6.553904618 -0.502199937 -0.361331305 -0.188443873 0.762708213 5.683886825 4.809572470 -0.060527823 3.558605822 6.875190562 7.727295392 2.079002768 -2.074877782 -0.614443361 3.254880402 -2.695205150 9.274513323 6.950486426 -3.174814445 7.813994888 7.773516658 5.857750608 0.392641150 1.729287733 1.964276870
7.520593924 -17.060237203 -5.889410292 0.689045878 0.289279347 0.660882251 -0.069049891 2.210609169 4.316595173 2.164385646 5.549067301 2.368556304 8.957957598 3.188085770 5.407964907 3.013376211 7.424460008 6.991088119 6.051517862 1.445331655 1.382024865 -1.454581018 4.535521781 0.916687801 0.602210332 5.067256446 4.061638523
4.500623695 -10.445982318 -9.726090256 -0.033663888 -0.359006829 -0.735550877 -0.573537921 1.328956335 2.478478672 2.960703657 4.002670399 3.061387308 5.669108805 1.591406285 -1.492304704 7.805507048 6.031465781 9.836875479 4.026935156 5.753706472 6.965848815 2.648154284 4.184289299 3.853821729 1.542018350 5.141430801 5.650404979
11.933866545 -10.914701708 -6.091132831 -0.912546350 -0.360911300 0.131550463 -0.140344822 3.671264866 4.249166650 5.197643641 5.414246737 -0.070353707 1.444185170 4.947252843 4.234126910 7.144561978 2.422558590 6.356092946 4.390547359 6.992596236 1.916042286 4.991427496 -0.299006026 3.347086290 7.238026048 -3.192629824 7.281339100
12.823355337 -14.934441812 -14.975880146 -0.725841982 -0.454423564 -0.514907022 0.039030757 3.551818518 3.998107443 1.404183708 6.330686351 0.517647507 1.096890535 4.061377934 -0.619177338 5.779143916 1.794025890 1.120340419 -0.654731187 7.806535863 1.677184687 7.333368793 8.367374151 0.212917159 3.424683206 4.155497071 6.334932441
8.630364343 -14.198897149 -15.455021034 0.686329470 0.057316160 -0.557087664 -0.464025916 0.171581008 2.456029530 3.260623489 6.440053540 3.764306387 4.311451313 5.835835983 2.209080684 2.774840663 1.851166289 3.793342800 8.595588454 4.526269028 2.150916300 10.901407556 7.371723855 0.299828449 1.253526754 4.287479042 9.969242478
3.234956282 -5.920131869 -13.102536967 0.764886547 0.152530420 -0.234647315 -0.580192795 2.748455027 -2.065669315 0.187739353 5.831792147 3.395556124 6.647361909 7.125913580 3.642286745 7.511628673 1.762930834 -0.225288971 1.793391067 7.958195969 3.021511401 3.981753379 8.026612777 1.542796688 3.326387685 3.035172999 6.656153270
5.275308660 -10.758054045 -16.785618791 0.307545722 0.108411616 0.608264706 -0.723655027 2.904406284 9.803992389 5.233752021 6.373962446 3.571617449 1.879464637 0.995210956 12.352346695 8.416784513 5.100990137 5.744655564 7.320691554 1.821482849 3.763918437 2.656932737 2.507735343 4.655444574 5.102007236 10.495153474 7.240182827
7.567107440 -2.365370966 -12.146857424 -0.165711067 -0.207045886 0.243192570 0.933021552 3.752440562 1.311360175 6.058507709 -1.607677295 2.340729434 9.149050878 4.612109987 9.044614202 9.846339327 2.211338284 2.034971307 12.698597794 3.079460588 3.097733691 1.947547594 1.826970053 5.947173240 1.725563066 8.590719613 2.152380585
11.116769295 -13.191054842 -10.268099941 0.676091287 0.070776343 0.424224973 -0.598267877 4.735852487 5.689565075 0.362433125 7.178523562 0.624527941 7.489990495 3.482889416 1.668941133 3.730301779 6.060637809 1.755970803 4.233292354 -1.787416273 3.358297544 9.486380071 6.390897507 1.154337675 12.207230276 -0.121371629 7.799158036
9.993739152 -3.044668097 -15.595039334 -0.465486176 -0.381707928 0.365877509 0.709757231 3.126609812 3.542657897 6.289414043 4.445631765 6.858240814 5.435124324 1.372660685 6.563947496 7.275191340 0.595427776 3.487897632 5.999712522 6.934604530 5.439509169 0.626538025 -2.011317722 4.038670514 -0.595748033 6.852068757 2.248849958
6.933477385 -17.740087383 -11.861939833 0.532509374 0.691226177 0.427033222 -0.237239894 3.385283138 -2.057675137 -1.144375218 -0.579811490 4.934257564 7.782832196 6.852970863 5.979110231 6.183731170 -1.531397144 8.029048074 4.926247727 5.698248222 5.856095779 5.485929771 6.171260769 6.099487822 7.629365438 4.427788216 7.987005215
14.018699514 -13.205622484 -14.547090786 0.290092286 0.284858790 0.664812297 0.626678981 4.917079834 4.710575221 9.264482252 4.619881672 4.778676406 1.836819824 6.426647434 -1.770620974 8.844054450 4.061808618 5.517190655 5.433751544 2.510105659 5.006027351 6.822928859 2.096739889 -4.285797577 7.019866723 0.280131295 3.395726806
6.079797813 -12.372891696 -20.283768393 0.549361831 0.665415589 0.363391695 -0.351240870 3.700193834 -0.227596976 -0.230322114 9.193447145 7.019373014 -2.925078059 0.624201095 0.463612338 1.239061695 5.340889412 6.932961612 -2.761752317 4.128658332 4.035904158 5.749782186 0.775841881 3.912277753 -0.037599417 0.660209830 -0.297190454
4.508265027 -1.017780831 -11.725336678 -0.479629389 -0.715696997 -0.065393502 -0.503445278 9.166825253 -0.880095776 3.891171815 5.423661022 -0.045492699 5.359422805 4.368567777 7.992027662 3.733780603 9.413984881 5.089604987 -1.856937192 4.255489391 5.648904947 4.806677275 -1.451201770 7.585898715 0.376667106 6.516583347 5.201636841
8.243840224 -12.382675591 -20.916546152 0.215808935 0.075073649 0.972449591 -0.046176217 0.430551912 6.436509596 -0.095548555 5.048746060 1.752907659 10.811137582 3.318972932 3.298826913 2.599375725 3.632798870 8.933922777 6.605270182 0.460319321 2.569740071 4.996690981 2.041295767 -0.250674081 -1.090870312 5.416987357 1.471970181
1.103615805 -6.816164871 -7.749903784 -0.662073259 -0.566440942 0.301182249 -0.387418264 4.722555482 3.174146732 5.711545064 4.334596449 7.146968483 3.602082231 4.477622205 5.171802083 6.224127510 6.752903869 13.231519866 9.340230547 -2.551746462 5.507924929 5.906371925 1.432476571 8.462368362 7.971686345 5.496185853 0.213888629
1.085474833 -3.407191408 -11.102737468 0.361865359 0.531718912 0.662666184 -0.383669114 3.728729973 3.380451290 2.136949941 4.826878556 5.366861639 2.555508459 5.639056820 1.062657690 4.147981004 6.825262396 -0.147102380 3.673096073 7.047336453 4.021265409 4.654010082 2.900772331 -4.249019746 5.171211901 8.453461793 3.475443855
6.500857538 -5.946521539 -17.698122268 -0.266728986 0.246652102 0.813596577 -0.453959247 4.100346014 6.777755402 2.807807733 2.048619319 3.907354524 6.371499236 3.997958938 0.190121789 7.696725051 1.824296607 1.444112636 1.299118297 6.993297631 5.404715389 8.098082675 2.509485875 4.008166151 6.521560749 2.971255280 2.337669263
1.789785317 -13.782726106 -13.561192752 -0.550355214 0.526754809 -0.025697364 -0.647285220 1.859388359 3.203405230 -2.658909653 2.253718728 0.068514038 5.966286535 8.044245162 7.142289266 3.570431605 7.485684516 8.005705027 5.004632797 0.673826758 -2.954727896 1.694780070 2.593998086 0.184466708 9.088415754 5.558868496 1.177001283
3.404410215 -5.929818051 -18.693168363 -0.720143967 -0.342252224 0.054116948 -0.601105180 -1.824201281 3.273220681 1.208706449 2.662958111 0.990416437 0.165815740 2.287843572 5.252852805 -0.169852183 0.958739784 1.932756775 3.425680027 8.271632397 0.125788875 7.970109923 7.135683004 1.621250493 0.904418024 4.149017810 6.867685671
8.058607505 -11.327054315 -18.790619929 0.216562983 -0.028566728 0.540625764 -0.812408887 2.481775715 1.256719572 2.479954058 6.460260837 5.049808834 0.502457944 7.578700627 1.727636856 5.536636292 9.806865111 2.183702894 -2.080804945 2.416036689 4.640075860 -0.188135391 9.011122884 10.312797517 5.710699798 5.740454229 1.090718861
3.101471395 -17.256376764 -10.906953739 0.077862797 -0.223654656 0.928676535 0.285439788 -0.605824123 7.016277454 4.932600471 -0.229951164 -0.250082173 -0.896719916 -0.323771990 6.474039911 1.879377656 2.140248550 2.958189582 6.408503703 -0.086661649 7.262784688 7.053791390 9.841991619 5.060083283 3.314602437 7.773609759 1.497317223
2.209638371 -4.003087548 -15.132986245 -0.086963192 -0.474860306 -0.725876542 -0.489947282 8.470870087 2.731543206 2.765624324 -0.018420075 7.094073482 1.977337498 5.081103664 6.810012224 6.128510790 3.806322066 5.690692824 5.403270146 5.824510438 10.754933810 7.844107328 2.289340349 1.092988721 4.283221098 1.588368215 4.963084654
14.704229275 -16.647392419 -10.801955129 0.468475203 -0.513493450 0.552284700 -0.460257614 2.255534987 -1.121604664 6.094464817 4.872508347 -0.806774327 2.334555392 5.744952738 1.491601070 2.998372503 11.326591910 3.257417761 3.793584146 4.217755585 11.624039782 6.891362355 1.722139762 4.279897670 4.593919625 4.956673808 4.893482112
2.331889090 -12.526588237 -13.271234937 -0.885882323 -0.311851916 0.328806349 0.099233443 6.346393575 4.408800937 4.824847328 7.249539693 7.520254481 2.612461384 7.033412806 6.981684016 2.135214170 -1.043722479 1.770316715 0.727241032 8.658905919 3.133364035 5.461313609 2.872061342 6.739863773 6.267296047 9.119777500 4.065299420
13.099745480 -7.022319600 -18.679176278 -0.008150284 -0.860199797 -0.122693213 0.494910354 2.853588991 7.370659973 3.386928156 4.344090733 3.707944305 -1.977842998 10.463171372 3.101185024 7.616262138 4.324563488 9.611500246 7.875954092 4.144359991 5.716369300 5.299134987 5.961907338 4.114010945 4.859407926 6.345904011 8.497121210
8.921237875 -1.686597239 -14.168649639 -0.127257249 0.021367123 0.983721290 0.125065832 4.096356470 4.655934532 3.289592614 8.147940053 3.647871241 2.334976278 7.060030575 7.946772345 2.077284628 6.016487378 3.231809190 5.818093770 4.024932839 4.700184657 4.918889874 2.764511805 3.829443560 7.809940328 2.854196173 3.903299947
4.008620044 -16.399074710 -8.717846047 -0.645857233 0.313904647 -0.609000373 -0.336824661 6.237624727 6.161912671 1.174228853 1.330176805 7.555185180 2.038895974 1.545384025 5.153317657 2.770501952 3.301426355 8.279359679 4.017822687 8.324954386 7.648743599 3.010236908 5.208740110 6.360512997 4.737360118 1.884985395 4.191696217
3.710897489 -15.092589688 -9.632941569 -0.778906868 0.191122647 -0.597301383 0.002698659 3.134647077 3.774750482 -1.151986847 3.039427255 4.564808174 4.248716927 -0.451149907 3.813672704 0.301985965 4.979127335 12.330878377 3.286724216 4.962632209 2.773147204 7.936651986 7.194490454 0.809340828 4.743076130 -2.632288879 3.060567225
5.200786736 -14.175989468 -15.543769185 -0.496448681 0.862902744 -0.094455530 -0.003964108 2.477307525 4.171355230 1.538266885 4.598201643 -1.658431889 -0.127916014 2.027991450 1.297917436 6.249548647 3.227755754 0.820722419 0.338787446 7.423168680 8.402832392 -1.925433454 3.337675794 3.008573531 3.987184976 8.138359301 2.443129542
9.732887060 -7.240940595 -17.982484637 -0.393523696 0.328863155 0.232732525 0.826331470 1.353033916 2.449097702 -0.342214154 0.355040833 2.955231283 1.704015331 2.961078370 -1.858515929 3.961216673 0.622126866 4.299520821 1.568449813 4.605852445 6.194612627 5.131812629 10.760278553 9.998403715 2.086864410 3.092168258 0.149236287
11.239929165 -14.198890673 -6.757162647 0.540261513 -0.454374765 0.100388848 -0.701129909 3.697895561 4.635300782 5.660624594 2.681808690 7.269199561 4.682551842 3.838835807 5.491909116 7.989591988 7.082341211 6.700042359 6.589492353 7.937682807 1.467043464 5.690978645 1.020789215 1.716236076 10.114997030 5.383989169 7.224295896
1.128450861 -11.697954760 -16.977199572 -0.146366759 0.518360510 0.826714830 -0.162547663 1.444487031 1.461253527 4.250753788 1.231340532 4.385040348 6.070749770 1.700623541 3.911483007 7.799242530 6.054102099 7.417116315 0.926142066 2.156236855 6.116160175 5.515219124 2.227324409 3.156188193 1.765704132 2.121369416 1.748478457
12.798123351 -12.231300664 -18.607684056 -0.994334194 0.027368652 -0.033918769 0.096953516 5.055073406 2.533259501 7.947642692 9.609128944 5.997706863 7.057590320 6.865985091 6.065542763 9.580125703 2.539579454 3.746447244 3.624143454 1.878701058 7.382128949 5.240065788 6.969862570 5.782872214 1.738037868 7.395138801 7.347067625
3.827233121 -13.277923214 -11.839352523 0.213743073 0.691229974 0.318149230 -0.612614144 3.616083631 -2.002880003 0.412393372 6.907188884 -0.320904500 6.235354603 -0.298160524 6.331450564 1.579426877 4.475285845 4.119524601 0.574150303 0.425407809 4.561400535 -0.662921813 8.663215333 2.791161232 -3.428349459 3.840944931 8.766927886
7.783166959 -15.724452099 -14.944381012 -0.138837443 -0.459370551 -0.025385665 0.876959765 3.176678275 14.611881953 5.949861424 3.679152290 -2.417988100 5.137692958 1.508983927 1.294931104 9.099681341 10.122132770 6.275259075 0.224336760 1.400104271 -0.252169330 6.662468907 8.961673430 3.421600486 2.142624836 2.349025946 5.382770186
3.843367588 -5.134433311 -15.621969882 0.406919059 0.444473001 0.782056365 0.158897682 0.045209377 3.667447974 7.398625977 6.541029861 6.386484697 0.549371025 -0.712446690 6.623212855 4.303229136 -1.477429136 0.622829968 6.661890735 5.292142769 2.420015875 0.996159732 6.040329234 5.935222231 5.227983724 -0.863960551 2.374403712
14.098763578 -7.808497318 -10.505629723 -0.103428663 -0.554455821 0.240140766 -0.790071938 -5.220818636 7.799464050 2.028947805 5.020590554 5.188652421 5.250729065 5.161284576 8.221905403 1.908092420 3.073881373 10.128445556 5.157652127 3.569816852 5.733542896 4.998402377 4.565231979 3.369733387 -0.882868500 1.340251006 4.344892696
5.104554659 -18.843134245 -9.459634285 0.303220518 -0.117759302 -0.405858951 0.854089326 3.965564173 2.527141747 2.533540719 -1.348164084 0.507074249 0.500151494 1.186441429 6.259053673 6.578262197 8.201723230 6.421468237 4.945772867 -0.590354159 3.088653103 0.892507638 2.853776991 5.280496866 7.145205860 6.257481450 0.732808496
16.451752576 -13.349936685 -9.031492255 -0.940004574 -0.152054509 -0.105734712 -0.286515268 5.907232159 1.929182654 5.002908466 6.822845436 10.424100708 1.584155934 6.007484163 0.547605680 4.862976536 4.762269394 5.016239567 10.387905694 4.810853505 5.045269406 7.998661227 4.547090176 3.141774346 2.453205523 6.723083078 7.435638315
4.100151100 -18.110892349 -14.066783357 -0.348485529 0.146968093 -0.741788015 -0.553812926 5.338875409 -0.185349153 6.213928659 4.578672249 5.722007310 4.147433575 5.805305192 3.033983484 7.273089248 5.253470573 7.227385166 1.818608231 2.254372087 1.205045540 9.224754950 1.281572595 1.972663393 2.925999802 5.400400645 3.495302330
3.549050190 -13.613014109 -10.518750778 0.246668940 0.488092404 0.833798777 -0.075497276 0.346242005 1.935746835 7.157885246 4.336404023 1.747826558 3.136458331 7.540713425 7.579492387 1.070674243 1.572310451 2.037378673 -3.112048224 5.003849399 5.961246761 3.391075649 7.318707117 10.624959312 4.797550189 6.582219962 3.687898828
11.641484385 -7.877825798 -13.977999328 0.244733080 -0.374606459 0.816621639 0.364561134 1.696094672 3.776330587 9.103590358 7.318394410 2.041945220 2.476787052 6.128142194 3.237978000 1.947366759 1.914215960 6.014318781 1.186343107 0.856815347 6.547324407 2.136881508 2.682067234 1.074224377 2.740833908 3.158471208 8.106554548
5.171750647 -13.885535726 -19.334763037 -0.881785972 0.186118205 0.399142666 0.168815417 1.053212076 3.399782555 4.946416123 4.144344779 5.114141436 -0.783794290 7.422622825 5.415326415 4.695931200 4.973200517 4.711876939 -1.653592407 5.485343060 6.875895325 6.112755474 8.512769768 3.685373794 7.362336455 -3.552403484 5.081796619
4.931564351 -9.107131570 -19.921162978 0.297505315 0.002737945 0.494565862 -0.816631924 3.058753376 1.994704891 -0.848253485 3.221463313 2.651887285 3.668920537 3.839353664 0.045404608 2.078597129 3.520921646 2.667219263 1.873678643 4.263312381 5.232056538 2.424313831 4.362177503 7.593528924 4.288275533 4.137767190 6.500229884
9.549555377 -10.990031811 -6.880447096 -0.800232470 0.238246243 0.532429724 -0.139231141 4.087150305 3.919150892 2.980541065 4.356391651 3.891467645 -2.692808003 8.738644181 7.214109008 6.001967980 6.465917631 1.254840156 5.175812818 3.611753129 3.950757882 2.979655798 6.645449293 7.809747942 -2.907360189 8.465729505 2.852831639
12.531490447 -10.412873573 -5.491873354 -0.331803274 -0.137716775 -0.578104334 -0.732622724 -0.660246844 5.862577373 3.960881058 4.906755476 1.021648425 3.920102908 4.224211188 2.092442821 1.038950673 0.823150374 1.171399853 4.088604637 1.323829629 0.972226082 2.506530512 -0.866755571 3.954109847 9.532261495 5.807729497 4.505633369
6.622449308 -1.812261204 -13.982103286 0.407188271 -0.575129570 -0.709110006 0.024221649 4.269992846 6.645577693 2.458768537 1.150933991 4.433343749 5.641457469 -0.068488814 4.455858894 1.183116733 3.952471920 4.887835550 4.359758662 8.212129304 4.518338386 3.903325192 1.234865384 5.244598837 4.112474220 8.470818115 0.823803554
7.653938694 -7.010445889 -13.409499099 0.699927779 0.665603964 -0.080852259 -0.246039387 -0.322112666 1.503192505 3.949252669 5.954069820 5.182416943 6.778961513 5.349304882 5.172882999 4.951794010 5.486519184 6.693240162 -0.827530435 1.303894512 5.519148663 3.217712319 3.090847772 2.882422544 -2.581121722 3.981194590 3.001260475
11.388012978 -6.283928984 -3.786841487 -0.037372375 0.111298105 -0.015228808 0.992967331 9.323450458 7.559225857 7.623232318 -1.833920118 5.927737322 1.942379034 3.319669118 5.263357024 3.692735520 9.095272971 4.120339418 5.865137191 2.067687121 0.668307381 2.772971263 5.144817135 3.369287112 6.569229703 1.195433489 2.035215417
2.075823713 -8.662573627 -12.087647088 0.566509513 0.487919664 0.111926578 -0.654579113 4.832756266 8.181647905 -0.003190396 6.412387431 0.100980209 -2.485338767 5.828156713 5.411427457 5.399843653 5.062750180 3.283005234 -0.473941888 2.097853575 9.869313339 0.798430334 3.994713754 3.063978103 3.543935739 0.929275935 2.289112263
6.241937941 -15.303296170 -3.666308076 0.717652679 0.195179146 -0.597775916 0.299238513 3.658779588 0.454104598 6.086098050 7.534019999 5.842167103 0.250529149 1.349918281 6.265992870 2.246448869 -0.307473198 9.587422928 1.201816274 6.566285652 5.310638552 -2.345005190 6.729775730 1.747120098 4.092906253 6.308353011 8.760893789
13.515585653 -13.798630023 -9.397644025 0.411474752 0.042811972 -0.902485032 0.119901756 3.026840548 7.038859469 -1.393685472 4.950385536 7.582286456 4.365064648 2.389444072 -0.098228606 5.600778386 4.483395825 3.714032165 4.508199831 4.013479397 2.652599417 6.747015775 2.248233338 5.573600194 0.559279408 6.257315071 2.438028520
10.644361134 -19.426176589 -9.569004992 -0.461158721 0.726779164 -0.499159323 -0.099823102 1.528397403 3.097542001 6.123003739 6.954747269 11.669055582 4.551109113 7.451748716 1.961637919 4.435060573 0.867177223 1.582635786 0.270297048 3.671967374 8.349063814 4.958394016 10.621857892 -0.008178889 5.125993153 7.042189189 4.227600353
4.459720026 -5.943108974 -15.009700530 -0.107126030 -0.353396239 -0.039920288 -0.928461891 6.095068755 10.692998724 2.495285585 7.833103709 5.372646747 2.014537360 0.213906975 6.835314564 0.261867730 6.798577731 11.106726120 -1.877659694 1.603523332 6.301819053 0.152848735 6.931182955 10.520571674 0.815711680 0.939669160 0.810481922
4.819627223 -18.657292543 -12.598540657 -0.310526256 0.778798958 -0.066480878 -0.540949092 -2.236323202 4.488019384 6.732045466 4.767173118 -1.710340241 8.334118684 1.215522128 1.983268342 0.812500255 6.620704510 5.136112186 4.676060938 8.052804666 7.865745896 3.322467801 5.313143911 1.350531511 6.141178674 0.792816999 1.343471445
16.141822880 -11.668656858 -12.493145539 0.358791922 -0.057178659 -0.891184944 0.271640118 5.820547330 4.999860538 0.083807486 3.365125955 4.933629679 1.458350078 -0.199539455 3.871926539 7.863449349 7.876128152 8.598633931 4.079959507 2.777473593 3.886249201 3.034075297 3.761812302 7.352336268 0.299406555 5.295503289 1.669512144
2.544370205 -14.358875863 -12.218621681 0.019347123 0.630379065 -0.771742390 -0.081618667 6.006072592 2.248857832 -0.107512857 7.989718021 1.054966297 4.908878851 3.971969722 8.364476849 7.826806624 7.022036115 4.915136618 3.356411059 3.388463149 2.566184344 3.000837713 4.761559814 6.450574219 5.067483737 6.714472723 4.307047501
8.888296564 -15.322046051 -3.872387507 0.381480898 0.810925788 -0.441741422 -0.041667821 8.723918417 4.850102636 -0.145827751 0.531043703 2.123167143 2.298617014 6.419485244 1.926640937 1.599435018 0.602356118 5.515908674 -2.640335764 4.642413224 -0.850120346 3.665114980 8.976625853 4.937117214 8.335672984 3.840834419 10.618035608
12.491971955 -7.547988358 -5.260802464 0.478624087 0.371364353 -0.793716228 -0.054973178 3.204473177 5.237645491 3.662898192 0.984858755 -1.293984576 4.717229390 4.062758425 4.584004090 2.401022814 8.028847465 6.272407807 5.950831112 3.339312248 4.063103021 6.362824444 8.763293407 4.985817092 5.463508630 4.307419383 9.077113904
7.758991982 -5.545657065 -9.625008886 -0.139519660 -0.277273153 -0.812108145 -0.494099407 6.414460331 1.682856605 4.125142752 2.484967105 3.326077048 3.435292859 0.907567073 9.737292164 5.161153220 6.705501917 2.351821020 5.969289565 3.051372036 2.939898923 0.261672849 3.701497645 2.096230955 4.569462441 2.103765809 7.337840261
8.185323415 -8.923031135 -10.093125846 -0.503558915 0.553122780 0.424888779 0.509855995 4.012374691 3.953569864 2.549570058 6.254618701 3.079789206 2.911927381 3.456386242 8.895217589 7.620566509 7.807851643 -0.078010645 3.237306449 7.226859475 1.678618006 6.377262476 4.560237601 0.728894409 10.068990230 5.732482487 5.872015265
5.322131266 -7.219473929 -3.164219435 -0.719837516 0.515874782 0.063295061 -0.460109655 3.227654822 2.596405814 0.657372863 10.441736635 5.155826286 2.385885478 -2.465625170 4.659782475 3.542962554 -0.404395507 9.561533990 0.610722915 1.772602471 2.075739233 4.736292783 0.153832135 0.869132013 2.555960381 0.870900423 0.696181175
3.613130809 -9.197764793 -7.103159798 -0.619054347 0.269334494 0.678457835 0.289699176 6.165976628 0.887190522 4.965166504 2.500172253 6.921249993 9.366105529 5.576036340 4.960754516 6.054832014 0.415728861 1.353966835 4.558455998 3.082748095 3.193323268 3.184577013 3.859703259 -0.559834036 0.400423405 3.458980405 7.122729253
10.292781109 -11.389979051 -7.240015820 -0.277282387 0.612810430 -0.619521088 -0.404686887 4.611979253 2.767477457 2.964146998 -0.014918344 5.556297533 4.580691219 6.556228299 11.567791045 3.448107433 7.270920874 6.003116992 1.201465017 13.236696007 3.431717463 3.327620820 2.576807576 0.981549874 4.450777318 -1.247549236 3.410735399
12.481030900 -18.148665659 -9.848889259 0.497118830 -0.409463984 -0.719957638 -0.258598366 1.665950636 8.054138661 5.116785214 10.976592747 -2.395969201 0.974350864 0.728520833 -2.721760919 9.670605848 3.188129963 4.798462774 1.758333741 -2.070624898 0.263852831 4.879486091 6.298646115 3.766025896 6.887355452 2.718225672 0.943797943
15.747462520 -7.511807821 -13.090743289 0.135010117 0.506042708 0.226151703 0.821308988 5.716487882 0.364914362 7.644220492 2.515493865 0.960595817 5.466728615 4.533661799 2.627755507 5.770286849 1.751107134 7.731972843 -1.652416359 -0.749745455 8.042611787 4.225198243 4.961807839 3.174854324 4.379170038 -1.944620570 3.134880640
7.672149686 -13.275176614 -12.850635424 0.014726861 0.823052975 0.562127482 -0.079872482 10.962100030 4.925129250 2.596940382 3.521951470 2.156483717 5.687769585 6.448402293 8.743511588 -0.363798251 -1.829598725 1.574495529 3.685563451 3.987743453 6.053551641 0.625127065 8.076278090 4.807418097 3.459766100 2.950856396 1.782908292
8.444300453 -10.136881311 -18.087619001 -0.252239656 0.807333646 0.143744367 0.513736408 2.518499205 6.879284561 -1.473678048 0.835636681 5.305574194 7.331763862 3.801737661 1.050785898 1.665732790 2.447143290 3.523335363 5.933244108 5.557589895 4.377746316 -2.418635764 5.388195999 1.894267096 5.084636408 7.021134671 5.018915308
7.166197213 -3.800815695 -11.688852125 -0.348336509 0.247670306 -0.751853321 0.502033544 4.656172508 3.046265476 4.962370823 7.844407832 0.514457546 3.487657772 4.105528549 1.457342705 0.674656198 1.410099187 1.894937485 3.148102598 0.520894452 3.090404453 -2.962983604 4.845435667 1.974482764 10.021811483 5.629470750 4.584275986
15.454707084 -13.837898665 -10.540042133 -0.233248246 -0.710313705 0.000581181 -0.664115470 7.705549198 2.112079706 9.228547317 -0.493520710 2.063582626 1.287743592 9.030230740 6.812033805 7.705427318 6.329516239 7.586520568 4.223628045 9.157470356 3.444014356 6.440474411 1.021715334 7.404198776 6.213727193 0.340261742 6.397809301
11.887707700 -7.654759283 -7.048148324 0.149413869 0.537557364 0.665970386 -0.495167669 8.329551503 3.847422544 5.468103208 1.995202236 0.485792159 2.098942653 6.127835212 5.424330259 2.314001812 -0.006517707 1.020056323 3.209385722 3.591744615 4.485301280 11.111478750 8.188019174 -4.532238420 9.425288143 4.949982323 0.752291703
8.429733176 -6.828986106 -14.347859255 -0.344343506 -0.369337304 0.384414315 -0.772815075 0.179573772 2.755388379 2.563240209 1.690322818 2.602427467 6.952381284 6.687384858 3.095756523 4.115318152 6.005968350 4.861054947 5.947781111 5.655639300 6.569674666 -0.269146057 6.495854702 8.005505009 7.594913689 7.774543799 2.524733287
9.143945954 -3.214690075 -14.981235739 -0.421071860 0.282523762 -0.734037875 -0.451737989 2.806960506 1.060514091 6.823569327 -2.901419165 0.600887198 10.468691975 4.816763723 7.921830049 3.926822362 5.034535652 2.147599055 7.101604080 0.367790886 8.018727106 -0.945711524 9.849849849 4.125082840 1.044142450 3.687278630 7.833421482
11.582514349 -13.389761760 -17.540256555 -0.661018470 -0.023068968 -0.562791157 0.495770630 2.845012151 6.290198582 4.088803321 5.827296574 4.148061205 -0.272807515 2.077667561 5.165118571 5.586073771 -0.840954868 3.480676710 3.526252558 2.243221814 6.662378814 0.252942851 2.092580780 4.096846142 5.059439605 6.991246555 2.009373644
0.896766726 -6.280762041 -14.145871392 -0.628041123 0.003265149 0.117778589 -0.769208613 6.202688851 6.541737695 3.014173639 6.294019424 7.757925716 6.139501220 3.705004468 10.822281984 4.077443902 3.661942834 2.841339537 3.503560768 7.586549495 3.385886546 3.989414696 4.342098199 3.807183363 2.803017384 6.936362374 2.604755597
13.642305417 -16.161168103 -10.039550419 -0.178843443 0.685714264 -0.370002144 0.600757342 6.637198182 1.151494767 2.048346084 4.660636995 5.632954528 6.929504592 2.756788678 4.445581804 2.925235148 1.078068731 5.211958701 4.366760526 1.475238742 0.936778095 4.592928534 1.593559225 8.722848324 3.264611515 4.806890495 4.213538777
8.216738396 -9.051949390 -4.084993110 -0.154179395 -0.063964536 0.157556457 -0.973300167 4.919292524 1.529012521 4.023148557 4.795047723 4.359286627 4.859462693 -2.236952195 2.630457544 6.373080331 -2.301089823 2.021565346 7.669639724 0.188445172 6.301358169 4.089648602 3.546759320 3.431358148 3.300755615 2.180263551 -0.428948458
5.016434525 -4.723204171 -8.248001983 -0.485836659 -0.461998381 0.329345468 0.664869761 6.850817002 6.288072268 1.524171104 7.651010603 7.868648666 5.168483537 3.372289852 7.370193789 7.571262823 8.061500966 -0.220998074 0.173145618 3.107029982 7.637358311 3.392847483 6.653340126 8.392862602 -0.157018084 3.830162173 3.781027218
4.021730526 -7.415058784 -18.941984422 -0.341495001 0.746605778 0.111345855 0.559967032 -0.703955477 1.633331275 3.446021706 6.558271629 7.678097693 6.104956898 2.419289553 3.311500022 4.508092394 7.238261739 2.485615414 5.617058103 2.139925027 -4.050427284 10.786955072 7.750945288 0.571742856 4.925049121 4.331988176 6.342578908
5.955646853 -3.317996429 -9.892864629 -0.875743501 0.456218535 0.039867215 0.152802404 1.941305839 6.492865938 5.517765821 2.510247536 3.534242046 1.464394301 2.946559974 3.640391612 3.364567295 6.974521932 3.841108506 2.428787020 4.668552951 4.829189851 5.839160276 4.007667553 4.374976087 1.823330517 0.555638094 8.553073437
4.453247900 -8.811999303 -6.103903795 0.436930308 0.324320411 -0.179357650 -0.819596858 4.174216702 3.658511195 6.711623132 1.371809208 2.659123175 4.107454762 1.574925665 4.613543126 5.801633446 6.301253290 4.444228653 2.869594106 -0.906039142 2.362312373 5.754321922 5.613035619 4.291353969 2.928330550 0.533756665 2.892765119
8.683439054 -0.854041671 -12.196509898 -0.152913345 0.425327985 -0.705497759 0.545881421 -0.519933930 2.819026475 12.034258279 3.135864806 8.546816538 -2.313722611 5.850221338 2.065161702 2.552593890 7.373520159 5.811190382 6.603865700 5.695932319 1.442701631 0.647296916 2.008635237 6.252453074 7.911299051 6.076219422 1.097083435
7.253604980 -5.486385488 -14.506696867 -0.153044791 -0.564274747 -0.428581898 -0.688831517 6.903690409 3.936340322 8.980614281 1.503068940 11.159478169 4.525785626 -7.634518463 7.644891210 6.052243751 6.415294174 4.156855503 5.654629223 4.862239254 9.059757158 6.288498509 11.215108091 4.698815704 2.085868911 3.009188682 3.891869442
5.250053320 -12.550319118 -5.912168914 0.307268799 0.025580758 0.694162775 -0.650437969 9.079367925 3.030286284 -2.126998597 1.881464564 8.351547088 5.711787575 10.284668389 8.726118298 2.815577785 4.766786891 -2.908725542 0.874179841 3.747936111 1.866895562 0.913840490 0.625672691 1.100364804 6.182029820 11.062654673 6.351099872
9.828553806 -9.088484842 -16.953736240 0.054698951 0.577277625 0.807966620 -0.104635121 3.923479616 1.861736381 4.213870203 4.962414850 5.192709236 1.609429452 4.977346692 5.378666772 4.765506526 9.711421505 3.814074160 2.841001007 1.995995146 -0.074730881 6.846028859 4.414018872 0.614141648 2.341429207 6.553281119 0.811313783
7.755609457 -7.056160298 -18.516220273 0.550529608 0.816047775 0.040011411 0.171412563 2.460672471 3.980173792 2.150992964 6.607307105 6.841495290 3.571179005 3.849584731 3.417662756 2.364988186 5.961901164 2.897418705 7.534306251 5.159359551 2.724151557 8.618061466 -2.996280357 6.255090944 1.934533040 4.770781608 4.216351733
1.596187751 -16.457344577 -10.653846964 -0.861150235 -0.369606123 0.324134792 0.129414924 2.377551839 4.384034429 8.730670599 6.145167216 1.602625198 4.989135632 7.579282363 3.962010305 6.931296110 6.798873834 6.081666321 2.584689293 8.380873751 7.184304805 2.746709298 6.257539893 -1.458267700 10.339493351 7.509645096 2.645556430
17.819856989 -11.301364577 -11.096778372 0.850637990 0.463280935 -0.239819246 0.065364468 4.931813326 5.408344669 -0.009661871 4.779278340 0.005711864 12.311469435 0.061313080 3.851873517 13.299957955 4.331021334 5.099062143 6.236236281 14.022533551 0.842030979 4.196091457 6.444721515 6.714808348 3.628233597 3.902594793 2.600345051
14.002073235 -9.585078621 -13.625731544 0.074476082 -0.134198023 -0.951657986 -0.266066312 2.369318701 8.574762962 4.404055426 0.971531581 10.975429577 4.263691263 8.878529400 -2.878342181 3.661390971 3.973310763 2.295878709 5.812394475 8.132802382 0.222703904 -0.322677975 6.767317886 5.403533820 2.849035761 6.566762778 1.374923796
0.780050287 -5.478996727 -10.422164463 0.648129691 -0.114882145 0.277363565 -0.699856735 0.450288059 10.519400010 9.646604123 6.233090671 2.720211905 3.029843279 5.577765379 5.454933836 4.044960287 7.308901950 5.777757646 4.505776217 4.578541739 6.922102241 1.773302867 1.384611338 2.320173012 7.474935016 0.847118227 0.705050134
14.102469788 -6.342884979 -10.353445840 0.508925700 -0.525792761 0.441066654 -0.519612173 0.338978184 -0.349898976 5.227877756 1.772350130 1.533036731 4.854214511 4.747617451 0.588233532 4.626825899 1.364087934 -2.523699299 5.248294559 3.280289391 2.877016269 3.954705141 5.617207532 -2.478655305 8.031037422 2.327330525 4.262837854
6.356801611 -9.165309718 -17.306325631 0.019942051 0.109410328 -0.230622045 0.966667040 1.764752688 6.737211044 1.269883839 4.664870250 2.308503371 9.263411711 -0.735568727 0.776381840 4.470606586 3.105115121 -1.568052236 4.730849714 5.134275052 -2.561844371 4.725238198 7.116894265 5.271897152 5.904553881 5.155428024 2.816648051
8.873137290 -11.211615263 -8.033402029 0.703490862 0.102138271 0.252736761 -0.656347858 4.438402516 2.070047276 5.915584864 4.661331683 1.988441627 10.165628487 10.801107188 3.194916017 2.346750743 3.686951505 5.540049670 6.727383233 -2.005719046 6.175210854 0.736986758 3.573962793 6.240582531 1.289378035 2.327911261 8.188473766
13.887065417 -17.314699876 -11.454474463 -0.634480394 -0.271708600 -0.004957767 -0.723591381 8.727260242 1.574259968 1.640392505 -0.195694080 3.821877308 1.481087423 -2.716619335 2.826039827 1.203365577 6.725494555 1.313278402 0.056448363 12.424243061 8.027314104 4.884712638 -0.585509878 4.003071908 6.466048185 7.881163993 12.819361658
11.604869335 -14.103179170 -10.479048570 -0.077474538 0.603177324 0.782147515 -0.135720581 5.662834156 3.051050115 6.785656857 7.410672454 3.924774845 3.620108879 -4.716617278 -1.938048186 2.571474378 4.020640702 5.681594381 5.043943333 4.009627615 2.009515785 4.438712957 1.206130064 4.031199851 2.052214203 0.432004253 6.935117721
2.070531360 -11.684237878 -13.347244209 -0.413943717 0.331248500 0.756268360 0.383383878 5.187206478 5.592057843 4.354605253 0.747843089 6.915502398 1.621920889 4.258431645 1.401393384 5.306484102 7.647345900 4.696447600 1.032808061 -1.567257890 6.636455177 5.146640028 5.396854020 6.011382767 3.605867838 0.956695171 -0.111783241
11.535421065 -12.263153352 -9.168515998 -0.110652692 0.046746938 0.706021252 -0.697928862 -3.313503374 9.985864476 8.086228945 1.737918397 -3.924149998 5.888275194 3.416066809 5.850713131 0.918438717 6.057688977 5.107304974 0.999317924 -0.805337271 3.581428475 3.905407111 1.523308491 4.446559720 4.257498300 4.109398185 5.891719966
7.129725132 -13.155901016 -14.834223887 0.215728418 0.433792912 0.614451371 -0.622683284 4.681997424 2.696998491 0.938136846 4.675582368 4.941259264 5.252978021 5.923585214 0.515084575 6.382714406 0.920994034 3.703885458 6.148366479 2.982392006 5.328431951 5.076146160 1.970712643 -1.744658856 3.230669531 5.574099385 6.561980583
-0.107721352 -8.888840427 -6.872381486 0.439558588 -0.764900897 -0.259251339 0.393069470 1.905792728 8.357224487 3.286022673 1.597642323 -1.133364480 -0.469617891 6.101460856 3.753290314 2.659987990 0.040325099 5.735386991 4.327357967 -0.284763680 4.075249401 1.725217766 4.359528533 6.862575783 3.399213553 2.880429874 4.073891986
7.686734438 -13.909957668 -7.968633025 -0.320470254 0.233596822 0.052725120 0.916488627 -0.601565707 -1.414794418 0.635409720 5.564888717 5.676624327 2.955916135 4.931232986 2.232717614 2.536680726 1.252665085 1.001327182 1.972020577 4.614784081 1.918757243 5.081608876 3.443872644 0.656891654 1.497070114 6.007094325 1.923210187
16.302159995 -8.431899564 -6.457776668 -0.558709630 -0.363783853 -0.694030426 -0.271710555 1.513181657 6.160321632 -0.102122549 3.458169344 5.987703729 2.897836398 7.807462258 7.524790465 -1.300280970 6.100617027 3.957091006 4.881309727 0.974252634 8.321468875 6.427859318 5.327111635 4.651055659 -2.540148038 -2.002679844 4.591413234
1.577117823 -10.033374416 -16.276260316 0.017433010 -0.596079030 -0.096061348 0.796968066 1.299110724 -2.259693673 -1.212478643 6.398396189 1.920032970 7.854314308 -0.081337915 7.645813705 7.469300136 8.351822346 3.230951546 5.518680407 5.422482977 4.438307661 7.394235843 -1.194273566 1.594669736 8.654905448 5.188234189 1.557953685
10.797707267 -7.842477388 -20.552509139 -0.030758289 0.514588834 -0.335943414 0.788285660 1.475998788 3.237426792 2.934473907 4.079410210 7.033054138 1.214533185 4.323664112 5.693090182 5.054372296 4.424357482 0.351335000 1.146170151 6.788901384 -1.393879961 4.728014648 -0.508062875 7.029025384 -0.991087690 1.409125770 0.221924658
5.973768933 -16.651547112 -16.207706891 0.664722609 -0.299887325 0.256892688 0.634206270 3.909452348 2.183453322 6.038845937 5.493581655 3.312432982 6.032075521 5.343962804 0.151941686 5.866981899 3.722985469 3.127230017 5.797924291 3.901697456 1.977327505 2.360446631 4.820390673 8.565645670 -2.379380469 5.210878614 -0.862169419
1.431543343 -12.273443043 -17.634722632 -0.371185140 0.628098556 -0.579538512 -0.363110051 4.736370221 1.829369690 5.261086878 10.095569050 0.488621300 5.049340442 4.371773989 3.993556897 4.412127112 3.774183466 2.688979094 3.820537852 4.841065152 3.570731504 4.118754180 6.275571880 8.465920727 5.474560663 5.178185761 2.095154258
6.060049836 -9.401536897 -7.173760325 0.146502012 -0.651341422 -0.129711143 0.733121090 0.067794622 0.522135868 6.642128239 2.405617190 1.270462953 9.760187604 5.392874248 4.828278978 0.607964619 0.165953379 3.876431623 0.109445546 8.811335004 1.041235183 3.109707523 6.359337876 8.919450823 5.997624316 4.978360004 0.257467316
6.305533437 -1.194073228 -11.135308119 -0.175108856 0.831974733 -0.157021552 -0.502492950 7.780203638 1.016099914 3.674375142 5.887135051 8.984575684 5.263215401 2.848370966 -0.566452697 6.579065486 -2.041184923 4.569536734 0.135585461 7.155002226 2.796115460 2.416998609 1.076841999 2.867099105 9.922432308 4.694668399 3.087389634
12.299729069 -11.780123258 -10.305844374 0.460608262 -0.025466770 0.589004847 0.663524500 4.971514393 0.434218884 0.543115611 8.199687438 0.687437953 0.719928219 6.254554414 1.426025524 4.055306580 10.539257699 -1.635376639 1.861080573 5.334724703 4.094785496 4.344615450 4.125529239 2.595492731 1.537609504 2.729664825 3.812109670
8.099049367 -10.593993842 -4.763944752 0.298440793 -0.646730326 -0.172479983 0.680384916 2.035979596 5.412946418 3.251335884 2.314414515 -0.850487539 2.982988742 3.691253639 3.130835070 5.357690466 1.899619535 0.750998795 3.958362348 5.510939885 4.894735900 8.373724672 4.222836651 3.123712921 9.226152809 8.717771313 6.384405774
14.282728019 -4.506585920 -10.994818078 0.157362853 0.048745166 -0.970830417 0.174210055 2.032193945 10.091506791 3.490969157 3.992051657 2.759481823 6.641998514 4.547789916 9.697380824 4.071154913 6.168489184 7.133981967 0.123897077 3.162642176 10.142230948 8.301031551 0.582739987 3.585706179 5.909682307 4.101197136 2.226052072
8.673295522 -16.425830931 -10.043142677 -0.716431855 -0.650943071 0.244188855 -0.058054447 7.160464786 3.873664765 0.141840305 6.535490190 3.196324335 7.211672627 2.512414252 2.862023681 5.649113614 3.299589265 3.818938384 4.731010500 7.343727826 3.865284791 6.253393695 6.583036269 3.314740415 9.420987805 7.481796544 0.183883979
9.672550975 -2.785765438 -6.188003228 -0.190606696 0.310056041 0.245533483 0.898469614 2.209376560 5.428060283 6.250575422 4.054846882 4.641650793 1.164348203 3.016240598 3.926259433 1.187109216 4.221143572 5.562979341 5.123433881 1.485471164 6.106517350 2.481118827 3.312042800 3.688084554 9.155840300 4.840727793 0.597982000
9.560609461 -2.650122125 -13.297499632 -0.625598736 0.430069287 -0.553785138 -0.342036036 9.469154185 1.260297519 5.093601824 5.745175866 6.205172401 1.078131842 6.175889361 1.250661091 10.603932835 4.752398689 6.815030711 8.044739389 5.850914452 1.482318382 6.431445646 0.632796082 -0.206119344 2.759237687 6.970744972 2.801578286
1.127562228 -5.350532332 -16.052612928 -0.351500712 -0.180642723 -0.861669083 0.318342343 5.308635999 6.233202016 7.464881026 6.885277573 4.300467083 1.833749624 1.393781377 4.224509278 5.814968857 -1.649562447 3.689164170 3.226185724 -2.127125355 7.120051829 -1.838229664 4.788293602 7.177283501 -0.444353976 5.508686221 3.270049875
9.230772624 -3.511402717 -13.575467009 -0.047091104 -0.667361474 -0.357565514 0.651581150 0.187008611 6.530576721 4.492541140 8.453566176 3.595563845 8.306934008 2.164259169 5.110643426 6.437491389 6.621473695 -3.036810560 4.319035514 -4.123878872 4.002386525 0.882308215 1.337588409 4.120088211 3.591579590 4.306614318 7.969954220
2.640852846 -9.223658852 -18.318433671 0.193348930 -0.731904122 0.593431152 -0.273444720 6.053771352 9.086657763 0.118015397 1.827693045 4.306356720 3.046984885 1.207444850 4.845540053 -0.889952337 4.862217163 9.409680287 2.973219504 4.292463436 10.410304440 3.155281555 2.239170834 1.588526561 5.807369549 3.139826525 5.561526644
9.101554993 -14.716364041 -4.527462861 -0.269406212 -0.368747908 -0.009206095 0.889584466 3.878030859 1.708736741 7.503388025 5.176204002 2.013710784 7.191522490 5.223489059 -4.863144973 0.575949841 3.640664573 10.494883399 4.429578306 2.802304621 6.893585109 5.062427470 12.636576374 3.443079734 1.226036432 9.018277309 5.042023491
4.765669085 -9.816862108 -4.055821241 0.854839921 -0.428592796 -0.030124670 0.290945748 4.690938987 3.983512067 0.974456224 2.340871141 6.412352173 9.136077557 4.378715509 2.896935878 4.577575211 2.453216540 2.161391909 5.468112657 -0.803420832 6.129199636 1.308986750 -1.858246767 5.151774296 6.663432025 -1.460718318 1.213904752
5.057868796 -7.181148052 -12.718536643 -0.283379094 0.942441118 0.069388147 0.163359459 0.989347947 1.139126065 7.477202167 7.472794470 3.636853576 -0.461036210 0.567179121 2.720564780 7.892886977 0.665637401 7.625956318 1.297874206 10.992076882 1.866506937 6.316812176 5.138479841 4.510547845 10.017830493 -0.329547662 5.775590315
5.850569205 -8.575930142 -3.784323414 0.885791590 -0.019927541 0.242952199 0.394905535 -1.420928650 5.715845665 5.971152155 6.119204702 0.603958089 7.222765044 3.757263128 5.845940428 3.991616188 6.032164482 11.172421037 4.706569999 7.989599443 0.381770535 -0.074056350 -2.918459581 7.998628325 3.650554040 3.937931638 4.037562197
5.120827392 -16.244535027 -12.787865649 -0.193634774 0.520962290 0.250761180 0.792605007 4.424220579 -0.287221219 5.430931579 -1.010544621 4.026360630 10.167337165 2.253027365 2.534889759 2.354752891 7.228915455 3.173815241 5.818473630 2.592839481 2.763067899 3.225604296 8.234369691 3.498319560 -0.365874686 0.190953275 2.338312552
8.167154677 -19.497915069 -13.429091476 -0.715692736 -0.254769241 0.118904947 0.639326329 1.177998086 3.686031764 6.794140680 0.868213707 1.929741008 6.329643970 6.411843407 5.105729776 7.128532115 4.243615806 3.690441748 7.684467293 3.409242845 3.125353778 6.636247418 0.786266964 6.830579407 5.706023675 3.603814601 1.399136138
10.681470975 -10.097675558 -16.231685621 -0.287987649 -0.733284669 -0.598423540 0.145759993 7.502507576 7.180343274 -0.757744427 3.120650609 5.966555699 5.437129200 4.496521744 1.740698219 5.488084577 8.359121335 6.129197996 3.982210478 2.041494894 5.914603626 8.017889862 7.734878357 2.453822671 4.759639618 5.550552575 -0.406391950
12.837331482 -17.033776716 -10.001147365 0.915516920 -0.340640545 0.212578709 0.024557690 4.446644544 6.335842449 2.750948894 5.770071411 3.475927007 5.064236596 4.677171137 3.159316734 5.428459755 3.734307259 6.759407198 9.109715738 7.974886408 7.173521485 4.655455791 0.906418286 2.473807314 7.923557424 9.234891006 2.820592584
9.226730616 -13.048868619 -18.846667752 -0.444948179 -0.377695595 -0.486430793 0.650194001 5.825058573 1.568314132 8.980941324 -0.220062694 1.989095834 0.707648875 6.964208157 8.736168734 6.987810033 4.917286062 2.049919621 4.176126074 -0.815800421 1.892646292 5.356990670 2.445833574 4.669701937 4.936152083 3.235774645 3.555682891
6.224271144 -11.381253778 -18.278774749 -0.407245342 0.393072245 -0.691451156 0.448932891 1.735370982 7.397762113 3.827749593 -2.218548856 4.154350050 -2.305710248 1.177674528 2.732550626 2.359181340 0.615189635 0.896921543 6.415960395 -1.291084503 1.030971566 4.025722086 3.475317343 7.304449505 5.745398356 1.702746018 4.712966564
8.604811190 -7.408294547 -15.681331363 -0.008677588 0.531903174 0.712034503 0.458269114 2.938203295 3.427429164 4.370735019 3.049653207 1.915223954 1.009378716 1.305344745 5.057788752 3.563031563 3.466988367 2.176886295 5.246293864 3.012772335 4.727435364 1.230756118 5.369367991 -0.130389487 3.420451244 9.924906623 1.834786363
5.031598745 -11.684584452 -13.531902969 -0.053792936 -0.605919462 -0.782491275 0.132948603 1.605025121 7.736442494 3.517236377 3.434408440 6.686549590 1.813457015 3.795263341 1.035820553 0.725424791 6.309954888 0.803474421 4.993449659 4.423912866 2.628798212 6.921209680 3.273628154 9.584903452 2.343805504 0.227490139 4.679800902
5.665964088 -3.314579109 -12.178429184 -0.884117356 -0.197280890 -0.415233116 0.083655308 5.537091231 4.029190135 5.700447567 7.387983057 3.987330258 1.281662803 0.273418447 4.395197760 2.048855057 -1.044739513 1.682156269 0.857485565 0.667909828 6.152432412 2.798266623 -1.087220880 6.391461380 5.059106788 4.816859353 4.442419847
11.124603455 -18.552469729 -9.919927417 0.054249160 0.234785040 -0.868253873 -0.433668337 4.627988160 5.727355707 5.426002636 -4.508461750 4.245765441 3.586528537 3.381199207 9.157227373 6.592982940 2.740356077 4.741102369 4.933682299 6.118225755 1.190473812 1.165077040 3.142320425 4.797891647 3.791167537 4.736918266 -2.113194664
9.982257953 -10.761675067 -3.809716243 -0.551929487 0.346383685 -0.724709171 -0.224028576 10.233017460 5.904484127 3.809647535 5.068473848 4.386385069 5.814250972 3.372732038 1.997029709 2.294216984 9.628155367 0.037477694 6.447743538 1.384471876 6.473938746 4.248557696 5.209807271 5.789163950 6.361737015 -1.938579966 6.133595681
2.432529373 -14.675086787 -5.864060274 -0.508744622 -0.390387030 -0.761200474 -0.096699094 1.747248856 7.638958735 1.976665448 1.903794647 2.107687107 2.707745509 -3.612358155 2.403108393 1.723673853 6.407773364 4.813352827 2.970047236 5.887367659 3.450041479 3.020543075 2.939824008 5.779910069 6.645284889 2.009927641 7.546589627
15.763681686 -10.956782982 -10.259855641 -0.154345885 0.874904878 0.422346086 0.179840446 3.521880319 8.890507285 1.109473968 6.786607065 5.645134486 3.736610047 4.041058563 5.480862683 1.455812294 6.624646716 -1.212146892 2.027060076 2.404049415 -0.520115569 0.585098883 1.382378684 4.600231976 -1.099819100 6.810502474 2.305889319
16.737881043 -11.217589372 -11.950144778 -0.316245066 -0.128857597 0.654078610 -0.674956257 1.983450397 1.603356471 1.841980619 8.125917394 3.066218574 3.880418672 9.594275319 5.386662533 3.581067907 2.997454567 6.169568449 4.777578294 7.433421602 4.987655946 2.535036722 1.597266769 3.814769004 3.163380617 4.474314072 1.006174485
9.959908051 -10.520207854 -2.822225898 -0.608062134 0.224686769 -0.712087771 0.269642917 2.161093054 1.749940433 2.336726988 2.865951831 4.156771746 0.630329103 3.851825711 6.168442426 1.730767655 2.321376907 6.485851131 2.184732714 0.414709211 6.452420792 1.611300704 -1.211384292 4.912529291 6.095784031 6.385808419 5.806171669
4.074500967 -16.617832208 -9.655803618 0.032525401 -0.454944143 0.053644914 0.888307463 10.200737480 9.190518699 6.623221363 8.345480565 8.522434225 4.004969041 8.511686342 5.256661274 4.591660143 0.292802101 1.692584439 1.675191858 3.927399257 11.831941911 5.897624959 4.657348652 4.466276908 0.549733981 4.109910226 7.525264995
10.472631537 -8.017775035 -16.660932491 -0.147073950 0.842292813 0.515782829 -0.053666978 4.891772792 5.830813979 -0.220423873 4.974810592 2.421413383 3.035419958 4.702647344 -0.002188987 4.070722793 8.858728086 0.039998370 6.382176007 1.876882135 3.842940245 8.115351706 5.419353857 6.653567453 5.131335307 9.171627512 4.744960952
6.958732069 -6.563766414 -15.613228449 0.207670906 -0.700324139 -0.355999636 0.582823434 8.521911495 6.583530191 5.907647505 3.453672100 6.836813591 7.616648565 1.114585049 3.372260137 7.524940968 1.939551544 1.049241108 -0.775743782 6.316076890 10.419145533 6.156143211 2.305782787 5.690029268 1.219102484 4.569739289 3.723210050
