2.844795515 -12.312578345 -5.280417917 0.901459695 0.289050350 -0.159149313 0.280163898 7.602809703 8.191282031 5.194614938 7.243052786 12.783084640 4.233359949 1.902163774 2.874670266 7.235580988 4.973325189 5.624763053 3.493355488 5.852858074 4.712233985 2.461070215 3.063374142 2.610275279 4.660472602 3.692549973 10.042872825
5.874623954 -7.595965077 -5.291788967 0.724223181 0.318733599 -0.392973544 -0.468488495 7.203978008 3.872924869 8.280290881 4.903049784 0.402251560 5.391177035 5.497595891 7.726968039 7.613922331 -1.585404137 6.942903931 5.032416150 1.884118942 5.834408770 4.247268334 7.519420012 5.990537183 7.684127649 3.892417663 3.643800098
16.314364110 -12.499987044 -12.991995795 0.439412334 -0.013422191 -0.855016356 -0.275106663 6.095272505 6.719986489 2.973112603 3.946549460 -1.980488248 10.277046841 -0.120633709 7.100709138 5.913024119 4.113363032 2.358992823 0.693360203 4.492769296 2.875497356 2.826955211 7.557635903 11.595111701 4.852112356 8.416858552 1.089242583
10.920631614 -16.856702559 -13.966905724 0.336052590 0.256349378 0.837127363 -0.347233972 6.063039671 1.395150811 3.901540990 6.348754690 8.725436207 5.741889045 4.281020442 0.052727041 6.690490694 2.519694463 1.974689243 6.816721352 5.107134821 -0.025997349 5.310031794 0.663989237 4.698210085 8.784586070 9.591343778 2.309359400
4.709463888 -13.857987274 -1.195599236 -0.607179457 -0.001388425 0.762644748 -0.222944315 7.833032702 7.479632891 4.225661170 3.133508957 -1.343766644 3.916753953 2.646937680 7.812605085 3.773954006 5.047216031 6.838007684 4.740641029 4.938786409 -0.516662594 7.358313122 1.620363146 0.966252108 9.228237414 1.947711832 4.211556882
11.980659234 -17.637945231 -3.079242823 0.527022437 -0.502675696 -0.576638440 0.370206166 1.557671565 7.521010214 7.378071388 2.290533602 0.831079355 6.215651210 3.691169240 3.579880533 3.745146092 4.273300474 0.017835735 4.591049109 2.658564655 3.019907599 6.447111427 -0.125250188 1.837271322 2.286172865 5.884743914 1.672098882
13.363081105 -13.707967273 -14.274484581 0.448611554 -0.817423599 -0.299697020 0.201861409 4.495455990 3.291027418 4.917902460 10.581179979 3.753504738 6.620668398 6.222300368 0.923137569 -1.841606487 2.405360580 8.657629350 10.211717005 -1.757282933 7.365677180 3.482584882 2.372803973 5.793789100 6.836069207 0.171357789 4.988321212
3.497523918 -19.878672155 -5.093280700 -0.611773144 -0.787181097 -0.065055916 0.042979855 5.521884976 4.280085388 -0.860706062 1.933405813 6.760333403 4.603900676 -0.261729953 6.734407066 5.484646776 5.477696287 12.661479200 7.785585216 7.702646158 2.818333028 -1.185578556 4.978574317 2.358521100 5.459939693 3.611886148 0.409899447
16.153048460 -11.231383533 -10.489979316 -0.253286654 -0.361490931 -0.897207204 0.013762640 7.000208880 4.627098250 1.291973508 5.821953679 4.624207804 5.908530832 -1.893946797 11.950832276 4.289303065 4.676887769 -1.206910723 2.838915042 3.963033643 3.546451276 -0.400400741 5.518931174 3.029155571 2.001356858 3.376340410 3.356656965
14.048000856 -22.498762570 -10.261791237 0.379650128 0.306625664 0.101799517 -0.866881388 2.943057047 2.966679725 3.183944776 7.901097655 2.833477615 4.029994549 9.094120511 0.878103486 4.942917114 8.016304935 7.589048397 3.430479826 8.261805492 8.173307397 -0.131278945 3.750640856 5.941385726 7.253072068 3.274403622 3.210003614
8.036491775 -17.138612881 -8.969366039 -0.737809972 0.542614012 -0.176773829 -0.360496175 7.421666097 2.899415387 2.939850078 8.166322904 4.289988753 -0.042294422 -0.289165311 1.876984722 3.772903300 7.609755047 0.239263353 4.590518617 -0.802322636 1.051625256 3.524823801 -0.334374134 3.919123978 4.440213564 3.252207005 6.935730703
6.846823645 -15.691838904 -13.990336207 -0.243636051 0.689326559 0.278262865 -0.622928685 -1.662511689 5.644826982 8.833730420 1.237944263 7.041927610 5.558193812 7.398897803 1.011654753 3.436426503 3.024150340 4.072566617 2.191923574 6.811316806 2.334356253 5.471361996 8.036007112 2.689548320 3.225728408 6.493511296 -1.839844520
3.955302057 -8.126516426 -7.908512865 0.592439640 -0.311440641 -0.436238681 -0.601428145 5.568702393 4.020299055 6.089402748 3.364854959 -1.639537278 7.046696174 5.874283377 5.721125497 13.060631886 6.317696940 3.793514874 0.715755147 6.546415718 -0.421683565 3.258296793 3.902237701 1.326430749 4.189110568 0.738932394 2.998312442
3.364210748 -8.414371660 -9.164984920 -0.180545094 -0.938619498 0.148041022 0.253930624 4.579672143 2.948328744 -0.739239715 8.257608775 3.510158797 0.301662444 5.169309315 4.895443211 -2.998286647 7.401799955 3.626330076 4.637311254 2.542074665 2.356270152 4.926744584 0.248943890 2.213039586 3.911922883 3.776123800 6.870481210
1.954054350 -12.531519126 -8.139035047 0.298168701 -0.791412900 0.294037987 0.445311924 -0.196195956 2.266066166 2.376772304 0.513039076 -1.159286751 10.056338981 2.854031462 7.406626277 5.628365528 5.347010960 2.241091038 8.238061876 4.342117195 6.848197317 4.368530948 -0.624165803 4.098821028 1.773865891 6.200225332 6.451325187
14.264859768 -10.918969664 -13.741996356 -0.013489523 0.888117098 -0.044678892 -0.457241567 1.405321431 4.678091977 0.184992242 4.356857406 4.849223605 7.623690424 3.154933143 3.158243167 4.786026809 7.581085697 4.015417722 6.779238700 0.071094085 8.461016707 2.931510885 12.091628340 2.196082644 -0.566695620 5.276063284 3.087872670
6.735047904 -17.975559773 -2.925040958 -0.025909876 -0.612160045 0.344053591 0.711488499 4.894319861 4.430757567 5.703934910 1.532878367 4.851214784 7.162064796 6.133853801 1.574342130 4.191353729 5.775774894 4.944172049 1.589786897 3.274937302 5.121269268 0.800673314 7.070715497 7.645837769 3.313366204 -2.410049425 0.456044221
10.685875930 -13.723599345 -13.417708263 0.700762682 0.287135273 -0.653035914 -0.005393873 2.811056755 1.054744978 2.690070702 4.304262353 1.003160581 5.266126805 4.368772382 2.847022675 3.613651944 -1.768646231 7.150221267 7.242254067 3.173203766 4.869669251 7.887137815 3.493598081 3.315197585 4.168774364 4.528157887 0.752640471
3.092538312 -20.198138366 -11.845192646 -0.555869376 -0.791938112 0.244958419 -0.061956728 9.625454198 2.699973693 6.600961228 3.178334324 3.850909690 1.308762332 5.924548143 4.751476823 -2.896618766 -0.205888709 5.932206345 4.670406037 4.261955815 2.675554773 4.444678184 4.285927093 6.665150578 1.141453629 1.393110199 1.123836385
10.005584307 -9.360656085 -12.586980642 -0.081688047 -0.520279208 0.143382499 0.837900989 2.495962505 0.204558764 5.684986397 5.100008276 2.771461882 7.331504361 -1.211575359 4.005612571 7.782406842 5.630629029 5.281036181 -1.540716808 2.049350205 3.970103235 2.783887983 8.436419877 3.953697355 0.646323926 2.641731345 3.251704672
14.277470606 -15.295704787 -11.530125711 0.385848725 -0.605563393 0.483901541 0.500252973 8.301677876 5.643982821 4.263121117 4.481857529 1.943566373 7.138570634 -1.635440922 2.597529279 5.499246499 5.489825909 -3.831843016 4.776724827 3.592174629 -0.175614130 3.747380602 3.671990576 6.649745834 6.435023860 4.680570984 12.680078722
-0.073524611 -14.484354854 -9.024038625 0.044291987 0.847137604 0.346127627 -0.400739023 1.077839379 1.704201643 3.298818943 2.480832409 -0.209670495 4.311215764 7.752432669 2.063893000 5.043861850 0.206616738 3.402444681 8.636949777 4.688930115 5.218000938 -1.984134702 3.373659516 4.655696373 5.852033796 8.849813197 0.476932068
2.922041445 -13.488024202 -3.109685458 -0.339451975 0.898684578 0.085187769 0.264350959 5.682031693 0.840684147 -2.193311544 6.098412516 6.243271386 4.391876836 6.409600172 1.198603563 2.991216233 3.435644195 5.897288275 -0.815967194 0.692851051 4.930646100 -0.897326033 5.192036994 4.448605658 7.839402994 3.659110728 0.789054290
8.287363460 -14.599831854 -11.455805689 0.427261006 -0.007147814 -0.378319355 -0.821140309 6.164555055 9.732384351 3.554317796 -3.226885754 9.691921579 2.346963605 1.967074761 3.683742180 5.889955428 2.123691972 0.365659164 3.011215650 7.855473908 7.204821593 3.867013302 1.930387036 1.086380247 4.744312569 5.570149589 5.808720382
9.661776567 -11.401381712 -4.379577406 -0.920165917 0.342081283 0.021800387 0.189208416 1.649400182 2.931458100 11.557176242 5.870799994 2.170631112 5.422124149 0.478116754 9.086990127 4.085057019 0.440529893 -0.389154951 1.202802502 11.295862676 2.273627294 0.759256044 5.462032224 0.235680694 0.758449680 6.408090853 5.527939116
10.961544784 -12.223132128 -6.379436269 -0.202235231 -0.559108928 0.772928537 0.221539150 7.201609566 2.398885600 3.363684439 6.800630793 6.014662961 1.259566205 0.731694985 4.337929389 7.221547530 6.634388817 6.253860176 3.283722702 6.225787820 3.790309229 7.588493232 2.259630740 4.205188007 6.495843868 -0.949788488 -0.751700602
13.744683326 -19.758607855 -16.659913348 -0.496994011 -0.798106309 0.340437438 0.011208173 -5.038248630 6.530772938 5.985518121 5.800354091 4.070560642 5.603447449 2.412849164 5.888822281 1.932627394 3.306189635 7.329987539 7.351650203 -0.729907235 10.067385789 2.304934078 3.647531220 1.143688191 6.032193656 6.842807508 6.321364037
9.283060356 -11.392010792 -16.822781741 -0.139894066 -0.785519720 0.387509744 -0.461762512 6.035213357 5.625763309 6.607764727 0.550963404 5.446995089 0.530239492 8.046144123 7.169219415 3.298182891 3.963611803 -1.214608350 4.008386339 1.651318126 0.832034590 2.888860250 7.244102923 0.308885708 3.497128329 4.131836947 -2.022617324
8.433601069 -5.905641491 -7.862644804 -0.073148799 -0.633049323 -0.646023126 0.420180829 8.227183607 3.853267380 1.618942915 2.259651200 1.587348068 5.344837601 0.607462770 -0.536064037 7.237541344 9.687346644 1.324101071 6.371757198 0.921342493 8.790397504 4.380688917 4.312714847 1.038877124 2.684633802 4.635013250 2.993576674
7.968771402 -21.376441973 -17.277294886 -0.113315705 -0.328281960 0.486251183 -0.801841813 2.086446611 1.160886513 3.311128828 5.668925211 2.631390990 9.214312557 2.893763478 2.163573461 0.705931921 9.025795453 8.170375627 6.681515818 -0.800826897 5.060685244 3.343008287 1.524490612 8.088139359 5.816727573 -1.216732118 2.965470844
10.627026171 -15.993425562 -4.783245444 0.514310005 0.083540003 0.613573328 0.593324580 -0.531295062 1.550590125 1.605775738 2.415494856 3.307425156 4.851197605 3.914459383 5.066592568 2.057608892 2.736163166 3.340499002 5.939555484 8.213346040 6.515663888 3.302628848 5.042481914 4.818112647 4.612278241 7.982554030 2.319470273
5.987016888 -11.162441215 -6.190609604 0.114931858 0.370590643 -0.238873689 0.890164369 0.872352370 2.912020274 9.658861656 4.700091947 2.314076233 3.536481419 5.320016132 3.615689496 1.590884275 7.630071927 5.405799966 0.756390587 -1.817964886 5.104072430 4.710123542 1.633117530 1.514517015 1.585667746 -1.851826995 6.944782665
8.146104007 -9.205510553 -10.243331101 0.358466852 -0.857991282 0.087041160 0.357458126 6.686885488 -0.164564554 -2.198609831 5.554663417 2.587581596 5.067240559 5.916597425 1.499695007 3.362140982 3.321726412 4.929702587 3.651971163 6.657319664 3.048806379 3.981785987 4.430761094 7.593117010 7.839788066 5.839060333 4.229489713
2.338978449 -15.856165383 -17.744632907 -0.708166416 -0.032632775 -0.564356715 -0.423009371 -0.301882065 7.592089752 6.290159801 10.193085957 3.237109741 -0.014617736 3.160660322 5.181819315 6.752555461 6.183400405 5.828658498 7.175710251 9.714374475 2.899745288 6.936276064 3.611449274 3.535696988 -0.306806414 4.166521342 6.698858337
13.896836525 -8.592058754 -9.762431782 -0.212091704 -0.796790795 0.077601981 0.560463621 3.081371525 10.785089255 5.453707502 0.607344319 -2.444707414 5.640115039 6.366856630 3.746707911 5.331275384 6.668805063 4.863620475 6.712202808 6.043943563 5.706527841 9.364018539 6.324315526 -3.923822383 6.259704513 2.928366268 5.652828933
10.449354609 -20.087144042 -10.047624079 -0.651299733 -0.644720385 0.356247597 -0.182296277 0.221185657 7.004464965 2.583444229 3.424465886 2.273845550 4.138908969 8.275920778 7.505332167 7.174602793 5.438920628 3.411978346 -1.233110118 0.709653581 0.518099730 3.751456462 4.033707941 0.197695396 -1.830255427 5.929691238 3.952052070
6.528058015 -21.948014523 -7.787481481 -0.273330795 0.102375047 0.353256460 0.888830411 4.798368420 0.144263968 3.713787421 3.148662233 1.848421990 4.391619152 3.564395984 9.033865675 1.792535621 -1.519395301 3.962349943 -1.476863936 1.662427832 3.077209062 4.639172102 5.844066519 0.935298930 3.045795160 12.131393674 2.297576359
-0.150878741 -16.487812731 -11.143759325 0.544551372 -0.110873584 0.537607208 0.634152460 5.935666007 4.927596237 2.952635795 5.886419720 5.796702381 -2.808030033 4.645987366 5.042600717 7.174606515 1.210081476 -3.330697217 8.882301189 5.850790722 9.780766956 -1.723733464 5.360432290 9.791188590 4.847098955 1.254406473 6.339180375
8.667386722 -17.762934829 -17.216337055 0.197613783 0.621825697 0.728800293 -0.207681796 0.676416094 4.642858959 4.602426914 1.212383890 4.814233396 1.751500849 7.013434256 5.156714330 1.846036742 4.040346014 -0.853403708 4.250723246 3.147985361 0.999933668 8.721784578 2.981112077 5.602913286 6.098770442 5.536662479 7.731529532
11.011124338 -8.394798378 -14.991270515 -0.899023484 -0.239153784 0.254848711 -0.263845366 7.726400718 1.969777822 2.155547947 3.404661275 9.554140502 3.179921275 4.893537852 -0.485326886 2.989662988 5.461241674 4.749500085 0.234692732 1.404740841 6.810168516 3.675454353 3.911423007 4.179836053 6.670962402 4.191983206 1.159086789
5.567113261 -12.363026225 -1.419472115 0.405482765 -0.783518514 -0.429764812 -0.192313996 4.965839685 3.998625681 -2.905624835 4.091602990 5.203919412 4.674007235 5.139620508 3.341590323 3.144103107 7.745814099 6.784532879 -0.249892450 7.609305781 3.317871927 8.386735599 2.363968271 5.989064720 -3.708284253 7.943082850 1.730952057
7.704168821 -15.189607808 -3.812197582 0.090086098 -0.933459999 0.328373681 -0.112728218 1.514428376 5.185375441 3.404330318 0.918259895 11.681955657 -1.760038092 0.876732999 7.734744740 1.813402635 4.254648067 3.418896572 7.617720397 1.032915518 7.093886645 5.861899337 4.668343748 5.513578875 1.713374431 4.676775661 2.778683701
6.707987436 -17.526436909 -5.479238051 0.296036472 -0.533709036 -0.485593103 -0.625872519 6.832220335 0.166135639 7.088785534 3.624708247 0.305951200 4.467404039 3.320126238 5.414061108 9.122361791 1.250171147 5.313286271 0.513569645 2.913045654 1.251411464 0.133768559 1.987597662 6.166864846 5.190586573 3.570691798 5.753403405
8.811270433 -19.853014233 -9.317816642 0.399146716 0.017581215 -0.460199961 0.792835920 3.672655233 8.065087190 0.853838006 5.063565702 1.658980291 6.167923148 8.356002527 9.567711688 1.238945069 1.693945598 2.637022154 3.995673069 8.594907362 3.077995603 3.802466349 9.933646075 3.556893188 2.472565378 5.956928347 5.315845377
6.487004223 -21.133632024 -16.650632675 -0.836199718 -0.259547973 0.306958530 -0.373070157 4.276651267 0.891622132 5.042834652 2.501021748 4.456331994 1.982483474 -2.472698629 5.787507757 0.203078154 2.503444322 4.901250504 5.928770183 0.588871566 9.393365116 2.355417346 1.780669101 5.697126356 5.022337396 0.339026138 5.931784551
10.821734434 -11.891341630 -17.976272907 0.764501627 -0.037158337 0.527151147 0.369145214 7.007918555 0.899556770 9.331427977 1.971703009 7.600396898 5.174064597 1.903802320 0.282606111 -3.472949002 8.312034154 3.651616707 -1.177678893 7.901497736 6.135804761 3.595463147 7.015736653 10.160931656 3.494881168 2.062799819 1.295972873
9.500044417 -21.144483877 -8.492965265 -0.010035406 0.229958459 0.320291386 -0.918929718 0.664262909 7.692425377 0.290941972 8.852780347 4.319667229 5.928812600 1.156484710 8.270797430 2.679844150 3.032548666 2.431289529 6.411045261 5.117847435 1.274462132 7.894782064 7.208644926 7.977875095 7.260911540 9.174380967 4.092288059
15.193593282 -8.381447093 -11.864920410 0.248871719 0.318484221 -0.162901141 -0.900052158 -1.572388945 2.195129997 5.725241734 2.445438925 6.735968572 -0.179729385 1.291093921 4.102737183 0.967483900 4.356915987 7.923797065 4.802053087 6.649245868 8.196393787 4.821803844 7.836619213 7.617957710 -1.230671329 6.849520131 5.223618926
13.192323290 -22.571621063 -10.790241723 -0.275198673 -0.613353064 0.195457210 -0.714044948 1.685569782 -0.782935353 2.012826307 1.200111626 5.346908854 3.463671828 3.535431104 -1.076537950 9.415294191 3.269160004 -0.255076938 3.937091394 0.880636658 6.852219510 7.428185365 0.688939471 8.485485582 -2.859656334 5.721497935 6.513073779
3.919574773 -11.231647172 -15.299438912 0.489588674 -0.300175138 -0.603583827 -0.553068152 3.577970913 6.370411957 8.858128553 -1.728199773 3.436736551 4.267742342 3.676161920 2.560245180 1.429485124 10.157184214 7.367638867 8.113914315 4.214363797 -1.401111768 9.015215368 2.087438697 5.209334117 7.390136289 6.277889206 3.939362862
7.295040965 -16.052750592 -6.730364773 0.342124267 0.570950414 0.734603206 -0.131623478 1.827545342 6.367309277 6.860542341 5.715828316 6.139614065 8.083734549 3.065934757 2.788643652 5.609814687 1.531932619 2.568401900 3.643369259 3.928971312 0.777009503 3.926749066 2.957782912 11.503505570 9.713064436 6.426744735 2.140290618
13.043109494 -11.432990975 -15.430595488 -0.599667587 0.322370954 0.718155293 0.143974750 4.859603308 7.183324370 2.789309070 -1.787153939 6.471158748 4.448638676 -1.580599957 3.826336510 5.192087339 6.365113701 -3.039716472 1.453894415 5.500348979 2.500806531 5.725308126 3.383820013 -0.513040759 0.230182487 3.808627049 -0.377875252
3.588518488 -18.280705887 -15.857687390 0.437005562 0.759855774 0.112103411 0.468057867 3.718788565 2.225182590 -0.144048307 6.703281013 0.258456136 2.347361139 1.179612326 7.310595016 7.481850962 6.683520217 4.170812008 1.177053396 2.761499442 -0.640973940 3.678573974 0.258082092 9.746348915 6.555327797 2.197395043 3.909681463
5.661195937 -20.613298885 -11.110743021 0.369321767 0.548440066 -0.709849574 -0.242751950 3.091934534 3.956926187 6.716601610 0.514717492 9.571968584 11.705839972 4.563266929 3.817080934 6.292060033 6.441832336 5.328204910 4.787561120 2.057896144 2.766764314 3.127700215 6.487956696 5.525970157 5.812539677 9.092700609 -0.224316733
7.829923577 -11.756216941 -18.073191038 0.076216943 0.553132304 -0.647439622 -0.518707594 3.429079768 6.262094009 0.533371902 7.418163854 4.018508502 6.464947328 3.030580913 3.241770497 3.065524162 9.221251979 1.667385968 6.318828586 1.642196164 -0.245974770 0.297631229 5.002024567 1.299760704 5.971228369 4.994953576 1.025522317
11.190079504 -8.423824724 -14.690855210 0.563740624 -0.034788908 0.781906159 -0.263835174 7.093743038 3.997537364 8.162742478 7.584304146 2.341543770 1.124990649 3.759266034 5.587047360 3.432951014 2.328902073 2.171350535 6.698846496 -0.392422074 8.666333543 -5.583301411 4.244274666 6.290988091 7.733841097 2.936035753 4.586545882
5.558319171 -18.606050781 -17.312400517 -0.476302799 -0.636275973 0.576610781 -0.189231436 1.710135852 5.623044677 6.170287025 0.219690640 0.678320121 5.139067845 6.029523189 2.315436094 -1.331719328 0.196337961 6.362361673 1.552404701 6.864344926 3.597986996 -3.820002761 6.126266480 0.816364577 -1.255706618 1.925158338 5.058095503
6.367037446 -17.771459766 -10.565394925 -0.095851954 -0.974118563 0.137380731 0.151762850 4.136912223 4.628459039 1.106720252 3.956878601 7.383905064 8.204624027 3.844962082 8.138212913 3.181949259 7.385371352 -3.010372931 3.108246880 3.586457685 5.097194967 0.707799078 5.459805107 2.914310476 3.942178498 8.942777837 2.322208008
16.364146046 -14.404285997 -6.652889792 -0.148804481 -0.376134365 0.423170336 0.810744740 3.038866501 4.213709591 2.988200544 7.760350488 8.345441546 1.597214875 2.018924443 1.215680055 8.093424786 5.807243628 3.318563587 10.544303810 1.655636188 7.806033842 6.147844252 3.523437223 3.897568196 4.709200656 3.323344325 3.596913790
14.542250143 -13.289771562 -2.466241318 -0.486905557 -0.226256827 0.383655647 0.751358217 7.890837925 3.361434466 7.265021528 13.938479911 12.945656851 3.626376691 6.359951199 5.311466766 7.237289045 4.817363893 5.188684238 6.210730956 2.272275437 3.936660468 3.372351309 4.575201133 1.217524845 4.777837436 2.833452748 -0.249969196
2.677527628 -7.662173706 -8.722833383 0.373648060 -0.390987077 0.699021372 0.467851850 -1.826090220 4.277966336 3.649551592 4.728488521 7.923852151 0.524389044 -0.846083015 4.335286983 0.830779120 1.000196834 1.019569823 5.816210147 5.036470936 7.322324748 4.516292868 2.365980695 3.826508537 3.577234968 4.661631236 5.386440259
9.182079823 -8.871656247 -15.095069077 0.172140366 -0.964494753 -0.199466697 0.018182500 0.027008316 3.294711277 10.353897257 2.364285275 4.310918021 -0.320216741 2.503933123 0.746353590 3.247894439 6.487958803 2.849812929 5.099226393 10.888509037 -0.575791633 2.345945023 9.835298854 3.331893639 5.712650699 7.667037361 -1.354353122
13.491402891 -19.863998810 -5.454866892 -0.382116965 -0.306772059 -0.561111483 -0.667106762 6.647345997 -0.701772086 7.928435357 0.577369795 6.049207237 7.257598202 5.708345794 2.949293342 6.023353089 1.225611853 7.583008127 2.591355322 4.022242210 5.873405866 1.547112327 1.933756327 -1.611786446 5.817999102 1.677955451 3.531248402
7.380179432 -18.120288361 -19.066886926 -0.183505915 -0.173312987 0.273115013 0.928276024 9.640643211 8.282616554 6.073370214 0.859965721 9.830200338 0.875244265 1.273303098 1.966753259 3.243434153 2.555021516 1.630327437 3.901662845 2.620872328 5.616528862 7.350886045 3.517395544 8.105920235 -0.376810872 3.320299947 5.576683030
3.184110310 -12.042734926 -5.856674102 0.865086088 0.474366047 -0.032242365 -0.159885409 4.507101650 -1.580097627 1.703057493 5.007764126 3.843720275 5.824785834 3.521916008 6.505813417 3.824319746 6.246774573 4.580746992 6.364940382 3.884375308 6.028026648 8.082296334 2.799523371 4.765393668 0.762508566 2.241773491 7.467787195
4.959705588 -8.289805718 -12.988036666 -0.061084433 -0.399974078 0.908741106 -0.102367139 4.468494888 11.874670958 4.408109926 2.092421059 0.909384127 9.230176769 8.263456370 7.786594625 -2.611617398 5.561713519 6.031582148 -0.134085698 5.519484961 -1.789299056 2.162000200 2.124675020 3.038863658 6.170765444 2.554668172 4.701964061
1.259565444 -14.213152971 -12.368217446 -0.008331130 0.417061639 -0.364621437 -0.832491074 7.543871604 5.627354360 0.302347202 -1.995779793 0.781407081 6.887120122 1.404651517 3.185897750 4.897489653 6.765118860 6.100881930 0.663665541 5.900671601 6.131874560 2.196480400 -2.905167072 11.728159374 3.167018200 10.799492391 2.928165802
8.189719682 -14.023901633 -12.395954232 -0.524130343 0.487698935 -0.592850443 0.368734979 4.226716875 8.766555218 3.029866590 5.985732306 -0.941914704 0.534427843 4.102938517 0.471232904 4.448896674 8.200861016 -1.283344241 1.786989758 1.149188704 5.636142598 1.638138447 2.013278225 0.770954069 2.732034838 9.139333862 5.736357590
9.445365597 -7.716291163 -8.970206709 -0.356499676 -0.474204908 0.470255718 -0.653373742 3.354637135 3.805519275 2.464993771 1.725046570 5.023857413 1.060813966 2.719650380 3.151031914 3.618919440 7.482575068 0.039706894 3.558708576 5.385960675 3.669439762 3.565724281 5.528106221 2.090330370 11.805038756 3.110321875 4.886910821
13.217161439 -17.360481230 -2.964674412 -0.437747144 -0.452041654 -0.735659860 -0.250679780 5.950944412 -0.850028407 5.348530569 1.018921557 3.923339175 7.666395053 4.673764338 5.394941175 3.248978026 7.227695959 4.352467511 10.983576493 8.784788895 5.475800744 5.791215778 7.945824166 10.971332535 3.622231261 3.671278572 4.182200790
12.667191704 -17.862487438 -13.469102858 0.097075319 -0.600311303 -0.676561074 0.415292469 4.160291438 7.962897595 4.289221836 3.824274381 2.685576458 2.980717253 -0.066351547 3.082631505 3.407052080 2.541339099 2.053592001 5.985170273 -0.835743365 3.486884779 9.343826255 6.101293403 -1.396195474 0.196347001 2.966366831 9.000865803
9.428272571 -9.481222007 -15.582174956 0.067576179 0.990323509 0.103496643 0.063097170 3.206903306 0.721872170 1.838902051 7.397908214 4.406658343 4.830772973 3.524188124 2.770471397 4.912889457 4.137855840 2.624743856 6.599177056 3.139826276 7.370356165 3.820249963 -1.909576307 1.140010311 8.541791815 3.642360800 4.183499019
10.565799510 -11.200422710 -15.135135148 0.978741068 0.106054808 0.104494643 0.141064416 7.123747483 2.078460831 6.644846040 5.976275056 4.818888829 0.175847978 5.341651042 -0.893467715 2.759191200 1.884963745 5.155122619 4.231523429 9.988344434 3.212860756 4.509515030 2.722419607 5.796346716 0.653015574 6.170584011 4.832646763
5.165151573 -11.442087068 -5.294323881 -0.282755031 0.401421369 -0.697666539 -0.521700946 2.456509167 -3.791972750 1.777907554 9.823399696 4.056229528 1.505199826 4.864401821 5.248707773 0.640635867 3.303834373 1.250257006 2.424874248 1.581049327 9.130540952 7.898265275 10.981499520 3.612529750 2.214288366 -1.926324011 2.278282473
14.191646889 -9.392723744 -6.740569887 0.650064905 0.454703955 -0.593237358 0.136855288 -0.468301106 1.772885717 4.784217286 10.816654348 5.471850617 1.048041186 0.960199717 0.804728164 4.886343056 5.606007881 7.037305529 7.111955730 2.211225974 4.505177345 4.118111383 5.289407955 -0.974775274 -1.217753015 0.717786238 4.664781048
2.165303502 -8.699421386 -12.912820198 -0.685459409 -0.706815427 -0.068576568 0.160793674 0.705360640 0.222512694 5.238871373 2.808228743 5.554138203 10.503364755 1.961524014 5.009707269 2.872009795 5.390091757 6.447953313 2.745175022 1.698126780 2.856682803 6.886971681 6.221834661 3.627022687 0.885713085 3.358637762 3.529714991
6.913021915 -20.284193561 -4.154996812 0.229877681 -0.517903938 -0.701551761 -0.432153780 -0.656577553 2.324883778 2.840732695 8.183539602 1.009160435 9.390415322 1.048646571 4.802821211 0.818489843 2.194669600 7.041459296 5.123938221 4.208142554 0.441641347 4.510061310 3.942040402 3.583636144 5.788744802 -0.180524622 -0.031898687
8.890605289 -6.831393020 -13.920821082 0.022551811 0.842155887 -0.478170451 -0.248229525 3.254789859 2.377053450 12.073909552 7.186906080 0.761392214 -0.882183924 5.883247382 8.437966214 4.590215177 2.979344659 -0.234227632 5.578680530 4.712303398 4.627683169 1.237343997 7.029293842 1.700926655 3.781605512 0.621205509 0.674940506
5.545699319 -14.073923083 -15.612083342 -0.252818039 0.834041159 0.310953449 -0.379165317 6.777993935 3.132207519 7.587562663 2.577343994 2.077009023 5.484254718 4.703598778 3.707838096 2.043021850 0.849455130 8.819824685 4.435292280 8.450610380 4.588721100 3.815336018 6.009621944 2.202610410 -1.443507589 5.152791410 6.050479986
-0.187880015 -15.916925416 -13.857471764 -0.257860477 0.429116774 -0.823416870 -0.267116879 2.737693314 4.466736484 8.528328069 6.582210410 2.718274782 -1.302198005 -2.328740575 6.581284928 3.392934738 6.248971519 3.670648351 6.147361383 6.045288105 -0.827200723 6.254686325 11.403163594 1.305013375 2.257894205 5.404829586 3.294081543
14.602136798 -16.795068468 -9.913559990 -0.015099385 0.337252198 0.691243741 -0.638917095 2.624855493 3.326996832 6.735511152 2.481794240 5.376471339 -0.295343916 3.975129776 5.623042595 3.780896432 -5.401238300 5.538638459 14.107503472 2.905837440 2.381055356 2.643926501 0.631204681 6.703227562 6.243126022 0.250625088 7.193201455
7.870237631 -6.228464083 -4.614839136 0.251566151 -0.749873951 0.432904980 0.432431275 1.433894150 4.349569221 3.238156951 4.610465847 1.610554137 5.092103345 -0.987009985 6.719117741 3.891563133 4.006407507 1.430379531 1.167456711 4.496144654 5.798322343 -2.243367998 -1.276828241 5.100252784 4.552464450 3.505842486 1.121824413
3.626579249 -19.430540922 -4.689052485 -0.072168361 -0.613829272 0.327224037 0.714793524 7.270498879 3.676122472 5.583836724 6.050357967 0.769493631 6.999220823 0.079310931 5.737658705 10.041378247 4.202671869 2.545505102 6.877161814 1.859259496 2.366681284 8.181487938 7.748351601 5.701704060 4.245831999 3.037097111 11.779826256
5.164022695 -9.859691872 -14.159702638 0.675907272 -0.656596317 -0.323385723 0.086326766 -0.274756463 8.462731865 2.672992901 6.261240666 7.366270936 -1.927476964 1.618715689 9.629580401 6.071359444 9.858711864 12.263396559 5.427793901 -0.219295403 3.780017175 4.112879752 1.459873215 3.142163268 -2.245717790 1.327906372 3.120923286
8.450523233 -18.490328665 -13.720956756 -0.848025288 -0.007016448 -0.325882957 0.417856648 3.476301209 1.707598742 6.994836431 3.356488843 4.124588125 0.791127493 7.936782303 2.900253292 6.335240543 7.584180039 7.102425200 3.397385840 1.564169107 6.345922625 6.562495375 2.501195272 5.551739643 5.063976170 4.115180799 -1.229817216
7.024866411 -8.114933727 -7.203729149 -0.195276492 0.355919741 -0.628143155 0.663795456 4.076044963 2.661119011 6.034244704 0.130100467 2.433265069 1.223250934 8.733669385 9.445951636 -3.460003527 4.672511512 1.057062412 7.461405034 -0.553844884 2.476555842 5.879545956 1.731032438 3.187739845 5.058929570 -0.504177557 0.731296586
7.429426664 -12.910172389 -19.723507111 0.528527396 -0.763666221 -0.145026874 0.341232912 -1.753005433 4.260982303 4.736029701 3.387663600 1.984228423 9.981522326 0.767859903 1.961267713 7.293056705 4.021689779 5.757095935 5.571042720 3.639209460 2.398746296 0.929874206 6.907972088 7.168309325 3.176905351 4.893987445 2.989742642
-0.779770527 -12.384340400 -12.130365268 0.047782665 0.445045563 0.670513416 0.591661240 8.540414284 -1.049800067 4.647731073 3.338953883 -0.730984725 1.616116292 7.137444613 5.417279731 3.885755559 5.437337835 -2.030401209 5.954426606 3.349477158 5.367617745 0.278141647 6.757174799 3.499751785 -2.008753198 1.863403151 5.342517397
11.750955477 -18.916841609 -17.107538094 -0.201754689 0.699325211 0.113782942 0.676234232 6.829798929 5.424003437 4.083062227 6.826417712 -0.562185437 5.285126793 8.699484613 9.333631355 2.722402924 2.810824799 5.443529804 4.299939901 3.948903925 6.061770653 2.651128188 4.961845754 6.031146474 4.580904405 -2.069704781 4.155898047
3.052530135 -10.410679014 -16.729372006 -0.331445104 0.726362023 -0.394426003 -0.454940087 -3.460003756 9.386837590 0.091240820 7.571508770 9.123771776 3.383437053 2.558542902 0.522235537 4.503320718 3.782046584 5.974600539 5.326057672 3.219486123 0.449501947 11.291852522 4.461011442 10.992886270 7.641339476 -0.193864204 0.110905969
12.639507158 -17.734570254 -16.963228931 -0.301719912 -0.438404763 -0.246913503 0.809814843 2.546685570 -3.495648816 5.096185007 5.916166035 3.278046472 5.962881802 3.354705764 3.384680142 3.541913463 7.948347278 0.912031332 1.153970099 2.047323651 8.250167276 1.950304131 4.668971888 0.544811654 2.000759723 4.411096971 2.312519654
11.235735250 -23.393267841 -9.935684377 -0.060264394 0.450128858 -0.093210507 -0.886038382 3.699809663 0.347736490 6.355747011 5.453941577 2.969024904 7.142739358 1.563534878 2.184532990 6.036534524 5.629953405 2.036465250 2.404982622 0.178355688 4.549713527 5.634763021 -1.111691339 3.262738819 4.441691110 4.492725437 2.860284242
16.231477824 -16.181668324 -12.488845872 0.174793903 -0.955180418 -0.238829978 0.006140166 3.139801538 1.107718297 2.411938134 7.586557688 5.499128321 3.054815037 6.853426475 0.373214018 4.098922806 6.627940825 4.916126056 8.128214386 10.253798791 -1.112724202 9.526211829 8.611328144 2.915659736 6.936990534 9.864436768 1.336102991
11.479784736 -23.444926571 -12.703600717 0.034887093 0.848672915 0.014202898 0.527575068 3.233387394 3.199572073 1.968207762 0.338117397 9.215564931 3.762074429 3.360782263 3.108413513 1.363265451 0.448434928 9.946458804 2.559282950 2.504591289 -0.094778240 8.062708855 0.681891910 7.321208919 0.989468663 11.213989766 5.415250563
12.117090284 -16.192722171 -15.842579966 -0.474506104 0.815658497 -0.093425980 0.317516550 8.875452187 3.197257738 -0.133233099 4.112651967 3.245236644 1.375766674 1.231638437 4.816448121 5.087008166 5.986088740 -1.211559103 5.391907191 6.868010167 1.823762710 0.458251902 3.936184625 15.266155976 2.506291106 5.939206788 3.031806889
3.183410753 -10.782796550 -9.593568349 0.351933577 0.549651324 0.756604821 0.039690357 2.673347207 5.410493393 7.176871856 3.584870532 3.487225591 2.195843740 4.849687207 6.971076943 4.892747227 3.195293127 7.904495987 3.728179646 -2.301835893 7.532381928 -0.741577653 1.851099049 4.993106877 6.910724340 6.985784487 1.953923469
5.511064692 -19.454848005 -6.393732837 0.561814894 0.275382722 0.650212806 -0.430989197 6.411256822 6.752443528 3.614915327 3.093383028 3.671847211 9.341140226 -0.451371722 1.514164825 2.716797393 5.426941232 1.546433876 6.869738926 0.019011818 -0.614106637 -0.436056779 5.136992694 0.262210360 -0.463650945 4.860643563 0.337945024
3.360677146 -17.238658753 -15.380212758 -0.326627613 0.210367826 0.297723023 0.872021090 10.286541248 2.348397645 1.324954187 5.533586565 4.181342249 6.004191957 4.527984174 2.746628336 2.070195891 2.985717913 4.460926211 4.906490921 2.721963496 7.239766405 7.562709588 3.823585035 8.306309284 5.542976825 -0.217923930 1.087134267
14.510912477 -14.214719560 -14.049168516 0.242327458 -0.659482112 0.150519312 0.695488809 4.942928097 3.078813263 2.427284794 2.708151767 1.023733377 3.651564861 3.777918585 4.024426646 2.451013834 2.026433788 0.974372567 5.420579521 7.202099852 3.548150035 7.452342686 1.807378947 5.219149648 3.066283219 1.129539619 3.878880759
11.227708374 -13.974925807 -12.435821346 0.257878010 0.058538557 0.870041700 -0.416052412 5.726054545 5.236608513 6.968406451 1.545773108 4.010649106 3.916255582 8.254359441 7.105571125 2.602519906 4.270777305 1.611006071 2.170922218 4.659377604 6.404000237 6.382175016 2.059816785 3.818059372 7.100673363 6.696506159 4.764331880
3.517312958 -22.480380393 -10.261883871 0.105099133 -0.337618861 -0.328011240 0.876000173 3.530980407 15.065101551 7.980866055 3.669822031 6.159462669 2.448715748 3.871863723 4.226414335 6.532352323 4.389090402 7.632178791 7.298781180 9.354915139 2.688412537 6.731775824 3.362396130 -0.241934640 3.078705509 3.155667877 7.793086385
12.963714572 -11.315078455 -2.538637065 -0.067188706 0.781765711 -0.536284424 -0.311009754 2.828473222 0.809778255 3.301290794 7.461608104 6.225863537 5.870279907 3.604840100 4.258609139 7.334033929 2.690928651 6.706617245 3.246961831 4.312422137 -0.080284297 5.531215331 6.894855475 4.133792674 -1.180374438 4.141291796 5.216802217
-0.168002144 -14.727255657 -12.552179653 0.537386899 0.788335961 -0.122351940 -0.273444211 6.447883422 0.782365720 4.100800938 7.507154013 4.280728898 3.589792673 2.787790124 2.997044779 4.166321621 12.209408749 8.366313612 0.978956603 6.245049423 1.360749043 -0.942484579 5.791217259 11.108821064 0.048936498 7.611925786 -0.366529639
2.745032154 -12.409009883 -16.299435577 0.353890128 -0.424497815 -0.593557344 -0.585023984 -2.674754143 6.698556299 0.793758361 4.144649357 6.145036103 2.267113116 2.609560600 5.952820206 4.287227077 6.396498316 6.153838212 4.756282853 3.867143268 4.191547405 6.110410669 -0.355079754 4.445912690 5.382791617 5.005642460 6.068735969
4.932945412 -22.717171521 -9.973953403 0.168375840 0.768694343 0.455510288 0.416255884 3.341470029 5.012881854 5.135105040 4.854496321 4.072347618 1.361771390 0.958588068 2.251735584 3.613042623 7.179582460 5.044367737 9.795813474 1.112674665 2.116324512 -1.416309664 2.870662499 5.017398206 4.422116035 8.069521882 6.303464870
13.510334688 -14.771414843 -7.349123233 -0.472317621 0.859063110 -0.067812633 -0.185278398 0.129803893 2.889862800 6.364038204 5.325187999 7.436293529 8.339719753 3.984929058 8.446742099 4.775459783 3.535130156 -0.550599259 4.414605901 -2.677062379 -6.125859740 1.348931820 8.203781825 0.532020477 1.231824624 3.972406608 9.556335103
6.604098290 -7.339529502 -13.115815577 0.666770270 -0.171791170 -0.437322104 0.578493369 1.114216742 1.621860746 1.711156710 9.359989702 7.645921374 11.040017454 1.088233333 5.189094435 6.390857349 2.878418883 8.084364506 6.726213686 0.883299410 0.366516372 4.279918407 1.886508055 5.851254236 2.248286584 0.914879826 10.047744711
7.646299209 -6.929155182 -12.423650025 0.669695120 -0.573571043 -0.141254490 0.450079853 3.236705576 -0.018519766 3.927451336 4.103935359 1.136958169 12.795506262 1.703536736 7.167896171 5.673615375 0.914963227 4.722839385 -0.686433912 7.969280502 0.133941837 0.447326991 1.660655390 9.047511942 0.259541682 5.104741106 2.313634146
16.521405362 -13.921805956 -12.671520574 0.594504935 -0.302105621 -0.137780056 -0.732333757 2.383942690 -1.236250789 7.894704380 2.345148864 5.896596153 4.955187901 6.569234031 3.471416438 6.111868498 10.555941002 1.425058847 1.928474982 2.987038556 -2.268484983 5.488075776 2.397690745 7.844649694 10.353548550 4.816340817 6.628077431
8.292370121 -6.303511225 -4.504597719 0.266950850 0.598600944 -0.562407308 -0.504095401 2.553042949 1.267354906 -0.214528661 3.149299158 -3.472334306 2.137531354 0.729189133 8.183002142 5.027147108 4.299982895 5.601004151 7.166297011 -0.231555041 0.801083930 2.642759185 3.871353948 -3.440824776 2.175746531 4.682389517 4.301209546
11.011135946 -16.723207087 -5.094672613 0.710372203 -0.071266215 0.233624462 -0.660084897 5.146009727 4.707309503 4.146257445 1.562067678 2.508344732 4.019513533 5.486157746 7.589599028 7.772749286 0.406432803 0.849218705 4.861393181 5.407649745 2.346460333 1.087641337 2.459241876 1.288975423 3.906105123 4.404003657 1.395157554
14.219967935 -14.190551506 -9.276080896 -0.558874859 0.144023163 -0.676497729 0.457457150 2.062539909 -0.954460863 3.922800158 2.928470166 7.599324993 5.025186091 5.397981517 6.008946874 1.198051761 8.517358162 5.999690511 3.301577952 -2.888874918 6.592645936 1.473012542 7.442813129 5.558941961 6.816272780 0.162872142 1.073847384
7.528833717 -19.692995536 -14.179375817 0.729216192 -0.221953294 0.541501062 0.354622448 3.003084284 4.976226432 5.825545503 4.155128501 5.848641844 7.557404954 7.962021333 4.208786967 5.634905088 5.721899063 -0.277868556 0.403005770 5.302542338 6.434411233 10.426209377 0.116697851 2.471082151 2.253891056 2.332293075 8.005365598
17.157520614 -18.021228388 -12.317357242 -0.562531031 0.276516807 -0.703162732 -0.335647832 4.631318883 4.519561512 7.214725231 1.812769432 0.515152013 4.382525098 2.588583289 2.933946204 3.043259888 2.710441477 7.107410282 4.850058514 5.510875311 4.978132336 5.696233176 6.938238467 7.574252800 0.685079899 8.519387885 2.477682804
17.535373421 -15.709773995 -8.338863697 0.263606816 -0.608295573 0.502211703 -0.555221890 4.039903603 5.242261412 7.154892824 2.726174095 5.417434787 -0.134994892 7.215011457 12.236489638 0.345480895 1.066532621 3.522221189 2.921626963 6.064301158 2.930691132 3.976899232 3.497320874 5.213119367 4.678166914 4.597879043 5.321452436
13.208901709 -16.035761680 -8.955571503 -0.680438236 0.721982348 0.125236935 0.007810662 5.344713625 7.225697912 2.383369573 5.635876251 2.787275604 5.877206028 8.915557155 9.518482814 8.119800766 2.091305050 2.245753234 6.319526984 3.341920021 -0.078036951 5.737288465 5.655015073 4.337371936 9.063667756 4.308772014 3.359347386
10.845315716 -19.521258773 -16.433508965 -0.507732279 -0.436324296 -0.741279796 0.048304310 5.608313254 3.053674384 6.444231483 6.598768637 4.728202143 2.045682210 4.573175258 5.744759734 7.267175194 6.755861014 3.151546889 4.592263760 4.698305984 4.780256756 -1.585079737 -1.330499959 7.593318310 1.590528411 2.201795023 2.909759254
13.412199792 -14.469998150 -6.721566242 0.774160301 -0.016518617 0.085554319 -0.626963652 2.811595349 2.315121641 -0.259200566 6.402905344 1.375623310 3.558725228 0.459635986 5.110478985 0.621247152 -1.984532705 6.449802833 10.919342807 2.650338064 4.074818468 7.072416500 0.862512709 4.914639253 6.349063678 4.365053658 1.690006493
3.234443335 -17.876507014 -12.660952740 -0.268815398 0.123246408 0.257551397 0.919899931 12.487697824 2.254571544 2.746856336 6.819222931 2.704773121 6.233072046 5.917173265 6.308703200 4.256188948 3.431896561 8.778916765 0.850516219 8.178403444 1.728109206 0.324939862 2.005682989 1.693947749 4.629605489 5.816653481 -1.514633417
3.193238275 -14.716602031 -3.816665745 -0.291213090 -0.047045248 -0.811908354 -0.503772276 2.894031901 5.002558497 3.026388031 5.088401551 0.967169318 -1.364306414 0.099225449 -3.143731366 -1.601083338 -0.764709399 4.715751372 4.473085317 12.435094880 2.753021207 -0.249696013 2.845214806 3.883051380 3.650618898 2.292298594 7.412566298
13.284150425 -18.721675892 -17.069332405 0.823114695 0.077087530 -0.457337487 0.327692134 -1.431291831 5.988144236 4.513095064 2.748671846 8.261008740 3.818399092 3.072471653 5.106582450 13.059526030 4.008089529 1.819521115 4.291302677 4.711931416 3.771920868 0.722228806 -0.599417090 5.155347211 11.072152240 -1.451187830 7.476220881
5.239678644 -6.504744401 -6.743386727 0.422839454 -0.572106649 -0.245629441 -0.658458014 7.260744383 10.918888508 5.003331602 3.014741164 4.951360940 5.231394604 7.534148306 2.834956070 8.336832641 1.112209652 -1.024512204 4.473531689 5.623001395 -0.224036414 0.178871095 3.863527985 4.053886665 5.424741907 5.124789262 4.087223327
10.479846376 -15.292644739 -9.603622613 0.864543706 0.153788002 0.019148233 -0.478065660 8.249000793 5.222695288 0.189328084 6.470584568 1.409145172 0.451820881 5.433410728 6.094976142 0.871738597 11.131064709 -0.520729387 6.196962469 4.120962291 0.066008568 4.707963762 4.877965763 1.605579313 3.867338642 0.772010520 5.510106601
2.457437726 -12.627437699 -13.791535227 0.052394108 -0.814576977 -0.439803150 -0.374556264 3.924622042 3.911251392 3.556301236 8.066938728 4.532721635 1.186002354 12.541820722 8.962475069 0.364175278 -4.725555836 1.850400058 -0.567170477 6.675824048 3.187035727 3.627375118 -3.209296608 2.091455308 4.446749438 10.303506409 2.165364185
1.674511365 -18.427448881 -6.085286339 0.390019604 -0.632802717 -0.345877302 0.572550714 1.530433213 -0.040395487 4.405029455 2.862859647 2.717699808 5.758534667 3.085333573 8.967822060 4.846553533 3.828259935 6.306103411 5.097069311 2.138493443 5.937536788 5.746467126 3.635803366 -0.886211142 4.378370534 3.726994986 8.763096196
5.590189805 -8.751607900 -15.725405391 -0.906387847 0.375827561 -0.035771474 0.189565600 1.287764696 7.924478412 1.371983959 4.669221282 0.615085268 7.517318117 3.999423000 5.293447284 4.027801562 2.387610923 6.476255769 3.867919078 4.007317806 1.049378933 3.311782808 1.869943000 1.771301085 4.426005865 6.983810208 3.585534205
8.386094093 -17.476259356 -11.879665679 0.426725758 0.219544443 -0.756488674 0.444331240 0.070744294 4.767483020 6.322177759 3.287419027 4.342212861 7.257658630 2.180177688 1.653582166 7.317829306 -2.073713870 10.057437034 4.231881811 1.878614138 0.499749924 1.109660127 4.844241417 1.427920362 3.078793662 6.968350527 1.312566679
14.843826961 -16.544491671 -10.501321733 0.195183923 -0.422356251 0.641717261 -0.609686305 -5.279304540 1.216891313 5.357223009 -0.503936811 1.888771372 7.103419337 4.806838813 6.208374214 8.536358492 3.165029387 1.019526297 4.225938969 6.879848793 5.955954589 1.025547725 2.286029888 3.277026101 5.366084777 4.780116341 4.785921890
8.200063740 -11.724640674 -8.356465379 -0.480176743 0.674720146 0.121518944 0.547189333 5.210149359 4.639811122 1.753367950 8.373462274 -0.452198743 3.923390646 -0.538315422 1.460884821 -0.523227924 5.569905205 6.384535075 6.850419694 3.085264300 4.534271691 0.170207158 2.849731488 10.485860178 3.180423596 3.978997543 3.863715505
7.830196393 -10.017129499 -8.243877820 -0.082697751 0.632464769 -0.283682944 0.716012140 9.506341505 4.882683331 3.989964832 2.466230979 5.166759149 0.542249265 4.500528286 -0.135271503 6.929713183 3.825999890 6.250540567 2.705023999 6.592821204 3.350766013 5.412032651 3.261726663 9.027546786 -3.025955695 9.797655551 10.426659783
12.245095890 -16.924126132 -15.121405601 0.309722975 -0.473088573 -0.678379241 -0.469106049 2.683717345 7.346498586 2.999192368 5.386698100 4.384964704 -0.170380966 3.494258176 6.381547163 6.712134225 0.709466244 1.910585810 4.981554743 2.760542031 0.516402433 8.612231814 1.231252178 6.489951099 2.053282636 2.898763470 5.227402037
7.783141232 -23.998958286 -8.797754294 0.738025120 -0.602460852 -0.170317770 -0.251697639 2.008625051 2.396298492 2.401945349 1.012901841 -2.256496695 5.551519865 6.269110566 0.168216382 -1.226988169 -0.528930942 3.125353521 8.433395500 -1.525435589 1.570826843 7.496052206 1.707307405 2.464425097 5.148106679 5.732580147 3.795319131
10.342659953 -12.582320441 -7.959937639 0.018863476 0.045516839 -0.538085518 0.841448965 5.813616852 2.049229591 1.288160385 5.763894855 8.275752293 -0.395313613 6.291696819 2.241641644 4.749147445 6.058694542 5.550399759 10.799321232 7.432237059 3.542352376 3.859738662 8.843536269 4.489297666 5.923155042 6.298285322 2.389631485
13.255718481 -9.255356210 -10.388277707 -0.297705876 0.443811215 -0.835362922 0.128730750 1.960074718 2.888071052 6.609349713 1.334298798 3.635159422 8.701858111 1.499882042 4.458303303 5.067088099 -0.199992540 5.952374420 0.372412552 0.815555488 2.683011377 -0.102644568 -1.967573377 4.960498749 7.288523355 6.630763983 0.546864166
6.670069987 -14.325241035 -5.290447112 -0.428539821 -0.508381697 0.517341966 -0.538756867 3.897701835 8.182295074 0.716009187 7.203473093 3.685722474 5.051257716 11.810647362 4.476674779 8.222175244 3.353017742 2.825112640 6.715009109 5.523938861 3.001701541 1.925777834 5.482055978 5.936679541 4.527196257 6.077438236 6.649070591
9.673902800 -11.173471324 -4.635350988 0.490446926 -0.198451538 -0.172009496 0.830958202 1.286473677 1.705405714 6.162426661 4.795554374 5.715822019 -1.435626845 -3.692347316 1.460415150 -2.937680753 1.618344978 3.519135229 2.604582466 8.451314255 7.007529465 9.266459767 2.851237073 4.732684054 0.753382139 7.058758194 6.324704095
11.583575687 -14.375952105 -1.950966169 0.686693649 -0.699915323 -0.034982624 0.193252654 -2.114713984 4.859138420 -1.260855106 2.050320517 0.916751618 8.155187319 4.020375355 6.970080325 6.465630151 6.380699369 3.048536889 2.530320652 0.640547235 4.803086864 -2.032555204 10.648955400 5.247899275 3.986671466 5.790658331 0.388941011
14.332364901 -7.200769654 -12.358127411 -0.662961622 -0.221103333 -0.696745514 -0.161681455 9.415134657 2.684457718 3.086065619 -0.153665896 -0.276322158 5.436976583 -3.449099716 3.309916818 6.714640060 0.037155976 5.897409997 5.037318566 4.011509502 -1.235360932 0.655178149 5.350924207 5.612768008 7.750300034 8.001536211 5.130556058
15.086250317 -12.462824025 -15.278192999 -0.920090216 -0.174832703 -0.333001721 -0.109441188 0.177704368 4.016180605 3.115369374 4.959345572 2.131050508 2.277071645 5.508077815 5.572707036 6.915999025 7.301401818 2.671409686 7.167273819 1.907111167 6.737149550 7.430938389 4.757379541 10.576135554 1.840680203 0.394654743 2.796845761
2.541487721 -14.010349872 -8.557475066 -0.317418910 0.473529531 -0.672057853 -0.472602646 4.516793881 2.518905234 10.185872362 5.722781002 3.645978322 0.773613238 0.934855738 4.731719124 3.890379137 6.263576038 2.570131479 4.689911394 6.489274912 -1.328139447 4.305081506 9.007147047 2.402740236 2.808847142 4.475677116 3.534941655
0.648441817 -10.096350522 -12.288197674 0.218864719 0.789245792 0.562019896 -0.115425085 -0.232161898 5.076972212 4.989881213 6.934822160 10.506831952 4.624981150 5.582840111 -0.388128271 6.676826848 5.929005464 0.888473287 2.614202538 6.522793518 6.770504649 6.980922452 1.870034283 -0.330905353 -4.521925822 5.214888372 2.422455374
9.569111814 -6.487889777 -6.513770419 0.232084990 -0.635107188 -0.727514588 0.116180640 3.867001138 3.963988643 3.905675245 10.214719609 6.629453719 2.786662845 5.828614842 4.795404548 1.641469247 5.887362144 1.818075089 4.846095865 4.591955602 4.143261527 -0.756473089 1.550444344 2.283927180 7.034876646 7.580983216 -0.248092515
5.257319118 -17.623244460 -2.128116009 0.040193392 -0.706841291 0.692605552 0.138048648 1.012680663 3.715816775 5.640479901 -0.255460595 1.817331986 0.692605365 3.201230066 3.983474458 5.766218836 5.578575454 0.657159837 1.398586854 11.754249658 3.588901303 3.764707074 1.159676600 5.410608072 1.248374610 3.188096283 4.414106289
15.800403839 -14.076641668 -14.703788998 0.832129271 -0.216129760 -0.475976024 -0.185190790 4.094632356 4.722767845 10.623397467 3.791142438 2.849015171 1.595860865 8.241375893 5.788892620 2.042996214 4.229799790 3.857277468 4.836669358 -0.902384106 -1.353208038 6.756015441 11.421966788 2.377018111 -0.214411751 2.804359321 4.624968890
9.912176388 -19.761576043 -9.896957556 -0.861383438 -0.345719161 -0.371193539 -0.026686918 1.411195664 1.234411029 2.203348622 4.791607823 3.228723441 -2.997173808 -0.412344970 2.767069450 -2.007608804 4.854069003 6.931295328 5.148562714 4.973755336 7.255749245 3.066977589 2.500936294 7.119732331 6.564523013 0.620864404 3.348633737
3.314583216 -14.271623041 -2.202076326 0.771611154 -0.423424450 0.431998188 -0.196737202 3.448331103 1.204601676 3.904970039 4.290294037 1.876338730 7.965368151 0.007620462 4.542974106 0.326775131 8.745435454 3.850591773 2.928428545 1.974688195 4.877130014 -0.298339188 4.312871450 2.420573134 9.925967527 3.324444866 0.532120164
12.770753360 -16.642974350 -16.061820938 0.575198548 -0.184594081 -0.077588545 0.793127779 4.338078660 3.671197255 6.860331832 3.821595673 8.209107828 -1.805550251 2.985130240 5.365550849 0.811096602 0.608317873 2.333642492 1.436904738 4.919613356 4.668720605 4.289072725 0.565437077 1.491472517 4.171832836 3.521789311 7.948689598
16.289564028 -13.608918226 -9.277912212 -0.540728067 0.506414568 0.152947388 -0.654037109 -4.604720465 3.429070871 4.592566555 4.117445055 7.301953277 1.943458500 5.767362781 4.702053253 1.721289486 1.051387042 3.380954042 5.351401313 3.027198024 9.891322685 4.256805441 7.197752431 9.109414515 4.936444979 11.908435531 4.844689937
9.552070429 -4.920403107 -11.190549802 0.157874631 0.820408367 -0.351562897 -0.422385181 3.007350701 1.507655916 0.960966329 2.597121845 4.248204440 6.013645405 -0.769750370 8.935171167 6.450032336 3.148096009 4.891218879 2.523999665 7.485597966 1.943350040 5.903278074 8.552563390 4.962281209 2.793833530 2.893877184 3.436213045
2.566543679 -21.323037769 -6.295406479 0.388220622 0.712261288 0.057556183 -0.581941485 -1.054364327 2.256379028 3.969578440 0.422176962 -2.756306385 6.576298298 6.264161750 1.274918825 6.038675044 3.031012805 4.025735985 1.657601464 4.561245888 -0.128185627 0.090375128 6.602414495 1.375672098 3.097974562 5.726927571 -0.030911894
12.067895359 -20.799787197 -11.867985833 0.436653040 0.325396352 -0.460246372 0.701159478 4.616076782 6.876926784 8.572267409 2.328240152 6.207884211 9.343879881 10.720513967 4.007216822 2.214708333 -1.453979176 4.088921160 -1.541415019 4.568162043 5.620175751 6.195029628 1.701060091 -0.607044193 2.507804950 1.085771431 6.433511697
12.034785046 -10.503776611 -8.402729514 -0.360713748 0.744660681 -0.432891595 -0.357730246 6.490640154 2.562587436 2.066508874 0.876743821 -3.021192883 2.354208147 4.755010916 0.595574101 1.886081320 3.227840551 5.696104002 6.294752377 8.234711274 2.561696048 8.085773033 9.252399705 1.695621229 4.338038250 6.360637166 3.108960889
12.151855441 -9.251513171 -12.674789578 -0.641841790 -0.414660951 -0.505557285 0.400633554 4.008869585 3.404430677 5.106933435 4.175519211 7.812265105 3.278667327 5.753032041 3.906367379 5.086321966 11.230708496 2.605567587 6.797949656 1.987979892 2.916655264 1.226581993 2.538969416 5.079124494 -0.636493067 5.829972444 5.984269123
11.914416817 -19.391876842 -4.097516598 0.589989595 0.424453709 -0.052904072 -0.684801055 2.756562679 -5.231356152 5.447670193 7.326670231 3.948602316 -0.788288974 8.509261762 1.850613798 2.817914365 3.480633719 4.103373546 3.038115294 6.721050508 4.556565251 5.858485827 3.999800931 7.741157350 2.804370947 1.679771658 -0.163817375
12.788795561 -14.554071969 -12.358706608 0.388196844 -0.100335539 -0.248131559 -0.881854137 3.568967780 0.790722509 -0.571180209 0.856701939 5.836250138 6.367271272 2.473298034 0.588538583 4.774725415 9.603050846 2.924557462 4.661953010 5.195463764 2.762646002 4.959162550 1.854233870 4.690621884 0.906761939 2.708525772 6.405836055
4.957905197 -9.414333119 -11.518668461 -0.547805708 0.688344240 0.017550594 -0.475166381 -0.087109653 -1.544746179 2.215231374 3.709855307 9.787924195 -3.392833579 8.450680083 1.249447456 6.774072849 2.419302171 5.495472547 2.222776417 7.505991531 3.954277541 -1.413724671 -2.245310105 1.275903506 7.214374887 4.033130315 5.007618175
6.658609041 -15.824074598 -16.599877328 0.022005119 0.188614570 0.902031963 -0.387657913 5.962706254 3.466663641 7.161611594 6.850622545 5.300336602 4.751481326 -1.123527646 4.629693072 5.042927336 8.814609140 5.286887689 9.674649241 0.731477066 8.480558818 7.430478376 5.208367498 6.400210386 3.637758416 6.065356588 9.392304223
3.789614506 -9.430647419 -9.139908872 0.160555359 -0.437068316 -0.247223266 0.849749328 1.849072529 2.032528024 0.482396854 6.069967058 8.296476478 3.157227195 3.911267552 6.099511817 4.787986219 5.254847535 -0.595434990 5.952640187 2.319736835 4.408562921 7.892500190 6.978304502 0.318294620 1.063334720 5.584648738 2.313864026
12.518186553 -10.297712717 -14.595502442 0.722903576 0.111442908 0.215207409 0.647052293 9.719277570 6.248065802 4.223762676 4.249487122 0.857135855 6.388681713 -0.502757931 0.575217734 6.880196445 4.623969162 3.970184645 5.362180553 9.817364332 -1.888630721 2.731309833 -0.436035044 5.063178105 3.372121000 2.740399538 2.072809907
10.016893786 -14.186816492 -17.460882345 -0.487746087 0.697551787 0.242849686 0.465348568 5.125320200 3.484657318 1.879352482 9.500429300 1.312188015 1.548194538 5.468775072 0.855340354 3.727142697 9.138083668 4.084693187 2.923242460 -1.241958776 7.816203061 4.842358686 3.414766939 -0.753866208 -4.477764357 -0.874707150 2.493504205
6.526664638 -20.231984691 -8.905231518 0.051414171 0.320491457 -0.369360503 -0.870755205 5.534655167 4.243112397 -1.090787284 5.355693089 -0.469531738 3.019740327 5.574796423 -5.177188052 6.811885367 12.147854935 11.129199997 1.071927921 3.641042666 0.878882631 4.009990509 3.529814127 5.898860890 3.962299629 3.059762793 1.916942641
14.833688043 -8.255827765 -7.243381249 -0.199626482 0.046440779 -0.846537484 0.491290963 10.998088593 3.839050172 6.959029057 8.224556263 -0.344397984 2.586740942 3.954458845 4.749698511 1.748127517 0.741791287 -1.652082078 5.319327432 5.862345062 3.465366063 4.047609013 -0.674114718 -2.621935548 5.656230946 3.112536066 5.655651234
6.173731591 -18.877549532 -11.787621453 -0.825144305 -0.251850136 -0.472962476 0.178927029 1.687764919 4.475669584 3.652157108 3.045448647 5.635871761 7.121803171 1.730309455 4.722090714 2.797177608 0.665250484 6.309807875 4.586195042 3.470483244 1.769503330 4.566068940 4.718631502 7.704367640 8.638703402 11.305520008 8.830841180
9.122256370 -8.805685438 -8.975537548 0.638015606 -0.302034876 -0.689046563 0.164090997 10.184240156 9.659635516 2.053590857 3.069166205 4.632970934 2.163546583 5.798125437 0.531446687 2.265404813 4.897543861 5.279861938 4.472088933 0.950928932 6.284473420 -0.116029311 5.070812518 2.791593226 2.944262263 2.129578607 3.336488479
4.139184043 -8.922341150 -6.073010334 0.777286789 -0.442162071 -0.294464069 0.337059137 6.991202604 2.641080789 0.726713646 5.797934741 7.255697013 4.146595807 5.846944366 0.880642182 4.277343174 6.968440058 10.125585244 8.961130062 9.698525018 6.188091611 1.136342401 6.219907738 8.716384959 0.749164884 7.586200273 2.719933770
7.565612304 -8.124062373 -14.386242412 -0.603204464 0.021200367 0.129744673 -0.786677341 3.209618205 5.204165937 2.711879849 11.330142525 3.792922300 4.912160314 4.577996827 7.171639306 5.437799462 1.928949601 0.412107424 6.551999365 3.238594964 1.760681945 8.372349402 5.074106500 8.893640226 4.014914098 5.783021783 6.441704086
16.008080548 -12.368393942 -12.911242970 0.019711217 0.038117807 -0.329606774 0.943142553 5.775927543 3.471675383 3.013287397 6.000703003 10.567470452 6.662734887 5.072864145 2.377358362 0.708612231 7.186284421 4.366165476 6.974182898 5.492074456 3.379662409 -2.576128284 1.344825046 7.479302679 6.064293156 2.214801148 1.311576904
7.375384056 -6.650264561 -10.757789023 0.074881986 0.159731466 -0.839616505 0.513734047 1.523294904 7.427118737 10.427206849 9.118268366 4.217833173 6.872887184 4.185555285 4.251452860 2.655173713 -0.256277784 6.142011785 5.516200938 3.925329270 2.407085869 4.318511701 2.231596423 3.406577631 2.514880415 1.695408363 0.567638373
4.556723399 -20.732293365 -15.784122392 0.266051219 0.710601547 -0.169073339 0.629028136 1.612333516 2.889021229 0.449283436 -0.040275895 9.206888190 4.344011805 6.417014282 -0.997277091 4.594708376 4.259284339 2.637083568 1.633276695 1.221968133 7.571791689 7.131267594 8.005681720 2.776141916 1.335780078 3.239883466 8.183210925
-0.007726269 -11.078186995 -8.626470673 0.508506890 -0.186205508 -0.813169891 -0.213314276 2.603855304 4.638697399 6.792313781 2.952237953 1.392893432 -0.443461899 0.119297404 1.334276454 5.028693926 0.641730707 4.377148805 8.465670067 -1.136071170 4.008897195 5.189080666 1.715270650 5.617152926 2.976119752 2.919068972 4.611006935
15.066332975 -20.011224743 -5.674571929 -0.091793745 0.808933224 -0.400607583 0.420374252 6.150588194 -3.848403754 1.561088889 10.148060107 8.938912028 4.843531214 4.902942665 7.331578243 3.013931959 2.258447568 2.176015885 2.566302368 3.676369054 4.302113857 4.846674582 13.219516091 5.639039830 3.052568057 7.126264018 2.220766594
12.438311669 -19.978117479 -15.610663476 0.222674242 0.743000923 -0.204190226 -0.597220363 0.241179753 -0.286170406 10.064957286 4.356919768 1.573503939 0.711791136 7.746732779 0.419965415 6.099011938 3.922966286 4.250808551 4.044888729 7.645222883 3.529845313 5.814799599 0.043324295 -1.255899806 1.638777100 4.492247900 9.411142828
13.156385912 -11.297976258 -15.382365570 0.104893698 0.233763425 0.431156128 0.865133728 9.186308928 9.555201563 6.088108913 4.269075228 4.246280362 3.827491184 1.900229609 4.877833614 2.202629694 6.268541504 3.666395162 4.972834146 6.076718251 2.372482319 6.368187634 6.785468027 3.381544976 3.849364310 3.280403955 7.247374731
8.361809605 -9.803998521 -11.381322104 0.053270217 -0.095613005 -0.426126970 0.898017952 6.436262160 7.065325191 3.879314492 6.734702649 4.399533463 3.927991526 3.669875375 7.091448758 0.019712064 6.154771011 5.416543862 3.634909819 5.840928673 1.065718050 4.500903685 3.643618154 5.126229750 -0.062482489 2.809626462 8.518640772
5.955884983 -10.874469203 -16.679882297 0.137894949 0.730001662 -0.460281991 0.486027823 9.639284100 4.761549090 -0.286762759 9.970230894 4.371954077 1.247935564 5.308376590 7.379300590 6.136185933 4.862252874 4.554946727 3.208656824 0.689174139 1.171047927 9.002639670 2.500990332 4.794852941 3.724265970 1.046083022 5.393986665
1.674937031 -16.757866722 -3.761211295 -0.799111869 0.320981869 -0.306427469 -0.405577448 4.326697604 1.262366100 2.958428042 9.786214561 10.821938984 2.668127274 9.601314062 10.097977365 1.964025661 1.281430584 4.079849396 3.341722885 8.244649967 1.509766615 3.238600805 5.210043567 5.595258728 4.169927858 3.910545028 2.314409843
17.643691275 -14.061831935 -11.396881629 0.253605545 -0.687392376 -0.618519464 0.283918337 4.153875732 1.074119147 0.737127524 1.605699194 9.798714680 -0.434523059 5.210386020 5.012033065 7.295130365 1.286092196 0.211199300 0.447497161 4.264161091 3.094400106 4.765132238 5.288583041 1.834478246 8.225198100 4.334362735 5.474687012
2.579369972 -17.304054610 -17.180134790 -0.287572970 0.254795541 -0.548159680 -0.742901060 10.080147857 2.989349272 7.113944727 6.745915730 3.753695111 2.532735970 0.463975748 5.136026764 6.518918438 -3.261795184 7.565259375 7.066871705 5.958564526 5.429932042 2.972030624 5.618401294 2.049962786 9.349006133 9.265960819 1.174272913
7.029231516 -21.143985518 -14.076886196 -0.018361738 0.666710839 -0.652182100 0.360302668 4.063719762 5.906261592 10.290000892 5.963253508 -0.780159089 4.752450661 6.342452868 1.751835009 6.594866804 2.668631259 1.300244589 1.192243002 2.025748674 4.261117582 5.557259864 1.850667601 9.809007870 3.061600079 5.311949995 -0.995809205
5.306966040 -23.363136742 -12.144259605 -0.455873560 0.233137634 -0.858166753 0.037093999 -0.483629569 1.142859583 2.324223534 -0.578461567 0.809784848 4.863261242 1.562869110 2.870881047 2.005688247 -1.486399301 2.617522693 8.518444465 3.324596889 3.018521143 0.569037473 4.498650963 6.611817427 4.162581772 1.826506845 7.637337609
10.076260354 -10.087534035 -6.503473222 0.458924128 -0.181750396 0.073708323 0.866557858 3.948236035 7.493095599 7.384494973 8.081514652 -0.528164144 0.292290044 2.829244897 2.612589989 5.165167200 1.652042342 2.047898150 4.842830543 7.044938431 8.078987997 4.960351354 9.525640617 0.701833626 3.364890128 7.763944889 3.956910816
8.710599718 -18.502374086 -12.389757141 0.693912262 -0.638254138 -0.325917032 0.069967964 6.662436269 7.915807329 6.658258081 1.139049318 4.544347993 8.591729290 1.349975860 5.797633371 5.425556075 7.657617547 10.468027281 5.692714301 0.948028678 3.934088683 3.516889449 5.107416355 1.695381332 -1.522931428 7.180919064 2.506436729
13.094641720 -6.755000285 -6.915484820 -0.532393269 -0.828353453 -0.167383762 0.048689226 0.415868645 7.096417512 5.379068193 0.077651405 5.583075947 9.256613138 0.615694817 2.427421638 2.340734450 -2.910805665 4.609710958 5.349553229 0.981151286 2.870523100 5.707526938 3.308805443 6.165191909 3.213432601 1.206324219 6.525187913
6.039203353 -13.235983784 -15.453445031 -0.537265154 -0.360251719 0.521758087 0.556177446 3.527399415 7.060550031 0.881682890 2.153524110 5.408765860 6.894566108 1.314402042 5.819186904 9.924103341 1.513711815 3.090082090 1.421176301 3.040039665 5.833315391 -1.046967974 3.686178193 5.480459711 -0.421213934 0.914827970 6.036836941
6.073157019 -16.520188528 -11.391985589 0.623923042 0.602019919 0.374221201 0.329014509 -2.140378104 3.595567822 4.230776962 2.116710576 1.863795817 1.187473963 5.556073925 5.386284287 4.245111915 4.182912512 8.823598930 3.947520866 -0.052219624 2.321439775 4.320263406 1.227687817 5.689570511 4.516400490 3.946511321 12.009330405
15.377310265 -19.838110148 -12.430006675 -0.060425506 -0.689845219 0.696470016 0.188127211 9.583357482 6.256739477 4.242462464 4.797426395 2.085417714 0.939313843 6.521644337 1.729021061 -0.914812717 -2.713233085 4.442105121 4.256669054 7.040201522 1.515275933 0.959827657 1.812751322 4.529300167 6.829099742 1.617295179 3.934033487
11.099462813 -11.278865367 -15.899042897 -0.358200507 -0.247214537 0.164094140 0.885240353 8.941735716 3.660234529 3.418836667 0.821768641 4.171661755 1.518187723 2.073481881 0.430593217 4.412439513 2.747286674 2.967007822 3.018936524 10.786919655 -0.157306177 6.626924012 4.109925281 -1.810927247 2.108381129 2.998876740 0.914889720
15.088952544 -13.781403876 -5.054381307 0.196200624 0.119186510 0.862947099 0.450135753 1.221813961 5.255932048 6.679192793 10.284199695 4.646337394 6.003407970 1.144719139 9.127971611 3.394228740 1.483307188 7.112886892 4.356760333 0.945774729 -2.225427198 3.819280541 -1.424039876 5.900280355 4.752942674 4.225497650 4.360991826
5.438414919 -12.697488115 -18.761371355 0.105830146 0.433030844 0.545122973 -0.710017755 5.979326318 2.828730163 2.971994450 1.304237798 7.167010703 4.549159445 5.616243857 -1.718712817 5.742446098 6.031451628 3.018756692 2.463814934 8.197371734 1.866755335 1.691761109 4.762171805 1.335852750 4.063858693 4.721145303 8.765792687
11.523110210 -8.820798156 -2.821752075 0.595326108 0.121892200 -0.734845487 0.301216245 3.645657046 10.545589795 2.003300004 0.014371481 2.975578706 6.656575883 7.339846835 10.137078066 3.350570869 3.237552696 5.589072855 3.315621567 3.523346149 1.085344598 7.036125212 5.029255575 9.142958379 5.255727315 5.482146576 4.060885737
12.900146170 -19.985427022 -17.122826399 -0.834296914 -0.141455904 -0.406620547 -0.344381499 6.170740715 4.254502014 4.301660256 2.046723801 3.050056633 3.255032757 3.121901309 0.262954301 5.299543240 7.096132607 0.250861695 5.643617872 1.447210298 3.961822819 0.545191645 5.747959752 3.788321679 6.250075700 5.254717323 6.130148896
7.895543513 -21.226868601 -16.750300743 -0.210708060 0.239195869 0.609298048 -0.726046375 0.547916101 2.383588512 5.324605141 2.805238919 3.153879085 5.033212307 4.336991200 2.511979357 -0.693608219 4.354860738 5.754691834 7.578618730 6.101867972 0.854850945 8.956756785 3.151875742 3.310672255 1.918814442 6.441254593 8.911622960
3.873963039 -15.696327124 -5.292699636 0.107294423 0.282368986 0.316313997 0.899278109 -3.744026348 7.167161398 1.764549242 4.292021981 4.578355409 10.381345670 5.387915576 7.622026961 8.135053965 3.820755439 7.831167145 2.117319699 5.155454232 6.142538159 6.898812671 5.855212742 3.715469619 5.837470979 2.878559171 1.290829888
12.581609623 -8.572748683 -5.849050741 -0.190940371 -0.953087963 0.010030471 -0.234658260 3.329865981 2.280355835 -0.831442520 8.314161067 1.503437319 6.180881580 -2.697292586 2.181257295 3.976941705 1.440945722 8.716737822 3.611864159 0.370589980 2.408364377 2.177156670 7.545944501 4.067004019 3.928763935 4.903889606 1.876663358
6.022203645 -12.317433154 -9.457567023 -0.281524132 -0.359421873 -0.097791534 0.884305884 1.606637281 8.896984970 4.215694761 4.979533644 -0.691536708 5.711595755 3.021442383 -0.515849324 0.511735309 3.056656364 3.181840655 2.025184274 2.228401986 -0.355627507 4.381958582 5.694571776 6.979773077 8.348577209 -0.210445760 2.908657903
2.847410405 -19.254355601 -13.092042506 -0.016148461 -0.909991397 -0.129277222 -0.393627088 2.550700810 2.588614408 8.909819974 4.486778542 5.371570268 9.811816805 3.962906479 4.363946857 11.086306356 -0.248496891 1.400209838 8.334597200 -3.055441038 11.209068688 4.401695653 7.105754294 2.321349401 8.162317761 -0.919951716 1.168014126
10.839431291 -16.701124209 -11.777919437 -0.781933209 0.087789017 0.517974894 0.335522807 4.906199041 4.312064858 9.316271522 5.520447212 6.253925148 1.566689857 5.414767627 0.655645437 0.364331284 3.539176230 5.884659961 2.061531186 -0.003034049 7.053911646 5.705573863 1.557973944 -0.156563019 4.287371848 5.205061579 5.150575268
14.829000147 -12.819282920 -3.290646643 -0.262940757 0.802161795 0.452403627 0.287627487 3.653599447 1.765540433 6.951331700 5.670664177 10.544350248 -0.876282467 6.434519200 1.202255101 4.030263430 4.110622719 4.338209611 6.742040876 -3.386629908 4.606182298 1.443544338 -0.970101905 1.690656321 3.346957531 -0.121372284 2.490324659
10.721508181 -11.731322289 -1.295037188 0.808289838 -0.211011737 0.544465940 -0.075487906 -2.929132355 7.614911794 3.080101966 6.337871063 8.833264252 6.970996449 5.937212661 7.054639762 5.294087488 0.788902995 3.137493645 0.740493036 -1.752760930 7.229126421 2.784563699 3.542895523 0.830163570 0.614659367 6.391783262 7.610055550
7.320257861 -5.482332319 -11.469912827 0.125598960 -0.446720588 -0.195976461 0.863862746 -0.464684777 4.783220285 4.852834476 -0.504702585 -0.223528184 7.021838147 9.531194965 -0.144471840 7.924114788 5.921505788 5.617835374 4.861197244 0.615283115 5.516995091 2.412064501 1.738222047 5.034391056 4.089614172 5.371828753 10.292177785
