9.322639198 -13.530562752 -6.058359032 0.840665842 0.139190501 -0.210110919 -0.479333233 2.228327983 6.275697372 4.342474559 3.394286490 2.165639635 4.594770568 2.286791065 7.130950730 -0.599843790 -0.731782752 1.430698593 4.295338878 0.134799159 4.044383941 5.265627385 7.773931767 3.219702866 7.511128284 5.534002276 3.860994687
9.711339916 -9.010587573 -2.559354645 0.874334279 -0.306961686 0.195553836 0.321049513 6.232615998 1.929156013 3.367987446 5.661726196 7.262013859 -0.094732284 3.289334458 4.719744816 5.095470088 6.857427700 4.418202767 2.089095414 3.415644423 4.360310515 5.106292324 8.859029383 5.957868545 2.630067871 1.343410620 1.569228835
10.845783732 -0.937213370 -12.630714352 -0.159446989 -0.460041258 0.508114181 -0.710463707 6.785546385 4.332163774 3.577224172 8.268409847 5.536938437 2.638487739 4.254955859 0.193050852 3.552389437 6.988987342 6.673535690 9.635742173 3.196148396 0.959728769 1.416788881 6.534715145 3.677452667 6.944055508 1.554445957 7.896870386
17.790752058 -2.948816139 -14.523200324 0.089509210 0.727196780 0.338642355 0.590334057 7.215894605 7.344398254 4.515090402 6.421592360 2.668895026 5.880153122 5.911630199 3.316743639 -2.486894853 4.074848702 6.874504739 2.055736965 7.252168168 -1.813373234 6.852027599 3.829363059 4.740983907 -0.037691364 -0.809655654 0.807102854
10.649487559 -6.321540400 -19.336238906 0.408293382 -0.763541321 -0.022258578 0.499805683 -1.299400344 7.805002146 5.832748862 3.094055386 -1.341716994 9.434695215 4.866639829 3.846922858 8.297299790 5.140500749 4.609194115 4.601469930 -0.239769131 10.377774901 7.434903782 4.483685334 0.849930185 7.861432623 4.072951201 10.364126124
17.071526053 -12.662607955 -13.886323635 -0.724187669 0.468940165 -0.450548089 -0.229464074 -0.825417939 4.583546302 7.367125845 3.814390412 8.902958677 5.868824042 4.008478324 4.663786853 7.582850771 3.108861596 5.889613389 2.274390231 4.318865951 -0.333454634 2.061200906 6.368173173 0.485862216 3.763082522 1.844649007 6.363770794
11.038694847 -4.269614715 -14.183764030 -0.115061519 -0.254972791 -0.753667280 0.594756549 6.043067221 0.376217624 5.288704017 4.745817806 9.602356903 4.742337676 3.316512167 3.731637703 6.128292172 1.511843169 4.637363284 3.917602657 4.573863133 0.913086524 -0.942142295 2.657059020 0.676249302 4.437546663 6.146758962 3.219058793
16.791218174 -5.403216441 -1.986147714 0.171149067 0.406243224 0.657858994 -0.610652098 2.770970207 6.367750510 1.022025663 9.884298175 3.973914970 2.507239700 7.967187026 7.267665180 -1.224365760 2.809244952 3.301224961 5.944516774 0.060466606 6.334036013 7.984357393 1.237175750 3.377876001 8.400778993 3.888500272 5.887587958
7.820319552 -0.651115377 -12.306607897 -0.687259192 0.231364104 0.454381776 0.517380571 2.828232606 1.941957877 0.906368792 2.676233446 3.680940846 8.418963206 4.936341667 -1.472234277 -0.306742547 5.986158250 -1.041305708 5.107382899 0.591228621 0.324174197 4.459976664 10.000789944 3.332425202 1.889129599 6.355680373 5.662417097
2.725689886 -5.727562880 -11.406288186 0.645582703 -0.748641575 0.048993042 0.142683034 -0.885028062 5.805407565 1.677191452 9.666108193 8.227590096 1.628745285 -0.481221727 -3.075450075 3.418419982 6.350186730 1.533129048 2.400063844 9.463986329 2.535619665 3.556024842 0.735216324 5.936029462 1.062365455 5.383133867 3.790929062
11.923954289 -0.334020503 -10.383270620 -0.030186108 0.843661267 0.012994105 0.535869031 3.250369725 3.208761612 15.600895583 -2.346430406 0.790588938 3.341084850 8.769500360 2.221722659 0.847364251 1.923412996 3.148082758 7.598434092 4.354681293 12.033079045 0.809671348 10.383716411 7.162031829 3.746106817 6.253293877 4.713871849
17.780401125 1.685285595 -10.062729118 -0.418611634 -0.586256959 0.682497868 -0.123546502 7.387354711 -0.690337027 3.190785427 2.754040882 4.694331313 3.519290350 0.591603139 3.600756086 3.191894545 4.156598228 6.386720932 2.922135245 0.301764017 6.030335572 4.470731337 4.176829944 0.546989187 6.055495175 -0.339098385 1.525087421
4.991726478 -3.175389555 -12.919404026 -0.414126960 -0.615654608 0.476402048 -0.471708970 6.065867064 -1.199089067 1.809267341 8.723885687 5.328887599 6.506758953 -1.239468164 6.823403615 3.319297277 1.065297179 4.105715423 12.454046014 6.810392626 4.886897894 8.595757139 0.632118618 6.030400768 -4.150897697 2.423893092 -2.015622296
5.664755270 -3.253134706 -15.861825141 -0.430460785 0.030355045 -0.411565445 0.802742778 3.798216056 6.159104410 6.112570115 -1.563915751 7.203848958 -0.892800762 1.394364379 3.712643448 -0.473808104 8.024952345 5.183464745 6.657129136 0.052070322 2.734930854 5.023346208 3.338435216 1.985771670 1.137170390 -0.217197768 5.817190912
18.410519357 -4.642034888 -6.938272265 0.540704890 -0.260847125 0.073271252 0.796384532 0.606914399 3.307138347 7.581163479 5.666284764 0.317266629 2.394960437 3.421288185 3.124955115 1.950783356 6.251469157 1.176544245 5.714513055 4.906815191 3.246885886 5.405805345 7.354471003 4.317449410 3.433398505 1.927490513 5.696650982
9.864203201 -12.251266010 -8.438892642 -0.720637872 0.076431045 -0.462712112 0.510623984 7.797199170 2.911536578 3.789883768 4.069704364 2.945165108 -1.291380412 5.463130582 7.117353854 5.776823958 5.108742037 5.901928276 6.757574025 4.267109896 5.123708208 6.814392693 -0.233476181 4.059016863 9.095161717 3.857027989 6.047332278
11.347089216 -13.815359639 -3.889837654 0.702342890 -0.422307008 -0.372471142 0.435472736 1.610116943 1.191145700 6.690422330 6.418180799 7.819272265 4.942636901 0.507837314 8.204200333 5.010917147 6.866834518 1.562781867 11.310161719 4.432401875 2.403978102 5.366404857 4.224739915 0.422963347 2.622504583 2.058237520 6.970607700
11.516839179 -0.278014161 -17.791003121 -0.561429640 0.491415450 0.109577821 0.656734586 7.119575324 7.099754003 4.372926577 2.424786879 6.923919640 -0.712915899 5.377262097 1.529968441 2.908269591 10.032326339 12.379332629 1.879879544 0.916662773 5.126431185 1.411540476 3.997175817 -3.244664704 3.881520858 -0.003451493 8.919753408
5.908793523 1.123529645 -11.643301412 -0.950909427 0.115821748 0.260167005 0.121118592 7.488684065 0.960487649 8.732819735 7.079703764 4.266125075 6.391283509 4.981603780 7.273852483 3.363313438 4.499843109 2.467140993 4.942622588 6.420713350 9.836257506 4.345376114 1.124053446 6.850409001 3.195041277 3.257419175 -0.538353322
12.577738962 2.623214729 -14.599062167 -0.097763935 -0.003445023 0.915891186 -0.389324647 2.465568902 7.195249557 1.291657941 6.604732097 0.908726204 8.457867100 6.594697374 1.125416853 7.527398217 7.587830503 4.111113495 4.934851652 1.962035643 8.788174058 5.170408662 1.682948723 1.295083709 1.027774929 4.975448651 2.950792676
14.759442965 -13.057735969 -13.737414319 0.847001217 -0.169613034 -0.361551769 -0.350857059 5.096582950 4.810318648 9.339332221 6.221991811 -0.321368258 6.126846893 4.408045411 3.782820178 0.991175265 4.605310666 6.588480551 1.206832153 7.604569566 -1.517836282 8.433013733 0.258061908 2.098403872 8.125293723 -6.682267320 8.179563632
18.170591114 0.758551692 -5.941296181 -0.357406228 0.278626513 0.171331902 -0.874799082 6.949764637 -2.060544418 6.155981199 4.686798382 9.658059285 3.473798982 0.889471437 4.380798639 2.667385446 7.737766875 1.649574819 -0.888967129 8.690191431 5.855931107 -1.372303125 -1.054379628 2.537885796 -1.527829938 3.622653931 0.283385576
20.399110504 -5.566034424 -7.223430602 -0.232531068 -0.766599786 -0.411983987 0.434192659 3.706930688 6.963896598 4.628457815 3.733576994 -0.380421585 1.672872658 -0.307991394 2.727691030 4.690067033 6.845586262 6.348120800 10.826089350 1.493438500 8.279343912 -0.714570480 3.251076727 5.270485886 6.010725562 6.935291512 10.440619980
11.951115778 1.711586253 -7.759431849 -0.294841855 0.907664833 0.191510151 -0.229208843 10.234833698 11.924636281 4.870400167 5.947515461 2.743236495 4.938235771 4.533824467 0.589076812 2.708472406 6.506626081 4.498747241 6.474231730 4.812931398 5.998159189 9.138712350 13.058650933 5.212916917 7.543616198 3.331950073 5.408574708
16.749004956 -12.670178531 -13.329042664 0.067792988 -0.720781714 0.364543353 0.585650045 6.664703836 6.464348718 3.499325342 5.530590206 2.072222977 4.974884009 0.901598540 6.391119841 4.279431479 7.542604174 3.500120936 4.271079214 3.693408909 1.723532453 1.530768400 3.640275441 3.927788181 6.555593798 1.326912568 1.494657443
6.844507328 -0.918087721 -13.573542560 0.779193605 0.593062224 -0.106332827 0.172707426 3.397161026 6.798484955 7.540038066 8.440249430 1.797173773 3.583466076 5.211892923 6.984346688 0.891235104 6.072266041 11.775754116 5.181243471 6.189963620 8.742868810 -2.011036764 5.217468545 10.722456085 2.799420228 4.907582397 8.036229672
9.322853789 -9.576797179 -10.692293958 -0.310194758 0.161278195 0.429357508 -0.832718852 2.947359890 3.062035541 3.604205502 1.274139903 5.435032634 5.558797443 6.002764688 1.882436091 7.662838426 6.313276247 6.563639859 6.715194461 5.406668112 2.433722449 2.204061817 1.718409584 2.605696491 2.923173311 3.070261428 5.458415226
7.735195140 -3.384995254 -5.546589031 0.982924532 0.077811612 0.163596943 0.032260770 3.905478836 1.222419437 7.855070976 4.873904699 9.295474037 3.068949780 2.348769951 2.010709634 5.852056881 2.737993144 4.242982587 6.398067169 1.322768919 5.898006517 2.764680984 1.143998910 4.768967319 6.525733133 6.053448802 6.196092181
17.813122881 -2.913187504 -14.075716145 -0.521120823 0.735972519 0.107970046 0.418473425 5.006393634 1.769137440 8.428145005 5.446801618 9.168982765 3.600364827 8.367082625 6.790949347 2.689426385 9.075765674 -0.882768455 5.692846662 3.188946217 -1.802611279 7.285237429 2.224772229 4.312145633 9.575120672 9.720655292 6.827410561
15.221703741 -13.647706454 -8.980253641 0.592949800 -0.795608349 0.093039675 -0.082228395 1.940087181 3.381445320 8.268793444 4.441372383 1.547014957 1.093930471 7.301073545 4.061529774 0.606834844 1.885930267 2.274077578 0.396748983 6.399303984 4.086297413 4.740755481 1.762966760 1.686187422 7.517537965 -0.227918525 6.266103268
18.953799245 0.171516221 -8.930355633 0.248262480 -0.586153420 -0.663578531 -0.393005652 4.888417231 2.402279323 4.575738865 -0.023984412 2.535321784 1.990620077 4.342823936 4.334062584 4.558806091 4.319472719 -0.610501162 2.718404236 4.458163456 5.447232494 2.806244525 3.534140747 4.332612235 -2.693302794 2.422167861 4.938103568
12.011954407 -6.476069517 -14.031988916 0.820875518 -0.253454602 -0.081269604 -0.505291401 3.062710005 5.386324982 1.840607885 7.896550759 3.925634576 0.331827474 7.466031526 0.822311204 3.606301087 5.028133028 3.532214682 2.676209981 -0.609829446 3.352339195 10.211338983 8.383238759 -2.971500446 1.855141483 5.250039598 2.458858910
14.573446466 -3.817251604 -4.065912658 0.911216632 0.063098058 0.001649756 -0.407062848 1.287944431 9.237379984 4.574435291 2.365624808 8.380561225 2.956318429 3.120864577 5.747591653 6.827970675 1.536381724 8.565656047 6.671246833 5.406365870 6.592969436 1.469661543 3.622054284 3.691990994 1.794403890 4.417397307 -1.727222876
15.269566593 -2.404284732 -2.628917333 0.125056850 0.487111101 0.799469995 -0.328528975 3.781327453 3.894198324 5.552006896 3.044481288 1.146417271 7.023613448 8.767264511 9.399403986 6.441718347 8.038275574 4.353612757 4.434408611 4.034859562 4.801248923 9.976637935 8.125656384 4.999432082 5.536463520 10.710113718 4.814579511
15.512508838 -12.931451026 -7.132298316 -0.180993542 -0.061980015 -0.113523386 0.974942181 0.925984636 7.905452124 5.793487271 11.264706820 2.986816528 5.020707672 4.230279337 -3.660517173 8.892811723 5.934435072 5.781187015 11.756340794 0.935754547 1.459050955 0.008567968 5.597803087 2.611206210 4.365263566 1.508929441 5.528886994
13.099811581 -5.310117400 -12.803377755 -0.512972986 0.358566078 0.669757076 -0.399643018 2.653814647 -0.412149920 7.699643708 4.708403506 2.973306336 2.359360322 -1.306926254 4.121717054 5.335103810 -1.502498419 9.399719388 1.726854484 5.912703373 -0.994463228 0.340287825 6.115077249 9.052941921 2.942094610 2.984388593 6.467325208
8.041095899 -7.740477860 -16.656856029 -0.172751009 -0.485849988 -0.221652095 0.827633510 5.252319376 1.149907904 3.972848306 5.084231962 0.397204490 2.790435502 6.113219545 0.791169132 4.814012938 9.134881740 2.090640337 6.315005791 8.494278477 12.709287538 4.612537110 3.617103064 0.850211164 7.083235320 5.072520492 11.760377306
16.150612272 -1.162758614 -11.822200524 0.658481204 0.235074614 -0.701166355 0.139671662 2.941061962 6.065288654 5.993726564 2.622379669 3.430035821 2.281177605 3.367521269 -3.322232704 2.539520759 4.571074641 1.468559383 5.691605541 3.331580469 0.884526682 4.277973644 0.827492582 2.503963593 -0.701418705 3.951657304 5.250613169
16.011587959 -10.169240847 -2.979248086 -0.863704249 0.107038360 -0.166997731 0.463324418 2.028028287 1.238470155 6.482894389 6.063352424 1.327279379 7.896954541 -1.728171597 6.641164133 3.604398976 6.385446259 2.452289243 5.600245505 1.687467964 3.400599222 0.428023439 1.621670678 6.460938437 2.147177270 5.625229658 0.004415393
12.379318199 -11.178196594 -2.666871803 0.168987522 -0.771049685 -0.549180192 -0.274457133 4.476860518 9.244436930 3.390367205 6.628104106 5.851010943 0.457756039 4.777422441 1.948443013 4.773045898 6.800685198 0.988627869 2.177446046 0.305709508 4.640892712 4.094349039 4.561485456 0.987374101 2.214053748 3.689458790 1.681618551
13.060476170 -7.256119742 -15.872694447 -0.041833059 -0.784801967 0.533986256 0.311760400 6.992569009 1.492643251 4.238651303 4.980111913 3.377366832 0.919351547 -2.783571538 3.666122920 4.234178484 1.351242076 2.010389346 0.987243471 -0.315956801 2.257697188 -0.384703287 4.500527909 -2.126860737 6.664255727 2.202745895 1.448149983
16.008862080 -12.908757477 -12.620179095 -0.242373626 0.086852344 0.411153881 0.874450789 2.441410174 1.222634278 3.768903166 11.692371895 2.434064042 1.970548018 7.260278823 5.005016909 2.951115327 6.620948516 6.347747602 5.287779230 4.572568686 6.154098210 7.673126157 5.060203887 5.211023743 11.766708667 5.986168575 3.957275837
11.128435481 0.807171998 -16.377643414 -0.940513335 -0.294110193 0.165732150 0.038297717 1.897923477 3.573004222 -0.775490106 0.654424531 4.368072244 4.034042980 2.958739732 1.368181514 3.941266323 4.495399205 5.753728507 6.892268411 6.558375968 5.260463670 1.345426457 6.832963925 0.748682930 0.209329073 7.426114254 -3.623458154
19.421059446 -5.887734358 -3.101708939 0.569976176 -0.457289236 -0.679605261 0.064423620 8.600567744 4.617001780 8.274492116 1.617201587 6.065667921 6.956840504 8.266939960 3.550003756 7.032783430 8.525082765 6.417394104 2.509011288 6.577836769 1.882971185 -1.393290096 3.145726391 -0.149041695 0.265985589 4.725191954 6.444962803
7.276489459 -10.905269942 -15.280516321 -0.079151828 -0.761691277 0.627173825 0.142177283 0.611746994 6.301861535 6.367197047 4.631914254 -1.681899364 -0.853558130 1.113118905 1.600612964 6.882328378 1.812475586 -0.279091779 0.771675782 0.530330919 8.724810306 4.582866838 4.707483711 4.663638872 8.022387606 7.895143658 5.516854977
14.127019229 -13.001534948 -7.862673191 -0.930512519 -0.314932894 -0.183017579 -0.038318282 7.120247243 3.737658402 4.750853636 10.261164594 4.005181084 4.902451711 8.327118541 0.166586319 4.982884879 6.573289092 -0.366857362 3.870734980 7.884353437 2.229346618 -2.147149119 1.642556538 7.524498291 2.269799892 -1.550313320 7.933728635
12.708963461 2.698845993 -12.878429648 -0.502328189 0.405038049 0.758537739 -0.090725233 5.982792063 4.089756325 2.890109393 2.021591316 3.612636215 2.277784237 2.996362263 1.553311762 4.416098057 13.461514547 3.601946529 6.079003583 3.608476506 5.077703469 4.755275149 3.424345156 1.959013812 7.413989003 4.615920575 5.540320579
6.864544298 -3.142820768 -6.813502328 -0.285045083 0.009243337 0.351196478 0.891809899 4.084330540 3.251913120 4.632187945 8.000494930 2.985526436 10.055751102 4.561176935 1.434168024 9.064781153 7.208490972 1.287968629 6.368331340 3.888068503 3.423147164 1.145086676 2.188990902 9.663535464 9.794077045 -2.920570109 1.617842024
17.522510397 -13.657350036 -7.530237526 0.784429690 0.287754102 0.030781831 -0.548561862 2.170279197 3.824301527 -2.154095580 10.160712179 6.882619149 5.643547872 4.461515430 4.282442049 6.298997666 5.579917387 5.121706407 2.780516542 -2.619949433 4.247753771 8.090557526 5.114144436 7.163652048 0.547469650 4.700511560 8.624124767
6.623097711 -5.572082335 -5.994319039 0.030047004 0.597204007 0.505432570 0.622079149 5.515183342 14.038467412 5.640587613 3.124654943 -2.619306934 6.596816465 11.169209984 3.444341605 1.306820047 3.975239090 4.349118396 7.247842675 2.582152741 -1.202577504 0.391137032 0.788058434 5.270497573 -1.051135017 5.993303225 -1.073252681
17.051224988 -9.117785948 -3.404041942 0.552116515 0.540943320 -0.218088915 0.595806096 -4.248767923 8.062054931 3.558031180 2.209664533 5.412649581 2.794761808 13.692022792 5.819226630 5.301195441 7.230445322 8.154773730 2.828540022 -0.491675796 0.858389927 -1.953937577 5.573419547 4.271953503 2.075087472 8.688822757 3.032699668
11.452688864 -5.817916988 -18.424611020 0.014326071 -0.956772526 0.010745090 0.290285447 4.731602632 6.496647125 0.425826644 6.353188257 3.003474995 1.330247423 0.992277179 7.924603111 9.802592130 1.701996104 4.491907215 9.019111613 2.280172727 1.045439549 8.996128472 3.318161842 1.128683679 3.123697024 4.444179445 4.111899818
12.994301665 2.031824381 -7.478425722 -0.175228563 0.402081109 -0.003685767 -0.898672436 1.988859682 5.447000385 13.445093230 8.008872864 0.350642308 1.946002692 3.481011737 4.821737099 9.779352712 4.382228684 0.896127375 2.387680285 6.860077712 3.185208298 5.821977489 3.673788211 2.673623398 2.896889257 5.838922555 6.333121211
4.731384811 -6.876529296 -14.548753763 0.451525995 0.693657879 0.258127589 0.498330383 0.822335351 4.636444230 6.484994348 0.530245892 5.672734282 1.510939493 4.262555140 10.494471387 7.680822343 4.260205925 3.253907628 2.933112806 2.982336721 5.064860811 1.002055264 1.340207299 2.509379562 -1.700613665 3.379616001 4.254779850
12.927591365 -2.013449606 -4.645967533 0.359408066 0.631908420 0.621763779 -0.291423048 3.297423398 1.702441818 3.055213507 1.042089843 3.546050863 4.903876142 7.648826129 5.780624518 4.110491754 4.659102566 3.174007210 6.158612597 5.149615784 4.521025541 9.991326526 10.787847233 3.508530880 -2.012669075 8.465739463 4.470805247
3.537130033 -8.597348491 -11.675898795 -0.024650319 0.556997939 0.705705845 -0.437178358 4.229298290 5.292846695 8.448598108 0.429475018 1.045587827 0.291977366 6.171468045 3.794331371 3.081185839 8.606125454 5.228711906 5.012769962 9.564568044 7.904324671 8.214365851 0.860036042 5.917844482 0.386851835 7.347027003 4.465520299
12.075068189 -5.097015610 -10.766340305 -0.468005101 -0.623149855 -0.422220065 -0.463018036 10.299432703 6.813211847 7.318441579 6.864043667 1.080602811 5.301729880 2.328557632 1.745974111 2.710349189 1.875822103 7.257098162 2.895003497 3.791206648 8.037609619 6.537006953 5.519146945 3.367786699 5.985007071 3.883506624 4.151638749
8.350343480 -6.488884672 -4.537998051 -0.115285638 0.211992582 -0.881545278 -0.405766299 4.008250263 4.418522238 5.323176958 0.621745546 -0.881713842 1.500821894 6.635971677 0.893441913 7.362797275 -0.693810553 7.974685322 4.694113158 4.474389358 0.312952236 2.698461151 -1.459984964 3.685261515 6.484862388 7.525433634 -2.057729470
17.128652417 -3.187304104 -6.796563120 -0.750255484 -0.653786314 -0.072242216 -0.066792417 8.362233270 1.926360408 9.603633678 6.152736970 -5.136050757 1.819904008 0.463885281 3.001403101 0.759696639 3.520618034 1.964465982 0.987309345 0.895539604 5.340472513 6.650898073 -1.201441537 3.846712569 7.371137428 5.427523714 0.532127971
14.296586785 -6.673122543 -9.380377048 -0.760771052 0.240102627 -0.598890824 0.070056515 3.348942649 1.252137454 -0.224689185 3.011907182 -0.824476438 -2.986954722 5.984891453 1.113507761 5.846835000 5.075126423 4.501764275 5.319891633 0.287656352 4.760098444 -1.385911869 7.682033082 -0.501073313 2.773830868 6.027631260 1.522414285
5.911693390 -7.386608878 -5.045887544 0.224347301 -0.819909038 0.494615090 -0.181034167 -0.988974053 2.785602829 7.556580788 2.286632433 4.382128803 7.679888885 5.043810150 8.963417116 -0.453741715 6.874862684 -1.055262002 4.647435412 3.658576415 5.334184701 4.158574523 -0.147741377 -1.018808784 10.998504048 5.371803369 3.042049598
14.891087832 2.333135477 -12.435998985 0.191788066 0.554806371 0.445045037 -0.676270762 6.468045438 1.640746893 0.691511177 7.036690381 0.271983514 -0.111592299 -2.795485668 3.915532293 4.809496387 2.850887915 7.103453146 4.825883418 0.729710556 12.314878742 1.033438250 -1.252543812 3.628613071 4.924224003 3.507657804 3.235411861
6.785952787 -9.339369646 -8.736343164 -0.114513954 -0.677984273 0.256050538 -0.679457138 -1.672109240 4.089088478 4.694760794 -3.471366051 -0.099424827 7.759790272 10.210293221 4.315958965 3.429347262 2.590645172 8.508803494 4.052181456 5.674580891 4.861586241 11.687045072 5.379146186 5.605383361 3.014697325 4.522111983 4.902738252
12.907967825 -4.333486879 -4.554977234 -0.475220459 -0.349431126 0.377345950 0.713914167 5.848810421 8.131265704 8.946810100 2.084744001 5.852787601 3.623288326 1.830619352 3.477276782 4.836546902 7.837820423 4.092167375 5.361408700 6.774327312 4.027744033 9.138036103 0.502452750 1.349915530 5.460446897 3.792468470 3.219867183
11.925095950 -6.130480670 -7.045301732 -0.588468720 0.184533012 0.667386666 -0.417429240 2.431858818 -0.930692259 1.397262333 3.260023635 4.642632114 2.235032797 -1.110943708 3.788938124 4.032569816 7.579431927 8.261255671 0.182239638 9.636799796 6.062323005 6.543499647 2.759511432 2.631083079 6.420180132 0.642641877 6.269411482
15.350146692 -9.948606152 -18.041592289 0.018327178 0.209000564 -0.887357502 0.410584391 2.538433488 -0.085099681 7.243753869 4.192325335 1.335024951 0.681084601 6.020495051 2.574387744 1.539896779 8.859348891 2.685851133 4.707350638 5.363288774 -1.163250384 2.711839893 4.828978226 6.648656296 6.048636750 2.793883461 5.974059482
15.316319926 -4.486229757 -16.659836411 0.455988081 -0.429690153 -0.770059746 0.120204954 3.542014183 3.726969571 3.999140021 9.551219431 2.808087908 -2.535320356 7.137510614 5.904284814 5.331081022 0.075001535 2.483384134 0.156513182 4.986597724 2.550657019 3.584930128 3.597294295 1.614305264 5.845358658 5.366448508 6.280811022
14.089460376 -6.184491462 -11.529811762 -0.938371185 0.218809739 -0.158937712 0.215222258 7.108088579 1.691040569 -1.671279216 1.251475013 3.810281516 -0.477046042 4.782991139 6.727395553 4.040269924 1.310359186 4.371738703 3.807949990 -0.386942633 3.948924999 7.448109875 -6.834483212 8.224965460 6.260205100 4.390546474 3.469159176
11.326845322 -1.629597413 -14.941505777 -0.524456874 -0.830332560 0.140189697 -0.125855777 5.987167952 5.174085418 5.642208972 2.498738332 5.374451017 5.443152403 6.699362926 2.681192791 13.295195902 6.169997446 4.947698156 2.982189905 -0.464030294 1.069377540 5.073567996 4.914320623 9.085561881 -0.970302842 6.334945760 0.022795291
17.586005797 -11.796334627 -14.804142424 -0.002094724 -0.045339586 0.444566197 0.894595344 3.646609507 6.432775398 7.423281198 4.477179981 5.867279523 0.513982831 -0.239963611 8.649112755 3.406760291 8.745765050 3.403686898 6.731343722 1.843839822 -1.034189593 6.263045316 8.111435109 5.184995820 5.334255754 4.968973161 6.779441731
10.349290953 -3.772717075 -14.673796421 -0.689853895 -0.702360311 0.017348974 0.174615609 1.480713739 0.315665607 4.626121385 2.841608980 2.055485804 1.404883806 -0.055668222 4.171813573 -0.425096208 3.214165693 4.600899932 1.374616966 3.833550614 1.665310315 8.091369548 6.297620429 3.969414353 7.468096396 3.008174889 12.610021209
16.063625413 -10.429306789 -5.852554694 0.125780487 -0.633131664 0.569673696 -0.508719417 5.418213234 7.375517661 1.588230995 8.646163562 0.031476930 -1.077798049 4.246429179 0.785684622 3.543207772 1.211071313 4.600174825 0.600991151 3.971368244 -0.257428496 6.519147701 5.861888624 6.231355515 2.805297126 1.344393391 3.328873648
12.923365551 -10.609787711 -3.111136064 -0.104408278 -0.909034876 0.288768940 -0.281721501 2.932497240 4.127100872 3.281840797 3.118640560 6.026431316 6.775566953 5.289988436 9.860410474 0.987638025 -1.471009787 7.698224526 0.769135070 1.816839702 6.716330310 5.660540255 2.319868347 -0.533155807 3.977910973 1.139501777 3.765914557
9.987475146 -0.245857003 -10.332823590 0.244822727 0.829337713 -0.326532129 0.381624892 11.218161682 9.203941119 1.048492157 3.959687911 4.713139230 2.691910772 7.011515659 0.499233700 6.534606753 6.528291167 5.370370236 7.113362714 5.154559817 1.699716688 5.108807225 2.964952325 -0.337546653 6.211352093 10.427173820 1.436326132
5.736485770 -5.481155353 -17.346109508 -0.356240463 -0.834696486 -0.419285922 -0.023954646 2.175431120 2.024534979 2.878603268 5.708143550 3.866961826 8.093211983 7.907206189 2.673956959 4.429473933 10.970837787 7.712427850 3.261528824 -0.367507254 0.543225948 -0.752451063 1.564592126 5.158356414 3.225421180 5.245172902 2.388189862
3.913154846 -4.983930588 -4.993509916 0.273794146 -0.263552878 0.913979877 -0.142188011 2.572456954 7.568733809 0.077855346 4.292450817 4.334719102 2.809820406 5.171838632 5.277652620 8.295686630 6.072040120 9.030105701 8.660500956 7.542604702 1.893791118 1.946478054 5.239893020 4.413049164 6.685453863 3.747161645 5.924628458
9.791930812 -9.334479065 -11.547023601 -0.463943617 0.805153795 0.159576591 0.333195136 4.226982861 3.760141029 6.949146252 4.704425348 1.478793104 4.699401883 6.926295410 -1.493431071 1.368043111 6.133360252 8.893004460 3.888205341 7.112115539 0.558346580 1.691826928 -0.078527457 7.428082336 4.160071867 0.885551302 4.460928854
11.023345422 -4.289351635 -11.010958987 -0.171408436 0.782553610 0.309829272 -0.512088682 2.150248312 -0.791312509 8.563373031 1.513614764 4.388543394 11.156244042 3.435756042 4.944144495 4.180576233 6.245173872 4.445805768 4.778173544 -0.132588127 6.284152280 5.292988644 1.672223936 5.253062737 2.698264308 0.872570802 1.472610777
19.810935392 -4.162397540 -10.372832986 -0.567973533 -0.623353375 -0.308985207 0.439732620 8.011609382 9.640782323 4.772465895 7.056270722 -1.726555060 0.593537201 0.567917754 1.603620040 0.356158765 5.327844516 7.166848995 3.831459100 5.736769307 2.667920363 7.028052937 2.812331746 -0.758745890 0.426814828 -0.830873208 6.389898856
15.797021898 -1.692509744 -2.020540509 0.122947755 0.287438026 0.864187902 -0.394261969 3.585178210 3.656701899 4.910548320 4.340520437 5.284585407 0.896388006 -0.237481480 3.119078931 5.608937632 5.412002183 8.628736872 1.324112100 2.959687964 5.255430231 1.861688732 1.981577745 2.404583065 6.106250197 5.599430933 -0.709737693
10.639054871 -0.191909877 -7.958846237 0.397826706 0.056531645 -0.875930782 -0.266989420 0.406902851 -0.802745288 6.453611466 3.563899173 9.796556870 6.172523831 7.960050205 6.149331144 3.752719849 -3.386247508 0.588138600 6.524215928 2.053509210 6.966157787 4.478134779 6.625784354 2.704138892 0.789470397 4.149374221 -1.099458113
5.712227576 -4.961628953 -4.212006796 -0.002974897 -0.736658233 -0.672396155 0.072174842 4.951758448 1.874261637 4.456213358 8.581843585 5.026701535 -0.548882493 2.220731783 -3.875128420 0.502022951 5.397255438 1.908035221 -0.569456936 8.611962931 6.767463415 7.951846263 7.052065731 2.060927552 7.741404899 -2.488826808 1.115594394
14.605634363 -0.682216466 -12.785919293 0.264264430 0.934320697 0.229966118 -0.065762692 6.652096361 9.854118897 6.011342123 6.953495771 6.289213785 7.335417912 3.082238160 2.470718348 8.405565424 -1.648927588 0.964163824 -1.112276714 3.304360663 3.673376729 5.222227964 1.328283780 5.167211222 8.485722250 4.074057703 6.887068675
19.901473554 -2.415364084 -7.299575855 -0.654060838 -0.294554046 -0.188418340 -0.670776314 6.046687710 6.980294359 2.777211308 -0.771115019 2.824946992 4.272671111 -0.152275091 2.580364632 1.347203252 3.009341768 7.338893857 9.827658290 6.930896442 3.107845693 5.240491078 4.069962556 2.492601898 5.156174063 5.021378118 5.775863040
14.144151980 -12.684816141 -9.583342161 -0.653073729 0.628725686 -0.403633022 -0.123608658 4.336741868 5.356379810 2.711743370 0.480134839 2.903302570 7.853207733 5.316051997 8.560092484 -2.882173233 6.373138202 2.480364522 5.554153714 1.074026384 5.931382518 3.020362109 2.206480581 5.001258452 7.045755106 1.634988542 9.627366297
13.391764665 -6.110343596 -14.599544112 0.687144075 -0.153987370 0.670486773 0.233598796 2.048514931 3.328475238 1.615185353 8.279483494 0.468772828 5.595360956 5.155569843 7.469877279 6.809782372 1.017937604 9.190583455 4.728059395 7.868369501 0.625897696 8.178581432 6.443637342 3.015418356 5.326360984 4.422892568 3.904468705
15.018492150 -5.914420227 -9.259459287 -0.428039430 0.808217978 -0.360260155 0.183789466 6.002647963 0.058707382 10.014047307 6.111703337 -0.824809276 5.212814029 6.482658274 7.266530003 1.670072363 3.101197760 9.321929664 4.299720267 -0.890892065 -0.075085559 1.019562838 4.525151949 6.345311494 3.140922324 1.081851006 5.169444914
7.894272987 -3.288484654 -15.949051172 -0.414842411 -0.573769505 0.702728040 -0.069768414 3.928881958 3.977737046 -0.047342831 6.295564220 11.281954417 11.581087539 0.302567168 1.922773632 6.059154537 2.879697856 1.958209654 4.624400430 5.090215153 3.897037177 1.451682160 1.262423301 5.581618424 6.133120327 1.818720515 2.475623597
21.014625085 -2.600570325 -11.473204816 -0.531259453 -0.144545250 0.834771665 0.005131383 9.777457166 1.851584745 5.061457192 8.250872273 3.048635143 4.409277198 7.628455126 2.420407809 1.010818586 4.329585976 4.344432442 6.041432513 4.992091749 2.708888863 2.472352877 2.545716469 -0.975098563 -2.278085990 3.330298738 1.718072270
8.726513645 -3.644029625 -8.251234560 0.243559445 0.357057118 0.788007584 0.438443906 6.991462678 6.137969733 3.111045271 3.570900798 3.154835046 0.324161985 6.698215872 3.908108343 8.738262931 5.380218296 2.514014481 3.095959209 8.418870024 0.221659878 4.587222232 4.485559820 5.674628906 4.541464341 3.782475058 5.645835711
3.534332030 -3.341886605 -10.053512400 -0.177735276 -0.114184192 0.717547024 0.663700542 3.682807650 8.172230084 8.484742692 3.076061901 6.372475697 4.564889305 4.336476115 5.560064900 6.561521102 3.575406590 0.814598887 4.182055836 5.393921677 0.167516518 5.300778352 4.195266009 4.918791976 0.414533918 1.019204373 2.230303702
16.973931660 -5.757538847 -15.679675442 -0.842567505 0.263505209 -0.447964532 -0.141325095 4.768645941 5.863479633 5.936623399 6.228882491 4.608629264 8.835266111 4.400418394 2.030839866 6.701784649 3.804748344 8.808527318 1.801574081 0.160985613 8.090492963 6.183181964 -0.417618982 7.959797912 5.843274970 3.747653331 4.660431284
15.439583587 2.378973522 -7.539038977 0.423103496 0.580927736 -0.051732067 0.693419202 10.486096004 2.802222378 7.989585104 3.275684544 5.015973525 4.347346091 1.405735898 6.064606526 6.771047240 -2.273857191 2.876770051 3.309012266 0.950175294 1.740472974 2.110809537 4.422884420 4.590448374 4.326770209 3.272798756 -0.139358140
18.376553870 -3.441215607 -11.486902182 0.124103121 0.294238092 -0.762189194 0.563107444 3.639910039 7.049320909 0.541121146 4.519177086 1.207378897 0.108302531 7.319107107 2.067192154 7.761972730 -0.160378282 3.261160080 5.450295675 8.288819091 -0.687446151 5.532199897 2.754684929 6.360310053 1.818029277 6.171446522 -0.648844480
8.246089133 -3.678519008 -15.849592130 0.138272291 -0.620412728 -0.618239596 0.462329561 5.497574989 6.123261840 1.827191806 2.808135846 1.779923685 3.442166946 6.126577694 1.514132622 4.458829748 1.227222548 2.439763287 8.953890223 3.706023074 2.427348730 5.775457042 1.340106096 6.968464844 6.044811483 5.274698127 11.481168044
13.464238613 -8.514286545 -5.238780160 0.395455634 0.836621363 -0.056248290 -0.374854193 -2.076913457 1.022175901 5.148410706 3.888431860 2.088901789 4.241017735 3.115479651 4.657476215 8.363482529 1.891631665 7.807919383 -1.062390861 7.265023145 6.975773162 6.519218364 2.470231182 3.000412919 7.667922524 3.098571337 5.866806142
19.502918501 -1.953550309 -11.626630529 -0.513225243 -0.590480648 0.512776937 0.353542453 3.958988083 5.067979892 3.983336645 4.592098851 10.261063481 7.301288921 4.591405236 3.059104103 7.912941685 2.840920695 8.497808138 0.128339322 3.318192586 5.507063135 5.425158128 6.832187620 5.644837994 3.353186617 4.497032183 3.453925654
12.755699998 -1.874096197 -4.065169344 0.748883060 0.338180073 -0.520184919 -0.232843406 5.990779399 -0.688662585 6.935607419 1.067600025 7.643626386 9.668687085 1.793686868 5.209818077 5.142981344 3.409946581 0.899737922 2.994952217 2.933841757 1.144355276 7.383972762 8.188996157 7.279754815 6.641490566 0.902640945 3.728953750
21.278768374 -4.709758820 -11.573238156 0.207708238 0.549180267 -0.809067469 0.025848668 7.368028894 4.232523418 1.532244235 2.846206536 7.061333784 4.433545893 7.092311525 5.031425266 6.404496919 4.450077632 3.648782334 8.954765775 3.884942233 4.640644997 2.631156544 0.680182407 3.058576696 1.701670259 6.718851042 7.615031325
10.963701475 -8.759666173 -7.327631035 0.631350477 -0.702208754 -0.069035845 -0.321766209 4.037392977 0.313351384 8.334104797 6.928655225 0.644148308 9.208020349 3.585103382 0.476867351 1.225505173 0.971474693 -1.117042478 9.762383349 6.646915430 3.791151149 3.482980561 4.815839455 5.052447073 4.990405477 4.855455970 2.819771815
10.557281748 -5.446933613 -2.598694305 -0.469735285 0.249839351 -0.810244485 -0.245831111 4.721461567 4.306279539 6.595610141 0.927323936 7.081507135 -4.929849778 3.554316911 0.736574975 -1.388834041 4.963831016 2.853945225 2.366169139 4.608830527 2.095883294 7.736595379 0.864276966 5.012331526 5.551797784 -1.204547887 2.556005022
14.386371515 -1.774252213 -15.796583420 0.318547199 0.874584435 0.123202871 0.344166820 5.900299420 3.721742099 4.443810233 5.134103488 9.477016512 5.390727701 4.516056173 6.847317622 -0.275370520 1.134597512 5.750021950 8.191359784 9.737997770 6.160527728 1.178894845 8.757675948 5.272516129 2.532457574 2.065497879 5.385998715
11.451692696 -14.008066984 -4.309465039 0.686722276 0.555055597 -0.257807506 0.392251310 -2.132246804 1.375668220 5.198402758 7.118637280 1.506077151 1.943964807 -0.220966615 2.704071922 -0.897584496 5.682534827 7.015735059 3.290730401 4.291862070 6.911072455 1.438821711 7.302204439 1.565640328 8.563910127 9.326886164 6.544441200
7.986551428 -5.466483027 -2.637799458 0.258942231 0.187841608 0.106604087 0.941435085 6.107093680 6.968196260 5.376943707 -0.250093556 8.116695294 6.067426384 2.981865936 7.600313911 7.730321187 5.242113426 2.174362467 4.621427961 -0.527011156 6.137928870 3.379373883 4.274425894 4.775443676 4.066559101 8.357210614 3.801755984
8.280293825 -1.781853014 -3.255066306 0.611967912 0.593638456 -0.505289682 -0.133307897 6.016973827 6.950333126 13.654816188 12.914208667 6.362555630 5.722888479 3.824787075 1.945754217 2.048567506 8.211726008 8.017003132 1.227942972 1.898202529 8.499138683 -2.231005957 0.338239855 1.496699327 1.706602724 4.809947588 6.931729641
16.057527636 -7.259145887 -10.612510998 -0.275398297 -0.761593683 -0.490048285 0.322464755 8.301643303 8.117788769 -0.355223685 -0.194532294 1.172972726 4.288531407 3.983663006 -2.666176436 6.903178594 4.936939561 2.575941817 8.308249573 4.771677980 2.791434989 5.951355101 3.155918577 3.195004068 4.490488543 4.429309092 4.233052782
15.808318837 -3.542472392 -11.219998602 0.729940980 0.331132151 -0.125678412 -0.584587548 4.800109650 1.428664555 8.526090676 6.476962425 5.814445035 5.913815786 2.373874144 1.730835086 2.738750579 3.842444594 -1.403337472 1.951362090 7.381042864 0.959868020 3.627148247 2.151912811 3.231609395 2.113164209 5.847634291 9.494047760
16.740337213 -8.128559780 -2.887401854 -0.801054285 -0.497489158 0.010107679 0.332737743 1.379560820 4.359929884 3.122480565 -1.775645888 7.153293965 5.617602619 3.503142829 -4.340644797 5.007297253 3.363721257 4.744713361 6.125622439 1.790839462 3.715950795 4.036768376 6.330200492 4.154750979 2.976163284 4.779255510 4.058778920
10.166216840 -13.581801246 -14.083975074 0.156171083 0.101909523 -0.171964615 -0.967291690 6.179393234 2.631741517 6.682764568 6.271443829 3.710782132 2.614429901 2.360325563 2.336645723 7.546438370 4.765641356 0.509744412 0.096872720 5.689403205 0.162684984 8.582419948 4.791496279 2.924841248 9.247072325 8.725978456 7.414646624
18.800238230 -6.006418549 -7.001359959 -0.779049466 -0.621525110 0.038742009 0.072715362 3.639869204 2.887589524 3.186391942 8.037632785 0.192451012 -1.948677865 7.644840671 5.691025619 4.378978064 3.697250737 5.825824721 4.916446303 1.725047601 5.815954902 5.516584555 2.512393577 0.705899107 5.587234909 8.693093292 2.839520206
5.201200957 -1.743212778 -14.036212122 0.498413582 -0.706014223 0.395391743 0.311116036 6.530449877 5.216431829 3.087050723 3.389797493 -1.572851061 -1.034198454 3.917015513 2.242379303 0.427668869 1.629071092 -0.143049251 9.173957658 4.939829753 5.427392754 6.148124837 6.556240701 6.830707681 0.734842648 4.670705788 6.902273981
13.157276397 2.609706787 -5.851235970 0.127585789 0.910086611 0.110475701 -0.378496165 8.154672290 0.830495159 6.652594847 11.679962605 2.377848961 3.121910150 2.861912189 0.119663470 8.407140483 2.579836309 5.842220766 3.624359842 4.118187971 3.928051653 3.137923776 2.806743115 -2.359739813 3.625932074 3.711173168 11.584268797
3.360555611 -9.866757158 -7.827303343 -0.314837033 0.428326801 -0.750223151 0.393165382 1.980377511 5.155572387 3.689401268 6.180207221 -1.269592747 -0.772985503 5.028508601 2.260325879 3.250583107 3.304084881 5.386188334 5.867675449 3.077023882 5.230154857 5.543979375 7.358127763 3.719650426 1.108061120 -1.023744848 4.346962364
16.269919369 -2.666212785 -2.853924054 0.705834434 0.506824729 0.157931701 -0.469024544 0.230973965 0.120561445 2.654873598 -0.445864903 4.101537031 3.677349934 2.847272116 -0.269885435 4.257767682 2.822080220 3.590009357 11.694922790 3.863908228 5.150698144 2.466812678 6.107787451 4.476605126 2.537247140 3.330736650 -0.626748383
10.558960857 1.590133177 -7.887198893 0.967827468 0.169021491 -0.042079436 -0.181579320 6.790833122 -1.432971668 3.512400765 1.524359508 7.221899844 6.693274331 3.185913077 5.548342995 4.364291256 0.919688453 4.870761529 1.708761295 6.325329192 3.740546028 4.016474079 -1.539514817 -0.258222752 6.072189391 6.894246916 2.719553221
12.826787017 0.238981446 -2.975087122 0.854338513 -0.516312582 0.052205684 0.028312364 1.663565859 1.590746216 2.536773980 1.166732251 7.071187300 1.824079857 3.085010575 6.611675991 4.653095358 -1.234910205 5.313020347 1.658231279 1.973190452 2.053318592 6.739818410 9.525803914 5.915353972 2.475565551 5.770925561 1.579945352
14.494441473 -10.381096829 -14.439162261 0.300247995 -0.698687042 0.130466309 -0.636133713 3.256047928 5.661298270 4.436256810 0.479774725 4.975393427 7.631576031 3.679976906 4.254984047 3.635362175 1.179157977 7.103530885 3.912711625 2.464120994 5.859790248 9.500221320 7.220717761 0.071664721 3.555296859 3.353642934 6.352452744
16.203288109 -10.811447626 -6.259208125 -0.444968325 0.781865428 0.436679955 -0.000509487 5.437418482 1.137779831 2.067715837 1.304598885 -1.133553429 10.735404369 5.399347118 6.505251235 1.849047857 -0.299167865 3.806082909 7.498978650 3.960210089 6.941703016 8.272093236 4.646677843 1.477230313 3.677006006 5.600564701 1.758065103
4.817576143 -5.643845094 -14.462460258 -0.360417327 0.413548199 0.641098243 -0.536721790 6.223784345 1.441553669 10.590961783 6.600074148 3.377576846 6.556106509 1.043158976 1.535426095 3.350521706 -1.358423306 4.985271344 5.866906901 2.419648306 2.748660411 1.652341300 2.420365389 1.861437091 3.831434928 5.290188636 7.018452373
16.411720599 -1.111266587 -5.612407729 0.783582513 -0.097214901 0.177707800 0.587339464 7.261745415 0.918306391 1.996315895 6.191518498 4.838319969 9.580203375 2.120999242 3.799514778 8.202387879 2.023663724 11.275046600 1.974817196 9.880882372 4.856921734 3.077681612 4.780676163 2.042154837 8.576194745 4.966028065 8.280106475
9.170853862 -5.411428771 -17.251139128 -0.254947984 -0.118744799 0.927626785 0.245783942 5.991633373 3.795921364 5.892608143 2.493414750 0.799582486 2.837000706 2.512549028 5.229655443 4.174633373 1.878302772 8.944141708 4.604863000 1.868953424 5.911221246 6.795720669 5.201293014 5.028561047 0.494451753 1.727467760 4.881596308
16.252062739 -3.440232099 -2.195607559 0.721170685 0.236201772 -0.201759701 -0.619204804 6.133778408 7.678738629 3.333685095 3.386019509 1.846939059 -3.846980557 4.150541380 3.323177847 4.927037179 4.188781089 3.299044989 5.433087471 2.154285311 6.171919237 3.958626257 7.335281962 4.229351406 4.548018318 1.212929586 7.017705827
18.862447338 -2.664450531 -3.363237675 -0.223075649 0.970983674 0.058740440 0.063067581 5.950868238 4.943381144 3.404826460 5.393898074 1.195981322 -1.722280511 -0.262502774 4.474961550 -2.745390507 6.034713471 10.237422140 5.476320733 2.112094509 2.680278806 -1.486316692 0.988042636 4.871129728 1.930881192 5.625300502 3.070389931
7.785414560 -5.248984846 -15.952711531 0.951518706 0.032076785 0.301655686 0.050863330 -0.176938165 4.103593280 3.520557554 2.727406091 6.732312066 4.477992497 2.432681549 -0.660561908 5.478852026 3.306634332 9.180918893 5.645207257 -0.758099859 2.503747869 4.344137302 3.814293420 4.339481124 1.708166620 7.205798210 4.778543160
11.935280614 -3.405524391 -4.487742829 0.474472432 0.752010848 0.239148471 0.390081535 4.752651025 8.430160923 4.871716966 5.973085055 4.429932148 3.505903738 2.799245716 4.321684567 7.216217919 4.209900936 4.273668739 5.932986946 0.880999546 8.088893139 -0.418391040 1.318526483 3.746854820 1.292157353 0.183098957 3.871416561
12.611519741 -10.297044361 -6.935515923 0.781324301 0.471474315 0.407639031 -0.032783041 2.438282079 3.604202598 2.006377873 7.555329439 2.124655773 2.100114322 1.651832166 8.171649956 4.665217416 6.754005622 4.957598415 5.687106514 6.752033816 4.393196862 5.438310269 1.506410901 6.210053905 0.729670060 4.345527377 5.991557296
4.590423316 -2.486581218 -5.640586080 -0.235723062 0.482964715 -0.819602842 -0.198572161 4.303704868 -1.895140458 4.169066630 3.187725718 0.206320545 -0.015432529 6.229872890 6.225287119 7.989805502 7.495772271 -1.298299111 2.003487941 5.862401801 3.618665054 7.150771304 0.128229033 6.072206560 7.000395747 -2.666894892 2.973863600
17.154262439 -2.332893830 -6.067729111 -0.302554521 -0.173787011 0.361425035 0.864656453 6.010267786 6.584196677 4.689472564 1.803027403 7.073772014 5.980382653 5.013733588 -1.077433316 4.237012884 1.295067935 -2.804616752 5.485736760 1.455090559 4.353451552 6.529945939 6.469809282 3.920034207 8.932951604 0.620447216 7.120207833
11.426699060 -3.744388750 -13.385097627 -0.344767727 0.647004719 0.643952797 -0.218734779 0.504816825 1.651896749 4.402290038 7.479608202 2.287722409 2.487083017 6.102273665 5.222860834 5.732926054 6.268429580 5.522908031 1.214090674 0.229596975 -0.705285877 6.713195391 -0.250992419 3.851123979 5.047504127 2.807751019 2.947360768
10.230402248 -3.964278651 -6.358930758 0.793990703 -0.604056275 0.005913963 0.068262766 1.420636827 7.345619830 3.424943827 7.389673309 3.418673336 1.278885072 -0.399661351 0.694679560 7.613625259 2.365750783 1.986308862 1.945902312 1.380131727 7.393017994 2.880738360 1.906463948 -1.113560088 7.062456239 3.874931844 1.971439770
15.106647258 -2.825066655 -16.084445022 -0.558950641 0.400544887 0.447161799 -0.572000262 0.137935370 0.018302168 1.847893216 3.540109756 5.139795002 7.013450870 4.804848388 7.195436977 8.671223942 10.079476498 1.178953795 3.943362318 -0.298353890 3.111677224 5.418179835 6.748489011 -0.455552375 1.330286132 2.144604932 8.481351344
20.980449899 -2.834531959 -10.324143906 0.712037399 0.605085579 -0.157791635 -0.319336789 3.900261817 3.433421978 5.779555807 6.083884485 7.256714589 4.849456427 3.851300725 -1.469494237 -3.021757764 1.929335810 8.391162268 -1.791996592 8.929778918 3.792757358 3.445843711 4.218232935 6.247998785 3.358713713 2.981521117 2.876392324
15.708003545 -10.322056181 -10.060399987 -0.648551344 0.146642847 0.367293158 0.650363564 -0.624947302 5.963112640 6.936056230 7.095474651 2.020631830 1.252507461 0.779453326 7.463443919 6.614249898 8.269838243 5.304409476 5.513063268 5.152195339 3.762787613 6.201611430 6.108556645 -2.038634874 3.201712713 -3.045232263 6.140302218
13.908888640 -3.345324375 -15.463384073 0.727933402 0.332726185 -0.519428299 -0.299333408 1.412464440 11.926600132 6.308806126 -0.825976123 4.790173986 5.782305277 -2.039608788 3.572871096 0.808089214 5.227002173 1.793138813 -3.123076141 2.807380554 7.242899200 7.266755635 6.126822946 0.948667739 7.508808577 1.179907016 8.242367012
8.429248023 -8.690698058 -6.332877527 0.668594733 -0.144369979 -0.567873653 0.457884164 3.680297349 -2.731003339 2.118204850 4.545743540 3.653642681 1.068508097 -1.911775699 -2.837720182 1.046376696 6.822809904 3.256054126 4.176350966 -2.406673457 6.047196234 2.699536218 6.509890637 1.604462121 8.101412234 1.281433632 1.713328657
10.837786829 -1.066144442 -14.359400890 0.122910585 -0.824246589 -0.056949874 0.549788379 4.111394696 0.644374836 6.916666397 6.987828558 3.644963578 5.968953036 3.611929204 -1.799436009 3.278129011 -6.168393391 5.153677111 4.852921214 2.510270585 4.796637305 1.287344153 4.673554505 1.754195792 1.479357401 8.061014619 6.016789842
16.400284154 -14.286605619 -7.199414526 0.694379772 0.112040624 0.147949808 -0.695265766 1.737031812 1.719169987 3.450889381 6.299509739 3.124588526 0.164689418 3.471249912 3.580289469 10.816885651 12.722504361 5.563192902 2.411166345 4.047558859 -0.893641631 1.803028284 2.593109257 2.231054213 -0.840520494 2.140182327 0.463811076
11.908237066 -4.134496570 -13.729865961 -0.253751089 0.026905522 -0.595489754 0.761760087 4.821329839 4.745468896 3.739078369 7.905147201 7.694136553 6.432885919 2.802238297 -3.591173103 5.871018715 4.213621126 4.407985174 2.742743163 0.493313616 3.260892359 5.019699137 3.546519976 1.818734304 7.134641434 6.899050704 3.195776594
16.458775626 -11.968191856 -16.138123524 -0.875375919 -0.049042493 -0.425301915 0.224566506 1.378665827 2.770118760 7.516930923 2.453230076 3.407170609 9.134275017 -2.738149243 5.291770859 7.093226608 2.847891452 2.433978853 7.664951278 0.623941343 1.106043560 5.533295506 4.247060145 7.586571863 3.459491436 2.248059886 8.102176736
14.952968745 -5.395335823 -8.454657778 -0.188757522 0.414858829 0.437923513 -0.774910154 6.823106224 4.854554382 1.521749890 2.690558465 0.077473549 2.061341546 4.447743252 4.512311770 7.220480434 2.379569705 -0.685175104 5.097760411 0.572340286 5.661258266 4.295641274 4.017508738 6.469557174 4.268772604 6.715008161 7.366613117
16.602490318 -7.103309759 -2.515619186 0.405406951 -0.569495110 0.562205798 0.441865550 -0.381475747 3.598792486 5.313182090 2.749761729 8.427337851 -3.656184965 12.962475598 5.185202936 3.234954322 0.104185129 3.572056359 4.448707325 -2.425874045 6.057227901 7.396552593 0.624247783 4.405828678 0.935057708 0.800552026 1.250950101
12.545369932 -10.648363923 -10.013979988 0.840786462 -0.096208361 0.465507163 0.259085232 7.823389070 6.608967820 1.421778859 6.876619185 -1.127229312 1.978046239 1.933961839 3.884968652 2.968295043 2.307034281 5.718803502 4.288809805 4.057832026 7.866707591 5.690759181 1.576144477 3.974969830 2.387507378 5.184861383 6.784865734
8.610203638 -9.417879674 -4.600801885 -0.305171604 0.540208963 0.759154866 0.196795473 4.569822459 4.033994447 6.393441006 2.752819117 2.788586222 5.135151436 4.777380172 3.931653338 7.765044915 7.083459352 6.664966897 7.029111406 4.750793560 4.144289918 6.539199221 5.754511655 1.600267625 -0.439997238 4.288783187 7.605465773
13.324973605 -7.087173742 -3.400816919 0.043834016 0.620555758 0.202744785 -0.756229914 8.154049825 3.794047021 2.103257942 -0.820037616 -0.687830995 6.557441680 6.888624045 9.796703204 5.109789116 -1.330422308 8.383922948 2.143848938 2.361191293 1.568687736 6.821016505 2.329248386 4.530043097 4.425092847 5.477476546 3.220372531
15.433670896 -14.206798125 -10.395884871 0.316078396 -0.730889270 0.411720480 0.443149602 5.260451333 7.903530714 0.950146414 4.759865446 8.970956141 -0.418080328 4.382223623 2.457997835 5.866199605 0.148450377 3.305612456 -2.362112752 5.746827094 3.279088815 6.509067482 9.688845419 1.599586291 5.896623663 2.331029741 1.052615774
9.105853879 -3.735543194 -7.355759007 -0.856038219 -0.052929766 0.459706071 0.230363487 9.757189711 11.572454826 4.710521044 5.844648545 4.874575179 5.359799086 6.660451302 10.028003677 6.922485680 3.495848556 3.995682155 7.304355762 5.602396312 10.555373083 9.088227613 4.619249267 4.199977395 7.867012796 6.721522105 1.677578482
10.357354055 -0.759063466 -9.838375532 0.019273646 -0.031908730 -0.370769006 -0.927976672 -0.063913781 3.079308343 5.109530906 3.115613017 5.798527582 3.392391898 7.306488668 5.427006847 5.501183162 7.082877587 1.769700303 3.925215847 10.544740897 4.638095543 3.917056446 -2.176924783 5.111358784 8.557661114 3.076354632 4.209903059
5.387003039 0.386776840 -11.317037879 -0.178188838 -0.782123590 -0.596654678 0.023121912 4.982102058 4.711124417 4.135278076 6.247461807 3.369833220 3.654629916 4.214565401 0.304073009 3.181558384 -5.090939272 1.239310282 0.061901830 4.810776141 2.611086229 5.957402039 -1.940418775 4.954299047 6.013498389 2.153526288 5.325949766
12.919029021 2.725945878 -11.660050634 -0.564293904 -0.130770820 0.610805924 0.539803210 -1.427889821 6.796038260 1.515779436 6.075953135 7.260246865 -3.346726504 4.204629168 6.231600895 5.952013285 4.201587582 -0.280433095 3.170349477 1.596056379 4.584467611 3.446358537 2.398829530 5.294934910 2.642923748 0.264495360 3.524518273
13.624926693 -11.671701242 -15.726987764 -0.257817263 -0.628347861 0.384984925 -0.624896658 0.241926003 -1.572707240 1.818537476 4.974797915 3.627733667 -2.640558088 2.845893127 4.765003851 -1.592587968 12.404762649 0.264926086 5.293782594 3.152738747 6.478182478 3.492729900 4.944626323 -1.892899024 4.142765488 4.026536048 0.009587764
8.170571064 -8.626670890 -1.926605791 -0.312455113 0.837047507 0.153716703 0.422012380 7.596673273 2.293898816 2.749597438 3.806059681 0.978131929 1.164499650 1.912508580 0.204092186 3.678473441 3.370727357 0.369913018 7.299444274 5.925407590 6.229293309 3.027729184 3.481663293 1.547543380 4.745997907 5.626548343 6.125492453
10.221029803 0.100327667 -16.193923470 -0.295056588 0.284715193 -0.745831274 0.524990076 6.314415187 5.298821986 0.628762577 2.520083318 8.907669926 3.993114638 8.389736795 3.016597561 1.684441271 3.416028754 3.036699181 4.273097941 4.894061107 7.671037037 4.329723187 3.348863208 5.137268020 4.165047011 1.722017814 0.726111168
13.914856133 -10.360040529 -10.672160960 0.158237779 -0.485763832 0.558168479 -0.653790680 4.405976894 4.457235349 3.573213879 2.650281070 2.345902852 4.159364439 2.988927690 4.296491802 3.938218492 4.831870135 5.945875500 2.551158703 8.662522021 4.815374829 5.001734368 -2.446799636 1.205093624 7.227443337 7.215351148 1.840292567
14.029000501 -12.382037895 -11.383052203 0.162434686 0.568872427 -0.512983387 0.621970401 4.697981806 5.800009661 2.951036671 7.161655423 12.579975032 7.084219848 3.024260005 3.851659856 8.251653163 2.380851041 1.741454018 5.145214482 2.781907533 -4.844598294 -1.529128902 7.869180391 8.185474380 -3.866094098 0.270597140 2.190723717
14.952951296 -3.780814665 -6.494456689 0.149397803 0.968063048 0.067616467 0.189637139 7.124543005 -0.189302828 5.729559844 9.844096853 3.114803177 -0.822555259 6.641993963 3.775551189 6.655077443 0.980810128 3.240549752 4.847604327 5.359112024 2.550838984 2.135245535 2.414487138 3.244291749 6.798360066 2.852817126 8.092135990
5.935788402 -7.975376293 -9.103647002 0.006871061 0.023233208 0.962052884 -0.271785311 5.126261331 5.331396413 9.558388224 -2.454394729 4.433887280 3.426072825 3.381179102 5.741255810 4.730792293 4.447812017 5.561508245 1.539426509 6.182997967 2.836096760 6.354125440 9.103852785 4.026287498 2.131155088 7.020233829 0.703163102
4.399707893 -11.409258477 -8.762322418 0.576068500 -0.582973038 0.146523031 0.553912016 3.677301153 4.981754202 1.616530427 1.301617103 2.886000223 2.400826790 2.726193676 6.074977896 4.234865616 5.388525234 2.730086903 1.684441071 4.904234258 4.063577668 -0.407171352 2.735006588 3.959519120 3.052310605 11.369919689 8.418680308
18.147373457 -9.299940899 -12.761892827 0.635119022 -0.293059609 0.044170215 -0.713294390 5.392253040 7.275822304 4.359066862 6.688033345 6.848143507 6.749247571 6.718034527 6.516900077 3.671629971 9.586748917 0.899382955 6.896147871 8.227760177 -1.251369098 5.647846378 1.970840713 3.963185219 5.188607425 -0.796203093 5.322295652
6.045975214 -7.421894164 -10.912814391 -0.600684198 -0.303373050 0.237846057 -0.700408838 5.147293259 3.859409561 0.114608938 5.740957812 3.390586983 7.050604453 12.847017113 0.651179074 5.828616565 2.436428513 2.886852784 4.242782112 8.226364168 1.130369490 1.901591400 3.629588746 4.770523306 -0.796489357 5.045075970 -0.413280480
8.450375652 -13.174798994 -10.023107160 0.546856305 0.135701922 -0.247059536 0.788349387 4.263120363 4.237191857 0.867777417 3.751768265 3.876864565 6.922798033 2.138939647 -0.690129727 -2.011602390 3.502608940 6.521270367 5.545741338 1.863412520 -0.589756780 2.056645477 0.781931383 4.998754304 4.991051704 1.547289165 4.982675542
10.292408877 -11.214348252 -6.247529565 -0.025356879 -0.614197825 -0.657813771 -0.435200073 5.094002989 4.593306080 2.324317117 4.125219529 5.632909441 4.860973177 8.559213618 4.993689813 2.961935033 8.197207574 2.944976325 2.396574684 5.778239601 4.886011810 5.671073565 9.106048345 3.938377059 -0.073285546 7.276516616 6.559986739
3.599602238 -3.897352727 -4.880883889 0.713029617 0.212362105 0.445264077 0.498227863 3.939504144 1.566945492 2.897797884 4.275406061 6.180651818 -0.184631821 5.321800611 3.730422465 3.477742026 6.255330988 3.739492928 3.325696663 5.019482826 2.461140620 0.444918674 8.383441881 0.555453410 11.214009944 2.644335616 10.373198186
10.260264303 0.856284178 -15.753455130 0.377777568 -0.133902714 0.616409884 -0.677785384 6.405865785 -1.977282477 -0.319828661 5.380465598 -1.328297104 7.167067046 5.943374278 3.904264637 9.979762912 6.572487888 2.444346679 1.495925452 4.973929824 6.790206971 0.816556198 3.524643426 5.856407272 2.686796000 2.896311326 1.761380692
4.461057709 -1.772227038 -6.348991996 -0.086730457 0.848120272 0.353403605 0.385065870 1.856911671 1.150167848 2.969712682 2.634106022 5.957077732 1.216664736 6.824030000 3.947935711 5.556200520 3.837041321 -0.515576982 2.776413350 4.723455590 1.298224611 6.780287820 1.419789669 6.987220362 9.926684076 -0.689208040 4.574429568
7.544089986 -11.551391530 -4.918891476 0.553414200 0.411395630 -0.569314653 0.447623933 1.831514401 3.152345822 4.177696765 3.832156104 2.833348276 1.632297214 8.261196938 -0.533337505 1.339408976 4.244139221 1.277393649 0.873754740 6.280030653 4.600728161 2.614051675 4.947536938 4.473498306 10.136199516 7.297916583 7.400314452
14.348053980 -5.809650180 -15.603517588 -0.474950882 -0.830330461 -0.281104864 0.077155946 6.561305339 8.135848629 4.764776397 1.882997444 5.483585628 6.617557746 6.117462581 9.858978450 9.341318461 4.370108580 1.282506588 6.701266686 3.401471511 7.174607803 3.991294166 6.529425127 3.481145133 2.874978989 0.584422090 4.555557060
9.696933890 -5.305999743 -0.721302659 -0.290732523 0.247944705 -0.921762023 -0.065975726 7.550990824 3.521137373 6.641870325 4.587475747 5.454471947 5.396822915 5.083122921 0.081968661 2.362801045 6.961762625 9.556455232 6.620222621 6.389252783 5.638545032 5.068028260 1.573987635 4.697188232 2.347870237 3.238414974 7.543410500
4.345529163 -5.101173124 -7.063010215 0.042400125 -0.562436574 0.511906760 -0.647934255 0.430772391 5.736531529 5.078069358 -0.085410355 7.651266209 4.351727078 6.814315522 2.631931911 0.588825787 6.034667466 4.397714918 -0.443058786 4.070249340 2.240409342 3.797313700 2.673532687 0.834940798 3.015917614 -1.377388279 4.940492098
9.554512056 0.239683786 -8.689490900 0.948684644 0.034147760 -0.232571606 -0.211522636 1.912240991 7.802413140 3.591261379 0.376486955 3.706587502 2.579886427 7.893738063 7.301510859 3.992331671 6.854754256 6.896925983 3.895790746 4.954504654 -1.291078757 4.997374955 7.619322704 6.970021458 0.951216652 4.131626610 4.393860839
4.474007239 -10.461078017 -7.348760754 0.085720447 -0.376649654 -0.903000266 -0.188089240 5.911189497 3.657863254 -3.091589209 1.511618345 5.611564691 3.642338525 3.581109715 2.250500304 4.416915516 5.339542466 2.264145852 5.340617007 6.303350416 7.120952611 1.729971712 7.624338549 3.905347769 6.948574573 2.210955351 6.475444839
15.727300392 -0.219860910 -13.899654909 -0.578201555 0.748075018 0.300892245 -0.124621772 7.763567729 5.841997775 1.878141274 4.662078756 5.558707165 -0.209261759 6.223938113 6.175475754 5.369057542 1.198134079 7.100765389 3.031824652 8.474828748 0.618552697 2.780034578 0.046769061 4.969706462 3.539196521 5.314813329 -2.602821672
13.486854499 0.892836683 -16.066050519 0.622833618 0.017824520 0.782131181 -0.005602349 5.918404893 6.877929467 8.188285269 2.552851398 4.338247027 4.985222517 7.111438233 7.601335666 6.608323196 1.214024183 3.303283559 5.707692721 3.371655581 2.439123355 4.084878622 2.139272994 5.732852285 5.156196298 5.178866646 4.315079835
17.535983831 -6.447136707 -11.552479092 -0.770506279 0.548182649 -0.299676509 0.126530024 4.286218279 2.984811454 4.345826801 8.465720563 2.304210989 2.575067242 1.617263000 4.213870010 3.920235452 4.838786852 4.170741564 4.261306541 3.588800513 -2.003636160 6.102387444 0.869386300 -0.340073674 -0.031825657 5.156148805 6.871704035
14.023737408 -8.150515066 -2.870428070 -0.688242492 -0.330491633 0.614183418 0.199690466 1.008582533 5.215219050 5.421514594 6.800153393 4.959252831 9.171444766 7.879250583 0.183476348 5.566546972 4.546971979 5.359214467 3.769073385 7.127916949 4.599717725 6.358045268 2.837790548 4.570089230 4.126861241 4.088606869 8.493056145
10.012534212 0.274502775 -12.125824518 0.869456161 0.389197547 -0.109103314 0.284020634 2.963623195 9.896477531 6.136363528 6.947724937 2.556745938 3.037422274 5.967651256 2.708427365 6.654648491 5.279888907 6.190130081 -0.941991604 3.561052594 6.522797357 3.827347881 2.750676517 -0.052546137 4.885006222 1.243620475 4.026341451
18.960736242 -10.949432767 -7.155420413 -0.433635865 -0.222637496 0.681035922 -0.546427081 -0.915772058 -2.675247961 2.432334123 -1.384723877 2.452280912 1.692092989 2.512305691 6.136709193 8.743753422 2.577971279 -2.640193587 5.165114183 2.680467561 7.828087481 3.954445749 6.956619097 5.398031833 7.074377333 6.375721140 5.792768047
7.318605931 -0.827378269 -3.816038210 -0.550758289 -0.259994241 -0.744449477 0.273611547 1.471988626 4.643946494 1.110620469 5.046834464 5.278848730 3.455986316 3.623347446 6.933714963 6.257241675 6.568945142 4.360138336 4.834335947 0.448860295 4.616765933 3.135445104 4.518497606 5.350533055 6.207191775 1.483267486 1.905097176
20.003353672 -5.763833265 -9.915143813 0.069132730 -0.899986755 0.354458000 -0.244139372 1.461389235 3.222428271 4.892897002 6.991202974 7.548303914 1.461273749 4.732201020 6.398548894 -1.247937078 6.684714557 1.546369912 7.997431885 -2.351677703 3.171612167 0.418922356 4.199997918 5.776427253 7.516810064 0.824272748 -0.718221916
16.024998206 -7.304528111 -2.464278294 -0.516711348 0.455640016 0.522716150 0.502164700 7.858408366 4.760303692 -1.604388759 8.616317600 1.913036069 5.553640732 0.270365836 4.805821376 0.366920310 3.385014356 4.673272550 6.163463051 2.013075713 1.019756148 4.117859268 6.461445677 2.224979996 2.382421241 5.433015214 4.232335626
10.892319083 -12.929002520 -16.281186299 -0.139865570 -0.381088148 -0.423314529 0.809947069 -1.054499481 1.132911368 -0.344330849 1.191574059 7.451881388 1.688091337 5.273302129 8.621934635 4.641518364 4.547432981 6.854497752 3.604923093 6.779621422 5.666632521 3.383466588 4.838164075 7.781812527 1.553136482 6.866665365 -0.851573897
11.703974052 -3.030633295 -15.288303588 -0.331642396 -0.316200659 -0.867658174 -0.192872387 4.078786740 9.392414254 7.233929082 5.410934132 4.751033165 2.461394243 -4.357460437 5.339452544 9.043804715 2.320132160 3.654834226 0.635066352 6.714457148 4.843910696 7.895488512 5.024319001 1.027287094 9.765913195 2.848417924 8.441523521
7.093572576 -1.504306472 -10.524299249 0.319164009 -0.840804965 0.431024841 -0.073477427 6.727237271 6.109217431 7.240113266 1.497326013 1.745512380 1.857191156 7.618900944 -0.004942527 3.410062995 7.210220207 4.920607540 3.733912449 6.170985968 6.609541518 6.336659341 7.013788598 -1.742168365 3.026730213 6.782433420 8.354808835
18.522786037 -2.374090969 -10.795319622 -0.587315475 -0.033614878 0.763513890 0.266415303 2.988158654 -0.724967052 0.935709935 2.638705721 1.544030161 3.186057344 3.286485126 4.600281097 5.926381910 8.343405051 4.360010851 6.161633962 5.022694049 4.695835722 5.640659981 5.272294457 5.116324305 6.924006445 6.106384499 0.490812458
18.354353980 -3.233751160 -13.823132944 0.457502356 -0.423796396 -0.595878914 -0.505980759 -3.409964114 4.089831452 7.241424771 6.500969287 2.187412879 3.023124965 -2.097922362 2.901572695 9.271588888 2.155857143 6.511092026 3.118573716 3.034512473 8.340184907 5.585820151 0.901945870 1.892942433 -3.789874907 -2.430482913 -0.201939553
14.448251186 -14.235645889 -5.982799133 0.525402600 -0.080280131 -0.667805956 0.521097318 5.878256469 4.229181297 9.425719115 5.077147772 2.962967841 0.970706459 6.107024462 0.054115781 8.336430162 1.652039301 1.248175853 -1.355477780 4.115487292 6.724554620 3.459169526 0.813027656 10.352170697 11.035234802 6.524981439 6.731275410
10.154493395 -5.710064106 -18.317077660 -0.003248253 -0.633318316 0.504070272 0.587205688 9.692076605 3.520428953 3.940753448 5.035027666 7.967384185 -2.508046253 2.467532298 -2.809542703 8.393907241 3.162934887 7.478537559 4.932030791 3.176982639 2.818477029 6.587521193 2.684813537 4.290339928 0.448708982 5.669849106 3.279272668
12.188412099 -7.190774041 -0.589135337 -0.320715247 -0.798327399 -0.343666362 -0.376441929 5.898055131 2.913603098 0.895259675 -2.192079074 5.737528390 2.642158846 1.618005535 2.823622185 3.965427809 4.601301043 7.040906371 2.707045859 6.876436053 4.529491202 9.550663150 3.466543575 4.807465010 -2.085737260 9.058719047 2.710109450
6.503120333 -2.138204236 -13.776719187 -0.095022319 0.653103294 -0.215653434 -0.719666897 -1.292929260 -0.082021494 6.239459125 0.369063370 1.162966805 7.449186344 1.776514244 1.420603983 -1.032432046 3.452255819 3.257940124 4.618304869 7.047538499 2.741234388 -1.004619481 -0.002583254 1.032945627 13.110386799 0.623251959 2.899025335
16.493547501 -4.327669598 -8.580275397 -0.173276141 -0.561841285 -0.437050602 -0.680658887 -0.929283683 -1.344073598 5.726654579 1.497063030 5.008210179 0.034147940 -0.677569698 4.800716549 -1.564496024 3.220163192 5.240698584 2.031062234 2.860756587 5.107328047 5.116067208 -2.979163473 2.474614171 1.388650611 1.003364681 5.465530980
12.940792084 -8.198450985 -15.352521739 0.747236517 -0.548273414 0.019384414 -0.375044125 3.455680340 1.068742335 3.221860168 4.017514579 7.906433521 6.100010613 0.426448017 -0.340417456 -0.775477254 2.820478349 4.269428591 6.584510321 1.969035879 5.795799511 4.538591382 2.916937400 2.776142864 -2.265498871 6.840683797 -1.270188899
10.102877209 -5.805368877 -3.249428447 0.687695755 -0.063879265 0.019117697 0.722930496 3.311173907 3.147925807 5.938850754 9.384784940 4.611142662 1.964525348 5.767309639 1.265614459 5.882982335 4.385884456 6.150804120 8.403089437 4.867987478 5.502780276 5.330756087 -0.200011082 4.467587651 5.071823904 8.339373235 0.320478824
10.888152324 -12.969070793 -9.793976275 -0.719999841 -0.102243159 -0.661751195 -0.182296245 6.397835461 7.943906670 -1.090199140 3.683339695 5.977692947 -3.091696417 6.354570185 0.718302058 6.318305424 5.367875134 4.759297871 1.888857644 4.488029622 0.146462582 1.255321754 2.012143394 -0.873050218 2.709590661 3.827207083 4.314331457
17.227557384 -8.310540579 -13.535698565 -0.323046991 -0.923172138 -0.142087974 -0.152331392 5.875201992 2.341926074 3.656758626 7.415981787 9.651364151 3.633604720 6.576800164 0.702508178 -3.763171395 5.710398131 7.709069828 2.769348377 2.511121587 5.872515234 7.865020538 3.510824197 -0.969150160 6.385774159 2.235507726 7.897437756
12.399916672 1.040937858 -6.281113974 -0.601157561 -0.078955516 0.740377135 0.290202189 3.394734274 7.903139956 3.729339747 4.281118720 8.794921867 4.020920564 6.278474877 3.129150974 4.832459687 9.450469178 10.249281709 0.639189337 3.607715133 3.011331065 2.785052104 1.315095014 4.110405236 6.720786006 -3.318458880 7.203793917
14.662227876 -4.810384019 -10.718301477 -0.558707986 -0.551208837 0.462438188 -0.412510758 4.216439010 2.337318206 2.247919366 4.394642548 2.136187789 2.099428342 1.259296585 5.587759094 2.639689118 -0.701973182 4.467250259 3.565182375 1.104295541 0.603400882 6.527458450 8.383020097 3.344595582 4.164787888 6.263931849 8.976881841
7.341796230 -11.822621925 -10.145132575 -0.116986817 0.670109245 0.232444312 0.695152736 8.020020248 8.828829388 2.292454002 3.449375072 1.432427750 5.628618296 5.360624071 4.282329480 6.347720910 3.758325641 5.074752839 3.168187304 7.963578253 6.864161487 4.731983860 3.053122584 -0.360855915 6.593101117 7.270575353 2.803367343
13.201212576 3.301105869 -10.120416171 0.327496939 0.640574994 0.680429360 0.139374738 5.494325508 1.107147871 3.159689133 2.906110623 3.223500985 -1.283546753 0.193023134 6.108389206 2.427336886 3.287400450 3.100876685 0.918639009 3.071115783 4.978942057 3.624613480 3.657680954 6.998976337 3.494977828 6.575350996 1.897099164
15.297731001 -10.577338189 -17.734420615 -0.260924917 -0.305628187 -0.701607907 -0.588435165 0.006465866 4.767197366 3.691650268 2.120721837 1.319072817 6.498764336 0.091133055 4.667520692 8.060851342 2.922506462 8.489584403 3.549466428 3.510200870 3.829591715 7.598271889 -1.643105886 -1.575189119 5.028431982 5.564275545 1.943357157
6.303551881 -11.743850559 -13.120386981 -0.224039527 0.552707053 -0.713022210 -0.368674019 -4.923290554 2.124328201 10.717114958 3.604446549 4.677737118 4.613511388 9.934394505 0.903172414 -2.710137664 4.917715988 0.086854633 -0.744830191 2.602047280 5.096529050 -3.606947906 4.434058710 4.674651699 8.195293408 -1.070261895 -1.314183794
6.482498800 -10.629975596 -12.138932720 0.365914004 -0.593630915 -0.659607490 -0.280405488 5.191948661 3.215871795 -2.223642537 2.447977373 4.307618398 0.736058215 0.032661943 2.281758334 5.564877137 2.030314270 10.780132348 2.739687431 1.009520505 5.224925311 7.932774466 0.228130570 1.599881760 3.386029501 4.430252915 1.250483128
