5.091767276 -12.640516120 -11.307926131 0.575345069 -0.038516819 0.787081736 -0.219081828 4.530979901 3.875291947 3.386516668 6.787554731 3.894892773 8.006284748 1.658486128 2.263409182 5.827891779 5.397806664 9.419852716 5.248161165 4.227425524 -0.754276828 4.569156365 4.408197543 2.697464564 9.508064992 2.700072028 5.451431400
5.379611443 -10.682984871 -18.422473188 0.727560346 -0.323632585 -0.101505571 0.596334229 6.495623398 2.139582304 4.755741838 9.822940143 7.951936639 9.444579064 3.842872173 4.887532711 4.986322735 8.835015581 7.333901755 3.723629286 1.346078243 1.179063410 3.623383162 6.476530204 5.051707395 3.412566688 6.240748021 9.185967292
15.334468800 -16.299207365 -10.003221743 0.827067892 -0.439801802 0.036174602 0.348173053 5.071140486 5.794034270 4.502558034 10.076489573 0.867909504 5.443794299 2.225330206 6.095415006 0.935501463 1.252636436 1.648121841 4.397246013 -2.614945868 5.400080548 0.458782975 2.949303153 8.661575027 9.173241495 -0.749883088 5.263461508
8.880361160 -11.867718561 -10.910507822 -0.320734365 -0.574354953 -0.716916292 -0.230817861 1.365595691 -1.814458416 0.378673937 8.077459215 6.353734903 7.903171221 2.880000455 4.060371882 7.717984678 1.057208754 5.567951155 -3.203281586 4.123547155 4.072189805 4.065878793 3.648776728 5.986538546 1.663893524 4.998163572 11.255821495
14.091213051 -16.060783721 -14.732606802 0.214723550 -0.503345787 0.632708377 -0.547920546 9.840613891 -0.064238867 4.199187779 2.992683747 8.275019221 10.448899422 -1.313331763 5.610606882 1.164505949 2.993088509 2.624905462 3.561782327 -2.605307813 8.253648801 -1.892857295 3.129380763 -1.657191881 2.099813096 1.201637175 6.154473740
2.954106826 -13.371879918 -13.080800329 -0.850277361 0.473932577 0.165285007 -0.158420919 4.621115394 1.462416754 0.925868111 8.247830028 6.050323940 3.091860375 0.057341449 6.101901041 5.175185746 4.063443275 2.835219529 4.035262758 8.472777292 4.733120560 5.275779058 2.466193104 6.174252518 1.734764264 -0.415038678 7.155222254
10.348842005 -1.463980716 -15.680827479 0.469808595 0.862778650 -0.171786257 0.073364614 3.109924526 5.232866889 4.289508096 4.583097946 3.402619560 4.243501946 4.560643925 3.310054039 1.471081373 3.540630288 4.705115143 3.547376265 8.727022623 0.405612256 1.646686530 4.275737797 3.782660155 5.140100343 3.796982792 8.605492257
12.555982352 0.330749567 -10.240787333 0.427869823 0.803699014 0.084111629 -0.404871020 4.219701099 8.428228280 5.034795820 0.605519850 6.649874780 -2.584242939 6.278552661 2.901774575 0.394918580 0.646176632 -0.367736696 2.867555817 0.356648918 8.864854919 2.722304225 5.450776825 0.161298894 6.662618177 2.454726382 9.356592978
13.278628538 -9.466828060 -13.261078266 -0.543441759 0.011469959 -0.722162312 0.427809642 0.597446669 5.338799606 0.978343724 5.111714847 4.802325659 2.194809567 7.498855835 2.830315547 3.708456480 3.152757476 2.256786679 5.285130469 5.351026083 -0.341819336 5.979672497 8.132100044 4.725968808 6.291191319 4.326896739 9.372841982
8.803683775 -10.231453718 -14.653053557 -0.647919962 0.179352287 -0.039995628 -0.739210951 6.172012247 4.904476462 5.565762169 10.743309127 0.499407969 -0.829394487 4.177545994 0.712096700 5.607350257 1.728169004 1.942352121 2.132570342 5.103433994 -3.463502038 5.131257585 4.783267667 0.934057897 4.693099279 3.438764537 3.208710260
4.935880351 -3.430408169 -11.966152815 0.711715375 0.452592264 -0.002793843 0.537227757 -2.533257189 4.416378300 1.913005348 3.726397721 4.052430536 2.112202395 9.345745262 0.888194933 1.414592807 1.002207341 1.974808553 7.848196291 6.923216609 3.693118250 2.556180175 1.455061491 6.435625640 1.324561194 5.571221873 0.664451376
6.946397153 -10.070032736 -17.370277044 0.356226720 -0.680206257 0.139417579 -0.625287702 5.380938535 8.376109785 5.458375607 4.870442538 1.797432076 7.721717824 0.507605955 1.069479646 -3.682772644 0.226159775 6.229422893 3.799304832 6.747246793 6.533921040 7.881184827 3.209100688 4.438716392 4.205284288 3.384416599 6.950041609
12.486131926 -2.218165163 -10.155237380 -0.555319473 -0.509163461 -0.060666075 0.654746119 4.540980523 3.984150716 5.406449122 8.908346209 3.495524613 8.893594452 7.074839484 2.619229655 4.976899556 5.813180453 4.069356356 7.961105609 0.758988585 5.997313300 2.829663921 3.582526344 2.704709896 9.336098513 5.246498199 -1.640675909
12.726313042 -14.034657350 -7.554468423 0.689402118 0.694614505 0.102195715 0.178301559 0.530966844 2.587746479 5.677069726 4.560237275 6.736961771 2.806903503 8.437971745 1.243729720 2.728887941 3.103292815 4.969994989 3.324461682 1.828888574 2.741843560 3.367355821 -5.609502478 4.345571427 3.382871153 -1.334363436 3.123517795
4.071083127 -6.397113567 -11.896337111 -0.402333606 0.887144101 0.068939496 -0.215291336 5.686508165 6.848212145 6.196480189 4.935419911 8.208190292 1.128796897 0.184816208 5.766193416 1.864497695 3.982533069 3.860638191 0.889102567 5.256073255 1.110236739 6.363920728 8.257820870 4.322887195 1.308207046 7.629558965 5.297782926
3.046291765 -8.805816175 -12.155078851 0.917453391 0.242784088 0.311982161 -0.044746999 1.947920813 2.314980524 4.793194322 9.654068311 6.015021891 2.112652347 6.117862812 10.692526413 1.058642644 2.161043461 6.559371968 1.778726685 4.696823497 2.084459340 2.020488106 2.364615845 3.296327364 5.149020124 5.384437847 4.520671788
18.716644160 -8.238646841 -6.083831111 -0.404113205 -0.429105904 -0.642224455 0.490008562 3.324283527 5.614712236 4.359166769 4.495218912 10.324527546 2.838714462 -0.176365575 4.796507329 7.435741728 7.023991648 4.648210553 4.000958201 5.326809543 1.647574218 2.829544019 -0.939408958 6.279252615 4.340093914 -1.408447727 -0.153850048
8.229658940 -13.099819032 -18.440371674 0.948012270 0.178581755 -0.212790552 0.155246494 7.914350063 4.014921961 5.936135630 6.429661331 6.306948817 2.368512658 3.411152275 0.614641316 7.717743087 5.260231917 2.211479004 3.309787781 10.101211293 5.846753603 5.905567944 0.535710347 2.736558527 1.651414972 4.752253075 1.909582720
15.144159726 -6.911653823 -5.508842222 -0.452726196 0.062154508 0.148368761 -0.877019110 9.970776551 -1.196613960 -0.429936307 5.997254305 9.865959212 5.698250128 4.486557772 -0.167545285 2.956228376 3.712886170 -0.135484834 7.003556251 3.765231452 5.766265521 8.112701994 7.615443754 3.670634595 6.482901833 1.787827354 6.466211612
6.475764431 -11.813953433 -17.672083922 0.271866523 0.921846483 -0.272409048 0.045617601 0.758780217 7.226946235 2.049380160 7.726303745 0.957860218 2.774457512 4.699856541 2.680358700 2.079955899 2.024356567 5.337458549 3.853836501 8.159966900 -0.487163374 3.305709601 2.678430063 5.104747791 2.436696479 0.018662448 12.615153879
11.735317578 -9.217802736 -17.335468481 0.736819534 -0.389038840 0.326618496 0.446168257 1.453115266 5.262443889 6.540203429 -4.219040867 2.663506243 1.861655013 4.636984281 2.156005561 1.230074299 -2.532704362 9.734067653 -1.445137224 2.625066500 7.772186367 7.548529567 4.885372451 8.014516993 1.612698623 4.696549275 -2.086035508
18.044360798 -3.973156006 -7.013242130 -0.363555464 -0.855014367 0.222088288 0.295727323 4.839280919 9.572112314 4.813282734 1.195266894 7.376218511 5.562251922 5.146534006 4.125688895 3.837011066 4.521023955 3.166602741 -1.516236135 -0.415829764 1.532426666 2.902203728 6.078878445 6.376269938 3.791115385 5.324342496 0.654687789
12.374695493 -15.690446288 -8.233702366 0.119396038 -0.241470896 0.736620305 0.620344194 3.129186819 -3.941955956 4.872068668 5.404767056 12.727056221 7.476925938 5.490670407 0.678504684 5.819963983 1.163748017 8.191286982 4.730459969 8.666329370 9.160640537 9.833499895 10.002361165 5.354549911 1.068910468 5.501068834 7.523647376
5.829068079 -13.554872272 -7.443604090 0.396391580 0.571410400 0.541258515 0.472655361 3.855559386 5.967483016 -1.950312447 4.495184133 2.231554403 4.557098497 0.572586954 -3.763170866 6.228379550 0.586489488 2.955401008 9.794851704 4.703715040 5.348995163 4.255028078 6.776004923 7.252683667 -1.569929755 2.794516916 3.517203021
9.174483808 -6.708708040 -3.178323995 -0.305337474 0.876742007 0.322345122 0.184894843 5.401055893 1.716727238 7.951235862 4.242903176 1.882312535 8.598954961 -0.148421227 -1.103366633 5.485652483 3.293584237 -0.878312874 -1.611170380 4.997947026 0.112622013 3.483837241 5.976331257 1.911261029 -1.255240439 4.360314242 6.686428397
18.973207381 -7.971875323 -11.904450631 0.596554882 0.404141670 0.636720415 0.274552174 6.106142643 6.696740426 3.511384427 7.883798168 2.660211922 5.414347358 3.020251704 -1.791126200 9.752561643 7.921830777 2.658056360 2.521440910 7.087702365 0.475945806 0.010456348 1.152820523 3.250348156 0.089803785 4.573798351 6.947628654
10.727277940 -8.946082399 -11.430491030 0.266062140 -0.499643245 -0.356255540 -0.743404032 6.558532686 2.275439174 2.383238908 -0.005635170 1.900102598 11.418678957 6.422166609 1.697389131 1.701862408 3.977374959 5.532164734 2.139160188 5.769923326 8.419747242 5.542112042 0.506010947 2.114661025 4.630010819 2.334475215 2.357842773
6.922407645 -10.099495264 -9.245619672 0.778183162 0.043325374 -0.361838274 -0.511494811 4.697219249 3.636789642 5.591075374 2.548098977 4.963056316 8.390086656 6.883160328 0.341248452 1.220233002 -0.859081139 3.645991706 -3.006322032 5.643777479 10.943941891 7.797169127 4.370261949 1.003262466 2.533827801 4.270429787 4.751935537
15.426576327 -14.780459524 -5.685798629 -0.643668531 -0.389431972 0.534374024 -0.385328384 3.041574502 2.269062118 4.817505655 4.125253334 3.492175596 2.616932811 2.830124594 2.514942138 8.895139698 -1.636607353 3.923775026 0.231191920 1.720343656 2.337602582 6.402247605 2.070974722 7.691649617 3.071270589 0.266135998 7.084142064
5.891410358 -16.408047747 -12.918697726 -0.381416224 -0.364474162 -0.754265197 0.390850690 6.289766051 7.594172502 -0.085600560 5.361592525 2.433276160 3.387383351 10.707229614 3.760533043 7.206776588 7.396887588 6.549679797 3.117576536 3.792311522 4.722158705 1.921671164 3.324076698 7.629580808 -2.128157238 5.263664016 4.763774343
13.513028238 -3.903552984 -11.811504697 0.132879344 -0.318344977 0.627909782 -0.697659560 0.990317580 8.814918821 3.551192186 4.046728680 5.662649478 1.806354667 1.363842686 4.655912309 6.157699784 3.727530988 4.957760002 1.798496035 -2.199264897 2.946819146 7.780989209 -1.484076147 7.964325651 2.447338656 6.403082028 2.731293670
16.938652090 -6.879919637 -17.829148930 -0.456688884 -0.508720913 -0.159984704 0.712069653 3.731715009 7.536904835 4.619620317 2.243654881 6.074360646 -1.183423343 5.369373685 4.714687062 0.488085558 4.118871273 1.708579325 5.916356062 6.066280401 10.242661141 -0.111215365 7.583868104 4.583032678 7.769577162 -0.469331986 2.829326708
7.998075063 -9.754356496 -6.010013892 -0.415633346 -0.708628937 0.517858339 -0.238572194 6.261262299 2.993828875 6.052185390 2.827919777 5.381284348 3.774791648 11.336565628 5.012116298 8.114218615 5.220981002 8.939783900 8.028511971 2.631413289 8.431712100 6.012600592 2.874135694 6.305287901 10.342056480 4.911649581 -0.069152796
9.600993045 -16.975070929 -12.952547486 0.312245972 0.054293324 -0.460736170 -0.829021634 -1.332659709 2.099124787 2.793597536 4.898645966 6.050957380 5.155529806 5.181844333 2.355596844 2.158549541 1.252338145 5.300185191 8.149470219 0.778385966 2.849286709 3.047778233 4.386672768 5.602083847 1.987793415 8.108637815 3.691922158
2.244922615 -10.380575136 -11.249300208 -0.618968967 0.662845981 -0.106455478 -0.407651633 12.047337943 5.193936656 -1.905360621 5.441717081 3.874315648 7.636476882 4.145582952 1.202795428 4.744467507 2.599935187 5.602541070 2.275701167 6.550086839 3.357431308 4.771033774 5.107721316 0.631709126 2.916728639 -1.065877427 4.518458252
10.172481020 -5.910420666 -8.528288893 0.300396003 0.725951771 0.607630251 -0.116369003 4.448342274 -4.459994040 6.596779869 5.748112790 2.910533641 2.547368492 0.023317773 5.238861076 6.486439647 8.035451661 3.269501184 6.960092564 3.135076358 8.351791609 6.027876734 0.643180315 7.492843821 2.707597901 6.793894916 3.744110819
6.869398379 -0.096976440 -12.155677987 0.063681052 0.275597369 0.786491692 -0.549018791 7.239101409 6.783214741 1.543343312 8.099651869 1.522601571 0.383215761 2.951507324 4.812120625 5.074307996 5.392141792 7.431191246 8.266968478 4.315244348 3.547405569 0.887507661 7.227944661 4.321727069 3.393548485 1.670190036 6.335377472
10.617432682 -7.004394399 -6.409023488 -0.432574826 -0.087794032 -0.777763667 -0.447498498 10.355965212 2.409118923 1.707372462 5.304043319 -0.585807035 4.717406584 4.085504445 3.459263445 6.615607280 2.940819890 4.918522792 4.846978989 0.457276758 4.740510352 1.881107849 6.923600032 3.184181608 -0.643006290 -0.453507683 4.868204647
5.290258468 -11.667586570 -8.167492602 -0.781110647 0.485070756 0.182745062 -0.348104527 0.606029849 7.198554806 -0.022919732 3.163337092 1.929052432 6.153655740 3.546008360 0.885917717 3.202661918 5.095056481 1.385463184 4.858975841 9.296810623 2.541604317 -4.320097721 3.634256805 8.644528092 1.091687892 5.181308476 3.918739595
16.764009895 -4.631581608 -17.890589631 -0.010589518 -0.619634469 0.350614207 -0.702147182 7.931232619 1.334561323 7.191441667 2.750531018 3.646620260 3.517922307 3.622581113 6.215631566 -1.464822176 -0.603169988 0.510776450 3.706824655 6.369788499 -0.793599067 3.757508762 7.665294357 5.772665168 2.217842348 4.354971527 4.808576401
13.767740627 -3.255321277 -14.026234214 -0.343023237 -0.189182957 0.780266164 -0.487575206 8.235078608 2.262339979 3.814522233 6.157705882 1.226986866 9.952507019 -1.389237424 8.363683439 5.734374616 6.484392609 5.127792848 4.143303532 6.538338771 0.690772132 2.785200797 4.596695976 4.664402073 7.649953003 4.867538297 4.657902557
9.829984881 -1.962757166 -6.656536023 -0.750820391 0.409549506 0.111558932 -0.506055874 6.921106637 6.718638001 3.828907151 4.933463173 8.370193842 1.656833202 7.933797682 2.403125142 3.537688294 6.622576140 11.201701070 2.874037193 2.561817853 7.010187887 2.276276504 5.370844006 5.089744758 9.540504178 2.650657337 6.042293042
19.419495902 -9.866986057 -7.601483056 0.214193455 0.619374499 -0.549018672 0.518724292 3.211712420 6.451543258 3.106607779 3.470632156 2.815884104 6.670364272 6.379344870 0.752859392 4.796119277 3.127552808 1.951847906 4.143647645 1.570369159 4.105441943 5.853200440 2.729117927 2.377460617 5.453120926 0.996907836 -3.456359713
10.367352805 -14.355155246 -14.229740394 -0.007442313 0.683257533 0.051895628 0.728292935 3.215508765 3.388471593 3.574217852 7.253972582 3.693599923 4.578620444 4.428193499 3.326150175 -0.048110811 3.326911286 7.321913465 4.669468326 9.025100354 -1.339760497 1.646551367 5.169455453 7.842293188 0.621834430 6.215368366 7.109645649
8.524998297 -15.811432945 -15.605226685 -0.387432003 -0.038075224 -0.808108269 0.442049484 4.894042184 9.180155205 4.721371946 5.148036030 3.546771489 0.071387613 3.817539480 10.815231730 2.401873938 1.553939817 6.399078278 6.641817909 2.074431636 4.085464039 2.449545887 -2.160022326 5.300392697 3.795780606 5.743794954 3.995136738
9.524844957 -5.787114555 -7.641226300 0.609996150 0.014501780 0.673277360 0.417602672 2.897964650 8.150211212 1.132726636 2.461000803 -1.547892829 7.926692251 2.782795683 3.419317201 4.416345066 1.132438270 1.778714165 7.294242858 6.208542193 6.306350564 6.255571260 7.585693441 0.124649059 6.048749258 -0.472869633 4.432866030
11.866997255 -15.621851568 -8.815538880 -0.328362941 0.413455023 0.484742394 -0.697321687 3.367100586 0.513296966 7.770169094 1.586442011 0.755862401 5.594209786 5.623910180 11.042785754 2.945030023 10.957443940 6.802257086 2.599404061 4.375162570 6.516438683 2.703692032 4.549489611 6.489266609 5.821491793 4.737562033 7.888598492
11.460900430 -4.408956120 -8.429934411 -0.471108736 0.305942103 -0.785449222 0.259856708 1.413041090 4.430110366 7.023253960 1.614185499 0.518910482 8.511621037 3.354859435 -0.787671291 1.051812470 2.580525293 5.181560697 4.358353879 9.945688588 1.773531937 5.468574913 6.307453685 3.982021368 4.600370641 5.611056632 1.538657903
1.774672120 -7.101415557 -13.485691778 -0.214091725 -0.135661371 -0.155045095 0.954841214 6.712993502 0.044610038 7.136632570 3.692832890 7.140445782 1.687077772 7.719190452 2.411643051 9.311940157 4.420121458 5.654743955 5.438167663 8.325386952 1.694997322 7.434963081 5.216233267 1.708250522 2.814629606 6.091658341 5.537505679
7.469268357 -5.375701251 -17.723315989 -0.870904110 -0.007508850 -0.231444153 0.433478087 -1.583752820 0.894303909 6.851827618 2.165946714 3.110840854 4.174333099 1.864345198 0.783596014 5.082898356 5.604950375 6.883951173 -2.333533427 -1.268233431 4.566123417 1.814441182 0.575989486 1.585014370 4.383826707 -1.003835983 0.470318977
2.267705067 -7.952128953 -10.447366878 0.823632303 0.510976439 -0.224598715 0.100440658 3.454658965 7.020008278 6.659415260 2.861212868 5.250895004 7.108394257 0.868149627 3.168911964 5.296587115 5.694239807 1.623558349 6.273354867 3.016172901 2.960753195 5.488867305 2.395924401 3.422298341 6.476147782 5.956008722 4.368417220
12.321874650 -3.752702002 -19.644488495 -0.077425686 0.961090053 0.263796499 -0.026880837 5.175482925 6.223153409 7.469706912 6.709294959 2.568804793 4.183136961 5.747720575 3.259917871 7.988513652 4.790271159 3.786105988 -1.744767185 11.307290454 3.476824434 0.382858938 2.572106225 2.842065115 5.004028219 8.028690325 2.020731774
10.994723801 -7.444816612 -20.529676003 0.625421773 -0.415169059 -0.650181849 0.117242573 5.503364210 1.468102787 5.960946444 7.571697536 0.202409816 2.095549378 2.774005411 1.568665651 6.333882595 1.938669105 5.130840986 6.907073878 5.652664996 5.097370781 4.254203482 6.755293217 0.853755564 7.871475553 8.321183072 4.289064057
16.493742586 -7.598502632 -16.661633878 0.000254678 -0.060273143 -0.997389875 0.039755772 10.055768566 -1.259013747 1.594913011 4.474283162 1.766217024 0.609079410 0.937373918 3.935969383 4.209443882 1.722884871 6.801580960 5.646341638 7.835780813 5.256494241 2.455318685 4.480563227 2.174907246 -0.365988597 6.149084126 2.822585365
17.466380761 -10.730432619 -9.284225762 0.683288280 -0.322205955 0.102767852 0.647100624 -0.730609503 -0.280814998 2.818333906 -1.088747616 12.055917687 6.165039157 0.912036360 2.667297982 1.650060939 -0.497838274 5.486793642 4.374885071 1.296320677 2.641878797 8.445562718 4.667837929 7.970115270 0.084931056 3.155299998 4.764071986
18.732859914 -13.829525847 -10.380984732 0.208047539 0.009568085 0.929758502 0.303601386 -3.447032018 -0.862339549 3.083097346 4.915070332 2.717709801 0.947426823 2.450681188 5.316978945 5.981506341 2.288803884 2.743351357 4.857530977 0.028485102 1.113071041 4.800131801 4.254742654 8.925433106 8.034513568 2.384550924 3.272508272
6.445515527 -0.477448955 -12.708159952 -0.075397802 0.244106621 -0.964896342 0.060845536 6.741158263 3.900075845 1.609514056 6.424384280 0.729243118 7.032719796 3.004728347 4.039016180 5.790137794 1.470140845 7.779114431 1.247672218 1.176241240 6.869021435 3.530458564 6.208336501 4.716654368 3.572391906 5.660380651 5.399439661
6.174130920 -9.154493708 -18.761568698 -0.317868511 0.631847471 0.706279558 0.029959439 4.582275193 4.561049183 1.190485232 4.797890767 6.770809210 4.803941920 9.045758435 4.996746025 4.676818888 4.757252957 5.105910755 5.370311155 2.992136867 6.881923570 1.949359701 2.078658858 4.229093993 2.459281740 5.999093693 6.297561373
5.099347885 -7.888472672 -16.112869934 -0.423806442 0.622938305 -0.470445265 0.459366107 3.668707105 5.843235410 8.448493820 0.764057377 1.345373167 6.064715561 5.810610282 3.972215002 4.208544293 4.350985681 4.701846489 3.277777241 1.154576053 5.674972949 2.478522858 -0.704661261 8.411701533 2.061972353 1.015784582 3.633210570
2.153655990 -5.128938194 -14.294104443 0.005122400 0.205396076 -0.976330006 0.067571684 9.081429691 4.161020041 6.024739382 5.425036166 3.932345490 4.207795331 1.739482016 10.730389608 4.411195736 3.872405839 1.199443328 3.266345541 2.423076953 -1.248985278 4.988973277 1.625607893 2.408520509 -0.615759487 -3.630932914 1.119110790
6.247237732 -14.287413169 -13.105677208 -0.912310084 -0.111474872 -0.194631452 -0.342610948 9.340350936 3.581964257 2.490149646 7.484061319 9.683060561 3.538955429 2.404655207 2.144769928 1.444734445 -5.488008965 0.676063462 6.180311033 3.994719337 0.357781556 5.132842605 2.568155785 1.618394030 3.452699168 4.753570588 0.988057944
17.699730812 -5.383879711 -17.076944445 -0.699222366 -0.586906215 0.407335795 -0.026584346 5.867517197 5.164905942 1.222492373 3.186212163 1.039362458 8.290818550 2.782446459 3.464993514 -0.215809372 0.805376068 7.981449673 3.277467849 3.974966280 7.352440699 4.281583254 6.632254558 2.323611698 5.198226376 2.506202107 8.446042250
16.965036383 -7.120468611 -9.838396255 0.372431424 0.360403543 -0.824267536 0.228006908 5.230853192 3.468879366 8.771128423 2.937458498 3.697870623 1.783255099 4.531588414 6.499917086 7.874797211 5.398288650 -1.069718457 6.370253765 5.070400779 5.487887008 7.330580894 1.377226086 4.619677632 7.422966090 10.599297668 8.759503598
5.044150921 -2.629751449 -5.365972861 0.380747089 -0.454501908 0.804117521 -0.043066012 5.719755570 -0.731637233 5.106234503 0.467191886 10.516517691 6.471196768 2.321549732 5.064221082 3.140489672 5.615730554 2.309544975 4.061207444 2.967824372 7.104268584 7.745372601 5.870912941 1.890672019 3.435632217 2.865552389 4.996130930
8.698111023 -3.103852876 -10.786993150 0.466716833 0.878798602 0.078936374 -0.060476974 4.003255907 5.082276753 1.594717183 7.538392961 1.229742278 8.040314587 9.050615274 1.199100447 1.937072032 6.865419845 5.389501119 6.396651028 5.442958690 3.636288894 0.377291014 6.019834064 -0.593045644 0.024494893 0.387174278 4.003256968
5.990758165 -11.008415878 -7.280550369 0.918369255 0.024541039 -0.228375016 -0.322242922 1.748019058 7.718158343 1.958709142 14.492387375 5.314417468 8.728541866 -1.539748867 1.935383423 4.756134316 3.993567492 5.050550418 8.622454850 5.362566245 4.748862725 3.289377038 -0.191054078 0.163242927 2.558462282 0.632418787 4.513662371
8.140121578 -4.592977235 -4.754609588 0.451523700 0.435234930 0.169038766 -0.760343869 5.546563744 1.582336122 1.659919623 2.027520189 -1.804046165 4.569220541 1.142961752 3.839579030 8.903655870 5.222639392 4.022103649 1.553301003 -0.381438949 3.420104965 4.095913348 1.116228999 4.784793282 7.002132589 5.265216420 0.657206741
9.036260011 -5.841925444 -20.262060882 -0.392668982 -0.335842673 0.686391658 0.511749217 4.081493108 6.059958575 7.722329947 2.994476292 2.701824675 3.324522451 1.464808065 6.916113280 3.283210452 2.784264682 9.553828547 6.229733379 2.080780343 4.839083726 5.844715126 6.401735979 5.929213042 0.519501236 6.330437436 4.167024079
10.913679082 -1.497429693 -10.935768308 0.326030621 -0.585883377 -0.520164985 -0.529030331 2.453381953 7.753195829 4.027273329 4.926658732 6.717720170 7.111553004 3.521093863 6.153329985 2.486253070 2.375374583 4.383558500 -0.146084785 1.672274870 6.775614087 0.705456671 8.605382409 10.239152751 6.049404863 2.685841308 0.286766997
9.567143753 -9.921388187 -19.203883850 -0.085316919 -0.229844102 0.245930414 0.937769131 5.740597161 -2.198510121 0.491803146 4.393336497 2.113937192 -0.474492464 5.616406537 4.444474349 2.804246616 4.885692564 5.049704762 6.488913024 7.369231912 1.606691745 2.874226153 8.897549167 4.775339156 0.920138321 3.510966496 6.155201549
12.235731908 -2.295420036 -3.593960855 0.984330917 0.090816487 -0.092389990 0.119620659 3.317877799 -6.101220591 4.930718289 6.991275008 6.013049957 5.071815320 8.198064882 4.660892633 7.494115674 5.482452586 3.279069217 0.910441352 11.609434810 6.309474862 -3.120362041 5.719413988 0.908297063 5.072979097 8.167383698 4.248827305
4.350489325 -1.939385012 -10.122998002 -0.830123910 -0.553542242 -0.044963120 0.049634650 2.132405265 4.289835169 6.802823749 4.408464815 4.002719121 -0.594366524 3.503613265 4.379090009 3.976734572 -1.874257909 -2.093558032 3.948416554 1.169455759 7.726463864 3.082436891 5.130161603 8.594773500 5.186891836 3.576791085 3.483292759
9.405201634 0.515561681 -12.420319574 0.350049525 -0.020842614 0.508549538 -0.786389397 2.779197837 7.548775522 5.940557815 1.117921264 5.277120689 7.057325581 -0.368703500 4.844716774 1.243461044 6.208280540 7.625047072 3.552841491 8.837120072 11.013671204 6.489597220 6.439718176 3.016976038 8.590270989 13.497053791 4.769580266
5.984951595 -3.187480611 -5.642824987 -0.865717482 -0.319255287 -0.365575073 -0.122328122 6.314692208 2.025501894 -1.928899694 4.721484716 3.360408645 4.001895964 7.157330241 2.650361257 2.502773523 9.658406706 6.177739038 9.036452702 -0.019778244 -0.993013533 9.204601763 0.370167421 3.580588429 1.835560623 5.711781565 -2.751274838
15.850195798 -16.484829237 -10.700187056 0.939676919 -0.034005748 -0.208737743 0.268848382 4.171852478 5.571083620 5.008873578 3.940425816 8.979035115 1.898745869 7.645991188 8.968734632 1.904167820 3.759115986 3.185518085 6.010013811 3.563538142 5.923154151 6.438152426 2.548731140 0.860316468 1.647768040 0.090499643 8.244426356
10.620785130 -10.305447604 -20.233136628 0.900765007 -0.337893874 -0.170681896 -0.212879831 1.707696244 4.873218227 8.994121491 2.270263099 3.974209941 3.813283326 0.157040037 1.649267636 7.909922195 6.271098363 2.026272429 8.466148229 12.353027288 4.555415025 2.348637395 0.902237798 7.233469398 8.304143673 4.243246216 6.277071644
8.976795732 -10.328310942 -16.400233573 0.238819370 -0.125020315 -0.605606541 -0.748716199 5.295704452 3.830407634 5.952501553 6.761093375 5.258297277 -4.164016536 5.109221602 5.839413083 8.761661466 1.072837291 7.779344856 9.884508450 0.097306230 2.578057469 4.153166275 1.810173442 2.810512313 3.906898212 -0.530137644 -2.743902680
14.707985532 -0.165653225 -11.741461173 -0.851775964 0.507036255 -0.116922540 -0.061000514 4.956292850 4.998157544 1.091517685 -0.197929979 3.275281807 0.787787545 0.698504477 1.562948809 9.572914978 -1.859388161 4.644519970 7.111391323 4.233022410 5.040042033 2.595280529 6.038090108 7.880142618 8.599050346 12.384993251 4.311833577
5.923999251 -1.329143135 -8.675308410 -0.197969754 -0.119442633 -0.431456080 0.872001769 2.726464252 6.484819312 -3.148368771 0.819809320 3.824858728 1.930359635 2.907719168 -0.363732763 9.507814002 5.151368355 1.244720915 4.998825132 5.456029698 -1.027287638 3.513782322 -2.182178831 8.128930894 -0.187156177 5.015284917 11.220279505
10.986786386 -4.026540730 -11.366916150 -0.715714607 0.253683494 -0.499820146 -0.416625860 1.968187971 2.368119640 0.699632745 -0.552469661 5.151054033 6.607523348 1.124676408 1.605118868 0.753335494 5.400592451 5.637066747 7.875509342 -0.084824461 8.369493356 1.691070299 0.434437456 6.668473410 3.864308964 1.387442994 8.019974060
15.162193908 -4.755602114 -5.871400633 0.346937501 -0.893507025 0.179417760 0.221559999 2.143734517 3.769088130 6.887112917 4.784754053 3.832325533 6.526286488 0.040642668 6.706568831 9.154882095 4.275887236 5.620771107 2.389557893 7.109708428 0.967727547 2.142273863 5.586257771 -4.091121151 -0.029531236 3.421396075 2.311539893
4.854686215 -5.645265090 -5.727390205 -0.219571072 -0.584144759 -0.752306100 -0.211184699 1.699652472 1.120596260 2.597904173 7.869748928 3.861531541 3.253919578 3.037423678 4.666420703 3.873552617 9.226467736 9.746736173 8.886831532 1.420438436 5.724791833 8.105763807 -3.632614571 1.698741996 2.730867386 5.129288081 6.851386249
16.625206754 -7.375183575 -13.044656719 -0.157488998 -0.005363618 -0.747826793 0.644921340 5.160217062 -0.264745380 3.006887131 0.861620929 8.339591068 3.803721253 3.482194251 8.185779327 6.307340212 6.077563110 0.321777356 4.694000470 5.231394364 3.384825492 -2.358398176 5.656371357 3.561888566 2.744304359 2.738888637 -1.351992545
2.139246069 -8.867135823 -13.279128464 0.163687702 0.233770782 -0.083415246 0.954777175 6.146272600 2.515316281 8.628415723 0.240356980 2.593628353 8.134802961 1.831170928 6.376144795 0.385825321 3.835144845 6.492513667 3.422739980 2.438962148 4.169356200 0.944197964 2.524767627 0.361996904 -1.428944778 -0.936668610 5.304718762
10.538418886 -10.933681339 -4.624246267 0.447638308 -0.708207829 -0.356435836 0.413539733 -2.492061956 5.949421559 6.447118136 2.171994473 3.857784772 3.367136874 2.610113021 4.548726337 4.349553351 10.227390248 2.847190843 3.101234128 5.492340288 6.163507773 -0.270860748 7.601065393 4.482684182 5.163949101 8.879460740 3.057475823
10.554382141 -11.159529333 -9.308220629 0.661011516 -0.418151567 -0.206195232 0.587959666 7.969634714 5.678005663 2.662155724 2.718820870 7.490220345 2.929600095 6.189997055 3.696947956 4.185238629 5.085841130 2.567762187 6.379479188 5.593001527 9.205953336 3.166419757 3.959326495 1.388671431 2.167303160 6.098999797 4.924600337
15.831559720 -4.474861155 -10.128806104 -0.216634279 -0.135191551 -0.341506240 0.904525468 1.183666949 8.849329864 5.534701353 -3.419013529 6.204849413 2.354237914 10.269977954 4.187917120 3.195083590 3.481658498 5.123619733 3.472768283 5.189745465 4.155509870 -1.094164479 0.446419247 0.285936220 3.722982285 7.794682434 4.094300925
12.530911799 -9.035866579 -3.173545717 -0.648704719 -0.144668140 -0.647523044 -0.372783079 0.228209649 6.718602242 5.123067956 3.559785644 2.033243571 8.335459695 4.326979619 2.603134717 0.076263663 2.487283448 3.795761755 5.808044566 5.902327158 5.151569393 6.008377817 1.347986372 2.503304763 9.536945070 0.108297552 3.760467294
6.780904788 -8.303143319 -12.803313177 0.830193827 0.297060128 -0.094257641 0.462221795 1.209235256 3.189185176 5.848655274 3.004029961 2.712903505 4.909871101 5.925886595 1.193071357 6.015909141 -1.534798288 0.742123408 2.638782602 -0.467244724 4.277523879 -1.598488854 4.593067064 6.419546849 2.850797312 4.249138237 3.273083223
9.574700915 -0.216584588 -13.649038611 -0.138314259 -0.579544682 -0.270652026 0.756137956 3.414807505 0.528381470 4.384342017 8.007062175 2.551570094 -0.442384773 -0.188182092 3.880484756 5.264794534 5.033805626 1.502652963 3.410407405 2.281665157 5.506711629 1.390014327 6.353698445 1.424773390 2.332250782 -4.623933330 1.814667188
8.655169982 -9.807209960 -5.677700879 -0.920172580 -0.297332916 -0.094303906 -0.236605862 1.302548780 3.379239511 7.640626684 3.165729346 3.836740239 7.050294812 -4.383955198 4.170578742 7.984154060 2.363365150 -2.011374877 5.816055364 0.439550584 1.158902368 8.201150939 -2.968311091 7.926357236 6.093149285 3.679982701 0.994489082
13.166612340 -5.122805551 -16.928510024 0.194333130 -0.013323961 -0.168670266 0.966233640 4.469731512 3.484519610 0.737407517 5.240836028 6.676903146 2.899460517 -0.181303404 6.667821080 7.401930268 7.310347258 1.831805705 1.371091405 0.474514509 6.286723336 2.052943718 5.555093474 1.611361444 4.927461454 7.045265254 2.569695499
7.679272133 -5.677517095 -3.302500357 0.291542009 -0.682709850 -0.039020441 0.668870633 9.022969976 1.025628995 1.178093823 1.339002050 8.660525598 3.184967024 5.412521738 3.433229385 5.989140984 5.040887807 0.997469888 3.249797563 7.027637972 5.824969096 4.530956228 4.710086073 3.745721515 -1.374342873 3.007554183 3.235027437
16.766126459 -12.461876692 -8.993266645 -0.244208374 0.371068059 0.895113746 0.037975611 2.083148128 -0.948049546 0.203516423 4.516063648 4.522318037 4.491132311 1.292604479 3.331924333 9.242489639 0.009159192 4.536642746 2.772570326 3.524275278 0.820343496 6.537375280 7.793911187 7.965502513 4.582890894 6.139391920 7.864550047
3.241482520 -9.451403510 -7.919963041 -0.203511497 -0.580970512 -0.219026352 -0.757022979 5.498337159 3.057101105 2.723446719 3.976972792 1.033762198 1.015118017 7.339957977 6.584102333 -1.645795282 9.146253625 9.301935786 3.917861295 0.952368621 5.932785622 6.833766625 7.103019856 4.631343849 6.557537610 3.035992742 4.490564814
14.942392980 -7.922473631 -2.420981549 0.427765884 -0.871663826 -0.128764248 -0.201589410 5.105039641 4.656709422 3.719262896 3.684226019 7.875233847 5.922978002 4.304660950 7.113756173 4.154958537 1.405432823 2.525784522 10.662891846 1.738501273 1.429570887 5.400285911 1.475482541 10.047035542 5.682626912 5.098296241 3.678300006
8.561180846 -10.422643247 -18.041821025 -0.128128993 0.771723802 -0.506717690 -0.362301693 5.859181164 3.058917724 11.003156221 2.240608890 10.082524739 4.110490404 2.811691742 6.469693546 3.415706898 4.272897549 3.897663333 1.428902318 3.884363822 8.562477888 6.904476138 3.889581510 7.694730628 0.055580373 1.367496849 4.374775521
11.560181079 0.083632305 -10.078557324 -0.277010100 0.159629239 -0.144260744 -0.936468231 0.967398314 2.812120635 0.620526063 6.933123498 6.234521875 5.840713938 2.246687400 3.562567292 5.629098878 6.984606657 1.971652090 8.457451919 4.102150875 2.263097335 5.620195885 -0.915649416 5.641235327 8.360666510 6.015392090 3.132230518
9.593671932 -11.279092728 -11.414339412 0.901563116 -0.156564108 -0.255674481 0.311932985 10.005516070 4.047955200 3.580671631 4.222265985 7.934198897 4.559215834 1.432399708 1.046061270 -1.182315124 12.227434757 2.651240029 6.367196829 3.298472368 1.274667673 5.717903768 3.948807862 5.626270143 3.215871564 -0.361429252 -0.187539076
18.558337147 -7.079209203 -12.162303607 0.236457081 0.296385654 -0.308917063 -0.872246434 6.105924924 2.399151075 4.420182067 12.192045873 5.338662557 -0.308834214 -0.625778083 -0.957684093 5.382190055 8.381281416 9.292316759 7.733485961 4.260448429 5.186990805 2.191693897 0.886734976 3.573899427 5.102274136 5.523858989 4.722689946
12.386185749 -14.146016185 -4.443672301 0.705486981 0.264729622 -0.657374741 0.008049617 -0.381612108 1.131936913 2.788884822 1.008341313 5.492919484 0.927869268 4.063748698 -0.444401693 4.113205826 2.001451789 3.366754668 4.383974862 3.481070976 7.463616312 4.376485432 5.803390573 1.451219234 3.995253360 5.977318044 6.476054936
19.573690645 -10.497739309 -14.353292060 -0.063735070 -0.656254207 -0.113487573 0.743228651 4.006144044 0.546602743 5.763216627 1.673056147 3.911113800 8.512557839 -0.425603204 0.223239945 6.046682096 1.249191894 7.298550651 8.119921130 1.585864763 4.926619484 3.693635373 7.534285238 4.136540218 7.284123683 9.582843262 5.496678137
10.412589300 -1.245773620 -14.756159754 -0.874811617 0.314292521 -0.229873107 -0.288241566 5.794396277 3.433914379 -0.510860953 5.314565621 3.181889751 3.327017878 3.347362965 0.317962249 5.343742257 2.167816993 5.063560599 0.652957327 1.756945446 4.098310907 0.331534428 6.227242839 -0.181241604 -1.805046549 5.409886124 1.210378941
2.669552099 -12.102690489 -12.535602459 0.845123518 -0.069329140 0.415100489 -0.329622957 4.401810368 0.677183017 4.414523834 1.475205136 1.791989851 1.131286120 6.344710746 1.273521606 -1.322151837 2.453193628 6.724857977 3.547474645 6.178622672 0.068014107 3.160980356 5.220573661 0.069340020 3.541002574 5.967158593 -5.289340439
5.281447350 -9.962186805 -17.857665378 -0.001837849 0.204595264 -0.128153374 -0.970419555 8.103586177 3.291943552 -0.749070579 8.346910914 -0.365568650 6.124263299 0.033920050 3.979400129 3.731554598 -1.336081606 2.063519642 3.751609382 5.622975404 1.729162754 4.922673709 2.240421280 5.545083840 4.740115259 7.226292933 6.368726324
3.257553661 -3.843743014 -6.811550356 -0.468571341 -0.354552516 0.805417332 0.077693838 3.573728935 3.994169822 0.898547231 -1.110157557 4.900559711 6.962050900 -1.755877759 5.813148438 9.472929507 6.297858112 4.328539640 4.716284871 2.933033873 6.653815580 6.906963217 -1.693038686 6.498938589 2.736581029 3.514521095 4.581279179
12.369501796 -4.006282095 -17.076555177 -0.288778441 -0.514593858 -0.200346113 -0.782087980 7.334939255 1.626473603 6.087972248 3.867473297 6.327540122 -0.662210525 7.833086457 3.987050320 1.939078450 3.836990273 4.669457217 1.929785009 -0.011176691 0.884944374 6.780814429 2.395678946 0.483402957 8.628028424 3.059663729 2.178372484
12.345356412 -13.910489063 -9.682126013 0.205780645 0.948131837 0.237977886 -0.045462849 -1.299106569 6.148181309 8.627008984 4.711620896 8.088694042 0.664508550 4.548530662 4.156959964 2.967159814 11.981290067 1.622239560 5.146592981 5.671387011 2.621658900 7.501183840 3.075517126 7.710126052 8.893957481 3.380216668 9.399420302
5.018062062 -10.285822753 -7.957377113 0.139990456 0.136085943 0.234195487 -0.952384251 0.038832832 3.067749944 6.126498017 4.676833713 3.376893926 2.988411366 3.669457757 7.647196690 3.331291985 5.313637147 7.852654834 5.028125130 2.786091960 4.553418710 0.779733101 3.839532138 3.318366588 4.038578983 5.129901143 3.815876092
9.280093139 -6.580794360 -10.809163144 0.305523844 -0.838557978 -0.447500892 0.056733150 3.916976789 2.994750088 1.138874167 4.330925400 3.583657937 4.996281897 4.287971009 5.006569188 7.304674735 4.388253908 1.116161939 6.591933466 8.109269478 6.104457191 3.635333473 8.438967556 6.505608834 3.180372786 6.643408633 2.960294537
16.424981974 -12.064664407 -15.008846796 -0.213085738 0.547935389 -0.672153963 -0.450078135 6.084654039 2.866527565 0.296067718 6.360857961 2.304318217 3.465072128 8.875668285 3.861293589 5.937631631 10.851014588 0.595305071 3.606660802 6.645346283 6.559801450 2.719339258 -0.100856022 6.895186016 4.842650706 -1.137238622 2.766081747
16.167751029 -4.013982055 -18.354208832 0.112416757 0.393750773 -0.910859444 0.051554579 1.788274939 -3.285892936 6.695016155 0.291234821 4.041619538 6.789661801 1.798401881 4.274543968 2.914471264 6.732858542 0.802784318 1.178872810 5.417509480 0.664720491 1.268461427 3.531544015 5.698490567 2.541405750 8.063318345 2.337795954
15.009893773 -10.984780719 -16.938842274 -0.715176308 -0.178955087 0.498412933 -0.456160579 1.204650054 0.067863201 3.048177426 9.430748667 4.254224476 -4.251068448 2.266064861 3.437579858 -4.138845130 4.265879213 2.878392110 5.610572873 6.411170865 7.447457187 4.438365859 1.209559629 0.884078385 8.467008543 4.950128081 7.306066123
13.874722367 -1.524881242 -4.620964039 0.965030902 0.227040366 -0.075810151 -0.106868386 5.557071390 -2.613724348 1.795358451 9.038999124 3.405793353 1.149147619 5.347994164 5.064331222 3.293543934 0.255190940 2.997632981 5.747098756 3.678200613 5.263913856 1.614440317 5.382774544 7.722369168 5.643117723 3.958739955 0.746346431
10.798698317 -13.839274978 -16.388398695 0.781555883 0.384867912 0.419133077 -0.255684484 2.680540225 2.643815688 0.987747571 8.279746133 0.458484973 5.601924232 3.264364155 0.542540464 4.820327839 1.424067786 -3.815811972 10.846148649 6.343318275 6.059907841 0.896679612 2.678489587 -1.383467778 3.694651794 3.116119429 5.680671215
9.085797310 -8.632952757 -19.051480122 0.847313008 -0.146521355 0.278359908 0.427911113 1.923929070 -2.442109522 7.696782827 0.652068760 1.110957866 2.418859638 3.428229325 9.352812813 4.423908505 5.116084302 9.380472754 2.490150198 4.181986766 2.352561209 8.451514348 7.420753498 5.627062790 4.696621538 4.406882410 4.347582098
7.707604028 -2.043746042 -10.187390766 -0.472603416 0.053511055 -0.701431830 0.530825740 2.921184117 5.842516723 -0.977467646 9.314757536 1.780734105 5.960188854 4.850424366 6.667207361 0.004509503 9.520722571 5.455480728 6.015362186 5.239914206 0.432429950 4.251584311 7.704608798 6.157289371 3.248046647 2.978938583 1.552126552
8.053899654 -1.743083875 -4.945527762 0.682583726 0.639916742 -0.350718948 -0.039777381 2.821687465 5.252894888 7.858734414 8.484199495 2.287960183 4.765069577 2.260189336 3.415962775 9.473419004 4.246158870 7.055631273 1.132656371 -0.858748041 5.493553495 4.495227580 4.883758118 3.027533988 4.850020838 5.562427829 1.857842732
6.679257887 -10.240963454 -10.565802743 -0.706611308 -0.597763238 -0.139902469 -0.351862004 7.275744636 6.369349678 5.765887284 2.374697022 4.577941181 0.530274121 0.035088774 0.121677892 7.198541993 3.283340764 1.205020522 4.815690012 7.323521565 5.814610946 7.458113997 2.279334365 6.106637646 3.817001975 8.552142428 -4.734279909
8.106829376 -3.646884060 -5.198749422 0.622936524 0.571547295 -0.391414243 0.363426287 2.275955698 1.952048548 1.754439474 1.311663464 2.931577325 1.891948659 14.753128779 5.361150280 1.409611859 3.309501520 -1.409219145 1.523135580 4.173902788 3.707029877 5.159693443 -1.637088818 1.856448621 3.965152652 5.237631579 0.295640588
4.568625001 -3.365683589 -15.355793801 0.749275530 0.641530402 0.072617309 -0.147484404 5.538257437 0.649091665 1.339361605 1.630068902 3.745850651 3.825936514 3.822739217 1.011802243 2.167938141 3.444747045 3.518704667 8.418016346 5.674682085 5.607764433 0.250717761 7.647003695 7.773530725 2.649477507 7.715618885 4.108669145
12.012210635 -4.104166113 -10.635790304 0.959242956 -0.262937679 0.103052510 -0.009844182 2.076270409 3.913663536 -0.194054516 2.924504539 6.531583293 3.493823171 6.316604104 0.912550699 11.753409265 6.073318820 11.200087833 -0.202920531 2.712409818 2.555535648 3.597222504 3.098015788 6.012452024 5.536509305 8.228015657 2.744249920
10.518558009 -2.812079411 -3.845397168 -0.024317317 0.953867780 -0.005765469 -0.299185036 0.134723502 2.770255902 9.959909096 6.272073246 8.137426504 6.128418626 -0.245980196 5.093677013 4.041943269 0.219335596 11.768712716 8.189991169 -0.173863136 7.081074612 4.685214809 3.960601378 7.276321574 0.304202051 8.999085449 10.566531815
12.091920064 -4.511775022 -19.762587588 0.881408331 0.371454476 -0.182489528 0.227680692 2.239579607 0.796778924 3.527304647 6.806708791 6.658604085 2.349923645 5.430083536 5.960757606 4.719940144 6.162118971 3.689594340 5.291649182 1.128142091 -1.922534584 4.636977313 6.357743637 -4.556512930 2.751765950 0.548755391 7.137058950
14.229737681 -1.024789584 -12.052079684 -0.691737583 -0.629887290 0.350483053 -0.043620504 1.726934100 -0.239309750 6.332781433 6.289170019 4.485700247 7.217362123 0.715841715 9.378260653 4.318804707 2.533329489 1.602767290 2.543291142 6.032487901 4.731280538 4.313548905 2.095828521 3.528847881 1.541064923 3.292979159 6.524575803
9.846841150 -12.761120724 -3.498907475 -0.718934531 -0.050737438 -0.608432209 0.332218450 6.412018885 6.496993717 6.692207366 3.010619960 5.910760233 3.209755183 8.024223604 4.008410336 6.485537302 -0.574388050 -0.085783470 6.251167804 3.243791029 0.320011311 3.318004763 4.245871167 5.041625853 3.794580639 4.065483568 1.732982176
16.686392717 -7.240008192 -14.405320775 0.382540050 0.143006713 -0.813760762 -0.413528248 7.638424934 11.837202546 4.464486898 5.176146296 -0.745944031 4.929633839 8.093144912 5.168465234 4.881395180 5.390744916 3.485081593 0.480629208 2.557633457 4.533343268 4.179470299 4.650191847 7.557466394 4.147390609 8.609953544 0.287146068
6.087084741 -12.308843673 -8.307515710 -0.649658172 -0.395416321 -0.648226813 -0.037312076 3.840814234 3.876318917 0.911201903 1.811893789 5.137533282 6.472392185 4.270153811 4.071644173 2.576987502 3.477757031 1.954928350 1.782377470 1.377548281 4.328662111 -0.211189803 1.335740022 0.727604134 2.396315978 5.226630395 2.391541128
11.768027814 -4.352514695 -18.146358485 0.204171578 0.513831904 -0.121056089 -0.824400488 4.906765107 5.584989043 6.681967437 0.888619331 1.977445644 6.303057144 3.322414198 2.765102475 1.410932392 2.122875635 6.508160360 5.992159523 2.176990324 1.886831781 6.239574650 7.822387626 -0.395027555 6.124249942 9.002621380 8.729445634
10.710788629 -5.432740949 -20.305865208 -0.080964150 -0.472106359 0.321818289 -0.816696627 4.678980568 7.393768848 3.941133623 2.303549772 3.509660189 4.155328704 2.744716690 2.182335564 5.153246276 7.136043824 5.182861675 2.858141359 2.711864512 8.484873731 2.602137446 7.775753285 5.505429855 7.261973682 3.492191295 8.196685377
10.388321939 -2.336842637 -18.605498379 0.397733221 -0.224338441 0.171309153 0.873002705 2.956656083 2.252837890 3.784427180 6.112072839 2.544845722 5.950696322 5.141936176 2.428365171 4.530251400 2.598448013 3.028024830 4.101166297 4.673809493 4.494992184 1.184959963 3.862625944 2.578074054 -0.288528451 3.427732978 3.338981581
12.275047930 -7.738837915 -5.407514033 -0.667002070 -0.591374929 0.352814646 -0.284439375 2.575498747 9.398162357 10.128238454 8.799462336 1.544840481 -0.325754443 -2.970761207 6.688776817 -1.574384737 5.507810737 3.005128920 8.035786700 0.305727473 6.653271607 3.853917706 -2.600195555 -0.974363737 2.246299991 3.382096973 3.905199493
14.502393220 -10.865172648 -12.834700436 0.976049118 0.094976250 -0.151876806 -0.123454715 7.889873771 4.688218801 4.686034951 4.894320535 6.645329272 4.259320179 2.849441141 2.994186969 2.303657843 1.644710784 3.365401427 3.731753742 6.191476475 2.514480170 -0.355622257 5.696280764 8.482769541 1.464401678 3.761095309 0.724203538
7.571722433 -7.480180897 -14.640453048 -0.590082901 -0.758769744 0.003674534 0.275784596 2.117807386 10.486364683 4.675021040 2.736440707 11.084121782 4.396899461 4.479252593 4.199191025 5.013404281 -1.949530423 3.076423734 7.567833210 3.647819024 -0.487303462 1.513544281 9.702703976 4.627008657 5.275473194 5.721352445 2.760088283
17.113707587 -12.602515852 -5.834558756 0.420473388 -0.573575435 -0.491580768 0.502555170 8.950487861 7.769359335 3.844925895 1.014653262 5.498565139 3.540165512 5.653306940 6.228373114 2.859112013 6.599310940 5.657875768 5.085010321 3.273068350 4.631783049 -0.403930773 0.932722144 2.742890264 4.723487514 4.365267112 2.720956487
13.499394256 -0.364545349 -15.551949337 -0.349718222 0.342994895 0.150005293 -0.858807359 0.846146932 -0.098013215 1.951418354 4.586991483 2.201322556 6.107934550 3.727931075 3.390259038 2.372559799 2.897278152 4.403605904 4.509845742 4.155768590 2.991559077 3.167661250 6.378636298 -0.417972689 10.244952583 2.805965648 4.141588063
11.615663262 -16.538140715 -7.602807813 0.787032083 -0.269666394 0.267836056 -0.485926314 9.467077743 2.998244380 5.455177420 -0.793476862 4.762478101 3.273894155 0.192305591 6.470874931 0.627889959 0.289689728 1.207903832 6.202794842 4.596391224 4.847670597 6.990414942 3.294990507 -0.329949916 6.813239754 3.637450688 1.597444952
16.712578318 -7.680929120 -6.290906251 -0.070447473 -0.728811921 0.361826471 -0.577019880 -2.131891850 10.855250111 1.785483081 6.834748604 -0.759391744 6.353851555 4.726116729 4.897948933 1.720642456 5.578773579 5.688350005 7.805035504 5.091757522 9.162343265 2.671391105 0.221178544 6.827601469 2.075761082 3.581529220 0.983186575
6.757822861 -4.032400186 -12.883603112 0.449897497 0.150509771 -0.433070236 -0.766413218 1.763813431 3.736335021 4.768220384 6.667842262 1.168813563 4.579333471 3.012202185 5.098574802 2.131061244 3.170063021 4.074750805 3.919036899 0.358182785 9.542279874 5.966335642 -2.284045811 3.131233921 6.674880711 2.419791747 6.642631406
7.762337005 -5.269387785 -20.343342231 0.713873659 -0.197418909 0.286268707 0.607832543 6.037033699 4.225746871 3.411769299 3.160722868 5.865524629 2.781990147 6.806675931 2.357721983 -2.136083991 9.405216091 2.665111422 -4.038125900 2.016216666 1.017873011 6.927049064 7.723640072 -0.994913407 4.064991956 5.824633787 3.852312615
15.003566382 -10.040513911 -9.083764264 0.241842144 0.158387222 0.746969128 0.598717787 3.082558649 0.458697331 4.049368081 2.090295017 4.489756530 5.008816138 6.884939962 1.962595579 6.623548327 3.707397886 0.437627303 5.375268781 4.783703728 2.721130896 5.050328939 6.575659303 0.605433892 4.161617052 5.260156292 4.735123634
12.304626508 -12.576497448 -12.832361040 -0.373780331 0.736045306 -0.558136800 0.083719078 -4.590147305 6.662163728 -2.391165844 2.794097036 2.370704080 5.818311125 4.309180416 4.444669774 2.953569433 6.869085736 6.443025094 5.953710979 5.913922352 8.295771210 1.716957305 -0.101188645 -4.737270454 3.210328845 6.600160071 -2.170813546
4.813259400 -5.774275330 -16.724093981 -0.568688298 0.451120902 -0.448945087 0.521087191 2.680328223 -0.999686763 1.223268197 6.376259307 3.268719698 6.854952759 3.538800746 6.010644722 5.712325366 4.285496369 0.947361253 5.088526769 2.893471667 4.789231514 6.439684922 4.048385539 1.267574266 3.364212141 0.867160701 -0.375527877
18.394438815 -4.999391313 -16.764104710 0.667825454 -0.533309133 -0.304854267 0.420302756 5.945953722 -0.640026432 4.120071715 6.204710349 1.845158063 5.950920520 -0.779639017 1.134733966 8.436753110 -1.024590135 0.264926691 -0.125502087 6.460175486 6.335068014 4.830592620 3.819658469 4.147091255 6.649887286 2.276876088 -4.445926234
11.658713314 -4.587004664 -2.185109028 -0.583491523 0.354444233 -0.581743888 0.442132307 5.170497673 5.047410754 8.221197134 5.298821426 2.643420028 4.985880186 3.252495346 6.574017202 3.888000043 1.783362705 4.262400022 0.013811464 6.597219550 3.859717444 1.720440084 0.272641993 6.953500211 5.318776726 0.307515787 7.758955237
10.003841735 -8.467864913 -14.487839027 -0.365391071 0.104266143 0.923154784 -0.058336796 6.158154785 6.680710862 4.243965742 1.935497325 2.760610769 2.178373388 5.870911956 4.051498559 4.256875244 3.517518122 2.761050440 -0.390905167 0.558074694 5.174771636 5.259962856 4.623493124 2.933463127 7.340970574 -0.843867991 -0.942890294
13.128778437 -9.211985289 -2.917380631 -0.103562353 0.709895616 -0.556312641 -0.419331968 7.115015870 2.291562843 5.256565922 1.465686410 -1.976685995 3.255999131 1.916937622 1.484448564 1.952803013 5.322525440 3.728128853 3.235413649 4.127111192 5.918997950 8.604504368 6.247718628 3.550573032 -1.155955961 3.656752649 2.521778727
8.030679826 -14.654605029 -8.250660280 -0.045413118 -0.115764822 0.681361806 0.721305930 5.914296749 3.617757539 5.946284581 6.037269875 3.047874282 2.885956045 4.906462982 0.276515339 5.190315580 3.889047521 0.772198977 2.280325980 3.130848309 3.781904138 0.701765404 1.611484476 2.850758135 2.753577031 -1.337163198 4.065384757
9.604820039 -7.902596089 -5.229560223 0.381645844 -0.567235526 -0.473386558 -0.555423689 10.533959252 5.529879691 -0.970893897 5.615150289 4.892725174 2.199273872 6.484619598 8.534449975 7.151480116 5.684858522 9.791936519 3.393009400 2.915615232 8.471535688 2.728705342 8.131983002 5.534613377 6.443065614 -3.212477162 5.847430477
9.105393507 -13.507576639 -12.489931777 0.152216775 0.669593625 0.516653638 -0.511413189 -0.858045854 3.764560605 7.536871087 2.790553788 -2.350809615 4.266848128 2.821108791 7.168904025 6.830347310 0.708827830 4.528081421 4.037821917 4.469628790 5.865676346 6.178119913 3.356737248 10.846783028 1.702094630 5.966562093 2.854816383
12.009196649 -8.992141706 -4.949147274 0.025053489 -0.852490596 0.340021870 -0.396254001 4.961507248 4.521486384 5.803323591 2.905732380 2.876409663 2.620658012 4.526645403 3.140234952 0.386392501 7.240655147 7.814407386 4.834617154 1.949720507 4.410692727 5.077636352 4.407425947 7.372063224 6.216112846 3.226069147 4.839757189
15.772322067 -14.001140425 -15.370282222 0.588438409 -0.571749789 -0.012970950 -0.571554173 5.533117757 3.242425776 3.448041336 8.175906514 2.456922696 4.530274890 2.061295619 6.577551959 2.520161413 5.232632137 6.294624244 3.060037412 5.064901169 5.872771086 3.498792599 1.773746136 4.547952114 1.573291231 1.549657523 -1.945799675
6.525808945 -8.915760284 -8.731327978 -0.749803317 -0.300896834 -0.515478262 -0.285549019 6.039523027 4.625711254 1.226876042 3.762663091 -1.638700012 2.725960313 0.878273529 0.320345076 6.726418851 7.040980583 0.675765282 0.095346425 1.287922736 4.779066333 -0.170441994 6.272206082 4.552592968 2.867442232 5.530784212 3.187033768
5.314480815 -10.265811949 -19.496632553 0.051160256 -0.001851458 -0.824253372 -0.563902101 -0.882355918 7.028002769 3.918429300 6.643061890 1.766287188 1.415535072 5.904897213 3.991819081 6.205450193 -1.882751193 2.454932881 7.487091864 1.941811200 1.855385708 2.590739958 2.826327505 4.505128725 0.555203013 3.183880764 4.824683538
14.487147775 -5.442655615 -3.640019174 -0.755310800 0.204400039 -0.600682137 -0.164034112 7.129921385 8.659722549 6.647795819 1.222555775 -0.120772404 2.822789901 1.026320377 -0.550092518 2.800367780 1.320290384 9.543791458 -1.294161935 -2.316063097 6.523865815 2.419217589 0.976715425 -2.526983474 6.394967037 3.973638489 2.369641292
15.573344070 -11.300250142 -10.572835075 -0.263568236 0.605972845 -0.747272109 -0.070093452 -0.426330326 4.734793269 6.378828912 2.080371723 4.822274559 8.150365215 2.334133970 7.367611111 6.362212046 2.158532354 5.922265861 0.367168640 5.726314738 9.353802198 -0.702017901 4.950964124 6.202985275 6.044983243 3.752611783 4.184469589
17.129702073 -3.591688167 -17.303044464 0.438650732 0.197972558 0.438848613 -0.758817697 5.619938414 0.371411343 4.049740743 6.444236332 0.264170664 4.267115614 3.321045202 2.239631128 3.416442221 7.869737696 9.149526171 5.728747140 5.662500499 4.355643568 1.861740674 5.977061627 4.782031499 2.301945175 0.450629281 3.874270729
10.907864000 -4.422397183 -18.507841851 0.079911904 -0.926243928 -0.260747616 0.260186382 5.231847156 2.219480391 6.188289346 3.420995938 5.503797100 5.177969095 6.326208823 -1.735717977 7.079544292 6.270625114 3.304859726 9.126449348 5.799090790 6.250408390 3.719635823 9.656354402 1.563986553 -4.168798051 4.230688014 3.480015122
8.781632805 -11.791882097 -4.316416028 -0.856632426 -0.325028769 -0.003974239 -0.400651209 6.046627159 -0.314328567 8.140273528 8.881865971 -1.418136239 5.092669386 6.388973768 2.029294331 0.059532114 4.308548068 1.485647805 0.699187200 1.167131137 -1.461395934 7.587901378 7.503608938 4.267678361 2.526422706 4.933827832 6.924661367
13.329196163 -3.967296517 -12.402180868 -0.082382203 -0.969014549 0.072675485 -0.221228956 4.696929494 3.249098613 4.003674258 6.967538762 -0.414653811 7.052871292 8.310782289 10.211662594 5.979704219 6.407095855 1.902830601 4.435503621 6.134728509 2.391043354 2.060117392 5.310199194 5.555892500 -0.970161253 4.250178264 6.785005946
8.705471654 -13.645242920 -17.873485693 -0.770139944 -0.500495529 -0.186091159 0.348939497 2.683689018 0.682333474 3.704053264 5.422295237 6.344295281 7.897754295 7.193076210 0.800778067 3.861253882 1.328107937 1.518062462 2.058577555 -1.006911791 7.813722826 6.941801772 -0.385894337 -0.712062146 -0.718414492 3.421895664 3.975602529
11.723486114 -2.578419888 -3.654882769 0.029749524 0.430082555 -0.053849304 0.900690965 7.215709985 1.037861741 1.287661575 1.736099382 4.497530910 -0.181013151 0.703266385 5.923832842 5.011679201 5.137398553 -0.396940871 1.848985026 5.094036522 4.400640072 2.797347023 7.420289096 4.854504471 -2.612589110 -0.325087309 2.547077583
10.085377263 -16.020652508 -14.511318436 -0.425206045 0.239592092 0.866651402 -0.103492975 -1.653612881 3.944912917 2.437504759 3.634253223 1.399370248 5.921042275 6.384801922 3.850922471 4.145049111 9.680151334 1.817331623 3.725637443 6.536937575 0.821996471 3.134900343 4.391334736 5.957203798 5.573226960 5.279478652 1.330065503
9.076994946 -7.949383884 -21.171001832 0.330563103 -0.492867732 -0.102532100 -0.798308588 7.793439281 2.043167939 7.988432888 3.305755078 -0.288251697 6.054852564 5.924858648 4.914693290 3.053874290 1.027553746 8.172773007 5.341512710 4.912561551 1.817099636 3.581126401 2.121432298 7.061194400 6.940158951 5.266035065 6.358014107
14.072923903 -8.226010211 -10.864441631 -0.824673028 -0.118517677 -0.446719238 -0.326051958 6.931241561 4.304739133 1.756878402 3.470039667 3.600578404 -0.597262510 4.648322911 5.408070658 2.237094244 1.458151693 1.542845994 3.212459912 8.371618802 -0.643594622 6.573577418 3.774379303 -2.654998359 4.731973862 5.371346687 -0.657150308
9.850646013 -4.652929148 -4.003412866 0.399820501 -0.740332413 -0.540355448 -0.008214313 2.184661713 5.854376258 7.531775331 4.800704202 3.484104437 -1.360372721 4.065311872 1.008965437 5.210186078 4.845778083 6.300578471 2.388784752 6.716682816 3.608442209 7.053185698 2.850228106 1.007005025 3.444700096 1.184096930 2.958516762
17.638320943 -9.139037315 -9.773145142 -0.457960386 -0.398527339 -0.715571269 -0.345551739 8.227692700 0.487930852 4.268655212 7.325710259 6.164277685 3.223308781 5.620146675 2.601741777 6.367539672 5.571851835 -3.294338224 6.169688310 2.544076469 4.169886640 8.800166840 4.530212223 1.701697544 2.081816948 3.663933659 0.307122692
9.283266059 -9.731200719 -14.320406683 0.255628246 0.853896120 -0.298747295 0.340977522 1.819535724 6.647910161 1.954829929 3.128309983 7.699919355 4.131375186 2.184656813 2.546860514 8.687823526 4.922982949 9.070204180 5.248687160 3.403615688 4.053829639 7.523804542 2.539131055 6.758174381 4.576531040 -0.372672584 8.602070303
14.014889448 -13.113631660 -3.407891511 0.417155195 -0.705750934 -0.073603077 -0.567873005 4.599811426 0.805055639 0.640657987 2.198415247 2.602800957 5.524884456 5.160486582 4.112048916 6.085876626 1.136264743 2.611251346 3.396392684 4.649040542 5.376550242 3.460155155 8.108172327 5.660723088 5.318462548 2.532376432 2.089173076
13.962836296 -11.367094438 -5.345536062 -0.635204886 -0.518622468 0.387050674 0.421588975 2.627354151 5.745739132 5.604172692 6.249807942 10.055733019 0.664488176 5.490852473 5.101450261 -2.265301861 2.727736587 4.443630481 10.073478637 -1.182956966 3.630757882 0.835226338 2.628967626 4.208053497 5.575707962 4.472546966 4.138317047
15.171923313 -14.311819166 -6.165923672 0.926810563 0.332020406 -0.069811033 -0.160969094 7.920269655 5.721015282 4.404437011 2.807387910 -1.113571825 0.622814836 2.397770398 6.020436930 3.936775307 1.058891677 12.085626015 9.397674015 3.055256761 -0.264059714 -0.181449633 7.541606568 4.355573376 5.286290105 -0.909153748 3.683487805
11.634954151 -12.414560571 -6.727250806 -0.794446591 0.484493931 0.366083225 0.010164493 1.515501471 8.591878563 3.253904767 0.051315296 6.464996451 1.022375456 1.790690794 3.131794876 6.497033988 6.194083369 0.550670280 0.878293836 4.106218734 6.225024891 -1.151379087 5.538366359 2.049331370 5.750170808 5.285448120 -0.936798876
17.754071552 -3.160503108 -12.124130588 0.658985709 0.141095416 -0.738755351 0.008393499 1.799272893 3.284011232 0.146353606 0.277185847 2.819129985 4.572467964 5.094004775 -1.155043149 8.665743807 5.871697392 0.877040125 6.403980799 0.574275182 8.874258807 5.998099440 3.417307112 4.559273076 1.452945388 10.191068647 -0.359056434
5.412963096 -1.724214944 -15.706052439 -0.417725599 -0.268592848 0.507817825 0.703906430 3.925839490 7.468747618 4.218332642 7.376853968 7.081016224 3.955426768 2.281307385 2.355245617 -0.271480510 -1.119311407 0.694551466 2.708340717 3.923788375 8.263148649 5.050446095 4.261214387 2.799847363 3.015914990 2.970586669 8.561927501
17.696258342 -11.647648896 -10.658450125 0.137840772 -0.414753686 -0.122943585 -0.890990559 4.606114307 2.962572137 2.298683334 8.801948034 1.735527506 9.699627523 3.873019180 11.290005372 3.025774968 9.563576047 3.451373464 -0.939996248 5.311259625 -0.781645328 -0.069998350 -0.696989890 2.545515564 2.837868014 1.470483158 5.523660361
3.199354899 -7.340053447 -7.323046267 0.569145391 -0.153780277 -0.807727298 -0.001327905 6.503379987 1.942756295 2.268350845 4.028648433 9.203303115 6.569143746 6.391788977 1.748648136 10.134941354 1.757540347 3.760228072 4.029710877 6.105940288 6.042957602 8.937883682 -3.608754268 7.135170898 3.993844000 6.276378899 6.237879210
8.653251741 -5.458377327 -7.197535473 0.418009069 -0.431712200 0.787360448 0.137682674 5.440472702 10.170783374 -0.842410561 3.696637798 4.361049228 5.496940736 6.678291889 0.501017625 5.909036789 12.070189440 6.674498181 2.834751926 3.558829400 2.216955956 5.960925459 2.752138642 7.611237862 3.806262596 3.030130777 -0.151815567
8.646148753 -4.066820598 -9.487138705 -0.123781395 0.196062822 -0.508483444 0.829266015 4.239171301 1.659378015 4.188523197 -0.163354981 3.961883598 1.471459492 9.558474868 9.008921270 6.769145394 9.322139138 5.091435737 7.712110860 7.023372612 -0.351209375 1.529558984 3.160646959 3.878495453 8.410708810 8.238727399 3.890378150
5.321015720 -9.613308518 -8.998832663 -0.289180093 -0.072547459 0.904992138 0.303481416 10.172462772 7.647274742 3.312013753 5.901814853 -1.715818850 2.219157817 5.841073740 -1.911424213 5.297108752 3.398015023 -0.266002334 3.303629939 12.088760541 0.070156671 3.076794898 3.459160459 1.758099281 7.788812013 6.163116115 3.926904366
4.785121509 -5.717289644 -5.489533964 -0.437119180 0.204238276 -0.428743550 0.763801360 -4.354078659 -1.171866961 3.237890015 7.557038412 2.451751786 1.612387523 1.042846826 2.872591336 4.450769124 0.317229924 7.357416320 1.015852259 3.247279237 2.419053604 5.016623262 -1.217716664 5.739191267 3.180732658 1.765139954 -1.897035945
4.663754809 -1.019411346 -10.576170563 -0.084194886 -0.134144090 0.433117460 0.887313840 7.968276173 1.631270973 7.029230466 6.903440427 5.732243305 2.340405794 1.039551062 2.984991140 -3.305424451 3.822397385 3.332653914 9.707550398 6.259644343 4.439292675 10.920625483 3.601463224 4.729627845 6.414826786 5.033750731 4.677574383
17.021232215 -10.222154326 -4.474165095 0.045344939 -0.806552011 -0.270411702 0.523731994 6.936705314 4.158951799 4.810742131 3.185126717 3.701242213 2.419699020 3.428535020 9.179898027 0.258650739 -0.503744276 5.251250166 0.130720294 -1.061348976 0.922050862 4.335757498 3.299944559 -1.227960801 -0.771446063 3.312356759 0.743240044
14.319549594 -15.979148468 -14.543485051 0.258064280 0.377211491 0.451124309 0.766551483 -1.696200425 4.284345082 7.016161276 3.676545037 -0.184844296 9.417558055 6.855645161 3.226092522 5.570977817 1.214573232 -2.687837274 5.800771453 -2.314137665 2.164063206 4.608133352 8.264649800 5.222535790 4.164549714 1.254021879 7.507693720
16.926890199 -13.486214248 -10.305688043 -0.802018295 0.036817505 0.212789189 -0.556894861 4.668731776 4.511197132 4.532623393 3.912795570 -0.860469908 5.496400839 10.128825586 9.861473886 3.258019594 1.337812642 0.925263547 3.591895288 8.460077678 5.965813784 -2.564025038 1.613465270 6.654183990 -0.509398634 6.754060220 12.114124589
12.672773412 -4.841099602 -8.874607264 -0.510801848 -0.414068262 0.740663046 0.138011593 5.541514420 1.485859024 5.691385392 1.904323827 -0.658130022 0.937758550 4.336899537 5.201998170 1.924149634 6.393103346 6.407393325 -0.781527545 1.873917434 4.094421183 1.383561111 11.289418838 3.083075056 6.892600688 9.899949619 5.667886048
5.198636601 -11.391324533 -17.432847181 0.332178124 -0.157002629 0.249135681 0.896068792 4.946038562 4.859194246 5.502853464 7.859890130 7.010586135 4.831306369 6.282927021 4.972492462 3.225365078 4.323783868 6.223384788 4.829733597 6.956180429 2.521341721 3.034032812 6.615028630 1.613546880 0.812308119 7.053530638 4.987073850
8.326492598 -3.870874216 -19.297611467 -0.118714184 -0.685338605 0.137408757 -0.705221081 4.735018323 2.330778922 4.220315209 4.950068526 2.364562725 4.102080077 1.768547315 6.834344690 5.194753954 -0.025002954 3.445278692 5.436399971 4.951836030 3.596938834 -0.901803247 5.273575714 7.867659957 12.048242059 8.028068646 9.338720309
10.177631447 -5.908498331 -7.723642245 -0.337779885 0.202212065 0.918267714 0.042419751 5.202854807 5.456954927 5.101933176 8.147810840 5.252519597 -2.437999646 4.259178381 1.336310021 2.086061979 4.870092154 5.401442061 5.649947642 6.317698110 6.026746319 3.371207749 -0.040039932 -0.175895544 5.540264969 7.860884032 3.518711296
17.759449405 -3.587165092 -12.411461595 -0.885922064 0.119057588 -0.074971882 -0.441980320 4.680774204 0.179137386 3.684164100 4.875140839 6.037550108 2.214562946 2.927526072 5.215629892 1.531025182 2.474421143 4.983438988 2.037030353 2.485750125 5.941996981 2.421882726 -1.907151284 -0.468061563 7.639905437 6.184947839 5.711288195
9.024671769 -10.654958286 -10.671959692 0.370740295 0.228934168 0.337414333 0.834441339 0.122712005 9.971325079 8.089599829 1.844400625 2.243117576 9.841407472 8.096505993 5.633675612 3.347562123 3.426783244 6.123766274 11.850418001 3.608135435 -3.829915217 5.180545081 3.630806022 -3.958046018 1.900752189 0.952280062 1.286799165
4.671747086 -6.179064195 -17.653764690 0.406730277 0.096875668 0.567640333 -0.709203807 3.530565748 2.978825253 3.738531419 3.544965627 3.590475267 -2.187614389 5.029194249 4.771152662 7.375804438 5.092565975 -1.075830040 6.189976585 6.610388060 -0.491136687 4.828167328 -1.068363122 3.790779947 -1.780624875 1.970029610 4.643440766
4.587784073 -11.659160394 -15.809813520 -0.861640024 0.090001867 -0.177941398 -0.466704394 3.260270256 1.059033202 4.902813527 7.529964763 7.236688409 5.630175281 4.544405064 6.704933360 4.182528679 2.463363561 3.931082296 9.353054931 6.584908905 5.529358115 7.141464462 9.147228332 2.201787785 10.251233721 4.150760017 1.249503150
5.140555748 -11.146981996 -12.787305131 -0.363245052 -0.684388635 0.047487186 0.630404787 3.470338845 1.728008690 -0.326956272 2.270374914 0.434490556 9.746709616 8.129752777 1.570062552 1.315630825 8.740291676 2.217818223 -6.155029508 1.125327556 6.142367924 6.151383888 8.291009086 9.603990573 4.506617634 5.836039717 11.966600790
8.094189163 -6.638507127 -8.964497949 -0.615611663 0.275607014 0.428016168 -0.601552338 3.209123161 7.333400142 1.316208943 4.602941159 6.426726036 6.681935135 3.702242669 -1.253586968 8.249676194 6.176062254 11.489441183 3.915501687 6.415654640 3.901784642 6.389798919 8.325857461 -0.029927607 3.808835045 1.154370336 4.711463407
14.459335774 -5.220242883 -19.745518840 0.557645751 -0.673073680 -0.305300264 0.377881974 2.609867347 5.259597890 5.131921087 0.587337805 8.723954540 2.405592804 5.024649163 5.441437304 4.427593963 1.983909811 -3.083867041 1.073394787 5.176188299 5.659590386 7.918671412 5.615233509 1.820833533 3.441523452 7.277346113 3.603484243
10.434255960 -11.805377681 -12.939947242 -0.121696962 0.701519612 0.276100647 0.645622580 -0.749954637 2.774856588 3.738201047 5.679044973 3.417202030 3.114445296 4.589378064 0.966724945 8.662337646 1.390715042 4.231390687 9.057081726 -3.194389944 -3.085215636 0.862267645 4.604367504 2.391703681 3.705753547 1.650423174 6.602656703
8.575692330 -8.301722003 -20.257887558 -0.144933535 0.343749075 0.324459394 -0.869227787 5.842887230 0.398711801 4.049309476 2.675292647 2.334256272 6.214763527 3.868741703 5.776534512 4.126920321 -0.492223953 4.511899450 6.225219810 1.387963218 1.353094312 5.204926800 4.669343134 0.581499529 0.734889959 -0.223632565 1.324206897
12.210493250 -9.153734705 -6.850580553 0.484065797 0.357408681 -0.433091280 -0.671097073 1.119177331 0.275785968 5.560278134 5.130801919 7.567186540 -0.875210936 0.868800145 6.446930565 4.738773564 2.140108733 8.886949095 -1.153541728 10.370707218 1.657472744 1.775393692 3.897925103 3.074529645 4.002222245 1.710955966 5.196908045
9.701290252 -13.887064072 -18.982704443 0.575161927 0.457474782 0.264133307 0.624611221 -0.348898920 9.411200502 10.259811248 6.420212166 5.073408745 3.325189201 6.004560853 3.640596046 4.319597648 2.792924652 6.506115196 1.726099063 6.878663545 -0.393378120 1.925387741 8.625623664 3.175274824 4.656477974 1.091063548 4.117618398
5.567402561 -14.204806232 -15.979920728 -0.709007336 0.219895093 -0.391759335 -0.543580140 6.419583725 2.201497199 3.360982987 8.353156998 3.055409854 5.273824294 1.134799652 3.516634986 2.009038059 1.672895329 2.569938950 6.347780921 6.277278235 4.404704786 3.998330464 3.345844835 7.410193529 3.051700849 10.179528273 2.511661549
