17.545739730 -8.359593194 2.242404064 -0.057408827 -0.320376900 -0.673728426 -0.663440183 4.032646449 1.335240463 5.577544554 5.531876529 4.629045945 -1.449505265 0.356396091 3.329353008 -1.036065710 4.313437861 2.154616570 0.993333658 7.259173810 7.297955873 6.947488764 6.196159093 7.213388820 5.559346767 1.743086967 6.495055452
11.644417013 -15.413018411 -13.944892312 0.711120226 0.331498626 -0.272673037 0.556835793 1.253186162 4.252608821 3.556673693 5.566424908 3.828827219 5.179009025 10.077878530 8.846517195 5.566500119 2.522296599 4.912714438 3.176145796 2.034071952 6.020844287 3.961794986 8.713197223 2.040328185 6.064011178 5.646005234 8.349678884
15.331577844 -10.890037516 -0.128711400 -0.358601653 -0.516902605 -0.690364628 -0.357229944 2.377408440 2.241744460 9.507896662 1.675727087 3.107377971 6.581453503 0.818796225 6.486100727 1.935820289 5.358676035 5.890477585 4.430035197 2.375964721 -2.335853887 9.512420357 7.221236373 3.149428313 -2.490935395 5.536173020 4.676801082
10.564400924 -13.458547727 -11.400918116 -0.258015128 -0.631370465 -0.120689456 -0.721272199 4.827680095 -0.029813363 6.661621907 3.775559652 4.073736680 1.243554310 6.172572098 -3.098805140 3.338384604 8.243930533 1.054021997 7.866820852 1.815353725 4.962617531 2.813032815 2.768260265 8.027246124 4.875910614 6.199535047 -0.008015298
7.416628599 -5.924467062 -3.376093943 -0.302145943 -0.206321816 -0.891677080 0.266554162 6.175094308 7.895089608 1.577703337 7.775881671 9.002384678 0.350318575 6.482354943 6.616883962 -1.299531784 3.050864661 2.249383862 2.805982242 2.110281815 4.816399777 5.956116098 -2.283472327 7.420568526 2.557090590 1.056907598 5.155429897
23.131931137 -9.173921332 -4.953421814 0.058161514 0.742262534 0.431904089 -0.509040692 4.283833988 6.225727713 1.427914822 6.340467325 7.381567571 1.289060578 7.047881323 3.727305840 -0.217810785 1.804932037 5.797048028 -1.015418792 3.141640876 2.028078944 2.744291337 5.658795877 3.884339114 8.439950726 2.816366526 4.536022541
20.795170941 -13.674012266 -10.212120853 0.402169828 0.115172891 0.153340556 -0.895254885 3.770833239 5.999740114 4.669718465 2.559281098 4.955628798 3.663621019 3.738711514 0.062977764 6.014069706 1.668206202 0.953254752 5.756422203 0.031046336 1.530112940 3.582451554 6.901550135 -4.054793479 2.024855332 8.630509316 5.380750724
17.093124601 -19.218996826 -6.274795843 0.059549809 -0.624468743 0.696866068 -0.347664052 -0.843973574 0.373233558 5.649841174 7.277260679 5.452078663 9.032729618 2.648311550 6.642476220 4.083399934 2.748744034 2.195466765 1.794127896 9.725085570 2.888158515 5.909800230 2.784334097 8.684083415 4.501323655 1.543910146 2.579950531
7.334144289 -8.569902703 -11.868896954 0.454729010 0.221070138 0.603473037 -0.616579123 4.182734614 4.397919569 6.915900708 3.918734923 6.095597191 1.547248443 0.770271035 4.549962246 6.857046638 2.903468026 5.559532075 -1.729684901 -0.927944643 2.031282294 2.913634525 2.021847337 2.997938140 -0.827634351 5.624091121 2.450363516
11.483901318 -14.391319582 -9.683918135 0.289106615 -0.675692513 -0.447529085 0.509484751 1.648728306 4.478607814 5.050199217 5.988071923 11.005542279 -0.616766717 4.247629847 0.907969673 0.604776154 5.938600043 1.377480849 5.295945933 3.837663777 7.284852585 3.915578569 2.851341881 -5.420069886 4.729036831 3.736793205 4.775608849
14.650479623 -14.829990181 -12.445855284 0.733747627 0.014045755 0.054581869 0.677080465 4.541122874 5.997180291 7.146670382 3.138528257 5.880072619 0.687034655 2.034390480 1.409401050 2.765187660 0.253202367 5.730354023 2.991345672 -2.157167791 5.696639518 3.582095030 8.242245957 3.207493528 3.149574891 7.918795536 3.336158809
15.411997007 -12.708982290 3.185919149 -0.566794617 0.701059597 0.417702542 0.113065864 4.642756491 4.647837775 -1.632117028 -3.457450908 8.004905758 2.328928197 5.242880300 2.848070807 2.011552813 3.888089671 3.356463619 2.563508313 3.459754084 5.694812758 11.650437807 2.589783952 2.858361478 4.399273100 4.280295463 5.276935618
7.122891397 -11.996841025 -1.331470921 -0.647077730 0.398000901 -0.530192859 -0.376538480 7.719465320 3.550733939 6.533304098 1.998425543 5.651164689 4.210043694 3.812566113 4.438123835 -0.431205566 5.109026289 3.727439133 4.084862266 7.905076295 4.105892423 6.628116378 4.915915828 8.123171762 9.082558877 4.907618608 4.994974054
17.138625401 -3.832897950 -3.765811212 -0.860580436 0.341437820 0.357960384 0.121185360 3.566343855 2.822887436 2.151566513 3.052656041 -2.464354487 6.774141147 4.055917785 4.509359399 5.212756171 2.580840047 6.063546506 0.395189676 6.830572154 1.642755428 4.966777036 9.228203077 4.404369919 1.612270280 9.687254723 4.370025001
15.061475854 -8.082706327 0.345322951 0.325209310 -0.872043778 0.151769698 -0.332782983 6.141067626 4.382065993 5.116401103 3.304906449 7.670201170 3.294226043 6.412451419 2.175649452 1.896050302 3.788177544 3.586557399 5.603524422 8.197295217 3.194884988 7.166485822 5.932574866 1.544060740 2.310078410 7.524345490 2.411662626
12.611762003 -7.151752902 1.692565432 0.947269503 0.124919149 0.209298542 0.208013977 9.382453177 0.566384223 4.458838645 4.157350423 3.556542952 1.124802033 5.142645363 6.293480967 6.382776032 2.648821403 7.336237790 -1.743695804 -0.158427194 7.062096296 2.441610965 8.100245235 4.779962279 2.808269246 0.473503427 7.736867587
16.910251152 -17.232721913 1.962572619 -0.490271661 -0.039161926 -0.824693755 -0.279249445 4.294923934 -2.049143179 8.548876441 1.860448820 6.038207383 7.264587194 1.817831763 4.225653070 3.669740471 5.715902289 1.420037194 6.070832254 4.373974900 4.206811221 4.053011636 8.915145333 3.692050063 6.138705059 3.116653933 4.894802247
12.667275728 -15.296990166 -4.253010256 0.676453889 0.057823621 -0.355010831 0.642677115 4.188862543 6.531332370 3.902693460 5.965912866 5.075683841 0.815891086 -0.051996650 1.726585366 -0.417532109 7.861639910 3.893377557 5.100999379 2.426827637 2.852493434 -0.563262882 7.592383784 2.671648590 2.335326267 4.033503446 5.033321755
13.376643751 -14.281128689 -2.732046517 -0.058542024 -0.134825089 0.929736248 -0.337617441 7.443790007 4.899273212 -1.596943180 1.902667577 0.615429665 3.751574631 1.804532921 2.161986085 4.409776001 5.196900509 5.709677082 8.261311548 4.595007684 2.703561828 2.904028339 10.471085546 -0.836178381 5.141857125 2.333306927 2.584867230
12.365333330 -12.029983515 -11.318805861 0.315069043 0.671982922 -0.669409694 0.032574707 -1.833937219 7.331809540 5.457739605 5.023064290 9.158463555 -0.889474824 4.779878106 3.811968728 4.202798815 7.504232742 5.142063629 5.464334418 4.189768628 5.439343806 4.081948342 3.342159608 1.684563049 9.563056982 7.392947038 5.831493660
10.486445471 -9.351435782 -9.833628155 -0.141130883 -0.988827905 0.041396182 0.024244659 2.387228379 7.898533267 1.238437493 2.558665918 2.792178943 7.183554489 4.125910451 4.663796718 5.337723234 1.707639765 0.393938504 5.606023661 1.592165750 3.142976573 2.519329825 6.221782378 4.379904781 2.800842893 6.019271572 2.058657083
13.776733664 -16.077258559 -4.146559693 -0.598919416 -0.135138391 -0.270927483 -0.741371329 6.849260338 0.925074903 7.164091300 -0.545340543 9.437594993 5.584916269 3.965804632 5.317963491 5.429966000 2.457146016 3.412821795 6.085899545 7.905438609 2.452080510 5.070247811 5.618045756 6.281725087 2.121764253 2.562406452 5.939298935
17.960991160 -3.839615058 -5.352411291 -0.369205069 0.162479190 -0.626905877 -0.666541185 -0.781419098 0.121814410 1.430004637 2.754527521 5.447192122 3.541732996 8.909337776 0.572094058 9.348464963 5.690239860 9.468988156 -0.226197575 0.140827392 7.153533334 4.734470138 10.376711423 0.034313237 2.089673082 0.933646408 7.520970493
15.167825851 -14.383455053 1.538767351 0.562612246 -0.719958003 0.404285427 0.041002776 5.602973908 5.936118857 10.311235195 2.078702779 5.044123375 5.875224262 5.420684260 3.039246783 5.439053344 0.044631320 1.070791029 3.046339458 0.294463696 -0.195747556 9.208629165 7.239277980 3.557100185 0.931550683 0.605100888 9.952374419
18.120468142 -4.880662561 -5.535723362 0.469621442 -0.799480967 0.171228399 0.333116676 8.422507629 0.928707270 -0.589453504 3.250189434 6.897401869 5.025674521 11.810946646 4.258978279 2.777947081 0.353877578 3.863099403 4.637189304 10.651150279 -1.950056527 3.289909778 2.834912611 7.482031618 1.166962597 5.171826757 8.248142838
13.673834093 -13.592896514 -10.002046182 -0.150437731 -0.334071779 -0.907321022 -0.206235540 1.549756561 11.076139656 3.745630409 4.008568742 3.749556320 1.705147652 7.101250001 2.671148982 8.343827548 6.713536283 1.143353418 -0.851453202 5.096705350 4.080327644 7.543410361 1.172547974 -1.140083690 1.423803612 5.368279275 1.143116839
6.889168573 -6.984369203 -5.904503583 -0.426193067 0.189430336 0.772724652 0.430548755 1.862883928 8.088732266 6.234196427 0.180761372 4.475369588 4.513968127 -0.102256035 -1.195118845 12.011809252 2.005683321 7.789553321 1.755935891 4.226084285 4.772423009 2.789291908 0.675064294 4.322351097 7.252490829 6.955765333 6.215508656
22.153166062 -17.361323199 -5.723679564 0.153576479 0.802650792 -0.356508976 0.452843594 1.477135882 4.307611003 -1.919706767 5.735025423 6.442652569 9.326633456 7.188504839 4.297437787 2.599510291 0.372632424 2.216271517 10.975206520 6.366730505 4.405114698 5.048704365 3.250721367 2.294155464 1.328890651 6.486838243 0.029986730
21.856012714 -12.936335812 -1.586966907 0.382808903 -0.070267489 0.309247512 0.867689922 6.061650017 4.324556571 2.611568998 7.610923056 0.118123633 3.424532202 -1.099643766 7.683711103 6.013131588 3.850825897 7.158997679 2.742743662 2.261298691 1.214192012 7.033050899 1.546806283 2.638938737 2.013564718 2.555411097 8.412176532
12.670331851 -11.188179672 -9.332960813 -0.750656423 0.335253266 0.129157835 -0.554471312 1.955613927 0.075770459 -0.056203600 1.970154218 2.643722498 6.129410185 2.958498248 1.376756981 -3.111330830 3.902292152 -0.042777371 0.361684144 3.666550297 1.234306896 11.790228634 2.398161715 3.185171520 0.085961586 7.305322273 5.530549180
16.194683947 -19.617945805 -8.050163052 0.026131069 0.697940381 0.679637347 0.224253134 2.043650409 9.355804864 6.445867359 3.384859247 2.457721553 1.453078849 2.014062921 6.551988527 8.522914901 10.076562959 6.790816411 5.400845512 5.220943979 4.882753310 5.080632459 5.112919561 3.018456651 4.647149079 1.315264435 11.659565773
14.053604146 -17.308475109 -11.691443123 -0.115269254 -0.463693007 0.878450440 -0.005159314 3.973961671 -0.902406195 0.365262236 1.859954994 9.808081211 2.602742762 -0.604289464 5.106601872 7.233057489 7.107041927 6.603105471 3.348074012 -1.255174227 4.588595363 4.888415404 7.660315877 4.083698967 7.557653885 1.155811132 0.085397619
8.528490397 -14.311125595 0.534346988 0.956369303 -0.072900691 -0.282880618 0.004669288 7.568679290 2.297962701 0.875718379 -2.610017938 1.489838859 7.719243132 4.237056829 3.814002277 6.762432307 6.848607736 2.966393255 -1.555748009 5.991317081 -0.287369745 -0.104999962 -0.880523026 6.935194047 3.683676750 1.905534986 5.904579346
16.649604112 -12.008408229 -5.934471603 -0.576955895 0.543961550 -0.607170101 -0.050716809 6.311508123 5.127078490 5.099851794 6.423963743 8.872667974 -1.237195551 -0.190133713 1.714277893 -1.799642306 2.762295809 7.390286133 7.306778282 6.422377986 -0.355473129 1.298475639 4.291136559 11.048514618 7.455722884 -5.638180268 -2.332919214
9.737516196 -15.336817349 -12.892283618 -0.624713487 -0.139136231 -0.110032716 -0.760438669 9.636011102 1.233407975 5.088025525 3.671700258 5.960767982 5.393366124 2.528480166 2.102015766 -3.062983752 5.888096529 4.548629180 8.542810765 8.159215610 5.444244921 -2.235708474 0.393278809 3.192110191 6.136130990 9.986380177 1.168334623
18.163005586 -7.077409673 -0.025211415 0.381295713 0.185905087 0.876878277 -0.226135721 0.369704431 2.326705128 6.175217973 5.551031850 2.627730444 5.816859384 1.400159990 1.104898744 3.673152367 7.169255560 1.957543031 4.582424505 1.978554688 2.729558702 7.214414831 0.069710850 -1.743960659 2.691946555 2.940913972 1.420127664
12.225753496 -11.680748940 -0.970983794 -0.333962005 0.657595989 -0.288676129 -0.610494052 2.862598517 8.266515684 0.279407398 0.351980493 6.100170330 2.595407988 -2.658144632 3.968160586 9.354711737 8.347060299 4.418550512 6.000414904 -0.263183872 2.805958038 5.766825206 -0.002629995 8.574328867 6.302748105 3.827227827 2.130303206
9.295618885 -6.854091639 -6.843759959 -0.262602834 -0.390976783 0.584222369 -0.660954711 -4.089539938 6.989582154 8.519082623 11.673509919 7.187097946 2.775271379 0.624058758 5.480746822 3.090092969 0.251166628 5.286108072 4.190011310 7.574966043 5.861379467 1.610011452 -0.456080879 4.502740116 4.442355945 -2.170601663 2.734967608
13.218300227 -13.208948872 -9.196632806 0.239273250 -0.928477140 0.163244106 0.232443271 5.169840903 1.574089618 10.499395887 0.829748847 4.138917893 7.897800262 5.009053794 3.613736683 2.411599950 -0.360644722 9.294402783 1.983137517 -1.041642912 3.478776310 2.101331280 7.910411714 1.016774592 5.984540800 -2.812833899 2.870128068
15.723510912 -16.351312884 1.599314619 -0.387932078 -0.509802338 0.638102340 -0.427124904 8.163075042 8.292239448 4.024306744 1.487365562 0.055657960 1.298827007 9.391547337 -0.952400234 3.264178072 -1.094534194 5.182717325 1.094314710 7.390235739 5.384394648 5.255426592 3.491570120 3.009474094 5.353669144 4.577204341 0.491276377
19.419827695 -7.680320886 0.737045139 0.502659658 0.834563290 0.125375472 -0.187398974 -2.385897022 2.258621281 2.373751254 5.213819506 6.650604927 7.620372776 1.366949248 8.721746085 5.073990317 4.130568716 8.612760870 4.450085369 0.344228089 5.279913472 2.503819215 0.093874585 4.054400776 6.578029625 7.400809912 9.085614164
6.783295236 -11.751212771 -2.819299646 0.856139466 -0.196086914 0.175566454 0.444692655 4.687101737 5.635450453 5.520685907 4.850775226 7.618631200 5.225526366 1.690234050 1.311625872 7.122780064 -0.916334849 4.874820646 6.342020985 10.410506635 8.956401671 3.513355730 3.477426902 1.899504047 7.959239995 8.049697403 4.310540807
20.280334476 -15.756025127 -0.782688761 -0.538620317 -0.367784749 -0.296565166 -0.697618545 7.158616673 6.682666394 7.243108277 3.734059756 2.006164771 -0.133164231 1.900521588 6.258877653 2.834406448 4.852612549 7.265650638 4.149873833 7.446996515 0.976169841 2.494632067 10.334146030 2.005247502 2.199665059 2.107178270 6.471233152
10.519598054 -6.909344821 -1.414108629 0.417406068 0.748185123 0.169286532 0.487168622 2.150317875 5.862620221 -1.637545515 6.319630888 4.534767703 7.528571221 5.655769977 5.382046370 3.394170185 7.023692332 5.178669705 -1.588535313 4.392064917 8.147583473 7.265337477 0.625712620 2.147332699 -1.399184043 3.980111661 5.664575314
8.644586819 -10.030034136 -0.710139869 0.297067299 0.947258988 0.107257107 -0.054289428 4.432671049 0.566486835 1.403342142 3.855240030 6.873971893 6.315480510 1.324099374 3.417799753 6.339328962 5.019557112 5.534984016 0.674899153 2.282511854 2.568251831 4.315812904 3.610312514 0.649106755 8.510933479 -2.243676264 6.063435705
20.248845135 -10.623749885 -12.520590687 0.464938932 -0.490592625 0.703562308 0.219432777 3.858261831 2.846686827 0.597678011 5.828796153 -1.791657811 -1.033419114 2.566242112 1.688380967 4.355135392 0.934657713 -0.086703085 2.753727022 5.504377745 2.981649162 -0.409962059 4.601622589 5.968705031 7.095091392 5.324002612 5.359524725
17.873738249 -16.051488818 -7.750253535 0.557909497 -0.763160459 0.305955617 0.112757557 8.036964278 6.727425391 7.178468029 2.939448605 2.486217390 3.764954484 4.008468688 1.023983026 1.236400904 5.726492751 4.808468378 4.329104269 6.166873352 4.725625354 2.521163948 -1.864143420 9.825062250 0.230516463 7.577212609 3.029370553
10.447244460 -11.399226111 -7.417547860 -0.623436757 -0.682312583 0.336003874 -0.181321663 0.111923844 5.906951755 4.790788628 4.897728311 8.992628287 4.132080530 0.589780174 5.392170818 3.656408622 2.851167076 6.327291798 8.573197370 3.576885443 2.633000642 2.416739160 6.805662688 5.866672307 10.391924512 6.767926385 7.286072320
11.291599825 -7.022397894 -12.707882857 0.065429204 0.514731506 0.816191852 0.254167969 4.864433294 0.863545957 6.930440164 5.724936975 4.095558175 2.244478113 9.579888130 4.139991684 6.855717385 -2.367788858 4.964933576 2.319671982 4.978622918 5.536337719 5.720111833 7.877233155 6.289359526 5.591931444 4.697436501 -0.114248626
14.124942558 -13.607166467 -2.122069341 0.678517500 -0.732193598 0.053518746 -0.025343273 4.808917120 3.002440437 1.245472219 2.286555677 6.601271168 5.670640154 9.494663626 5.948866379 3.306567554 4.075554967 1.074868476 5.224067025 5.513873472 6.220159818 6.780872133 3.494036210 2.028755429 2.393124473 4.536635569 3.935666308
24.007892946 -14.926697114 -6.361807657 0.524107399 0.137410704 0.560738812 -0.626100405 6.426467109 3.096643552 4.816123467 3.586291846 1.490020183 0.600234890 2.825004773 5.094557409 3.719381981 1.854072610 5.159553248 4.535291918 3.957164243 5.726259978 2.276322088 3.935646270 3.434836376 7.720410862 2.651559546 6.296913255
23.415513744 -13.868765553 -9.872559229 -0.234224574 -0.738267426 0.304180149 0.554593990 6.846676520 5.161263621 6.267485642 11.504113015 4.014972981 0.607304233 4.009653851 7.731299326 5.708395746 -1.922801626 3.038078986 1.615751194 2.122805189 8.758169628 2.102957399 6.806295896 8.810684453 5.314208767 3.671206167 6.896005258
10.248263084 -10.166608122 0.374933049 0.392688971 -0.641366852 0.533120075 0.387591175 7.518984134 1.851018598 3.770856185 -0.728111473 -1.349004628 6.239098810 8.455509833 0.124395677 5.209021637 7.232024003 7.869651228 0.822289180 5.183778295 2.669387376 5.065553473 1.542069686 4.556576002 7.674532414 4.823993446 5.283924459
7.159990897 -5.263561734 -5.877798310 0.691522739 -0.280476088 0.660804283 0.080418687 3.695861479 -2.546923257 5.133923326 4.334399265 4.217391433 5.610369710 7.141631481 4.775508655 5.672796587 4.582828393 3.739531769 2.024763360 3.523157298 5.173625013 4.951003229 2.152003239 3.713022880 5.214141441 3.790008521 5.295665307
14.106419355 -10.033120907 -0.767326129 -0.832777304 -0.543648223 0.013703102 0.103637813 1.969857506 5.518505533 3.837824213 0.741706401 -0.313223487 5.829422404 3.115298659 5.726272997 -0.577612448 4.061802431 2.831938089 9.676735574 -3.123757444 2.567657334 3.691467089 6.687050063 6.523464301 4.043852379 3.273996244 4.213992411
23.918953626 -14.640355447 -4.673743058 -0.619900832 -0.419227479 -0.075174649 0.659029628 3.386809851 3.880865679 3.597169746 -0.734413429 5.332322676 4.304913404 3.182738276 4.095407331 3.666996185 4.874421758 4.801096500 4.565113124 3.864748490 4.742867583 8.130992723 1.610563715 7.389150640 10.483658658 0.048662445 5.636760663
9.304796490 -4.561274601 -9.712347430 0.611476845 0.717119198 0.091630261 0.321620925 -0.602518121 1.427605288 5.904823351 1.546727136 4.770507475 4.046578946 3.496988839 6.539377854 -2.575848047 10.526340880 7.924762958 6.090893381 4.521815442 5.993442143 6.956162056 5.549660982 7.281552866 6.401308045 2.878365728 4.352174386
15.457227031 -6.883732964 -1.374066175 -0.941748790 -0.128687670 0.306887538 -0.048669690 4.978485266 0.375473172 0.845832228 2.778845476 0.768922619 0.509795964 2.437452966 4.572369068 2.709944416 4.007088345 4.826898941 4.143610324 8.165625059 5.651975798 -0.763533923 2.435007697 5.220184842 -0.283560034 1.611102216 6.259644663
22.193823304 -10.397067185 -1.945069370 0.622084484 -0.029237389 -0.775188180 0.106015827 5.685776145 8.434144714 3.168912001 2.339190677 0.838730597 8.133783034 3.630645034 9.603060811 0.809770349 5.818618229 10.422609335 -3.935941206 7.495306793 5.623823107 0.847088992 8.588389874 7.112612096 6.813225655 8.609195483 9.954067968
19.717866530 -7.448313443 -6.196491238 -0.532047410 0.634415714 -0.089523832 -0.553559156 1.996177655 5.290953210 5.221623742 5.248592749 3.033549013 5.623059166 4.487046159 1.252235041 9.014583089 6.835681383 -0.752400599 2.864073938 5.641582563 3.195441376 3.382141751 2.709493413 4.067771099 -2.534438306 5.989882508 1.530475215
7.316820429 -7.825956082 -5.700115365 0.135413201 -0.667386782 0.162528546 -0.714032646 3.424429966 -4.420485779 8.594959871 1.618531538 7.777240303 -2.328027980 6.456064965 2.990914710 1.145815408 7.232787120 3.948772260 2.942676121 6.633650998 -2.766655071 7.281598119 2.194285367 7.231886169 2.568042661 2.895800101 7.024903096
21.432642576 -6.998952803 -1.349055686 0.790104940 0.073435692 -0.266123336 0.547283979 8.104333823 3.020357621 2.364095870 3.094984421 11.206375866 1.282931019 4.148675394 10.747632064 2.436221403 6.858511554 9.877681590 1.333978127 3.065195840 3.596248128 0.112489198 5.082625853 4.475824143 3.841399251 5.811258192 5.351933885
12.589674797 -10.880376924 -3.363939314 0.347827666 0.496141140 -0.600666279 0.521593620 5.023613022 6.310912369 9.274056720 2.276548304 -1.039094901 5.914885248 4.413591778 0.430681170 1.513649431 4.634540781 5.129482033 4.701390723 0.077611687 3.088214933 8.091393266 5.738575830 1.649719510 2.876257780 -2.090736297 0.924654470
21.436164046 -6.412930136 -9.221966056 -0.794830444 -0.475922383 0.146164299 -0.346955975 2.655499194 2.281628382 5.149827326 8.113245439 3.476210162 5.286368572 7.270428253 4.619684042 4.925727286 5.792655335 2.166306249 6.065481601 4.665455903 1.494754920 -1.080680932 2.172015407 1.482914910 4.348939048 6.987120965 2.832845973
19.581684930 -10.973534790 0.471924255 0.728592555 0.374051463 0.506664349 0.269313256 1.767362979 -0.513868960 1.616822932 4.653765744 -0.030113015 -1.000481874 4.026764216 5.759914994 4.863116471 8.213680192 0.627335004 5.591769335 3.205607239 8.563038043 10.404678176 0.583648900 8.743373552 1.994348023 0.532939221 3.586109008
11.231894270 -15.555521972 2.118424175 -0.017166572 -0.322542751 0.696683034 0.640549946 1.067682182 10.786703055 5.749434443 0.498634823 6.576302048 2.871197890 2.716475144 -0.072511357 8.795355835 2.554559970 -0.875117343 7.466883058 5.766973683 5.140169404 -0.890553547 3.241195809 4.932400303 3.809697950 1.825868521 7.583789438
10.984625741 -17.759146961 -7.573741155 -0.699137261 0.330356385 0.618630645 -0.139168509 7.032802341 3.351611067 3.998368795 4.025065889 6.975772162 9.083374251 4.454441018 5.527076349 3.027078543 3.785752575 8.498666380 4.213922635 1.146455326 -0.543326616 7.402761024 3.187654483 4.217670013 6.896238678 3.358693573 5.946613760
17.731296537 -5.739207536 -1.800717954 0.619712102 -0.657915155 -0.348906021 0.247727974 8.725153014 6.217223769 1.746030580 6.534096801 -1.747292362 7.205505307 6.484362536 -0.658626334 2.625742557 4.402794757 7.510156278 4.412170255 -0.960659500 0.701008509 -0.553064820 4.396911682 3.602589052 1.775394148 5.996338184 6.400091255
17.571032722 -2.693774560 -3.876247718 0.225199647 -0.533901512 0.013829815 -0.814888355 4.059687032 6.925861033 3.191094156 2.243550328 0.935396940 2.683712720 4.346479157 4.072374729 4.502723011 5.752959915 2.737638402 7.185834563 1.278510923 2.872958301 5.873772164 9.158185289 5.465875465 7.468951699 5.549531285 0.592540403
17.994305380 -6.710722437 -5.859579908 -0.449823760 0.866049662 0.049442177 0.212537148 4.023869086 4.136333652 5.130981105 4.867778069 9.974896783 10.357382491 2.305174683 4.214094719 5.995157453 0.830759452 0.293437958 5.811674739 3.932505915 5.379092608 -0.905128584 6.104812054 2.078937107 4.665496189 6.953045104 7.479769465
10.169219586 -6.047008363 -11.820933969 -0.431718503 0.749722511 0.250002511 0.434780444 6.271957003 0.303545670 -3.812075880 -0.272830143 7.007574513 5.606154096 2.955785206 -1.223498850 5.860036518 9.409818656 5.211092735 3.520760178 1.229316027 7.164705926 9.202040982 -0.136119544 5.533686193 5.204960223 -0.337966757 0.063810067
14.853102643 -17.776568773 -0.356047695 -0.892066565 0.225444858 -0.388450497 -0.049980706 3.149599536 4.075392023 4.074354232 8.412714160 3.791817989 6.928310994 5.897690827 1.290591234 7.745538700 0.080488677 3.069568332 3.539842560 4.365773545 1.002443072 7.795554418 1.092713084 4.314787644 4.453618681 4.842515880 1.004446850
20.951390356 -18.308601976 -3.690772085 -0.545046700 -0.324973949 0.699742554 0.328140802 2.770794062 8.668238175 6.468625501 5.357863646 5.993725670 7.999239576 5.543484474 6.802988212 3.700856022 3.857925230 7.914782410 3.814679306 5.646953996 5.691877966 8.393511427 6.296042767 8.793674415 9.462893046 4.777229617 7.409788162
5.982998273 -9.383185217 -2.559863687 0.250971009 0.514067572 -0.792676556 -0.210741457 2.451886993 5.728843131 2.427134680 6.508360430 0.741653849 1.865213681 1.198278472 6.774777348 8.767015135 -1.103087961 4.283130162 3.542733489 3.933328654 4.090424634 3.294847953 1.936744128 4.792879240 1.647222753 8.646340152 2.676470434
16.400677220 -9.560584208 -10.024387288 -0.364496868 -0.599645479 0.540989864 -0.463570168 10.232915442 7.606889635 4.846343240 -1.807137686 6.377319406 6.949195366 4.330136145 3.102765449 7.486809250 7.572542047 5.618845862 2.545084984 7.209199066 0.866614227 9.011764046 7.617442538 0.559005934 5.091931974 1.356364734 5.746048583
14.549132956 -8.845997562 1.833194476 -0.804547311 -0.169495447 0.560734936 -0.097730494 3.204182063 2.594312393 7.147909054 6.888703754 5.672931741 1.279141380 -1.420650091 2.154601526 5.774686206 0.676488655 -0.825646720 6.106199784 2.361069081 5.040024830 -1.529791969 6.996690394 6.352882203 4.712639290 5.385095517 2.271409588
19.682178052 -12.811082697 -1.849928636 0.484354222 0.618227357 -0.164672385 -0.596723494 5.595283881 5.095752052 3.153888060 1.056460681 2.669952123 2.437268665 11.214677136 0.456879351 2.523293266 7.213020646 3.753051775 4.946556575 3.520143675 1.330472566 -1.102662763 11.207991455 4.892800178 6.273528987 -1.431864486 4.952403481
9.031174361 -11.069341078 -13.433392565 0.110681282 0.934060988 -0.200569804 -0.273955249 5.426905560 6.921437683 4.765855907 2.624848453 1.095575055 4.569968080 3.319842561 4.313851080 3.039029272 -1.083907357 -1.197718415 1.414267721 4.752842437 4.570425311 0.967408195 6.672235942 1.473742166 4.279001075 -0.107919685 7.357259286
12.175158221 -5.249627029 -12.157711364 -0.601720794 0.327842133 -0.313236773 -0.657521365 5.727021225 -1.661029630 2.760252567 2.431976128 9.170377348 -0.387457613 7.867424364 2.019151793 6.340995649 -0.679468510 4.143109883 6.271579206 4.732685855 8.476821560 -1.085171668 4.936051040 0.308163726 5.207337404 7.936003345 1.028155614
12.811115456 -13.738011853 -5.724080906 -0.062006671 -0.072195708 -0.966869790 -0.236866550 3.532357946 5.957236934 1.265028697 3.667331990 6.976103583 4.486557751 2.946298790 4.963160907 2.115992651 -1.389660220 -1.027280162 5.549464872 8.380294448 -1.628525907 7.772919484 4.587047863 -4.696334738 5.242153966 2.416017610 3.090749425
16.987697604 -5.609510814 -1.830930233 -0.745943612 -0.388977424 -0.338350292 0.421644129 8.142288705 3.883032269 1.731347719 2.799684473 5.787901102 -2.091370721 0.069602417 4.964732990 4.495950250 3.558801520 5.511939373 -0.110661575 7.635134736 5.156976678 5.343589700 -1.869697803 2.311397059 3.633940868 10.484470443 0.185486939
8.975908578 -12.584651724 0.088104747 0.518111314 0.101997350 0.722341318 0.446520130 6.980409500 2.262243154 7.332252603 2.011641854 0.354919089 3.480074915 3.454612696 3.144516804 -1.845553839 8.895939268 7.186948930 6.927070231 -0.468629603 3.805854962 0.081726523 5.203024460 1.639788483 5.081130317 0.408325447 0.284174782
12.466070420 -5.712107359 -4.150459152 0.068762239 -0.140326658 0.117318051 -0.980722519 6.809447519 4.257015500 7.301010259 1.608926352 2.227579800 6.940997380 3.984172876 3.252663171 2.664606319 0.427380296 1.152752875 -2.318930620 9.223448722 2.041782717 4.674604335 4.965475726 5.322118381 6.669202472 5.149242186 1.351263082
12.168997832 -11.528931548 0.107385404 -0.288127194 0.614630703 -0.671970528 0.296086861 8.725087176 4.394134276 6.385408271 -1.808731036 5.199315143 11.197718884 8.739335460 6.717933522 4.620061089 7.593920752 4.493302013 7.466106479 1.094490651 4.688972092 8.462073740 5.751752686 5.102974930 2.983201804 -0.087414406 7.055643882
8.652760851 -6.041428133 -10.215388743 -0.190611602 -0.695501366 0.634211519 -0.278784534 9.407220927 1.342261973 -1.931169764 5.656725982 4.817199636 4.978121299 0.870990262 3.221674132 2.632287086 2.203706855 4.261203715 0.159853174 6.234287535 7.592202816 2.650551044 1.080483177 6.500837555 7.644413913 7.286363922 3.297142182
15.357214935 -9.311443022 -4.537629095 0.122929656 -0.108710896 -0.943534694 -0.287771647 2.935039744 3.942604824 3.302062650 7.270951780 5.268064066 0.269506139 3.394188214 3.152173236 6.505894630 2.827543512 6.699823079 3.469863433 8.967913122 5.159050398 9.731463485 2.489414241 7.933171247 3.960259592 7.223078440 5.023183442
14.687686062 -16.716674545 -1.007581996 -0.488872656 -0.557867216 0.489927621 -0.457994129 3.326635678 4.275798610 11.577338070 4.723824119 5.746798581 5.804383775 1.084893398 8.055106124 6.837331700 8.085144918 6.406384864 -1.064265946 0.054814285 7.154538431 3.322829721 4.190629140 5.706050730 -4.530318832 5.841340198 5.354597367
11.796104061 -19.360741481 -7.202108497 0.574837244 -0.335034301 -0.673965362 -0.321068297 3.119951796 3.459651735 5.449414162 3.878307702 3.179015997 6.388415704 2.595908621 4.575771478 7.679661755 2.258096370 7.024590974 2.390190469 6.653581868 6.538745291 6.911698798 5.563635448 -1.827431345 4.089001328 4.526431784 1.604726338
16.715493231 -6.540945562 -10.893585188 0.741250522 -0.427280873 0.515937945 0.042270031 5.346910197 7.211328390 7.736196720 1.026854336 2.091654988 3.638755937 2.171941794 5.552903922 4.295442268 -1.997303503 10.179374704 1.954416003 -2.043857844 6.806952519 3.205828594 1.493587441 0.464225193 2.946620607 3.230332768 5.507855559
19.946938922 -5.853356000 -8.676930964 -0.307223149 0.012876401 0.949943541 -0.055275701 6.155730300 7.556652988 7.583795776 9.225308219 3.387976621 0.846916801 7.068642872 4.829570126 1.917544351 9.384515344 2.757181322 6.918136708 -1.119686602 6.473129270 2.684259861 3.903296306 -0.047036240 0.483632534 5.794530701 3.144799734
15.675348348 -17.356306934 -10.052929840 -0.752850045 -0.083912588 0.540624401 -0.365924508 5.519256986 3.080096434 -0.739841674 12.762120599 6.935667266 6.119666130 1.714528880 6.327665380 4.200510991 3.580433315 1.123595329 3.912028551 4.510444803 7.820125078 5.803489418 6.975173241 7.809056215 -2.389806020 4.002679213 9.050844943
21.450499306 -10.083258931 -11.457229069 -0.749770541 0.252162868 0.491081129 0.364825094 -1.522996034 5.797112634 4.246548250 0.160844175 5.519094257 3.644872846 2.982018207 3.975541759 6.962222085 6.586488592 1.958187739 1.473108596 0.765956689 4.323939853 4.864181341 6.974840551 3.554889914 1.764464029 3.042170206 5.151147363
19.895323762 -12.554110651 -1.742488590 0.472596565 0.070958321 0.653870102 -0.586575906 7.870322776 6.898729515 9.472703889 4.454557115 4.280986236 5.853521918 2.514913959 5.768958533 0.697009235 4.537187591 8.754681011 7.442588956 5.980885109 3.710413298 5.315808622 2.561291456 0.151506174 5.924029798 2.587925660 2.140443287
21.159533585 -5.024164174 -8.180806992 -0.175128792 0.828377407 0.394972965 0.356534899 6.151210082 0.693749008 9.198213372 0.555146818 -0.480938810 4.564210172 7.673378849 7.222734790 8.559979880 6.014476918 3.630636800 2.057934642 2.061719026 0.022498126 1.668821693 8.945186925 2.463957198 3.547343852 2.123316793 7.725190064
10.726457887 -7.006539760 -1.360055029 0.123550248 -0.620768260 0.692541732 0.346075212 4.635518220 3.952612789 5.393761985 2.003408543 3.892141012 3.025807316 5.562579147 2.551587555 0.689849699 7.084568931 2.759952749 4.836169947 4.731544187 10.104670436 6.655768145 8.046251088 2.255989230 4.097320282 1.746029592 2.621692147
13.400894614 -18.397793945 -3.631033555 0.199739208 -0.751370615 0.391620787 0.492117473 0.502775736 1.110818919 5.133859086 5.106205788 1.208702641 6.862622747 8.660338846 3.469834431 6.515754514 1.431727053 1.938473162 6.591832369 2.467643277 7.179525921 5.487562450 8.322080820 2.140364143 3.536643927 4.962976115 1.275760156
17.479401501 -20.512663771 -9.182104169 -0.623331976 0.595688771 0.387763293 0.325962826 2.694410389 3.640027920 4.068971789 4.416248347 -0.178327252 2.292604592 1.970291470 0.967511984 9.271068544 4.079510979 1.551821349 3.012105616 3.887346182 5.137502105 10.955247693 7.111757051 6.361053528 3.315916530 1.638532396 1.753472795
12.821332100 -18.539403336 -8.997247206 -0.239304490 0.460040009 0.800113079 -0.301522159 3.349837189 6.919918823 5.942754641 7.161745168 0.443346633 8.307873044 0.625579815 6.909689266 4.114237296 4.931397067 3.075630225 6.869389266 7.538013877 9.726880830 1.546128369 2.586079476 8.347429822 -3.033393455 3.856882807 5.001132331
6.943809629 -12.200720990 -2.984051191 -0.184331913 0.194772695 -0.505643653 0.820006000 4.022393487 2.579144731 6.942238031 3.001385339 2.967243273 1.130236906 3.095900082 2.420348111 8.747119700 5.161109570 5.535145429 2.194627601 4.208751771 0.003421710 8.724735433 7.912890477 2.055569878 6.621917609 9.270172087 2.566748206
8.276467533 -14.971838520 -9.349696584 -0.913692545 -0.242466303 -0.201495903 0.256467204 1.662564370 2.762668594 1.234585641 6.763157815 4.212167289 0.046841950 5.368347167 3.927848175 4.810720924 3.236967664 0.733419349 0.157266376 9.556010892 5.461272784 5.010747830 4.856847177 1.528931501 1.154639094 4.096154186 1.253249222
18.093460956 -7.991024083 -10.440300682 -0.482908311 -0.127004540 0.423220960 0.756011527 9.694763897 7.443555946 8.221979807 4.890437700 6.485611870 5.247291157 8.647411445 1.120417179 2.256334868 5.145176237 2.557670554 3.095700574 1.859160652 6.200311388 5.242731249 6.802395039 -2.180528273 6.602005976 3.380639373 1.825527602
10.056115957 -13.952851629 -11.636694007 0.646160136 -0.175814787 0.733861923 0.114074174 7.692901670 3.938907703 3.135969165 6.567277714 2.481165373 3.902717151 0.718470024 6.461939055 5.986090491 6.553361048 4.462630595 1.211371230 1.392017176 3.332836494 13.612794857 2.833921516 1.998222094 1.838479278 6.705317332 2.209107991
16.129464363 -5.362559896 -8.419388956 -0.184274466 0.869620668 0.458041953 0.000620301 0.784213597 4.627350656 2.577148803 7.921163961 1.587937034 2.407630172 8.783353641 -0.397958805 6.390689432 4.643786859 1.318960906 9.181475548 2.353255913 8.094218198 3.847738396 3.257584002 1.391050705 1.386236251 5.487463576 4.971330192
11.372131286 -5.193254146 -0.909896936 -0.749290779 0.452817345 -0.445912638 0.186230232 2.783192043 3.578440517 -1.692917835 1.804035206 1.008351238 0.641207271 6.739475541 5.052511341 5.488682222 -0.598667738 -0.496332958 5.748580696 6.300668153 5.811056799 5.878530521 -0.552987588 -3.389402016 -1.067648394 1.182984259 6.859966292
14.441142126 -3.415272577 -0.238391035 -0.587079381 -0.779343251 -0.215299238 -0.040101573 1.372988537 7.791190685 2.070729049 7.307707920 4.401607357 4.198254772 5.316684167 4.472376552 7.045800842 4.046853007 1.341127959 2.325592535 2.133230513 1.745716124 7.047165974 2.937908747 3.562147424 4.201871474 3.171520677 2.603459277
13.527549570 -15.283203030 -0.095905552 0.227564620 0.728114124 -0.354943211 -0.540443784 10.763199203 8.509479869 5.467731783 5.004122025 4.928887291 9.098284901 2.162880270 0.740941803 -5.923739639 5.837091691 4.495824810 1.375430572 3.688780717 7.851848342 0.532674724 4.807120753 7.350172131 5.207479654 9.146977896 6.160610700
9.880356023 -7.201957385 -5.618567523 0.609219762 -0.303681934 0.714850119 -0.160055839 -0.297062912 1.539714316 3.869817085 5.221195117 5.808057739 2.915692630 -1.765899954 5.372812838 2.854207742 5.122026148 3.768498602 0.489727602 0.344991182 -0.259446054 6.796280213 4.824927249 5.575218783 7.277272160 5.585967378 4.863322784
14.995511894 -17.197508773 -2.156073185 -0.131613527 -0.120857944 -0.354590023 -0.917789274 5.049378445 6.033158957 2.054216258 9.945401414 2.207661964 -1.499368967 4.191112940 5.188726591 7.034960286 4.850367524 6.195726800 10.130301884 3.821340128 6.075696201 2.664604799 3.227210567 7.171726107 3.331412239 2.847324581 9.709791944
9.932909892 -17.648558878 -11.039846149 0.110939659 -0.357172198 0.760559987 0.530724899 6.427773976 5.214010874 2.746923167 5.115091899 -0.170571654 4.085321897 1.265522564 3.883432406 4.428083099 5.682846745 1.441255916 6.303874377 -1.324895550 -3.649211913 6.219422818 5.491522661 7.531439813 -1.230287156 5.134600274 5.547986244
11.481123438 -4.289805532 -9.542833112 -0.310067389 0.000304713 -0.950414031 -0.023901710 6.832429822 4.111065326 3.474522093 2.160345124 5.610184392 2.865905800 3.037285215 -1.800842493 5.388449534 1.914216102 7.386922640 5.100819023 2.194855061 6.000752158 -0.496062711 5.547686466 1.109391399 6.096471883 8.217158482 0.094073553
17.180746987 -12.772818489 -11.750116504 0.206846110 0.808109154 0.170287516 0.524572630 5.350154987 -0.975944466 5.417814108 1.296898324 4.636284367 7.328267176 6.640552310 10.348748679 2.090396815 9.249155300 3.060015521 2.314758089 0.265186012 3.778407582 2.704336099 7.208833667 7.579174136 9.295141259 -0.877015613 6.056947225
8.968619916 -16.372738959 -0.940558898 -0.079193305 -0.398482380 0.688557549 0.600690199 2.499655520 7.704683204 8.089358818 3.839571624 8.077476307 6.221833641 7.755631827 3.843692533 1.470427655 8.958834413 0.983337157 10.746645169 0.824914956 3.821520151 3.922118775 6.316584977 9.206265476 5.157003743 0.738206330 6.365397307
8.984685860 -13.985149938 -8.536322007 0.234994740 0.233847020 0.840201392 -0.429132455 0.322278490 7.566179713 0.471249000 4.719353120 10.014792010 6.563888189 3.240526578 7.045364409 6.464919452 4.411475592 2.830718508 4.055042384 4.635526649 3.144514135 0.153426472 10.334724131 2.158497064 0.112479871 6.776869560 7.845366282
19.355211758 -12.941137218 -1.936635852 0.375132030 0.882179839 0.125084834 0.255711704 3.386137795 6.067048918 5.409659690 2.823241840 0.731616672 5.052613912 -0.484378839 5.818450786 3.070299112 5.497129702 3.721640243 2.805882047 7.476595439 1.707222694 1.099935477 5.363991840 4.233839629 4.377311087 6.345755073 -2.869775055
11.902707016 -16.524199019 1.220467041 -0.266046353 -0.768526673 -0.566280491 0.133837575 5.174300210 7.187995849 5.069114626 4.764198005 5.535890505 8.177768842 7.957727532 3.702865636 4.037924961 4.691819657 -1.044366594 -0.303369123 4.525944537 0.876683695 8.271049443 4.326923513 2.765425862 -0.393212611 0.066343220 3.183165678
18.667595402 -7.455186252 0.159112192 -0.432591744 -0.007069749 0.600254295 -0.672688028 2.649621664 7.629167442 4.008955637 6.498737290 5.418692839 7.710990055 6.148810683 4.611417565 8.527555840 5.224494377 0.186052981 5.051635813 6.820143487 2.981034249 2.775188321 10.997617740 3.504303532 7.949699182 5.016869842 2.195110898
16.272674076 -13.636832270 -1.340734813 -0.165054233 0.128309498 0.865461307 0.455269700 0.630931586 4.035167577 4.732195649 2.061271953 4.272305058 4.974143159 8.379093549 3.656425149 2.666836497 5.599298554 4.364298129 2.144106058 1.336279185 2.334351523 6.777526332 7.655117050 1.859549131 4.513328262 6.371606192 7.377499315
12.577989043 -14.526409454 -9.957131471 0.354882825 -0.926801654 -0.122867111 0.000739416 1.969479520 4.317933762 6.388669883 2.632802793 -1.508166650 0.100446090 5.949840062 2.058659947 2.553944447 5.458094427 5.693716110 6.239823351 2.199682540 3.702126188 1.419282118 0.954890522 3.040608326 8.184038026 0.316934263 2.065418586
11.857823587 -20.158666207 -1.406659227 0.202686192 -0.655636456 0.025617466 0.726913262 1.262305818 5.106089454 6.819273044 3.769899125 4.956166149 9.779419465 0.936670835 5.545913792 4.989888841 5.636938978 7.015957122 8.477933942 1.521462435 6.257796450 4.377662882 4.570844112 0.130886250 1.148263994 2.028552202 -0.574969930
5.960893574 -15.627039776 -3.719796855 0.307394863 -0.414624991 0.730140300 -0.447760714 5.122224180 9.254505762 2.246619596 4.964110296 9.059882334 7.254938967 1.276555152 3.210269510 6.234910836 -0.255872315 7.130525799 -0.408707624 0.350828864 6.791541198 2.305673776 2.435331094 7.586972640 6.380293645 8.873309952 2.524929906
22.902000753 -9.343094064 -7.365212599 -0.036122880 0.251816460 0.962963846 -0.089354566 5.170572747 3.664303736 6.483442705 3.618884422 -3.913591426 -1.142546480 -0.285947187 -0.291395230 4.632138801 -1.005747278 -0.048335057 4.309031863 0.584260334 5.357428000 2.255378267 6.197808747 3.940376209 6.284674853 2.831685703 2.506811464
15.941432219 -12.613833014 -2.947737805 -0.764931300 0.449776633 -0.435198234 -0.152261564 4.421831974 7.904662344 5.734702507 7.181519641 5.296199559 3.624526754 2.542739095 3.042200468 -0.484628638 6.169975952 -1.653785060 4.367435988 10.452474589 0.220461842 3.003818892 3.800538335 5.182149335 5.655182742 4.677330052 3.971554079
23.240741792 -12.614409643 -4.286347799 -0.390024484 -0.898624833 0.080678465 0.183970913 2.780823478 1.069317161 5.983728823 0.748416255 4.069325670 3.336398449 -1.542522802 7.230577050 6.139102005 -0.464894276 2.111862962 1.737442271 11.228055913 -0.701881005 5.221877849 3.255844766 -1.375892686 0.858442453 -1.823029084 1.330763322
14.164378764 -17.228946619 -0.790902225 -0.976703518 0.104092597 -0.186316307 -0.022387573 6.740041310 0.569756162 4.297707999 5.449167989 5.746322715 3.121030610 4.223653529 6.272086997 4.749139647 6.385420399 3.198987494 3.907489165 3.786350193 3.281172573 0.595802718 4.091593209 3.200971184 5.713619330 0.995691708 7.811844076
17.347750544 -11.077299139 -3.203375269 0.514084862 0.124794217 0.166531027 -0.832112117 3.238088432 5.721975332 -1.781436727 8.865214504 2.820649677 1.499492131 11.945848168 4.674779410 1.597499604 4.999622199 2.809373719 4.650384781 3.524098975 1.702219419 4.030797763 1.328512389 5.282004098 1.738964408 8.910009882 -3.267237968
15.454290356 -16.369602164 -0.877608721 -0.167409209 -0.413819294 -0.590447169 -0.672383736 1.126665531 9.173267037 6.341819894 2.392960211 4.918506261 -1.474168949 4.939639375 6.900506984 6.667045257 2.576314988 4.403902266 2.953430066 5.598771364 3.543937834 10.435890800 2.588216760 -0.680956882 -0.828205764 5.013038132 0.003409098
23.933280456 -10.327282735 -3.554017220 -0.618484082 -0.616542710 0.107181108 -0.475252288 0.878032742 1.825701199 4.247418141 -1.307326625 1.972625114 2.406463048 5.378637378 2.491992938 1.011010786 9.198652814 4.213341905 9.062671101 6.289186470 5.208968135 8.220985477 4.417521956 0.933453785 2.008974912 9.285301858 6.262782290
12.576428385 -8.281681893 1.739373898 -0.699625597 -0.257416972 0.637924175 -0.193166439 2.309776106 7.667718814 2.108267009 6.685769127 0.540702628 2.781208226 7.478123175 5.552466696 6.596657006 4.857097572 0.559897393 8.178529447 2.857237823 1.824642097 8.371793681 5.581043143 0.860575671 0.187855077 5.751348060 2.175327729
10.088184292 -17.745229230 -0.809563038 -0.586064121 0.442935214 -0.449605625 -0.508125992 -0.649562707 -0.744924246 7.822550259 4.396753888 5.714522612 6.944715139 7.013193864 6.255110940 6.684001714 5.696666841 8.171869320 2.256602613 3.974309995 0.039065519 6.609198263 6.132774869 3.432447964 -1.437778242 1.307749955 5.539836859
14.431361688 -11.248646940 -15.371080211 -0.559400259 0.455824092 0.247616368 -0.646515183 -2.166076125 2.015402034 4.920651898 6.799037111 5.943334662 0.009202994 3.570619940 5.148138580 2.299890513 5.080123871 0.958699145 4.567710439 5.893666402 2.439336578 5.157598641 1.352440576 -1.394805556 1.489129832 10.598946227 -1.979254448
14.820761758 -15.313707913 -3.938020016 0.744288359 -0.646686323 -0.148398306 0.076220601 3.006893675 1.529374787 3.006984090 -2.011478427 3.495472308 6.083110864 5.651494848 -1.749794624 -0.243360632 4.582233459 4.794478464 1.990237379 3.831827922 -3.423848444 -2.181273232 5.836599652 2.638403512 4.595563311 7.940231315 0.691810823
16.119212395 -12.935835366 3.622046802 0.667683460 -0.369193791 -0.017400172 0.646213569 -1.742512097 7.848209152 3.800153065 6.681482447 -0.673044435 0.536131038 -0.814255168 -1.958497549 1.758493806 1.716282978 -1.924096233 0.325664460 4.012500210 5.090413270 5.053627007 1.305610597 6.078857215 4.594645829 3.982218060 6.002401141
20.494011979 -11.066127069 -6.541731794 -0.458751709 0.093136815 0.535578695 -0.702871158 2.716742586 5.781220858 6.401460876 5.429803476 2.296500370 3.779613324 5.417332155 4.817907396 7.560473621 4.266587617 6.044663390 4.817092770 4.996643842 -0.396376199 1.879446985 2.956077170 5.963914829 0.205198978 7.017100837 4.311996764
18.524034570 -13.428789062 2.974707917 0.077789044 0.428039409 0.185579524 -0.881073986 0.692810845 3.991368272 7.222549658 1.661177410 11.042274256 0.822826619 3.333186467 8.924781445 7.510282968 5.573080840 3.956911930 2.828227560 3.759011937 9.187602273 1.958044524 -0.183288385 5.269057799 -0.551885797 6.552496264 5.045216282
20.998911086 -11.071506674 -9.189612184 -0.411315253 0.390962681 0.075001978 -0.819965029 7.767259555 2.264261018 0.153654861 1.384038767 2.999402921 -0.223614788 4.911699133 0.495126265 7.100294309 6.298033743 9.006613032 6.318693582 4.964108171 5.907271605 3.665681837 3.889546131 5.800204770 5.657399566 1.245080868 -0.742916965
21.345182940 -14.829695288 -3.494227850 -0.941057178 0.250608764 -0.226097485 -0.022058140 5.428486432 -1.510130359 2.670331205 2.028039685 7.545683684 7.362595224 3.937802075 7.438820209 4.437607829 5.941262143 4.185312638 5.122408266 3.624753624 1.808815715 4.021184855 1.516652435 2.437808072 1.155217064 2.783954861 5.995840966
19.453540449 -12.588607919 -9.097495881 -0.587169036 0.262266291 0.690170888 0.331832881 -0.156975600 4.727218061 7.276684949 6.247627516 1.244104225 6.324835715 1.637461902 -1.630925880 1.339131629 -1.670945565 0.221931628 8.774885300 8.741535734 1.623659721 4.127120616 1.197957772 0.433701475 3.238833791 5.229609128 -2.718318369
17.315481277 -10.151974121 -9.871935031 -0.143366515 -0.128164917 -0.164892374 -0.967383224 0.268328600 9.962625415 1.474069384 2.886707048 -2.047099066 5.064319964 3.507899658 7.119285972 3.459666873 4.789625698 6.168352140 -1.678659543 5.134422528 6.344356618 5.961691750 3.277846526 4.487922505 1.466731213 3.339757232 1.132689870
14.289189916 -9.474828781 -1.143781200 0.706527766 -0.624256579 -0.149023602 0.298184851 3.635141527 6.164468895 3.741108466 7.338231688 3.478505456 4.724980761 -0.036865020 3.566296793 2.013173648 6.902470285 1.656331695 0.380201018 3.215410184 1.530633213 0.134748545 4.581426685 9.171319811 1.629446846 8.639841583 4.135299201
19.769401312 -12.022481188 0.573877634 -0.689121459 0.502104715 -0.444285278 -0.274978293 4.951068980 -1.074748586 3.578979923 -0.649888652 0.006912657 4.807963031 6.154859504 11.246889492 5.775843993 5.237992780 3.633331453 7.527176120 1.184305102 7.054983895 10.948857242 3.740531648 2.983994337 8.208307250 7.327230515 9.205064823
17.432287208 -10.011056342 -8.153188597 -0.550977676 -0.135841726 0.058699796 0.821294685 8.779313750 4.146279733 -1.628735565 4.240131861 9.984616370 1.086951365 -1.425820200 1.852660748 9.719464024 0.460753037 2.063063140 5.059522745 5.190853971 6.186637436 6.331903488 4.732640406 4.606317454 5.617499147 7.718927415 -3.817751901
8.641146776 -8.660150750 -1.696333980 0.692951748 -0.693512050 -0.196430217 -0.016555378 2.744531001 4.749803518 5.548653302 -0.286524448 1.414658840 2.095093130 1.591769516 7.960869072 0.733763392 5.590078006 2.869294309 3.131143276 1.923309390 3.718552971 10.204841946 3.454062282 5.093657647 5.492313113 3.978329564 6.147087999
9.433313455 -9.816025252 -1.398441022 -0.353927229 0.742257359 0.422282518 0.381401369 5.406063005 4.147033965 2.051382816 -2.297270303 7.395554617 1.404428267 7.680238047 2.091095457 2.802708484 0.657467412 8.014984725 4.977728103 10.156529643 4.394197787 8.885209653 5.620793038 9.174888367 6.995146937 -2.576850497 2.578584406
21.237138371 -5.954452681 -1.273270546 -0.460146943 0.719544584 -0.483051354 -0.192825758 3.854210624 4.878923169 2.124239360 2.616014384 0.597621196 2.529225671 9.422741111 2.328892508 4.835850717 4.450056191 1.882085351 12.066315169 4.309767315 2.543327958 1.515771443 9.648990739 3.959255136 2.922104656 5.459199617 7.201463308
13.595367435 -5.649832306 -12.995567910 0.311667487 -0.006942253 0.708103590 0.633564904 3.909753885 1.567867879 7.394044814 3.815496415 2.456505334 8.351954305 5.110292298 4.899146109 1.434021239 7.834538507 -2.540110677 5.475526763 3.022185833 3.546596860 7.195127160 4.770991728 2.129431245 4.983610354 6.330223555 2.304944964
13.793777620 -17.967076952 0.691805173 0.096987980 -0.366605556 0.834498557 -0.399757246 5.039649069 1.773960433 1.258183980 4.844062678 7.113239959 1.277314408 4.312545140 3.182924524 6.907531294 2.489146601 5.814863024 6.061040364 1.886661226 1.312034509 4.451544416 5.535795828 1.315751639 7.276500925 1.837343633 0.694191661
21.525523963 -10.455509584 -12.320313351 -0.036982395 0.251409044 -0.579968855 0.773990906 5.071585167 6.866626704 10.020537307 3.319548257 7.279261957 9.141907672 8.689106046 2.478278791 4.106740006 3.118879677 -0.152084505 5.398979976 -0.578649823 4.967445523 3.797105045 8.785743059 4.257336613 6.583333561 6.097524491 3.350382149
14.540823045 -13.192013154 -12.492847919 -0.548079205 -0.691371301 -0.381830049 0.275355630 5.523700053 -1.693883304 4.714248394 -1.147589385 2.495565964 7.422783851 3.520157807 5.353949564 2.866237439 5.419292283 2.305013030 6.676554374 9.355775167 2.200648129 0.226286329 6.602007280 5.248858147 1.311036155 4.386973992 3.681694888
12.705026445 -14.130737939 2.583411589 0.749592333 0.072382035 0.657897257 -0.006585963 0.645382126 3.934546902 1.073047173 2.017522174 4.985014196 1.639475292 3.790610198 2.951474064 4.274718340 2.799662080 5.235273910 11.158614269 7.354101937 2.087576877 7.865170497 5.767004999 -7.453401170 3.162006912 7.223371220 5.148558966
9.219684998 -11.706902997 -7.382425609 -0.145920364 0.534057347 -0.711065726 0.433446111 -1.307975245 0.119986033 9.286374773 2.336295451 2.644634951 3.568735415 1.191288911 2.343637730 -1.290584307 4.166527552 4.717381039 5.094668167 2.181370229 5.572746340 1.798515901 0.350109884 2.451190990 5.795876654 0.713143219 -0.453660721
16.159208219 -12.132005883 -3.481070674 0.549916975 0.786521439 -0.094329927 0.264721006 5.570180537 2.146171354 11.447165605 1.581882147 5.130838652 8.362091568 3.712130979 3.918576408 -0.599473743 4.020640703 5.851610124 5.827453019 4.917071663 2.822824048 2.854481670 7.592952563 0.212527221 1.676935021 4.430370110 8.941008621
7.702249689 -8.747293625 -7.126960668 0.678761496 0.240467147 0.023267212 0.693481809 7.497296273 4.015221264 7.150809871 7.116216756 3.811663774 5.668708075 6.691439548 4.629549264 3.724405029 2.729848512 1.315646461 -0.285258062 3.599063829 0.726977896 2.644035196 6.480953112 7.124780472 8.055082891 8.571583979 5.018938880
8.147367159 -9.572673751 -4.521137564 -0.253515675 0.652219108 0.714336285 -0.007981816 7.729851210 0.177184548 2.817716928 3.404938019 8.413935163 0.136675193 10.641823527 6.358817205 3.900960988 3.827526768 0.800590211 3.765738289 0.389593627 5.467723004 7.606898186 2.385460495 5.172039641 10.387255198 1.797618303 2.393425031
16.270581235 -7.984805674 -0.979892756 -0.000554082 0.417004796 0.767835147 -0.486349544 8.130498602 0.855846559 1.084181119 4.112822642 -0.415890995 6.943492787 0.709354972 2.350843693 3.865897609 8.480806634 7.434284249 -1.390795490 7.817250994 -0.833925605 1.998816475 5.570793317 3.923305205 2.645641442 -2.046094392 3.604605732
9.093370886 -6.282327746 -9.744552343 0.767700164 0.541207492 0.233828358 -0.251107959 6.839853064 3.738985731 8.491365148 7.130770420 0.135863738 -0.293280976 0.090015713 5.528501506 4.086051479 3.290507752 4.909040521 5.713545288 3.765238856 12.051666075 0.788123873 6.564467065 2.933671563 2.107963479 6.538508110 0.427648576
8.268170689 -14.407543488 -8.668446027 0.965414699 0.091106853 -0.079339199 0.231039591 1.147344922 -0.964090146 4.266098604 2.427750782 5.498638398 0.084050445 4.782503391 4.169233601 0.428605545 3.227463416 8.576277686 -0.742749346 7.501934935 2.600264938 -3.339506473 3.659121909 -0.949711067 7.584075985 2.282212850 0.807961403
9.352241513 -9.591784283 -9.679142596 0.165858798 -0.641859769 0.033032111 0.747941024 6.333270737 4.269013723 3.811268745 2.497409227 -2.000000202 4.224063508 4.703967309 7.010865111 10.600212100 1.814274586 5.518063997 6.102972109 3.305706184 4.499031725 5.893807602 7.988094211 4.314797216 4.415838013 4.652721411 6.749340978
10.643272176 -7.411931382 -10.355171299 -0.651402217 -0.114328881 0.726245140 -0.187542141 2.942681781 5.239426598 5.479714691 7.547171238 7.060052587 1.500651350 5.049017181 3.593463544 1.267408811 2.272777640 6.829639997 3.549847213 5.407089288 2.718005140 6.841766971 4.224326310 7.936856826 6.969420576 3.813663128 1.560444368
7.520605552 -9.603346550 -7.802061256 -0.842094389 -0.240460740 0.474969002 0.086371987 5.790849935 0.096258922 3.357024497 7.383183520 2.688536685 4.351121650 3.114703058 1.018072554 8.689663678 -0.594372223 7.572174175 -0.775819901 -0.836740326 2.932029415 3.345817849 0.274177208 4.469064226 5.492497823 1.880309445 6.994555312
10.497210762 -11.143700366 -12.863936876 0.118931094 0.104225220 0.539972123 -0.826693779 4.713961874 7.910425161 10.220335052 5.884619243 4.323759255 3.311478049 2.568953814 6.970824514 2.995700528 5.370485198 2.538194162 -0.329309955 7.007539961 4.870836405 1.377045142 6.190938592 -2.726763237 4.203734742 9.645097700 -1.174522373
14.495921438 -16.952405507 2.301593928 0.251660433 0.457657420 0.301223123 0.797797808 8.605943361 5.524241631 9.118041228 5.208278539 -3.315381688 8.901797065 2.784727602 -0.157208131 3.275678086 5.548907345 -2.165804735 -0.182636574 1.732886826 2.908736126 1.216947089 2.335244807 5.037234420 9.285237118 -1.190414017 3.109782992
15.272939625 -12.025877943 1.788211834 -0.878872598 -0.172279291 -0.307698890 0.321285224 4.363889020 0.182834935 5.163157562 3.608059236 -1.154213954 1.634010905 5.987473260 0.329794766 0.287774803 5.789892820 7.436151409 3.941818982 6.002493812 10.149622433 -0.990601652 2.173522552 0.517243561 6.265498835 -0.084641871 4.663397388
18.861454014 -3.834201532 -5.614369869 -0.291132953 -0.401263884 -0.836210891 0.234478667 9.282693324 -0.392969488 2.703011521 3.294519226 3.320264585 -0.661801902 1.990657311 4.142380348 7.199059616 2.840544159 3.469764827 1.430551703 5.977118153 6.023849059 4.876308550 4.465474081 5.374065597 2.783330434 0.731371453 3.459844609
8.454019245 -17.544414271 -2.239787559 0.406422102 0.142417287 -0.359310299 0.827909718 4.661760702 2.405114314 1.050175445 0.356463071 2.983662404 0.264693893 4.964070140 6.741351193 3.476470674 5.342225376 2.370913066 2.246707450 0.928533517 3.830425603 11.168134741 4.409347845 -0.403958268 3.934284826 5.052866021 1.436013368
6.055147822 -7.859312837 -7.403382683 0.311010693 -0.692763781 0.236767351 -0.606046132 2.810489649 1.197824120 2.315348813 6.021146367 3.968229082 3.864987289 1.348908270 2.871547545 3.716094670 3.096252944 5.708054390 1.118965173 4.854730215 7.182222870 5.178150571 3.740441188 -1.202666859 7.124287010 3.758292328 7.750851845
15.563278745 -21.150021456 -8.821842870 -0.151803283 0.275882498 0.186619863 -0.930600686 1.625389966 2.461470453 -3.389663172 2.883193733 5.926335903 1.900403398 2.546257877 9.744651298 4.480094004 1.919868137 2.003414664 4.462916456 2.602671722 3.309261322 -3.148228989 5.677846970 6.485794392 2.538847956 2.394160191 4.854021498
18.028676003 -16.442243152 -8.544763962 -0.708894448 0.640185326 -0.169548473 0.242661749 2.293549522 5.862687739 5.591129748 5.026055342 6.683754037 5.030942917 1.232291155 4.039853501 2.545447815 2.890105771 2.465113250 -0.095476158 0.285857162 -0.211786066 6.447252089 7.924470792 1.795944793 10.090700450 8.882349383 0.650205475
17.446481265 -18.804196778 -7.164237190 -0.318469507 0.347025707 -0.802315050 -0.366661822 2.402340075 8.983520759 2.873542138 7.512088266 5.204228947 4.663748747 7.692170126 6.597827508 3.200412253 4.278420957 -3.824145722 6.806547000 4.910317203 9.838965946 -0.863843937 2.418418904 4.901770217 4.274911048 0.584950930 0.745376242
9.408724589 -16.565570892 -11.366771818 -0.649156492 0.675255102 0.004813746 -0.350147432 1.620497883 1.389823113 5.432328816 4.039774633 1.971423144 4.917512509 1.221778366 0.469542493 3.304668337 7.082932620 0.620366146 7.064410932 2.263244914 8.420085428 -0.828585563 8.578953254 2.686478416 5.939002825 3.050067918 8.081880481
14.303971149 -6.617242727 -7.647488960 -0.408490397 0.876570260 -0.238056032 -0.089941649 -0.745033383 3.030547204 7.047650783 8.543510784 7.659981760 3.610724254 5.838481749 4.488129837 1.341423230 1.907241296 3.794232135 3.866600272 -0.368242538 4.381251989 7.265566567 7.131913927 3.487026916 2.611414553 4.022286199 0.869634908
16.138556057 -7.560502185 -0.130809958 -0.948770487 0.134807478 0.285764561 0.000349644 3.789758172 0.287174023 1.324632596 6.134851164 0.881520512 8.803519961 6.446854942 4.466515052 0.126731076 0.299518685 2.997734490 5.671149008 2.183872786 7.014028355 1.402383929 -4.243241404 0.888982114 3.444773093 3.291954222 2.976364604
14.358400002 -8.969447241 -14.983633371 0.273370889 -0.847827282 -0.178051616 -0.418036935 3.818931766 9.916469499 2.297591959 4.476864470 2.834220632 4.222350906 4.650578206 8.002082954 -0.899552571 -0.294433954 0.832924931 -0.431147254 2.185431843 8.697940828 3.218645345 1.898657554 7.592773458 2.175834846 4.650318363 3.325668285
17.062210150 -16.112054507 -2.911436893 -0.470927583 -0.781371757 -0.330914985 0.241206679 3.723388644 0.481554902 1.119984670 1.051609692 2.138646448 4.903501629 4.758435670 3.819319648 2.572687664 4.387926282 4.023271167 3.608955870 6.139742961 5.231970226 3.103468876 11.256498141 6.174962341 5.477094549 -2.469366712 1.588761370
18.068808917 -16.573944181 -3.818627262 -0.856022295 -0.459411326 -0.026507131 -0.235508888 -4.011892535 4.898499320 0.098995335 -0.103737471 9.391287660 5.910884396 8.592437619 -0.996626582 2.930105024 3.002400236 6.974880323 3.656804819 3.871210976 5.188940798 1.263895658 7.436187230 1.192136200 10.902794445 5.993012874 2.422927660
12.892248392 -11.460321502 -12.087630348 -0.489610690 0.041387662 -0.533304428 0.688589007 -2.596287540 3.902832566 8.564446253 5.528545976 5.368284574 4.077231231 1.289679038 2.763298440 1.468234918 4.621506912 0.882421648 10.292015278 4.801993513 5.930922381 1.426097454 7.602672234 5.181222586 3.455828751 9.430852372 6.157736223
12.955993054 -4.443050275 -11.626757804 -0.093396018 -0.312632758 0.109677739 0.938886966 5.710571956 4.581920649 -0.566672093 6.691760505 3.450763685 -1.727375404 6.761682499 6.472720136 5.332796127 3.893350167 1.791314159 8.389079254 10.038545068 2.552870022 3.601418344 3.950988507 4.279917651 5.822090272 4.579192316 9.179359797
15.886481195 -17.890181485 -12.217828790 0.868074132 -0.476343070 0.135690224 0.033656268 13.550431635 4.287697756 7.237984963 7.229592389 3.372289758 6.421257169 6.927401073 1.240542780 4.518369223 1.519580381 6.611851388 5.597012698 3.142202603 7.160467634 10.201249145 5.137619426 7.644601229 10.868492334 3.711322044 5.774280315
17.759978658 -12.234363444 -3.839980642 -0.371889659 -0.465344303 -0.295411877 0.746916718 3.250691040 2.562861525 8.310895233 -0.811769535 4.487538586 4.096359045 3.168789314 -3.716225346 6.051892179 -2.079879537 6.837694363 6.029093267 3.516062976 3.175443919 3.037796002 2.809224812 4.501084957 1.740380057 5.149836380 1.473170523
21.966400665 -7.396452666 -8.275453832 -0.532660772 -0.486877416 -0.504238088 0.474306689 0.945977224 1.231753283 1.000082761 4.857722748 4.328326966 2.364737090 8.712642945 0.764599972 2.884325207 3.932963938 3.864255524 9.741221467 -0.928413323 3.187854713 2.969421000 5.091412756 2.688999894 4.842839153 4.274778612 -0.857919986
8.829499447 -4.409492809 -4.095184906 -0.347255402 0.745325786 -0.317352349 -0.472430572 5.162039420 0.992853279 4.961793356 1.993709428 7.068312624 6.636067822 1.329572962 -1.016757675 4.540946239 2.543069751 4.277006070 3.638184062 1.278601900 4.895360671 1.206928469 4.602023262 1.583602311 5.596508896 1.771712906 6.256780938
16.822392935 -3.938988037 -9.265157064 -0.024004871 0.538492350 -0.483556675 0.689654041 1.746181307 12.543271893 8.511463198 7.993824593 5.822971848 7.849915934 -0.779794059 2.887061881 0.497149951 4.844705409 1.700306263 3.052507913 3.344523842 3.878919364 -0.065385766 2.231984805 6.605453965 2.977764006 1.305447750 -1.107238627
12.952370377 -10.728097547 -13.871571056 -0.900995154 -0.172224399 0.332770864 0.218655072 -0.251152562 4.594168943 4.799804591 2.310056364 2.732687887 3.898351334 2.038397660 5.272483840 -0.440997029 6.586605771 6.221626866 7.772138247 4.072680472 5.864689508 2.188964905 2.438363426 0.362931145 7.516047373 6.233089241 9.475986017
12.198313749 -17.221429532 -2.513080976 -0.166514460 0.734406228 0.425519162 0.501850445 4.545556591 -3.016175803 -1.953259686 5.463580369 1.787661348 5.087989565 8.183529281 7.650665229 2.357062731 2.268418347 5.297722832 4.139088605 -0.949616207 5.699691634 7.181505557 3.863556862 9.181083988 2.534811105 2.863416534 4.430218129
21.417690028 -5.386703165 -3.365135293 0.391599460 -0.419837942 -0.136446251 -0.807321737 6.783025155 6.294914172 7.431295371 2.181368824 11.103512114 6.048659301 5.885117329 2.894677084 -1.912695457 7.159305593 7.096884235 1.520485919 5.208164926 1.605740300 3.146185658 5.189043917 2.775726986 6.134439157 4.919214110 2.155185408
12.950941300 -7.008926370 -10.334625112 -0.322146963 -0.373841646 -0.216221128 0.842444171 2.289409283 9.689828575 2.571080771 8.870619526 1.752115429 2.358456150 3.597904902 -0.471607052 6.141115917 1.737912894 1.588896796 0.944837824 0.887627110 1.890708600 9.121980187 5.170697656 4.235365439 5.467716362 0.271234661 11.407390232
13.714648063 -16.887622128 -8.810081263 -0.988309235 0.144374447 -0.048890852 0.003249621 3.896423001 2.422311080 2.662192278 0.883040637 7.028008688 4.085171528 3.024162168 0.446510236 4.198630774 0.532030631 5.579039590 -0.650862450 2.297903227 5.185987596 -3.087816739 4.097186053 4.841600308 1.588965587 3.730976862 9.371438351
13.986445426 -14.489491931 2.464629865 -0.690158096 0.672336527 0.226181057 -0.143134644 8.135176056 2.354602718 1.450008021 5.590964106 3.224623369 3.668492895 10.503919554 6.607911942 8.731700591 4.139664366 2.570508818 9.297413957 2.535415123 2.964615367 3.500229351 3.116116672 5.158088794 4.760941894 -0.820428362 0.331890078
13.412012109 -17.169430640 0.925560490 -0.909939014 0.177551729 0.374787302 0.004566442 3.907736149 2.558645122 3.838273852 4.989057202 2.387739820 7.164989513 2.061086133 7.842453326 2.489850319 4.885847176 6.289741823 3.330781561 5.509060791 5.677754352 1.255944199 0.862787599 8.358526815 3.707052088 3.053788467 5.844735806
20.522527322 -15.210021676 0.153856245 0.915743111 -0.194332324 -0.339811482 -0.090430410 -1.338967199 9.630059245 3.697561584 4.459692655 6.642565184 3.388173196 5.834534541 7.278347336 2.693816305 5.271407561 3.651078316 0.286174550 12.629046771 1.177937976 6.742347582 7.173557205 3.518231320 1.720247889 1.288176960 5.930239257
13.854876864 -9.209562996 -7.932681389 -0.742521427 0.564863611 0.038056120 -0.357970339 5.565599200 2.769593934 2.810380870 2.951787251 2.443861083 3.210204336 7.783939403 6.945190783 8.520425488 1.934611752 5.850000386 6.210888280 3.386271749 4.052420190 6.193322753 5.375806316 5.422368867 9.093397984 4.047284121 5.159721579
10.341503035 -10.447771554 -2.254688700 -0.523588993 -0.016081744 0.616592035 0.587716093 2.296658592 2.854652474 2.915824873 3.356760186 1.259069056 -1.917371510 1.853795432 8.294571223 -0.308234863 1.511087676 7.532638269 1.078102424 3.656365849 3.597370144 11.133676516 4.582794317 1.315515403 5.983123503 7.556729547 8.657700703
11.894659842 -16.790470573 -9.730159785 0.970193790 0.032151916 -0.060982517 -0.232317450 9.460681445 3.360523086 3.282000999 2.816708174 8.748165533 2.824283044 -3.679990131 -0.513850154 8.100067110 2.704560868 6.663031778 9.993732549 2.454690714 7.192330836 -1.568621068 1.393367698 -1.120806134 2.008796457 8.367889248 1.110717852
17.512176480 -20.230268290 -10.017580625 -0.392187540 -0.264730720 0.511146660 -0.717520502 1.096643592 9.033761187 3.393269839 7.407995273 2.712095272 5.408569748 4.159880301 4.826508433 -1.126278701 11.108868815 2.022576326 8.987012377 -4.703377867 4.385298109 -0.391930987 3.614862797 3.653079956 9.646538478 5.834741957 2.279973018
18.116090081 -15.297775557 -7.271379370 -0.725304706 -0.418728010 0.313237437 0.447752438 3.540584176 3.110716469 4.148533013 1.249674901 4.998128298 5.569031902 9.518617557 1.582398758 10.877285227 0.677708429 7.841635544 3.917030044 5.022593744 2.142387786 2.675140046 10.039714532 0.060741330 4.466616976 3.234807284 6.929657824
6.598178942 -12.254565982 -3.398475373 -0.452521706 -0.240453025 -0.289614647 0.808411903 3.774400328 7.210521225 6.793007188 5.604239797 0.779264648 1.011184968 1.813310325 1.323797580 0.963899502 2.426250699 7.108977235 8.628155741 0.102025604 4.997190730 8.648221614 7.160414912 -1.046614309 -0.902480688 3.970052261 0.310093652
9.736298276 -16.510548415 -8.136349477 -0.869616201 -0.110549862 -0.215263031 -0.430358245 5.726302725 8.844533668 2.953210120 3.706213631 4.215613321 1.529628260 5.281645398 1.804019869 4.178743599 2.494255551 -0.648012338 1.554388587 1.266249901 3.577453923 5.571804739 1.299804166 3.447378812 7.386770025 2.579162526 5.462604991
8.945492629 -4.300151583 -3.147856126 -0.123742108 0.043239627 0.390163716 0.911367379 9.042990386 10.367467969 5.848397976 6.182393975 -0.912666696 4.754334398 0.896552728 3.328148664 4.770225796 6.199737286 -1.463149502 3.667414397 7.054560422 5.032129324 1.072665714 7.967836348 2.885534532 2.495127336 5.051776289 5.581964909
17.745522287 -18.904153716 -5.400221805 0.829498945 -0.252208494 0.439915796 -0.234086456 4.946655696 5.016782804 0.936745716 3.158302145 2.384755403 7.105251198 5.593815447 7.634811107 6.445410309 3.377273209 4.514503094 6.355753924 5.687069830 -0.294629351 0.340302954 4.299119800 0.315419901 5.748296482 4.283114995 2.905945037
6.797749503 -10.805174775 -5.899959472 -0.297514603 -0.363642883 -0.595035622 -0.652059448 2.555103944 5.551427147 3.170960117 2.354300382 8.469008483 2.144391399 4.080955689 4.626133708 4.014108450 7.193712567 5.787954375 1.946508696 -1.524014804 6.959339193 -1.024095442 1.674298396 6.656363599 -0.537495896 7.105063809 1.632344995
9.918851249 -12.204501797 -12.406972814 -0.615294848 0.432675994 0.457685462 0.474054589 2.948000094 3.149056346 2.847493259 5.245675845 3.212765561 -1.228064069 2.698102223 2.734248796 1.253628767 8.570746144 1.641481338 5.407819052 8.423890542 7.511548563 4.823280707 3.028560596 2.592797577 2.289278463 3.518714830 1.622429116
