# N Ca C O GCa Cb KNz KCd DOd RNh NNd RNe SOg HNe YCz FCz LCd CSg
1.72 3.49 -4.60 0.26 1.05 -1.06 0.00 -1.06 -1.46 0.87 2.46 3.89 0.86 0.22 1.93 0.00 1.21 -1.15
3.49 4.96 0.86 -2.58 5.42 0.61 2.05 1.96 1.02 3.61 -0.53 3.77 1.30 0.99 -0.85 1.72 0.92 4.18
-4.60 0.86 6.27 1.16 3.92 2.30 2.44 2.21 1.40 -4.25 1.98 -1.82 1.04 1.88 2.06 1.29 0.70 7.05
0.26 -2.58 1.16 3.42 -4.88 -0.17 -2.39 -1.94 0.82 1.63 -2.09 -1.73 -1.46 -0.40 -0.99 0.66 -0.59 6.48
1.05 5.42 3.92 -4.88 0.71 2.47 4.83 -0.69 -0.08 5.26 -1.88 4.36 1.05 2.79 -3.50 0.38 1.44 -0.02
-1.06 0.61 2.30 -0.17 2.47 2.23 -0.46 1.44 1.20 0.59 1.02 0.97 1.78 0.89 -0.12 -0.31 1.59 -0.26
0.00 2.05 2.44 -2.39 4.83 -0.46 -3.14 10.00 -1.10 -0.52 2.45 2.36 0.53 0.74 -0.70 1.68 0.91 2.98
-1.06 1.96 2.21 -1.94 -0.69 1.44 10.00 10.00 1.72 -0.71 -1.80 0.15 0.44 -1.31 1.42 -1.01 -0.60 1.55
-1.46 1.02 1.40 0.82 -0.08 1.20 -1.10 1.72 0.38 -1.12 -0.17 0.79 -1.30 0.46 0.13 0.66 0.25 10.00
0.87 3.61 -4.25 1.63 5.26 0.59 -0.52 -0.71 -1.12 -0.70 -0.08 3.07 1.63 0.97 -1.42 1.88 0.27 -2.73
2.46 -0.53 1.98 -2.09 -1.88 1.02 2.45 -1.80 -0.17 -0.08 0.21 2.80 0.85 0.95 2.92 0.54 1.06 2.82
3.89 3.77 -1.82 -1.73 4.36 0.97 2.36 0.15 0.79 3.07 2.80 0.94 -1.49 -0.62 1.64 -0.56 2.37 2.07
0.86 1.30 1.04 -1.46 1.05 1.78 0.53 0.44 -1.30 1.63 0.85 -1.49 2.17 1.37 -0.08 0.86 0.86 5.69
0.22 0.99 1.88 -0.40 2.79 0.89 0.74 -1.31 0.46 0.97 0.95 -0.62 1.37 3.38 0.39 0.83 0.07 1.36
1.93 -0.85 2.06 -0.99 -3.50 -0.12 -0.70 1.42 0.13 -1.42 2.92 1.64 -0.08 0.39 5.24 0.45 2.27 4.27
0.00 1.72 1.29 0.66 0.38 -0.31 1.68 -1.01 0.66 1.88 0.54 -0.56 0.86 0.83 0.45 1.31 0.94 2.19
1.21 0.92 0.70 -0.59 1.44 1.59 0.91 -0.60 0.25 0.27 1.06 2.37 0.86 0.07 2.27 0.94 2.88 0.44
-1.15 4.18 7.05 6.48 -0.02 -0.26 2.98 1.55 10.00 -2.73 2.82 2.07 5.69 1.36 4.27 2.19 0.44 0.00 
